
label	time(d)	x	depth	z	radius	total	0-10	10-20	20-30	30-40	40-50	50-60	60-70	70-80	80-90	90-100	100-110	110-120	120-130	130-140	140-150	150-160	160-170	170-180	180-190	190-200
00.000,00.000	0	0	-200	0	4.5	0	0	0	0	0	0	0	0	0	0	0	0	0	0	0	0	0	0	0	0	0
00.000,00.000	0.1	0	-200	0	4.5	0.372517	0.372517	0	0	0	0	0	0	0	0	0	0	0	0	0	0	0	0	0	0	0
00.000,00.000	0.2	0	-200	0	4.5	0.749708	0.749708	0	0	0	0	0	0	0	0	0	0	0	0	0	0	0	0	0	0	0
00.000,00.000	0.3	0	-200	0	4.5	1.13179	1.13179	0	0	0	0	0	0	0	0	0	0	0	0	0	0	0	0	0	0	0
00.000,00.000	0.4	0	-200	0	4.5	1.51819	1.51819	0	0	0	0	0	0	0	0	0	0	0	0	0	0	0	0	0	0	0
00.000,00.000	0.5	0	-200	0	4.5	1.90744	1.90744	0	0	0	0	0	0	0	0	0	0	0	0	0	0	0	0	0	0	0
00.000,00.000	0.6	0	-200	0	4.5	2.29789	2.29789	0	0	0	0	0	0	0	0	0	0	0	0	0	0	0	0	0	0	0
00.000,00.000	0.7	0	-200	0	4.5	2.68996	2.68996	0	0	0	0	0	0	0	0	0	0	0	0	0	0	0	0	0	0	0
00.000,00.000	0.8	0	-200	0	4.5	3.08467	3.08467	0	0	0	0	0	0	0	0	0	0	0	0	0	0	0	0	0	0	0
00.000,00.000	0.9	0	-200	0	4.5	3.48286	3.48286	0	0	0	0	0	0	0	0	0	0	0	0	0	0	0	0	0	0	0
00.000,00.000	1	0	-200	0	4.5	3.88502	3.88502	0	0	0	0	0	0	0	0	0	0	0	0	0	0	0	0	0	0	0
00.000,00.000	1.1	0	-200	0	4.5	4.29907	4.29907	0	0	0	0	0	0	0	0	0	0	0	0	0	0	0	0	0	0	0
00.000,00.000	1.2	0	-200	0	4.5	4.72653	4.72653	0	0	0	0	0	0	0	0	0	0	0	0	0	0	0	0	0	0	0
00.000,00.000	1.3	0	-200	0	4.5	5.16708	5.16708	0	0	0	0	0	0	0	0	0	0	0	0	0	0	0	0	0	0	0
00.000,00.000	1.4	0	-200	0	4.5	5.62013	5.62013	0	0	0	0	0	0	0	0	0	0	0	0	0	0	0	0	0	0	0
00.000,00.000	1.5	0	-200	0	4.5	6.08487	6.08487	0	0	0	0	0	0	0	0	0	0	0	0	0	0	0	0	0	0	0
00.000,00.000	1.6	0	-200	0	4.5	6.56045	6.56045	0	0	0	0	0	0	0	0	0	0	0	0	0	0	0	0	0	0	0
00.000,00.000	1.7	0	-200	0	4.5	7.05383	7.05383	0	0	0	0	0	0	0	0	0	0	0	0	0	0	0	0	0	0	0
00.000,00.000	1.8	0	-200	0	4.5	7.56377	7.52477	0.0390066	0	0	0	0	0	0	0	0	0	0	0	0	0	0	0	0	0	0
00.000,00.000	1.9	0	-200	0	4.5	8.08993	7.78662	0.303313	0	0	0	0	0	0	0	0	0	0	0	0	0	0	0	0	0	0
00.000,00.000	2	0	-200	0	4.5	8.63412	8.06622	0.567898	0	0	0	0	0	0	0	0	0	0	0	0	0	0	0	0	0	0
00.000,00.000	2.1	0	-200	0	4.5	9.25124	8.41837	0.832864	0	0	0	0	0	0	0	0	0	0	0	0	0	0	0	0	0	0
00.000,00.000	2.2	0	-200	0	4.5	10.016	8.91318	1.10283	0	0	0	0	0	0	0	0	0	0	0	0	0	0	0	0	0	0
00.000,00.000	2.3	0	-200	0	4.5	10.9209	9.54383	1.37708	0	0	0	0	0	0	0	0	0	0	0	0	0	0	0	0	0	0
00.000,00.000	2.4	0	-200	0	4.5	11.9595	10.3068	1.65266	0	0	0	0	0	0	0	0	0	0	0	0	0	0	0	0	0	0
00.000,00.000	2.5	0	-200	0	4.5	13.1285	11.2009	1.92758	0	0	0	0	0	0	0	0	0	0	0	0	0	0	0	0	0	0
00.000,00.000	2.6	0	-200	0	4.5	14.427	12.2257	2.20133	0	0	0	0	0	0	0	0	0	0	0	0	0	0	0	0	0	0
00.000,00.000	2.7	0	-200	0	4.5	15.8566	13.3823	2.47427	0	0	0	0	0	0	0	0	0	0	0	0	0	0	0	0	0	0
00.000,00.000	2.8	0	-200	0	4.5	17.4203	14.6735	2.74679	0	0	0	0	0	0	0	0	0	0	0	0	0	0	0	0	0	0
00.000,00.000	2.9	0	-200	0	4.5	19.1236	16.1041	3.01954	0	0	0	0	0	0	0	0	0	0	0	0	0	0	0	0	0	0
00.000,00.000	3	0	-200	0	4.5	20.9676	17.6743	3.29332	0	0	0	0	0	0	0	0	0	0	0	0	0	0	0	0	0	0
00.000,00.000	3.1	0	-200	0	4.5	22.8807	19.3125	3.56817	0	0	0	0	0	0	0	0	0	0	0	0	0	0	0	0	0	0
00.000,00.000	3.2	0	-200	0	4.5	24.7856	20.943	3.84262	0	0	0	0	0	0	0	0	0	0	0	0	0	0	0	0	0	0
00.000,00.000	3.3	0	-200	0	4.5	26.6858	22.5691	4.11669	0	0	0	0	0	0	0	0	0	0	0	0	0	0	0	0	0	0
00.000,00.000	3.4	0	-200	0	4.5	28.5751	24.185	4.3901	0	0	0	0	0	0	0	0	0	0	0	0	0	0	0	0	0	0
00.000,00.000	3.5	0	-200	0	4.5	30.4494	25.7874	4.66206	0	0	0	0	0	0	0	0	0	0	0	0	0	0	0	0	0	0
00.000,00.000	3.6	0	-200	0	4.5	32.308	27.3761	4.93193	0	0	0	0	0	0	0	0	0	0	0	0	0	0	0	0	0	0
00.000,00.000	3.7	0	-200	0	4.5	34.1536	28.9535	5.20007	0	0	0	0	0	0	0	0	0	0	0	0	0	0	0	0	0	0
00.000,00.000	3.8	0	-200	0	4.5	35.9909	30.5236	5.46729	0	0	0	0	0	0	0	0	0	0	0	0	0	0	0	0	0	0
00.000,00.000	3.9	0	-200	0	4.5	37.6587	31.9245	5.73422	0	0	0	0	0	0	0	0	0	0	0	0	0	0	0	0	0	0
00.000,00.000	4	0	-200	0	4.5	38.9759	32.9745	6.00141	0	0	0	0	0	0	0	0	0	0	0	0	0	0	0	0	0	0
00.000,00.000	4.1	0	-200	0	4.5	40.0602	33.7914	6.26875	0	0	0	0	0	0	0	0	0	0	0	0	0	0	0	0	0	0
00.000,00.000	4.2	0	-200	0	4.5	40.6397	34.1049	6.53485	0	0	0	0	0	0	0	0	0	0	0	0	0	0	0	0	0	0
00.000,00.000	4.3	0	-200	0	4.5	41.2048	34.4048	6.80001	0	0	0	0	0	0	0	0	0	0	0	0	0	0	0	0	0	0
00.000,00.000	4.4	0	-200	0	4.5	41.7604	34.6968	7.06363	0	0	0	0	0	0	0	0	0	0	0	0	0	0	0	0	0	0
00.000,00.000	4.5	0	-200	0	4.5	42.1053	34.7806	7.32471	0	0	0	0	0	0	0	0	0	0	0	0	0	0	0	0	0	0
00.000,00.000	4.6	0	-200	0	4.5	42.3971	34.814	7.58309	0	0	0	0	0	0	0	0	0	0	0	0	0	0	0	0	0	0
00.000,00.000	4.7	0	-200	0	4.5	42.6799	34.8411	7.8388	0	0	0	0	0	0	0	0	0	0	0	0	0	0	0	0	0	0
00.000,00.000	4.8	0	-200	0	4.5	42.9546	34.8624	8.09217	0	0	0	0	0	0	0	0	0	0	0	0	0	0	0	0	0	0
00.000,00.000	4.9	0	-200	0	4.5	43.2217	34.8781	8.34357	0	0	0	0	0	0	0	0	0	0	0	0	0	0	0	0	0	0
00.000,00.000	5	0	-200	0	4.5	43.4822	34.8889	8.59325	0	0	0	0	0	0	0	0	0	0	0	0	0	0	0	0	0	0
00.000,00.000	5.1	0	-200	0	4.5	43.7395	34.8977	8.84175	0	0	0	0	0	0	0	0	0	0	0	0	0	0	0	0	0	0
00.000,00.000	5.2	0	-200	0	4.5	43.9974	34.9083	9.08915	0	0	0	0	0	0	0	0	0	0	0	0	0	0	0	0	0	0
00.000,00.000	5.3	0	-200	0	4.5	44.2565	34.9208	9.33568	0	0	0	0	0	0	0	0	0	0	0	0	0	0	0	0	0	0
00.000,00.000	5.4	0	-200	0	4.5	44.5175	34.9364	9.58103	0	0	0	0	0	0	0	0	0	0	0	0	0	0	0	0	0	0
00.000,00.000	5.5	0	-200	0	4.5	44.7788	34.9539	9.82482	0	0	0	0	0	0	0	0	0	0	0	0	0	0	0	0	0	0
00.000,00.000	5.6	0	-200	0	4.5	45.0416	34.9748	10.0428	0.024012	0	0	0	0	0	0	0	0	0	0	0	0	0	0	0	0	0
00.000,00.000	5.7	0	-200	0	4.5	45.3061	34.9994	10.0428	0.26388	0	0	0	0	0	0	0	0	0	0	0	0	0	0	0	0	0
00.000,00.000	5.8	0	-200	0	4.5	45.572	35.0275	10.0426	0.501943	0	0	0	0	0	0	0	0	0	0	0	0	0	0	0	0	0
00.000,00.000	5.9	0	-200	0	4.5	45.8442	35.0638	10.0425	0.737846	0	0	0	0	0	0	0	0	0	0	0	0	0	0	0	0	0
00.000,00.000	6	0	-200	0	4.5	46.1193	35.105	10.0425	0.971853	0	0	0	0	0	0	0	0	0	0	0	0	0	0	0	0	0
00.000,00.000	6.1	0	-200	0	4.5	46.4011	35.1536	10.043	1.20446	0	0	0	0	0	0	0	0	0	0	0	0	0	0	0	0	0
00.000,00.000	6.2	0	-200	0	4.5	46.6926	35.2105	10.0461	1.43609	0	0	0	0	0	0	0	0	0	0	0	0	0	0	0	0	0
00.000,00.000	6.3	0	-200	0	4.5	46.9937	35.2767	10.0497	1.66733	0	0	0	0	0	0	0	0	0	0	0	0	0	0	0	0	0
00.000,00.000	6.4	0	-200	0	4.5	47.3117	35.3573	10.0559	1.89862	0	0	0	0	0	0	0	0	0	0	0	0	0	0	0	0	0
00.000,00.000	6.5	0	-200	0	4.5	47.6432	35.4505	10.0635	2.1292	0	0	0	0	0	0	0	0	0	0	0	0	0	0	0	0	0
00.000,00.000	6.6	0	-200	0	4.5	47.9935	35.5619	10.073	2.35864	0	0	0	0	0	0	0	0	0	0	0	0	0	0	0	0	0
00.000,00.000	6.7	0	-200	0	4.5	48.3647	35.6923	10.0853	2.5871	0	0	0	0	0	0	0	0	0	0	0	0	0	0	0	0	0
00.000,00.000	6.8	0	-200	0	4.5	48.7628	35.8487	10.0997	2.81442	0	0	0	0	0	0	0	0	0	0	0	0	0	0	0	0	0
00.000,00.000	6.9	0	-200	0	4.5	49.188	36.0305	10.1165	3.041	0	0	0	0	0	0	0	0	0	0	0	0	0	0	0	0	0
00.000,00.000	7	0	-200	0	4.5	49.6479	36.2438	10.1365	3.26765	0	0	0	0	0	0	0	0	0	0	0	0	0	0	0	0	0
00.000,00.000	7.1	0	-200	0	4.5	50.1472	36.4938	10.1588	3.49459	0	0	0	0	0	0	0	0	0	0	0	0	0	0	0	0	0
00.000,00.000	7.2	0	-200	0	4.5	50.6823	36.778	10.1842	3.72016	0	0	0	0	0	0	0	0	0	0	0	0	0	0	0	0	0
00.000,00.000	7.3	0	-200	0	4.5	51.2537	37.0979	10.2117	3.94404	0	0	0	0	0	0	0	0	0	0	0	0	0	0	0	0	0
00.000,00.000	7.4	0	-200	0	4.5	51.8649	37.457	10.2417	4.16625	0	0	0	0	0	0	0	0	0	0	0	0	0	0	0	0	0
00.000,00.000	7.5	0	-200	0	4.5	52.5165	37.8543	10.2758	4.3864	0	0	0	0	0	0	0	0	0	0	0	0	0	0	0	0	0
00.000,00.000	7.6	0	-200	0	4.5	53.2072	38.2904	10.3125	4.60428	0	0	0	0	0	0	0	0	0	0	0	0	0	0	0	0	0
00.000,00.000	7.7	0	-200	0	4.5	53.9391	38.7672	10.3523	4.8196	0	0	0	0	0	0	0	0	0	0	0	0	0	0	0	0	0
00.000,00.000	7.8	0	-200	0	4.5	54.717	39.2892	10.3953	5.0325	0	0	0	0	0	0	0	0	0	0	0	0	0	0	0	0	0
00.000,00.000	7.9	0	-200	0	4.5	55.5444	39.8586	10.4424	5.24349	0	0	0	0	0	0	0	0	0	0	0	0	0	0	0	0	0
00.000,00.000	8	0	-200	0	4.5	56.4166	40.4711	10.4928	5.45274	0	0	0	0	0	0	0	0	0	0	0	0	0	0	0	0	0
00.000,00.000	8.1	0	-200	0	4.5	57.3352	41.128	10.5468	5.66039	0	0	0	0	0	0	0	0	0	0	0	0	0	0	0	0	0
00.000,00.000	8.2	0	-200	0	4.5	58.2979	41.8271	10.6042	5.86659	0	0	0	0	0	0	0	0	0	0	0	0	0	0	0	0	0
00.000,00.000	8.3	0	-200	0	4.5	59.3082	42.5712	10.6656	6.07142	0	0	0	0	0	0	0	0	0	0	0	0	0	0	0	0	0
00.000,00.000	8.4	0	-200	0	4.5	60.361	43.356	10.7302	6.27484	0	0	0	0	0	0	0	0	0	0	0	0	0	0	0	0	0
00.000,00.000	8.5	0	-200	0	4.5	61.4537	44.1793	10.7978	6.47668	0	0	0	0	0	0	0	0	0	0	0	0	0	0	0	0	0
00.000,00.000	8.6	0	-200	0	4.5	62.5864	45.0411	10.8684	6.67687	0	0	0	0	0	0	0	0	0	0	0	0	0	0	0	0	0
00.000,00.000	8.7	0	-200	0	4.5	63.7603	45.9422	10.9427	6.87541	0	0	0	0	0	0	0	0	0	0	0	0	0	0	0	0	0
00.000,00.000	8.8	0	-200	0	4.5	64.972	46.88	11.0197	7.0723	0	0	0	0	0	0	0	0	0	0	0	0	0	0	0	0	0
00.000,00.000	8.9	0	-200	0	4.5	66.2281	47.8605	11.1	7.26759	0	0	0	0	0	0	0	0	0	0	0	0	0	0	0	0	0
00.000,00.000	9	0	-200	0	4.5	67.5303	48.885	11.184	7.46133	0	0	0	0	0	0	0	0	0	0	0	0	0	0	0	0	0
00.000,00.000	9.1	0	-200	0	4.5	68.8909	49.9644	11.2729	7.65361	0	0	0	0	0	0	0	0	0	0	0	0	0	0	0	0	0
00.000,00.000	9.2	0	-200	0	4.5	70.3499	51.1374	11.3674	7.84501	0	0	0	0	0	0	0	0	0	0	0	0	0	0	0	0	0
00.000,00.000	9.3	0	-200	0	4.5	71.8891	52.3846	11.4681	8.03639	0	0	0	0	0	0	0	0	0	0	0	0	0	0	0	0	0
00.000,00.000	9.4	0	-200	0	4.5	73.5073	53.7038	11.5747	8.22882	0	0	0	0	0	0	0	0	0	0	0	0	0	0	0	0	0
00.000,00.000	9.5	0	-200	0	4.5	75.2032	55.0915	11.6891	8.42258	0	0	0	0	0	0	0	0	0	0	0	0	0	0	0	0	0
00.000,00.000	9.6	0	-200	0	4.5	76.9734	56.5474	11.8088	8.61724	0	0	0	0	0	0	0	0	0	0	0	0	0	0	0	0	0
00.000,00.000	9.7	0	-200	0	4.5	78.8227	58.0752	11.935	8.81257	0	0	0	0	0	0	0	0	0	0	0	0	0	0	0	0	0
00.000,00.000	9.8	0	-200	0	4.5	80.761	59.6837	12.0685	9.00878	0	0	0	0	0	0	0	0	0	0	0	0	0	0	0	0	0
00.000,00.000	9.9	0	-200	0	4.5	82.8014	61.3834	12.2113	9.20672	0	0	0	0	0	0	0	0	0	0	0	0	0	0	0	0	0
00.000,00.000	10	0	-200	0	4.5	84.9498	63.1794	12.3628	9.4075	0	0	0	0	0	0	0	0	0	0	0	0	0	0	0	0	0
00.000,00.000	10.1	0	-200	0	4.5	87.2147	65.0789	12.5241	9.61175	0	0	0	0	0	0	0	0	0	0	0	0	0	0	0	0	0
00.000,00.000	10.2	0	-200	0	4.5	89.5271	67.023	12.6888	9.81531	0	0	0	0	0	0	0	0	0	0	0	0	0	0	0	0	0
00.000,00.000	10.3	0	-200	0	4.5	91.9274	69.0499	12.8598	10.0177	0	0	0	0	0	0	0	0	0	0	0	0	0	0	0	0	0
00.000,00.000	10.4	0	-200	0	4.5	94.4068	71.1517	13.0366	10.0503	0.16826	0	0	0	0	0	0	0	0	0	0	0	0	0	0	0	0
00.000,00.000	10.5	0	-200	0	4.5	96.956	73.3197	13.2192	10.0505	0.366652	0	0	0	0	0	0	0	0	0	0	0	0	0	0	0	0
00.000,00.000	10.6	0	-200	0	4.5	99.5734	75.5535	13.4066	10.0507	0.562515	0	0	0	0	0	0	0	0	0	0	0	0	0	0	0	0
00.000,00.000	10.7	0	-200	0	4.5	102.271	77.8645	13.5996	10.0507	0.755985	0	0	0	0	0	0	0	0	0	0	0	0	0	0	0	0
00.000,00.000	10.8	0	-200	0	4.5	105.057	80.2605	13.7986	10.0507	0.947149	0	0	0	0	0	0	0	0	0	0	0	0	0	0	0	0
00.000,00.000	10.9	0	-200	0	4.5	107.941	82.7496	14.0045	10.0509	1.13635	0	0	0	0	0	0	0	0	0	0	0	0	0	0	0	0
00.000,00.000	11	0	-200	0	4.5	110.939	85.3455	14.2177	10.0523	1.32389	0	0	0	0	0	0	0	0	0	0	0	0	0	0	0	0
00.000,00.000	11.1	0	-200	0	4.5	114.041	88.039	14.438	10.0539	1.51028	0	0	0	0	0	0	0	0	0	0	0	0	0	0	0	0
00.000,00.000	11.2	0	-200	0	4.5	117.229	90.8121	14.6646	10.0565	1.69558	0	0	0	0	0	0	0	0	0	0	0	0	0	0	0	0
00.000,00.000	11.3	0	-200	0	4.5	120.512	93.6723	14.8978	10.0623	1.87953	0	0	0	0	0	0	0	0	0	0	0	0	0	0	0	0
00.000,00.000	11.4	0	-200	0	4.5	123.89	96.6225	15.1366	10.069	2.06201	0	0	0	0	0	0	0	0	0	0	0	0	0	0	0	0
00.000,00.000	11.5	0	-200	0	4.5	127.348	99.6477	15.3799	10.0779	2.24267	0	0	0	0	0	0	0	0	0	0	0	0	0	0	0	0
00.000,00.000	11.6	0	-200	0	4.5	130.875	102.736	15.6276	10.0903	2.42156	0	0	0	0	0	0	0	0	0	0	0	0	0	0	0	0
00.000,00.000	11.7	0	-200	0	4.5	134.467	105.883	15.88	10.1047	2.59863	0	0	0	0	0	0	0	0	0	0	0	0	0	0	0	0
00.000,00.000	11.8	0	-200	0	4.5	138.137	109.104	16.1376	10.1215	2.77368	0	0	0	0	0	0	0	0	0	0	0	0	0	0	0	0
00.000,00.000	11.9	0	-200	0	4.5	141.901	112.411	16.4012	10.1415	2.94692	0	0	0	0	0	0	0	0	0	0	0	0	0	0	0	0
00.000,00.000	12	0	-200	0	4.5	145.761	115.807	16.6714	10.164	3.11869	0	0	0	0	0	0	0	0	0	0	0	0	0	0	0	0
00.000,00.000	12.1	0	-200	0	4.5	149.719	119.29	16.9496	10.1894	3.28998	0	0	0	0	0	0	0	0	0	0	0	0	0	0	0	0
00.000,00.000	12.2	0	-200	0	4.5	153.729	122.818	17.2344	10.2173	3.45923	0	0	0	0	0	0	0	0	0	0	0	0	0	0	0	0
00.000,00.000	12.3	0	-200	0	4.5	157.796	126.395	17.526	10.2475	3.62718	0	0	0	0	0	0	0	0	0	0	0	0	0	0	0	0
00.000,00.000	12.4	0	-200	0	4.5	161.924	130.025	17.8243	10.2803	3.79426	0	0	0	0	0	0	0	0	0	0	0	0	0	0	0	0
00.000,00.000	12.5	0	-200	0	4.5	166.091	133.449	18.365	10.3164	3.9601	0	0	0	0	0	0	0	0	0	0	0	0	0	0	0	0
00.000,00.000	12.6	0	-200	0	4.5	170.277	136.799	18.9988	10.3543	4.12487	0	0	0	0	0	0	0	0	0	0	0	0	0	0	0	0
00.000,00.000	12.7	0	-200	0	4.5	174.532	140.094	19.7546	10.3949	4.28844	0	0	0	0	0	0	0	0	0	0	0	0	0	0	0	0
00.000,00.000	12.8	0	-200	0	4.5	178.832	143.244	20.6976	10.44	4.45033	0	0	0	0	0	0	0	0	0	0	0	0	0	0	0	0
00.000,00.000	12.9	0	-200	0	4.5	183.183	146.467	21.6173	10.4876	4.6109	0	0	0	0	0	0	0	0	0	0	0	0	0	0	0	0
00.000,00.000	13	0	-200	0	4.5	187.563	149.717	22.5368	10.5387	4.7707	0	0	0	0	0	0	0	0	0	0	0	0	0	0	0	0
00.000,00.000	13.1	0	-200	0	4.5	192.002	153.016	23.463	10.5932	4.9298	0	0	0	0	0	0	0	0	0	0	0	0	0	0	0	0
00.000,00.000	13.2	0	-200	0	4.5	196.498	156.355	24.4042	10.6521	5.08693	0	0	0	0	0	0	0	0	0	0	0	0	0	0	0	0
00.000,00.000	13.3	0	-200	0	4.5	201.09	159.521	25.6089	10.7157	5.24459	0	0	0	0	0	0	0	0	0	0	0	0	0	0	0	0
00.000,00.000	13.4	0	-200	0	4.5	205.744	162.735	26.8225	10.7839	5.40256	0	0	0	0	0	0	0	0	0	0	0	0	0	0	0	0
00.000,00.000	13.5	0	-200	0	4.5	210.423	165.969	28.0379	10.8562	5.56046	0	0	0	0	0	0	0	0	0	0	0	0	0	0	0	0
00.000,00.000	13.6	0	-200	0	4.5	215.113	169.211	29.2518	10.9325	5.71799	0	0	0	0	0	0	0	0	0	0	0	0	0	0	0	0
00.000,00.000	13.7	0	-200	0	4.5	219.821	172.465	30.4672	11.0137	5.87515	0	0	0	0	0	0	0	0	0	0	0	0	0	0	0	0
00.000,00.000	13.8	0	-200	0	4.5	224.558	175.737	31.6898	11.0988	6.03239	0	0	0	0	0	0	0	0	0	0	0	0	0	0	0	0
00.000,00.000	13.9	0	-200	0	4.5	229.299	179.002	32.9203	11.1884	6.18915	0	0	0	0	0	0	0	0	0	0	0	0	0	0	0	0
00.000,00.000	14	0	-200	0	4.5	233.96	182.178	34.1544	11.2824	6.34516	0	0	0	0	0	0	0	0	0	0	0	0	0	0	0	0
00.000,00.000	14.1	0	-200	0	4.5	238.662	185.373	35.4036	11.3827	6.5025	0	0	0	0	0	0	0	0	0	0	0	0	0	0	0	0
00.000,00.000	14.2	0	-200	0	4.5	243.362	188.552	36.6595	11.4884	6.66208	0	0	0	0	0	0	0	0	0	0	0	0	0	0	0	0
00.000,00.000	14.3	0	-200	0	4.5	247.981	191.665	37.8988	11.5973	6.81986	0	0	0	0	0	0	0	0	0	0	0	0	0	0	0	0
00.000,00.000	14.4	0	-200	0	4.5	252.539	194.725	39.1272	11.7101	6.97672	0	0	0	0	0	0	0	0	0	0	0	0	0	0	0	0
00.000,00.000	14.5	0	-200	0	4.5	256.997	197.719	40.3183	11.8269	7.13294	0	0	0	0	0	0	0	0	0	0	0	0	0	0	0	0
00.000,00.000	14.6	0	-200	0	4.5	261.941	201.178	41.4712	11.9729	7.31865	0	0	0	0	0	0	0	0	0	0	0	0	0	0	0	0
00.000,00.000	14.7	0	-200	0	4.5	266.644	204.453	42.5726	12.1194	7.49804	0	0	0	0	0	0	0	0	0	0	0	0	0	0	0	0
00.000,00.000	14.8	0	-200	0	4.5	269.809	206.627	43.3349	12.2246	7.62198	0	0	0	0	0	0	0	0	0	0	0	0	0	0	0	0
00.000,00.000	14.9	0	-200	0	4.5	273.892	209.403	44.3368	12.3686	7.7841	0	0	0	0	0	0	0	0	0	0	0	0	0	0	0	0
00.000,00.000	15	0	-200	0	4.5	277.786	212.033	45.3012	12.5128	7.93963	0	0	0	0	0	0	0	0	0	0	0	0	0	0	0	0
00.000,00.000	15.1	0	-200	0	4.5	281.487	214.516	46.2249	12.6576	8.08816	0	0	0	0	0	0	0	0	0	0	0	0	0	0	0	0
00.000,00.000	15.2	0	-200	0	4.5	285.132	216.945	47.1438	12.8073	8.2357	0	0	0	0	0	0	0	0	0	0	0	0	0	0	0	0
00.000,00.000	15.3	0	-200	0	4.5	288.752	219.35	48.0575	12.9621	8.38231	0	0	0	0	0	0	0	0	0	0	0	0	0	0	0	0
00.000,00.000	15.4	0	-200	0	4.5	292.133	221.648	48.835	13.1221	8.52797	0	0	0	0	0	0	0	0	0	0	0	0	0	0	0	0
00.000,00.000	15.5	0	-200	0	4.5	295.297	223.883	49.4553	13.2865	8.67259	0	0	0	0	0	0	0	0	0	0	0	0	0	0	0	0
00.000,00.000	15.6	0	-200	0	4.5	299.764	227.015	50.3389	13.5306	8.87977	0	0	0	0	0	0	0	0	0	0	0	0	0	0	0	0
00.000,00.000	15.7	0	-200	0	4.5	303.334	229.49	50.7457	14.0496	9.04927	0	0	0	0	0	0	0	0	0	0	0	0	0	0	0	0
00.000,00.000	15.8	0	-200	0	4.5	305.125	230.72	50.9388	14.33	9.13566	0	0	0	0	0	0	0	0	0	0	0	0	0	0	0	0
00.000,00.000	15.9	0	-200	0	4.5	308.478	233.014	51.3049	14.8653	9.29375	0	0	0	0	0	0	0	0	0	0	0	0	0	0	0	0
00.000,00.000	16	0	-200	0	4.5	311.467	235.02	51.6385	15.3643	9.44383	0	0	0	0	0	0	0	0	0	0	0	0	0	0	0	0
00.000,00.000	16.1	0	-200	0	4.5	314.221	236.873	51.9414	15.8261	9.58021	0	0	0	0	0	0	0	0	0	0	0	0	0	0	0	0
00.000,00.000	16.2	0	-200	0	4.5	316.973	238.717	52.2441	16.2951	9.71688	0	0	0	0	0	0	0	0	0	0	0	0	0	0	0	0
00.000,00.000	16.3	0	-200	0	4.5	319.71	240.544	52.5441	16.7686	9.85286	0	0	0	0	0	0	0	0	0	0	0	0	0	0	0	0
00.000,00.000	16.4	0	-200	0	4.5	322.427	242.351	52.8419	17.2462	9.98796	0	0	0	0	0	0	0	0	0	0	0	0	0	0	0	0
00.000,00.000	16.5	0	-200	0	4.5	326.759	245.225	53.3153	18.0222	10.151	0.0450262	0	0	0	0	0	0	0	0	0	0	0	0	0	0	0
00.000,00.000	16.6	0	-200	0	4.5	330.994	248.016	53.7792	18.7911	10.1536	0.254438	0	0	0	0	0	0	0	0	0	0	0	0	0	0	0
00.000,00.000	16.7	0	-200	0	4.5	331.951	248.642	53.8849	18.968	10.1498	0.306558	0	0	0	0	0	0	0	0	0	0	0	0	0	0	0
00.000,00.000	16.8	0	-200	0	4.5	332.15	248.771	53.907	19.0055	10.1496	0.316764	0	0	0	0	0	0	0	0	0	0	0	0	0	0	0
00.000,00.000	16.9	0	-200	0	4.5	334.891	250.545	54.2107	19.5297	10.1518	0.453015	0	0	0	0	0	0	0	0	0	0	0	0	0	0	0
00.000,00.000	17	0	-200	0	4.5	338.267	252.721	54.5873	20.1835	10.1507	0.624318	0	0	0	0	0	0	0	0	0	0	0	0	0	0	0
00.000,00.000	17.1	0	-200	0	4.5	340.987	254.467	54.8935	20.7152	10.1504	0.760997	0	0	0	0	0	0	0	0	0	0	0	0	0	0	0
00.000,00.000	17.2	0	-200	0	4.5	343.563	256.118	55.2287	21.1773	10.1505	0.888612	0	0	0	0	0	0	0	0	0	0	0	0	0	0	0
00.000,00.000	17.3	0	-200	0	4.5	346.155	257.777	55.577	21.6346	10.1506	1.01606	0	0	0	0	0	0	0	0	0	0	0	0	0	0	0
00.000,00.000	17.4	0	-200	0	4.5	348.758	259.437	55.9311	22.0965	10.1512	1.14282	0	0	0	0	0	0	0	0	0	0	0	0	0	0	0
00.000,00.000	17.5	0	-200	0	4.5	354.663	263.192	56.743	23.1482	10.1526	1.42763	0	0	0	0	0	0	0	0	0	0	0	0	0	0	0
00.000,00.000	17.6	0	-200	0	4.5	358.324	265.514	57.2529	23.801	10.1538	1.60261	0	0	0	0	0	0	0	0	0	0	0	0	0	0	0
00.000,00.000	17.7	0	-200	0	4.5	358.709	265.757	57.3073	23.8699	10.1539	1.6209	0	0	0	0	0	0	0	0	0	0	0	0	0	0	0
00.000,00.000	17.8	0	-200	0	4.5	358.998	265.94	57.3484	23.9214	10.1541	1.63433	0	0	0	0	0	0	0	0	0	0	0	0	0	0	0
00.000,00.000	17.9	0	-200	0	4.5	360.582	266.944	57.5751	24.2012	10.155	1.70673	0	0	0	0	0	0	0	0	0	0	0	0	0	0	0
00.000,00.000	18	0	-200	0	4.5	364.726	269.581	58.1727	24.9227	10.1578	1.89153	0	0	0	0	0	0	0	0	0	0	0	0	0	0	0
00.000,00.000	18.1	0	-200	0	4.5	367.972	271.651	58.6453	25.4816	10.1609	2.03318	0	0	0	0	0	0	0	0	0	0	0	0	0	0	0
00.000,00.000	18.2	0	-200	0	4.5	370.814	273.47	59.0626	25.9639	10.1639	2.15394	0	0	0	0	0	0	0	0	0	0	0	0	0	0	0
00.000,00.000	18.3	0	-200	0	4.5	373.711	275.329	59.4922	26.4488	10.1673	2.27407	0	0	0	0	0	0	0	0	0	0	0	0	0	0	0
00.000,00.000	18.4	0	-200	0	4.5	376.664	277.23	59.9325	26.9368	10.1713	2.39355	0	0	0	0	0	0	0	0	0	0	0	0	0	0	0
00.000,00.000	18.5	0	-200	0	4.5	385.757	283.108	61.3066	28.4272	10.1849	2.73039	0	0	0	0	0	0	0	0	0	0	0	0	0	0	0
00.000,00.000	18.6	0	-200	0	4.5	389.431	285.479	61.868	29.0198	10.1916	2.87307	0	0	0	0	0	0	0	0	0	0	0	0	0	0	0
00.000,00.000	18.7	0	-200	0	4.5	389.618	285.599	61.8968	29.0493	10.192	2.88016	0	0	0	0	0	0	0	0	0	0	0	0	0	0	0
00.000,00.000	18.8	0	-200	0	4.5	389.91	285.789	61.9422	29.095	10.1927	2.89101	0	0	0	0	0	0	0	0	0	0	0	0	0	0	0
00.000,00.000	18.9	0	-200	0	4.5	390.564	286.216	62.0443	29.1946	10.1944	2.91459	0	0	0	0	0	0	0	0	0	0	0	0	0	0	0
00.000,00.000	19	0	-200	0	4.5	396.435	290.068	62.966	30.0699	10.2107	3.12065	0	0	0	0	0	0	0	0	0	0	0	0	0	0	0
00.000,00.000	19.1	0	-200	0	4.5	400.734	292.888	63.6522	30.7015	10.2235	3.26855	0	0	0	0	0	0	0	0	0	0	0	0	0	0	0
00.000,00.000	19.2	0	-200	0	4.5	404.122	295.098	64.2126	31.1935	10.2355	3.38292	0	0	0	0	0	0	0	0	0	0	0	0	0	0	0
00.000,00.000	19.3	0	-200	0	4.5	407.536	297.3	64.8067	31.6846	10.2483	3.49635	0	0	0	0	0	0	0	0	0	0	0	0	0	0	0
00.000,00.000	19.4	0	-200	0	4.5	410.984	299.516	65.4194	32.1761	10.2624	3.60949	0	0	0	0	0	0	0	0	0	0	0	0	0	0	0
00.000,00.000	19.5	0	-200	0	4.5	414.44	301.726	66.0481	32.6664	10.2778	3.72204	0	0	0	0	0	0	0	0	0	0	0	0	0	0	0
00.000,00.000	19.6	0	-200	0	4.5	426.314	309.272	68.271	34.3333	10.3342	4.1032	0	0	0	0	0	0	0	0	0	0	0	0	0	0	0
00.000,00.000	19.7	0	-200	0	4.5	430.44	311.65	69.295	34.6761	10.5851	4.23383	0	0	0	0	0	0	0	0	0	0	0	0	0	0	0
00.000,00.000	19.8	0	-200	0	4.5	430.834	311.872	69.3993	34.7082	10.609	4.24611	0	0	0	0	0	0	0	0	0	0	0	0	0	0	0
00.000,00.000	19.9	0	-200	0	4.5	431.207	312.081	69.5001	34.738	10.6313	4.25754	0	0	0	0	0	0	0	0	0	0	0	0	0	0	0
00.000,00.000	20	0	-200	0	4.5	436.134	314.818	70.8678	35.1216	10.9215	4.40503	0	0	0	0	0	0	0	0	0	0	0	0	0	0	0
00.000,00.000	20.1	0	-200	0	4.5	443.242	318.651	72.9821	35.6652	11.3316	4.61288	0	0	0	0	0	0	0	0	0	0	0	0	0	0	0
00.000,00.000	20.2	0	-200	0	4.5	447.611	320.568	74.7066	36.0046	11.5883	4.74283	0	0	0	0	0	0	0	0	0	0	0	0	0	0	0
00.000,00.000	20.3	0	-200	0	4.5	451.382	322.018	76.4269	36.2851	11.8021	4.85007	0	0	0	0	0	0	0	0	0	0	0	0	0	0	0
00.000,00.000	20.4	0	-200	0	4.5	455.08	323.497	78.0467	36.5635	12.0162	4.957	0	0	0	0	0	0	0	0	0	0	0	0	0	0	0
00.000,00.000	20.5	0	-200	0	4.5	464.48	327.311	82.1362	37.2558	12.5526	5.22475	0	0	0	0	0	0	0	0	0	0	0	0	0	0	0
00.000,00.000	20.6	0	-200	0	4.5	478.166	333.236	88.3381	38.2937	12.6708	5.6278	0	0	0	0	0	0	0	0	0	0	0	0	0	0	0
00.000,00.000	20.7	0	-200	0	4.5	482.286	335.04	90.1919	38.6004	12.7058	5.74745	0	0	0	0	0	0	0	0	0	0	0	0	0	0	0
00.000,00.000	20.8	0	-200	0	4.5	482.554	335.16	90.3114	38.6197	12.7081	5.75503	0	0	0	0	0	0	0	0	0	0	0	0	0	0	0
00.000,00.000	20.9	0	-200	0	4.5	482.885	335.309	90.4576	38.6427	12.7111	5.76414	0	0	0	0	0	0	0	0	0	0	0	0	0	0	0
00.000,00.000	21	0	-200	0	4.5	483.373	335.533	90.6719	38.6757	12.7155	5.77724	0	0	0	0	0	0	0	0	0	0	0	0	0	0	0
00.000,00.000	21.1	0	-200	0	4.5	494.35	341.154	94.8164	39.4612	12.8266	6.09153	0	0	0	0	0	0	0	0	0	0	0	0	0	0	0
00.000,00.000	21.2	0	-200	0	4.5	500.483	344.42	96.9974	39.9047	12.8913	6.26949	0	0	0	0	0	0	0	0	0	0	0	0	0	0	0
00.000,00.000	21.3	0	-200	0	4.5	504.262	346.462	98.3258	40.167	12.9324	6.37512	0	0	0	0	0	0	0	0	0	0	0	0	0	0	0
00.000,00.000	21.4	0	-200	0	4.5	508.174	348.597	99.6913	40.4295	12.9752	6.48163	0	0	0	0	0	0	0	0	0	0	0	0	0	0	0
00.000,00.000	21.5	0	-200	0	4.5	527.184	358.972	106.353	41.6782	13.1888	6.99232	0	0	0	0	0	0	0	0	0	0	0	0	0	0	0
00.000,00.000	21.6	0	-200	0	4.5	531.264	361.181	107.808	41.9407	13.2347	7.09973	0	0	0	0	0	0	0	0	0	0	0	0	0	0	0
00.000,00.000	21.7	0	-200	0	4.5	566.427	380.476	120.11	44.1694	13.6537	8.01824	0	0	0	0	0	0	0	0	0	0	0	0	0	0	0
00.000,00.000	21.8	0	-200	0	4.5	574.965	385.204	122.882	44.8824	13.7567	8.23989	0	0	0	0	0	0	0	0	0	0	0	0	0	0	0
00.000,00.000	21.9	0	-200	0	4.5	575.196	385.336	122.951	44.9038	13.7595	8.24558	0	0	0	0	0	0	0	0	0	0	0	0	0	0	0
00.000,00.000	22	0	-200	0	4.5	575.682	385.617	123.094	44.9481	13.7656	8.25713	0	0	0	0	0	0	0	0	0	0	0	0	0	0	0
00.000,00.000	22.1	0	-200	0	4.5	590.791	394.742	127.425	46.0448	13.9619	8.61647	0	0	0	0	0	0	0	0	0	0	0	0	0	0	0
00.000,00.000	22.2	0	-200	0	4.5	598.795	399.776	129.621	46.5188	14.0703	8.80983	0	0	0	0	0	0	0	0	0	0	0	0	0	0	0
00.000,00.000	22.3	0	-200	0	4.5	603.379	402.657	130.893	46.7805	14.1332	8.91595	0	0	0	0	0	0	0	0	0	0	0	0	0	0	0
00.000,00.000	22.4	0	-200	0	4.5	608.093	405.627	132.199	47.0446	14.199	9.02296	0	0	0	0	0	0	0	0	0	0	0	0	0	0	0
00.000,00.000	22.5	0	-200	0	4.5	626.944	417.606	137.333	48.0904	14.4693	9.44616	0	0	0	0	0	0	0	0	0	0	0	0	0	0	0
00.000,00.000	22.6	0	-200	0	4.5	631.041	420.303	138.354	48.3179	14.5288	9.53748	0	0	0	0	0	0	0	0	0	0	0	0	0	0	0
00.000,00.000	22.7	0	-200	0	4.5	638.268	424.972	140.269	48.7015	14.6353	9.66988	0.0204024	0	0	0	0	0	0	0	0	0	0	0	0	0	0
00.000,00.000	22.8	0	-200	0	4.5	666.674	442.124	148.721	50.3631	15.11	9.72881	0.627057	0	0	0	0	0	0	0	0	0	0	0	0	0	0
00.000,00.000	22.9	0	-200	0	4.5	672.307	445.136	150.757	50.7096	15.2104	9.72881	0.765017	0	0	0	0	0	0	0	0	0	0	0	0	0	0
00.000,00.000	23	0	-200	0	4.5	672.8	445.396	150.941	50.7391	15.2193	9.72881	0.776591	0	0	0	0	0	0	0	0	0	0	0	0	0	0
00.000,00.000	23.1	0	-200	0	4.5	686.741	452.694	156.178	51.5637	15.4773	9.72881	1.09977	0	0	0	0	0	0	0	0	0	0	0	0	0	0
00.000,00.000	23.2	0	-200	0	4.5	694.404	456.474	159.264	52.0295	15.6258	9.72905	1.28183	0	0	0	0	0	0	0	0	0	0	0	0	0	0
00.000,00.000	23.3	0	-200	0	4.5	698.686	458.732	160.814	52.3042	15.7162	9.73109	1.38838	0	0	0	0	0	0	0	0	0	0	0	0	0	0
00.000,00.000	23.4	0	-200	0	4.5	702.989	461.055	162.314	52.582	15.8102	9.73316	1.49583	0	0	0	0	0	0	0	0	0	0	0	0	0	0
00.000,00.000	23.5	0	-200	0	4.5	717.626	468.922	167.438	53.5233	16.139	9.74292	1.8607	0	0	0	0	0	0	0	0	0	0	0	0	0	0
00.000,00.000	23.6	0	-200	0	4.5	731.403	476.303	172.275	54.4084	16.4579	9.75428	2.20356	0	0	0	0	0	0	0	0	0	0	0	0	0	0
00.000,00.000	23.7	0	-200	0	4.5	733.067	477.216	172.837	54.5153	16.4973	9.75592	2.2449	0	0	0	0	0	0	0	0	0	0	0	0	0	0
00.000,00.000	23.8	0	-200	0	4.5	733.435	477.416	172.966	54.5381	16.5061	9.75638	2.25364	0	0	0	0	0	0	0	0	0	0	0	0	0	0
00.000,00.000	23.9	0	-200	0	4.5	733.881	477.657	173.12	54.5652	16.5169	9.75702	2.26402	0	0	0	0	0	0	0	0	0	0	0	0	0	0
00.000,00.000	24	0	-200	0	4.5	734.474	477.981	173.326	54.6006	16.5315	9.75797	2.27749	0	0	0	0	0	0	0	0	0	0	0	0	0	0
00.000,00.000	24.1	0	-200	0	4.5	747.208	484.96	177.71	55.3476	16.8481	9.78088	2.56076	0	0	0	0	0	0	0	0	0	0	0	0	0	0
00.000,00.000	24.2	0	-200	0	4.5	754.887	489.217	180.309	55.7946	17.0414	9.79546	2.72979	0	0	0	0	0	0	0	0	0	0	0	0	0	0
00.000,00.000	24.3	0	-200	0	4.5	759.875	491.948	182.013	56.104	17.1682	9.80551	2.83674	0	0	0	0	0	0	0	0	0	0	0	0	0	0
00.000,00.000	24.4	0	-200	0	4.5	764.947	494.722	183.745	56.4178	17.3003	9.81698	2.94425	0	0	0	0	0	0	0	0	0	0	0	0	0	0
00.000,00.000	24.5	0	-200	0	4.5	777.366	501.522	187.969	57.1878	17.6325	9.84682	3.20732	0	0	0	0	0	0	0	0	0	0	0	0	0	0
00.000,00.000	24.6	0	-200	0	4.5	782.881	504.594	189.79	57.5303	17.7831	9.86079	3.32327	0	0	0	0	0	0	0	0	0	0	0	0	0	0
00.000,00.000	24.7	0	-200	0	4.5	783.496	504.94	189.99	57.5677	17.7999	9.86243	3.33575	0	0	0	0	0	0	0	0	0	0	0	0	0	0
00.000,00.000	24.8	0	-200	0	4.5	796.097	512.087	194.045	58.3309	18.1485	9.89783	3.58776	0	0	0	0	0	0	0	0	0	0	0	0	0	0
00.000,00.000	24.9	0	-200	0	4.5	809.534	519.719	198.369	59.1364	18.5212	9.93688	3.85138	0	0	0	0	0	0	0	0	0	0	0	0	0	0
00.000,00.000	25	0	-200	0	4.5	811.983	521.111	199.157	59.2826	18.5894	9.94431	3.89877	0	0	0	0	0	0	0	0	0	0	0	0	0	0
00.000,00.000	25.1	0	-200	0	4.5	821.98	526.929	202.264	59.8632	18.8644	9.97591	4.08315	0	0	0	0	0	0	0	0	0	0	0	0	0	0
00.000,00.000	25.2	0	-200	0	4.5	829.549	531.348	204.605	60.3011	19.073	10.0005	4.22077	0	0	0	0	0	0	0	0	0	0	0	0	0	0
00.000,00.000	25.3	0	-200	0	4.5	835.576	534.928	206.412	60.6477	19.2395	10.0209	4.32804	0	0	0	0	0	0	0	0	0	0	0	0	0	0
00.000,00.000	25.4	0	-200	0	4.5	841.711	538.604	208.22	61.0003	19.4098	10.0424	4.43563	0	0	0	0	0	0	0	0	0	0	0	0	0	0
00.000,00.000	25.5	0	-200	0	4.5	848.152	542.469	210.102	61.3759	19.5911	10.0657	4.54852	0	0	0	0	0	0	0	0	0	0	0	0	0	0
00.000,00.000	25.6	0	-200	0	4.5	870.723	556.099	216.616	62.6927	20.2254	10.1517	4.93831	0	0	0	0	0	0	0	0	0	0	0	0	0	0
00.000,00.000	25.7	0	-200	0	4.5	875.805	559.169	218.081	62.9906	20.368	10.1711	5.02537	0	0	0	0	0	0	0	0	0	0	0	0	0	0
00.000,00.000	25.8	0	-200	0	4.5	877.609	560.275	218.587	63.0956	20.4177	10.1783	5.05524	0	0	0	0	0	0	0	0	0	0	0	0	0	0
00.000,00.000	25.9	0	-200	0	4.5	878.298	560.702	218.777	63.1356	20.4365	10.181	5.06636	0	0	0	0	0	0	0	0	0	0	0	0	0	0
00.000,00.000	26	0	-200	0	4.5	891.105	568.702	222.243	63.8779	20.7808	10.2334	5.26772	0	0	0	0	0	0	0	0	0	0	0	0	0	0
00.000,00.000	26.1	0	-200	0	4.5	902.48	575.776	225.362	64.5519	21.0647	10.2814	5.44438	0	0	0	0	0	0	0	0	0	0	0	0	0	0
00.000,00.000	26.2	0	-200	0	4.5	910.052	580.494	227.424	64.9979	21.2601	10.3143	5.56073	0	0	0	0	0	0	0	0	0	0	0	0	0	0
00.000,00.000	26.3	0	-200	0	4.5	916.692	584.481	229.334	65.4172	21.4448	10.3463	5.66824	0	0	0	0	0	0	0	0	0	0	0	0	0	0
00.000,00.000	26.4	0	-200	0	4.5	922.99	588.085	231.276	65.841	21.6327	10.3798	5.77585	0	0	0	0	0	0	0	0	0	0	0	0	0	0
00.000,00.000	26.5	0	-200	0	4.5	931.935	592.991	234.173	66.4813	21.9178	10.4328	5.93902	0	0	0	0	0	0	0	0	0	0	0	0	0	0
00.000,00.000	26.6	0	-200	0	4.5	950.162	602.612	240.322	67.8672	22.5263	10.5507	6.28452	0	0	0	0	0	0	0	0	0	0	0	0	0	0
00.000,00.000	26.7	0	-200	0	4.5	953.702	604.429	241.552	68.1447	22.6489	10.5745	6.35295	0	0	0	0	0	0	0	0	0	0	0	0	0	0
00.000,00.000	26.8	0	-200	0	4.5	973.154	614.53	248.153	69.7092	23.3933	10.6399	6.72846	0	0	0	0	0	0	0	0	0	0	0	0	0	0
00.000,00.000	26.9	0	-200	0	4.5	978.805	617.463	250.056	70.1713	23.6407	10.6346	6.8391	0	0	0	0	0	0	0	0	0	0	0	0	0	0
00.000,00.000	27	0	-200	0	4.5	979.586	617.878	250.311	70.2343	23.6701	10.6377	6.85375	0	0	0	0	0	0	0	0	0	0	0	0	0	0
00.000,00.000	27.1	0	-200	0	4.5	991.635	624.345	254.195	71.2103	24.1186	10.6898	7.07645	0	0	0	0	0	0	0	0	0	0	0	0	0	0
00.000,00.000	27.2	0	-200	0	4.5	999.808	628.743	256.815	71.8745	24.4298	10.7201	7.22657	0	0	0	0	0	0	0	0	0	0	0	0	0	0
00.000,00.000	27.3	0	-200	0	4.5	1005.81	632.037	258.686	72.3583	24.6484	10.7482	7.33405	0	0	0	0	0	0	0	0	0	0	0	0	0	0
00.000,00.000	27.4	0	-200	0	4.5	1011.95	635.45	260.558	72.8511	24.8694	10.7774	7.44203	0	0	0	0	0	0	0	0	0	0	0	0	0	0
00.000,00.000	27.5	0	-200	0	4.5	1023.47	641.85	264.045	73.7981	25.2891	10.8382	7.64803	0	0	0	0	0	0	0	0	0	0	0	0	0	0
00.000,00.000	27.6	0	-200	0	4.5	1042.14	652.445	269.522	75.3089	25.9599	10.9338	7.97328	0	0	0	0	0	0	0	0	0	0	0	0	0	0
00.000,00.000	27.7	0	-200	0	4.5	1045.52	654.406	270.469	75.5827	26.0911	10.9429	8.03212	0	0	0	0	0	0	0	0	0	0	0	0	0	0
00.000,00.000	27.8	0	-200	0	4.5	1065.7	666.201	276.037	77.2254	26.8088	11.0541	8.37575	0	0	0	0	0	0	0	0	0	0	0	0	0	0
00.000,00.000	27.9	0	-200	0	4.5	1071.17	669.444	277.451	77.7207	27.0071	11.0828	8.46724	0	0	0	0	0	0	0	0	0	0	0	0	0	0
00.000,00.000	28	0	-200	0	4.5	1076.1	672.437	278.698	78.1292	27.1777	11.1097	8.54629	0	0	0	0	0	0	0	0	0	0	0	0	0	0
00.000,00.000	28.1	0	-200	0	4.5	1088.19	679.895	281.684	79.1031	27.5937	11.1775	8.73727	0	0	0	0	0	0	0	0	0	0	0	0	0	0
00.000,00.000	28.2	0	-200	0	4.5	1096.62	685.191	283.716	79.7373	27.8803	11.2257	8.86692	0	0	0	0	0	0	0	0	0	0	0	0	0	0
00.000,00.000	28.3	0	-200	0	4.5	1103.71	689.711	285.381	80.2633	28.1155	11.2672	8.97218	0	0	0	0	0	0	0	0	0	0	0	0	0	0
00.000,00.000	28.4	0	-200	0	4.5	1110.92	694.358	287.036	80.7927	28.3514	11.3108	9.07646	0	0	0	0	0	0	0	0	0	0	0	0	0	0
00.000,00.000	28.5	0	-200	0	4.5	1118.38	699.197	288.701	81.3413	28.5969	11.3578	9.18386	0	0	0	0	0	0	0	0	0	0	0	0	0	0
00.000,00.000	28.6	0	-200	0	4.5	1143.37	715.61	294.13	83.1612	29.4127	11.5207	9.53743	0	0	0	0	0	0	0	0	0	0	0	0	0	0
00.000,00.000	28.7	0	-200	0	4.5	1150.79	720.564	295.661	83.695	29.6564	11.5702	9.57741	0.0637721	0	0	0	0	0	0	0	0	0	0	0	0	0
00.000,00.000	28.8	0	-200	0	4.5	1151.45	721.013	295.797	83.7408	29.6773	11.5748	9.57875	0.0713116	0	0	0	0	0	0	0	0	0	0	0	0	0
00.000,00.000	28.9	0	-200	0	4.5	1152.23	721.545	295.951	83.7917	29.7009	11.5801	9.58007	0.0799119	0	0	0	0	0	0	0	0	0	0	0	0	0
00.000,00.000	29	0	-200	0	4.5	1169.58	733.552	299.348	84.8861	30.2178	11.7007	9.59407	0.280573	0	0	0	0	0	0	0	0	0	0	0	0	0
00.000,00.000	29.1	0	-200	0	4.5	1181.57	741.882	301.681	85.6252	30.5746	11.7857	9.59057	0.430238	0	0	0	0	0	0	0	0	0	0	0	0	0
00.000,00.000	29.2	0	-200	0	4.5	1189.76	747.607	303.255	86.116	30.813	11.846	9.59194	0.525923	0	0	0	0	0	0	0	0	0	0	0	0	0
00.000,00.000	29.3	0	-200	0	4.5	1197.91	753.358	304.795	86.5892	31.047	11.9072	9.59307	0.619152	0	0	0	0	0	0	0	0	0	0	0	0	0
00.000,00.000	29.4	0	-200	0	4.5	1206.19	759.157	306.417	87.0525	31.2851	11.9706	9.59392	0.711549	0	0	0	0	0	0	0	0	0	0	0	0	0
00.000,00.000	29.5	0	-200	0	4.5	1214.64	765.057	308.11	87.5203	31.532	12.0385	9.59463	0.788786	0	0	0	0	0	0	0	0	0	0	0	0	0
00.000,00.000	29.6	0	-200	0	4.5	1241.88	784.369	313.554	89.0001	32.3084	12.2685	9.59463	0.788786	0	0	0	0	0	0	0	0	0	0	0	0	0
00.000,00.000	29.7	0	-200	0	4.5	1249.68	790.004	315.004	89.423	32.5277	12.3354	9.59463	0.788786	0	0	0	0	0	0	0	0	0	0	0	0	0
00.000,00.000	29.8	0	-200	0	4.5	1251.24	791.134	315.298	89.5007	32.5706	12.3491	9.59463	0.788786	0	0	0	0	0	0	0	0	0	0	0	0	0
00.000,00.000	29.9	0	-200	0	4.5	1251.98	791.682	315.432	89.536	32.5904	12.3557	9.59463	0.788786	0	0	0	0	0	0	0	0	0	0	0	0	0
00.000,00.000	30	0	-200	0	4.5	1267.03	802.891	318.083	90.1946	32.9879	12.4923	9.59463	0.788786	0	0	0	0	0	0	0	0	0	0	0	0	0
00.000,00.000	30.1	0	-200	0	4.5	1280.92	813.291	320.487	90.7817	33.3542	12.6212	9.59463	0.788786	0	0	0	0	0	0	0	0	0	0	0	0	0
00.000,00.000	30.2	0	-200	0	4.5	1290.09	820.158	322.079	91.1603	33.6003	12.71	9.59463	0.788786	0	0	0	0	0	0	0	0	0	0	0	0	0
00.000,00.000	30.3	0	-200	0	4.5	1298.34	826.348	323.501	91.4941	33.8243	12.794	9.59463	0.788786	0	0	0	0	0	0	0	0	0	0	0	0	0
00.000,00.000	30.4	0	-200	0	4.5	1306.22	832.198	324.896	91.8153	34.0438	12.8804	9.59463	0.788786	0	0	0	0	0	0	0	0	0	0	0	0	0
00.000,00.000	30.5	0	-200	0	4.5	1313.71	837.663	326.291	92.1323	34.2688	12.9722	9.59463	0.788786	0	0	0	0	0	0	0	0	0	0	0	0	0
00.000,00.000	30.6	0	-200	0	4.5	1333.28	851.872	329.969	92.9501	34.8766	13.228	9.5948	0.788786	0	0	0	0	0	0	0	0	0	0	0	0	0
00.000,00.000	30.7	0	-200	0	4.5	1343.94	859.596	331.99	93.3867	35.212	13.3731	9.59531	0.788786	0	0	0	0	0	0	0	0	0	0	0	0	0
00.000,00.000	30.8	0	-200	0	4.5	1344.76	860.181	332.15	93.42	35.2389	13.385	9.59536	0.788786	0	0	0	0	0	0	0	0	0	0	0	0	0
00.000,00.000	30.9	0	-200	0	4.5	1345.35	860.612	332.258	93.4417	35.2567	13.3935	9.59541	0.788786	0	0	0	0	0	0	0	0	0	0	0	0	0
00.000,00.000	31	0	-200	0	4.5	1359.69	871.306	334.789	93.9346	35.6756	13.6024	9.59684	0.788786	0	0	0	0	0	0	0	0	0	0	0	0	0
00.000,00.000	31.1	0	-200	0	4.5	1370.24	879.187	336.621	94.3044	35.9831	13.7597	9.59806	0.788786	0	0	0	0	0	0	0	0	0	0	0	0	0
00.000,00.000	31.2	0	-200	0	4.5	1377.28	884.565	337.75	94.5445	36.1741	13.8631	9.599	0.788786	0	0	0	0	0	0	0	0	0	0	0	0	0
00.000,00.000	31.3	0	-200	0	4.5	1384.45	890.074	338.886	94.7713	36.3604	13.968	9.6001	0.788786	0	0	0	0	0	0	0	0	0	0	0	0	0
00.000,00.000	31.4	0	-200	0	4.5	1391.57	895.556	340.024	94.9845	36.537	14.0738	9.6018	0.788786	0	0	0	0	0	0	0	0	0	0	0	0	0
00.000,00.000	31.5	0	-200	0	4.5	1402.76	904.127	341.862	95.3101	36.8161	14.2474	9.6049	0.788786	0	0	0	0	0	0	0	0	0	0	0	0	0
00.000,00.000	31.6	0	-200	0	4.5	1426.1	922.163	345.599	95.9391	37.3848	14.6129	9.6125	0.788786	0	0	0	0	0	0	0	0	0	0	0	0	0
00.000,00.000	31.7	0	-200	0	4.5	1440.57	933.28	348.016	96.3027	37.7218	14.8385	9.61768	0.788786	0	0	0	0	0	0	0	0	0	0	0	0	0
00.000,00.000	31.8	0	-200	0	4.5	1441.39	933.915	348.155	96.3219	37.7391	14.8514	9.618	0.788786	0	0	0	0	0	0	0	0	0	0	0	0	0
00.000,00.000	31.9	0	-200	0	4.5	1451.26	941.578	349.786	96.5431	37.9375	15.0062	9.62256	0.788786	0	0	0	0	0	0	0	0	0	0	0	0	0
00.000,00.000	32	0	-200	0	4.5	1466.15	953.067	352.284	96.8658	38.2695	15.2426	9.63093	0.788786	0	0	0	0	0	0	0	0	0	0	0	0	0
00.000,00.000	32.1	0	-200	0	4.5	1475.81	960.561	353.883	97.0666	38.477	15.3971	9.63683	0.788786	0	0	0	0	0	0	0	0	0	0	0	0	0
00.000,00.000	32.2	0	-200	0	4.5	1483.12	966.226	355.113	97.2122	38.6276	15.5147	9.64188	0.788786	0	0	0	0	0	0	0	0	0	0	0	0	0
00.000,00.000	32.3	0	-200	0	4.5	1490.12	971.676	356.266	97.3458	38.7669	15.6288	9.64726	0.788786	0	0	0	0	0	0	0	0	0	0	0	0	0
00.000,00.000	32.4	0	-200	0	4.5	1497.07	977.121	357.391	97.4717	38.9003	15.7437	9.6531	0.788786	0	0	0	0	0	0	0	0	0	0	0	0	0
00.000,00.000	32.5	0	-200	0	4.5	1504.04	982.611	358.496	97.5926	39.03	15.8615	9.65948	0.788786	0	0	0	0	0	0	0	0	0	0	0	0	0
00.000,00.000	32.6	0	-200	0	4.5	1526.86	1000.57	362.163	97.9671	39.4366	16.2528	9.6821	0.788786	0	0	0	0	0	0	0	0	0	0	0	0	0
00.000,00.000	32.7	0	-200	0	4.5	1531.52	1004.2	362.946	98.0423	39.5172	16.3339	9.68692	0.788786	0	0	0	0	0	0	0	0	0	0	0	0	0
00.000,00.000	32.8	0	-200	0	4.5	1540.23	1011.16	364.27	98.1714	39.6574	16.4848	9.69705	0.788786	0	0	0	0	0	0	0	0	0	0	0	0	0
00.000,00.000	32.9	0	-200	0	4.5	1542.26	1012.78	364.586	98.2013	39.6891	16.5205	9.69949	0.788786	0	0	0	0	0	0	0	0	0	0	0	0	0
00.000,00.000	33	0	-200	0	4.5	1560.28	1027.37	367.171	98.4502	39.945	16.8331	9.72253	0.788786	0	0	0	0	0	0	0	0	0	0	0	0	0
00.000,00.000	33.1	0	-200	0	4.5	1570.98	1035.97	368.71	98.6295	40.1166	17.022	9.73688	0.788786	0	0	0	0	0	0	0	0	0	0	0	0	0
00.000,00.000	33.2	0	-200	0	4.5	1577.76	1041.49	369.635	98.7393	40.2179	17.1409	9.74641	0.788786	0	0	0	0	0	0	0	0	0	0	0	0	0
00.000,00.000	33.3	0	-200	0	4.5	1584.49	1046.99	370.534	98.8466	40.3134	17.2601	9.75639	0.788786	0	0	0	0	0	0	0	0	0	0	0	0	0
00.000,00.000	33.4	0	-200	0	4.5	1591.24	1052.55	371.4	98.9512	40.4032	17.3794	9.76681	0.788786	0	0	0	0	0	0	0	0	0	0	0	0	0
00.000,00.000	33.5	0	-200	0	4.5	1598.05	1058.2	372.238	99.0547	40.4888	17.5008	9.77787	0.788786	0	0	0	0	0	0	0	0	0	0	0	0	0
00.000,00.000	33.6	0	-200	0	4.5	1621.59	1077.9	374.997	99.4013	40.7644	17.921	9.81787	0.788786	0	0	0	0	0	0	0	0	0	0	0	0	0
00.000,00.000	33.7	0	-200	0	4.5	1636.4	1090.36	376.665	99.6166	40.9302	18.1898	9.84437	0.788786	0	0	0	0	0	0	0	0	0	0	0	0	0
00.000,00.000	33.8	0	-200	0	4.5	1637.32	1091.14	376.766	99.6297	40.9399	18.2066	9.84611	0.788786	0	0	0	0	0	0	0	0	0	0	0	0	0
00.000,00.000	33.9	0	-200	0	4.5	1640.5	1093.87	377.084	99.6715	40.9687	18.2629	9.85262	0.788786	0	0	0	0	0	0	0	0	0	0	0	0	0
00.000,00.000	34	0	-200	0	4.5	1655.01	1106.36	378.527	99.8543	41.0904	18.5136	9.88295	0.788786	0	0	0	0	0	0	0	0	0	0	0	0	0
00.000,00.000	34.1	0	-200	0	4.5	1664.58	1114.6	379.473	99.9724	41.1649	18.679	9.90395	0.788786	0	0	0	0	0	0	0	0	0	0	0	0	0
00.000,00.000	34.2	0	-200	0	4.5	1671.62	1120.73	380.121	100.053	41.2125	18.795	9.91967	0.788786	0	0	0	0	0	0	0	0	0	0	0	0	0
00.000,00.000	34.3	0	-200	0	4.5	1678.74	1126.97	380.753	100.131	41.2561	18.9096	9.93614	0.788786	0	0	0	0	0	0	0	0	0	0	0	0	0
00.000,00.000	34.4	0	-200	0	4.5	1685.92	1133.28	381.368	100.207	41.2955	19.0229	9.95338	0.788786	0	0	0	0	0	0	0	0	0	0	0	0	0
00.000,00.000	34.5	0	-200	0	4.5	1693.17	1139.67	381.984	100.289	41.3314	19.1361	9.97161	0.788786	0	0	0	0	0	0	0	0	0	0	0	0	0
00.000,00.000	34.6	0	-200	0	4.5	1716.22	1160.03	383.878	100.572	41.4322	19.4881	10.0318	0.788786	0	0	0	0	0	0	0	0	0	0	0	0	0
00.000,00.000	34.7	0	-200	0	4.5	1720.85	1164.1	384.259	100.643	41.4517	19.5594	10.0443	0.788786	0	0	0	0	0	0	0	0	0	0	0	0	0
00.000,00.000	34.8	0	-200	0	4.5	1721.3	1164.51	384.295	100.648	41.4533	19.566	10.0455	0.788786	0	0	0	0	0	0	0	0	0	0	0	0	0
00.000,00.000	34.9	0	-200	0	4.5	1726.77	1169.39	384.702	100.711	41.4709	19.6453	10.0613	0.788786	0	0	0	0	0	0	0	0	0	0	0	0	0
00.000,00.000	35	0	-200	0	4.5	1738.7	1180.08	385.567	100.844	41.5058	19.8162	10.0969	0.788786	0	0	0	0	0	0	0	0	0	0	0	0	0
00.000,00.000	35.1	0	-200	0	4.5	1747.21	1187.73	386.163	100.938	41.5281	19.9365	10.123	0.788786	0	0	0	0	0	0	0	0	0	0	0	0	0
00.000,00.000	35.2	0	-200	0	4.5	1754.53	1194.35	386.652	101.013	41.5446	20.0382	10.1464	0.788786	0	0	0	0	0	0	0	0	0	0	0	0	0
00.000,00.000	35.3	0	-200	0	4.5	1761.79	1200.93	387.119	101.084	41.5586	20.1381	10.1711	0.788786	0	0	0	0	0	0	0	0	0	0	0	0	0
00.000,00.000	35.4	0	-200	0	4.5	1769.02	1207.51	387.567	101.152	41.5702	20.2362	10.1966	0.788786	0	0	0	0	0	0	0	0	0	0	0	0	0
00.000,00.000	35.5	0	-200	0	4.5	1776.39	1214.21	388.032	101.217	41.58	20.3338	10.2235	0.788786	0	0	0	0	0	0	0	0	0	0	0	0	0
00.000,00.000	35.6	0	-200	0	4.5	1790.97	1227.5	388.951	101.335	41.5957	20.521	10.2784	0.788786	0	0	0	0	0	0	0	0	0	0	0	0	0
00.000,00.000	35.7	0	-200	0	4.5	1798.75	1234.59	389.438	101.398	41.6029	20.6211	10.3092	0.788786	0	0	0	0	0	0	0	0	0	0	0	0	0
00.000,00.000	35.8	0	-200	0	4.5	1799.56	1235.33	389.488	101.405	41.6035	20.6317	10.3126	0.788786	0	0	0	0	0	0	0	0	0	0	0	0	0
00.000,00.000	35.9	0	-200	0	4.5	1807.68	1242.81	389.936	101.461	41.6078	20.7314	10.3477	0.788786	0	0	0	0	0	0	0	0	0	0	0	0	0
00.000,00.000	36	0	-200	0	4.5	1817.03	1251.43	390.444	101.525	41.6119	20.8466	10.3903	0.788786	0	0	0	0	0	0	0	0	0	0	0	0	0
00.000,00.000	36.1	0	-200	0	4.5	1824.48	1258.28	390.855	101.573	41.6147	20.9372	10.4258	0.788786	0	0	0	0	0	0	0	0	0	0	0	0	0
00.000,00.000	36.2	0	-200	0	4.5	1831.52	1264.74	391.279	101.614	41.6168	21.0202	10.4605	0.788786	0	0	0	0	0	0	0	0	0	0	0	0	0
00.000,00.000	36.3	0	-200	0	4.5	1838.61	1271.28	391.678	101.652	41.6185	21.1005	10.4964	0.788786	0	0	0	0	0	0	0	0	0	0	0	0	0
00.000,00.000	36.4	0	-200	0	4.5	1845.74	1277.88	392.056	101.687	41.6197	21.178	10.5332	0.788786	0	0	0	0	0	0	0	0	0	0	0	0	0
00.000,00.000	36.5	0	-200	0	4.5	1852.95	1284.58	392.419	101.718	41.6204	21.2533	10.5713	0.788786	0	0	0	0	0	0	0	0	0	0	0	0	0
00.000,00.000	36.6	0	-200	0	4.5	1861.28	1292.36	392.812	101.75	41.6208	21.3368	10.6162	0.788786	0	0	0	0	0	0	0	0	0	0	0	0	0
00.000,00.000	36.7	0	-200	0	4.5	1873.57	1303.86	393.366	101.792	41.6208	21.4555	10.6844	0.788786	0	0	0	0	0	0	0	0	0	0	0	0	0
00.000,00.000	36.8	0	-200	0	4.5	1875.93	1306.08	393.469	101.801	41.6208	21.4778	10.6977	0.788786	0	0	0	0	0	0	0	0	0	0	0	0	0
00.000,00.000	36.9	0	-200	0	4.5	1885.99	1315.57	393.862	101.828	41.6208	21.5644	10.7556	0.788786	0	0	0	0	0	0	0	0	0	0	0	0	0
00.000,00.000	37	0	-200	0	4.5	1894.54	1323.66	394.177	101.849	41.6208	21.6351	10.8059	0.788786	0	0	0	0	0	0	0	0	0	0	0	0	0
00.000,00.000	37.1	0	-200	0	4.5	1901.86	1330.62	394.426	101.864	41.6208	21.6921	10.8498	0.788786	0	0	0	0	0	0	0	0	0	0	0	0	0
00.000,00.000	37.2	0	-200	0	4.5	1909.26	1337.68	394.661	101.877	41.6208	21.7463	10.8947	0.788786	0	0	0	0	0	0	0	0	0	0	0	0	0
00.000,00.000	37.3	0	-200	0	4.5	1916.77	1344.85	394.886	101.887	41.6208	21.798	10.9409	0.788786	0	0	0	0	0	0	0	0	0	0	0	0	0
00.000,00.000	37.4	0	-200	0	4.5	1924.36	1352.12	395.102	101.895	41.6208	21.8471	10.9882	0.788786	0	0	0	0	0	0	0	0	0	0	0	0	0
00.000,00.000	37.5	0	-200	0	4.5	1932.07	1359.51	395.31	101.901	41.6208	21.8937	11.0369	0.788786	0	0	0	0	0	0	0	0	0	0	0	0	0
00.000,00.000	37.6	0	-200	0	4.5	1939.78	1366.94	395.506	101.905	41.6208	21.9375	11.0861	0.788786	0	0	0	0	0	0	0	0	0	0	0	0	0
00.000,00.000	37.7	0	-200	0	4.5	1950.99	1377.73	395.778	101.909	41.6208	21.9964	11.1581	0.788786	0	0	0	0	0	0	0	0	0	0	0	0	0
00.000,00.000	37.8	0	-200	0	4.5	1954.18	1380.81	395.852	101.911	41.6208	22.0125	11.1787	0.788786	0	0	0	0	0	0	0	0	0	0	0	0	0
00.000,00.000	37.9	0	-200	0	4.5	1962.89	1389.24	396.048	101.913	41.6208	22.0519	11.2354	0.788786	0	0	0	0	0	0	0	0	0	0	0	0	0
00.000,00.000	38	0	-200	0	4.5	1971.57	1397.63	396.238	101.914	41.6208	22.0888	11.2922	0.788786	0	0	0	0	0	0	0	0	0	0	0	0	0
00.000,00.000	38.1	0	-200	0	4.5	1979.7	1405.5	396.411	101.914	41.6258	22.1207	11.3458	0.788786	0	0	0	0	0	0	0	0	0	0	0	0	0
00.000,00.000	38.2	0	-200	0	4.5	1987.82	1413.36	396.577	101.914	41.63	22.1504	11.4003	0.788786	0	0	0	0	0	0	0	0	0	0	0	0	0
00.000,00.000	38.3	0	-200	0	4.5	1995.84	1421.14	396.737	101.915	41.6336	22.178	11.4555	0.788786	0	0	0	0	0	0	0	0	0	0	0	0	0
00.000,00.000	38.4	0	-200	0	4.5	2003.57	1428.62	396.89	101.915	41.6365	22.2034	11.5112	0.788786	0	0	0	0	0	0	0	0	0	0	0	0	0
00.000,00.000	38.5	0	-200	0	4.5	2011.28	1436.11	397.037	101.915	41.6386	22.2268	11.5675	0.788786	0	0	0	0	0	0	0	0	0	0	0	0	0
00.000,00.000	38.6	0	-200	0	4.5	2019	1443.6	397.177	101.915	41.6401	22.2483	11.6247	0.788786	0	0	0	0	0	0	0	0	0	0	0	0	0
00.000,00.000	38.7	0	-200	0	4.5	2031.98	1456.23	397.399	101.915	41.6413	22.2811	11.7215	0.788786	0	0	0	0	0	0	0	0	0	0	0	0	0
00.000,00.000	38.8	0	-200	0	4.5	2034.55	1458.72	397.453	101.915	41.6414	22.2873	11.7409	0.788786	0	0	0	0	0	0	0	0	0	0	0	0	0
00.000,00.000	38.9	0	-200	0	4.5	2044.2	1468.08	397.659	101.915	41.6414	22.3072	11.814	0.788786	0	0	0	0	0	0	0	0	0	0	0	0	0
00.000,00.000	39	0	-200	0	4.5	2052.64	1476.17	397.917	101.915	41.6414	22.3239	11.8802	0.788786	0	0	0	0	0	0	0	0	0	0	0	0	0
00.000,00.000	39.1	0	-200	0	4.5	2059.82	1483.07	398.125	101.915	41.6414	22.3371	11.9384	0.788786	0	0	0	0	0	0	0	0	0	0	0	0	0
00.000,00.000	39.2	0	-200	0	4.5	2066.99	1489.98	398.322	101.915	41.6414	22.349	11.9966	0.788786	0	0	0	0	0	0	0	0	0	0	0	0	0
00.000,00.000	39.3	0	-200	0	4.5	2074.13	1496.86	398.51	101.915	41.6414	22.3596	12.0547	0.788786	0	0	0	0	0	0	0	0	0	0	0	0	0
00.000,00.000	39.4	0	-200	0	4.5	2081	1503.48	398.687	101.915	41.6414	22.369	12.1129	0.788786	0	0	0	0	0	0	0	0	0	0	0	0	0
00.000,00.000	39.5	0	-200	0	4.5	2087.79	1510.04	398.855	101.915	41.6414	22.3773	12.1713	0.788786	0	0	0	0	0	0	0	0	0	0	0	0	0
00.000,00.000	39.6	0	-200	0	4.5	2094.67	1516.68	399.034	101.915	41.6414	22.3846	12.2308	0.788786	0	0	0	0	0	0	0	0	0	0	0	0	0
00.000,00.000	39.7	0	-200	0	4.5	2103.52	1524.71	399.762	101.915	41.6414	22.3926	12.3082	0.788786	0	0	0	0	0	0	0	0	0	0	0	0	0
00.000,00.000	39.8	0	-200	0	4.5	2106.4	1527.41	399.912	101.915	41.6414	22.3952	12.3355	0.788786	0	0	0	0	0	0	0	0	0	0	0	0	0
00.000,00.000	39.9	0	-200	0	4.5	2112.76	1533.55	400.068	101.915	41.6414	22.3995	12.3974	0.788786	0	0	0	0	0	0	0	0	0	0	0	0	0
00.000,00.000	40	0	-200	0	4.5	2118.89	1539.48	400.201	101.915	41.6414	22.4029	12.4586	0.788786	0	0	0	0	0	0	0	0	0	0	0	0	0
00.000,00.000	40.1	0	-200	0	4.5	2124.44	1544.79	400.386	101.915	41.6414	22.4053	12.5157	0.788786	0	0	0	0	0	0	0	0	0	0	0	0	0
00.000,00.000	40.2	0	-200	0	4.5	2129.75	1549.71	400.724	101.915	41.6414	22.4072	12.5723	0.788786	0	0	0	0	0	0	0	0	0	0	0	0	0
00.000,00.000	40.3	0	-200	0	4.5	2134.78	1554.35	401.052	101.915	41.6414	22.4088	12.6285	0.788786	0	0	0	0	0	0	0	0	0	0	0	0	0
00.000,00.000	40.4	0	-200	0	4.5	2139.55	1558.73	401.381	101.915	41.6414	22.4099	12.6842	0.788786	0	0	0	0	0	0	0	0	0	0	0	0	0
00.000,00.000	40.5	0	-200	0	4.5	2144.21	1562.81	401.897	101.915	41.6414	22.4106	12.7399	0.788786	0	0	0	0	0	0	0	0	0	0	0	0	0
00.000,00.000	40.6	0	-200	0	4.5	2148.69	1566.66	402.48	101.915	41.6414	22.411	12.7949	0.788786	0	0	0	0	0	0	0	0	0	0	0	0	0
00.000,00.000	40.7	0	-200	0	4.5	2155.08	1571.92	403.534	101.915	41.6414	22.4111	12.875	0.788786	0	0	0	0	0	0	0	0	0	0	0	0	0
00.000,00.000	40.8	0	-200	0	4.5	2156.49	1573.13	403.714	101.915	41.6414	22.4111	12.8942	0.788786	0	0	0	0	0	0	0	0	0	0	0	0	0
00.000,00.000	40.9	0	-200	0	4.5	2160.93	1576.92	404.306	101.915	41.6414	22.4111	12.9536	0.788786	0	0	0	0	0	0	0	0	0	0	0	0	0
00.000,00.000	41	0	-200	0	4.5	2165.02	1580.41	404.847	101.915	41.6414	22.4111	13.0097	0.788786	0	0	0	0	0	0	0	0	0	0	0	0	0
00.000,00.000	41.1	0	-200	0	4.5	2168.6	1583.46	405.329	101.915	41.6414	22.4111	13.0593	0.788786	0	0	0	0	0	0	0	0	0	0	0	0	0
00.000,00.000	41.2	0	-200	0	4.5	2172.07	1586.41	405.804	101.915	41.6414	22.4111	13.1078	0.788786	0	0	0	0	0	0	0	0	0	0	0	0	0
00.000,00.000	41.3	0	-200	0	4.5	2175.44	1589.26	406.272	101.915	41.6414	22.4111	13.155	0.788786	0	0	0	0	0	0	0	0	0	0	0	0	0
00.000,00.000	41.4	0	-200	0	4.5	2178.53	1591.99	406.59	101.915	41.6414	22.4111	13.2009	0.788786	0	0	0	0	0	0	0	0	0	0	0	0	0
00.000,00.000	41.5	0	-200	0	4.5	2181.43	1594.58	406.847	101.915	41.6414	22.4111	13.2455	0.788786	0	0	0	0	0	0	0	0	0	0	0	0	0
00.000,00.000	41.6	0	-200	0	4.5	2187.13	1599.68	407.361	101.915	41.6414	22.4111	13.3347	0.788786	0	0	0	0	0	0	0	0	0	0	0	0	0
00.000,00.000	41.7	0	-200	0	4.5	2189.45	1601.75	407.564	101.915	41.6414	22.4111	13.3724	0.788786	0	0	0	0	0	0	0	0	0	0	0	0	0
00.000,00.000	41.8	0	-200	0	4.5	2189.59	1601.89	407.568	101.915	41.6414	22.4111	13.375	0.788786	0	0	0	0	0	0	0	0	0	0	0	0	0
00.000,00.000	41.9	0	-200	0	4.5	2190.79	1603.03	407.6	101.915	41.6414	22.4111	13.3973	0.788786	0	0	0	0	0	0	0	0	0	0	0	0	0
00.000,00.000	42	0	-200	0	4.5	2193.7	1605.84	407.651	101.914	41.6414	22.4111	13.4534	0.788786	0	0	0	0	0	0	0	0	0	0	0	0	0