
label	time(d)	x	depth	z	radius	total	0-10	10-20	20-30	30-40	40-50	50-60	60-70	70-80	80-90	90-100	100-110	110-120	120-130	130-140	140-150	150-160	160-170	170-180	180-190	190-200
00.000,00.000	0	0	-200	0	4.5	0	0	0	0	0	0	0	0	0	0	0	0	0	0	0	0	0	0	0	0	0
00.000,00.000	0.1	0	-200	0	4.5	0.372517	0.372517	0	0	0	0	0	0	0	0	0	0	0	0	0	0	0	0	0	0	0
00.000,00.000	0.2	0	-200	0	4.5	0.749708	0.749708	0	0	0	0	0	0	0	0	0	0	0	0	0	0	0	0	0	0	0
00.000,00.000	0.3	0	-200	0	4.5	1.13179	1.13179	0	0	0	0	0	0	0	0	0	0	0	0	0	0	0	0	0	0	0
00.000,00.000	0.4	0	-200	0	4.5	1.51819	1.51819	0	0	0	0	0	0	0	0	0	0	0	0	0	0	0	0	0	0	0
00.000,00.000	0.5	0	-200	0	4.5	1.90744	1.90744	0	0	0	0	0	0	0	0	0	0	0	0	0	0	0	0	0	0	0
00.000,00.000	0.6	0	-200	0	4.5	2.29788	2.29788	0	0	0	0	0	0	0	0	0	0	0	0	0	0	0	0	0	0	0
00.000,00.000	0.7	0	-200	0	4.5	2.68995	2.68995	0	0	0	0	0	0	0	0	0	0	0	0	0	0	0	0	0	0	0
00.000,00.000	0.8	0	-200	0	4.5	3.08466	3.08466	0	0	0	0	0	0	0	0	0	0	0	0	0	0	0	0	0	0	0
00.000,00.000	0.9	0	-200	0	4.5	3.48297	3.48297	0	0	0	0	0	0	0	0	0	0	0	0	0	0	0	0	0	0	0
00.000,00.000	1	0	-200	0	4.5	3.88511	3.88511	0	0	0	0	0	0	0	0	0	0	0	0	0	0	0	0	0	0	0
00.000,00.000	1.1	0	-200	0	4.5	4.295	4.295	0	0	0	0	0	0	0	0	0	0	0	0	0	0	0	0	0	0	0
00.000,00.000	1.2	0	-200	0	4.5	4.71246	4.71246	0	0	0	0	0	0	0	0	0	0	0	0	0	0	0	0	0	0	0
00.000,00.000	1.3	0	-200	0	4.5	5.13734	5.13734	0	0	0	0	0	0	0	0	0	0	0	0	0	0	0	0	0	0	0
00.000,00.000	1.4	0	-200	0	4.5	5.56898	5.56898	0	0	0	0	0	0	0	0	0	0	0	0	0	0	0	0	0	0	0
00.000,00.000	1.5	0	-200	0	4.5	6.0065	6.0065	0	0	0	0	0	0	0	0	0	0	0	0	0	0	0	0	0	0	0
00.000,00.000	1.6	0	-200	0	4.5	6.4497	6.4497	0	0	0	0	0	0	0	0	0	0	0	0	0	0	0	0	0	0	0
00.000,00.000	1.7	0	-200	0	4.5	6.90435	6.90435	0	0	0	0	0	0	0	0	0	0	0	0	0	0	0	0	0	0	0
00.000,00.000	1.8	0	-200	0	4.5	7.3695	7.3695	0	0	0	0	0	0	0	0	0	0	0	0	0	0	0	0	0	0	0
00.000,00.000	1.9	0	-200	0	4.5	7.84505	7.5806	0.264442	0	0	0	0	0	0	0	0	0	0	0	0	0	0	0	0	0	0
00.000,00.000	2	0	-200	0	4.5	8.33214	7.80327	0.52887	0	0	0	0	0	0	0	0	0	0	0	0	0	0	0	0	0	0
00.000,00.000	2.1	0	-200	0	4.5	8.86458	8.07067	0.79391	0	0	0	0	0	0	0	0	0	0	0	0	0	0	0	0	0	0
00.000,00.000	2.2	0	-200	0	4.5	9.49169	8.42752	1.06417	0	0	0	0	0	0	0	0	0	0	0	0	0	0	0	0	0	0
00.000,00.000	2.3	0	-200	0	4.5	10.2067	8.86827	1.33845	0	0	0	0	0	0	0	0	0	0	0	0	0	0	0	0	0	0
00.000,00.000	2.4	0	-200	0	4.5	11.0046	9.3904	1.61421	0	0	0	0	0	0	0	0	0	0	0	0	0	0	0	0	0	0
00.000,00.000	2.5	0	-200	0	4.5	11.8826	9.99311	1.88951	0	0	0	0	0	0	0	0	0	0	0	0	0	0	0	0	0	0
00.000,00.000	2.6	0	-200	0	4.5	12.8393	10.6758	2.16353	0	0	0	0	0	0	0	0	0	0	0	0	0	0	0	0	0	0
00.000,00.000	2.7	0	-200	0	4.5	13.8755	11.4389	2.43661	0	0	0	0	0	0	0	0	0	0	0	0	0	0	0	0	0	0
00.000,00.000	2.8	0	-200	0	4.5	14.994	12.2846	2.70945	0	0	0	0	0	0	0	0	0	0	0	0	0	0	0	0	0	0
00.000,00.000	2.9	0	-200	0	4.5	16.198	13.2154	2.98266	0	0	0	0	0	0	0	0	0	0	0	0	0	0	0	0	0	0
00.000,00.000	3	0	-200	0	4.5	17.4881	14.2312	3.25688	0	0	0	0	0	0	0	0	0	0	0	0	0	0	0	0	0	0
00.000,00.000	3.1	0	-200	0	4.5	18.8191	15.2871	3.53203	0	0	0	0	0	0	0	0	0	0	0	0	0	0	0	0	0	0
00.000,00.000	3.2	0	-200	0	4.5	20.1416	16.3347	3.80686	0	0	0	0	0	0	0	0	0	0	0	0	0	0	0	0	0	0
00.000,00.000	3.3	0	-200	0	4.5	21.4579	17.3764	4.08159	0	0	0	0	0	0	0	0	0	0	0	0	0	0	0	0	0	0
00.000,00.000	3.4	0	-200	0	4.5	22.764	18.4083	4.35563	0	0	0	0	0	0	0	0	0	0	0	0	0	0	0	0	0	0
00.000,00.000	3.5	0	-200	0	4.5	24.0566	19.4285	4.62809	0	0	0	0	0	0	0	0	0	0	0	0	0	0	0	0	0	0
00.000,00.000	3.6	0	-200	0	4.5	25.3354	20.4367	4.89869	0	0	0	0	0	0	0	0	0	0	0	0	0	0	0	0	0	0
00.000,00.000	3.7	0	-200	0	4.5	26.6016	21.4342	5.1675	0	0	0	0	0	0	0	0	0	0	0	0	0	0	0	0	0	0
00.000,00.000	3.8	0	-200	0	4.5	27.8588	22.4234	5.43535	0	0	0	0	0	0	0	0	0	0	0	0	0	0	0	0	0	0
00.000,00.000	3.9	0	-200	0	4.5	29.1103	23.4073	5.70298	0	0	0	0	0	0	0	0	0	0	0	0	0	0	0	0	0	0
00.000,00.000	4	0	-200	0	4.5	30.3573	24.3863	5.97103	0	0	0	0	0	0	0	0	0	0	0	0	0	0	0	0	0	0
00.000,00.000	4.1	0	-200	0	4.5	31.5983	25.3591	6.23925	0	0	0	0	0	0	0	0	0	0	0	0	0	0	0	0	0	0
00.000,00.000	4.2	0	-200	0	4.5	32.8264	26.3201	6.50628	0	0	0	0	0	0	0	0	0	0	0	0	0	0	0	0	0	0
00.000,00.000	4.3	0	-200	0	4.5	33.7904	27.018	6.77243	0	0	0	0	0	0	0	0	0	0	0	0	0	0	0	0	0	0
00.000,00.000	4.4	0	-200	0	4.5	34.6922	27.6551	7.03702	0	0	0	0	0	0	0	0	0	0	0	0	0	0	0	0	0	0
00.000,00.000	4.5	0	-200	0	4.5	35.5786	28.2105	7.36813	0	0	0	0	0	0	0	0	0	0	0	0	0	0	0	0	0	0
00.000,00.000	4.6	0	-200	0	4.5	36.2605	28.3446	7.91591	0	0	0	0	0	0	0	0	0	0	0	0	0	0	0	0	0	0
00.000,00.000	4.7	0	-200	0	4.5	36.8377	28.3779	8.45984	0	0	0	0	0	0	0	0	0	0	0	0	0	0	0	0	0	0
00.000,00.000	4.8	0	-200	0	4.5	37.4015	28.4017	8.99984	0	0	0	0	0	0	0	0	0	0	0	0	0	0	0	0	0	0
00.000,00.000	4.9	0	-200	0	4.5	37.9565	28.4204	9.5361	0	0	0	0	0	0	0	0	0	0	0	0	0	0	0	0	0	0
00.000,00.000	5	0	-200	0	4.5	38.5034	28.4342	10.0693	0	0	0	0	0	0	0	0	0	0	0	0	0	0	0	0	0	0
00.000,00.000	5.1	0	-200	0	4.5	38.8661	28.4466	10.4195	0	0	0	0	0	0	0	0	0	0	0	0	0	0	0	0	0	0
00.000,00.000	5.2	0	-200	0	4.5	39.1358	28.4621	10.6737	0	0	0	0	0	0	0	0	0	0	0	0	0	0	0	0	0	0
00.000,00.000	5.3	0	-200	0	4.5	39.4038	28.4796	10.9242	0	0	0	0	0	0	0	0	0	0	0	0	0	0	0	0	0	0
00.000,00.000	5.4	0	-200	0	4.5	39.6703	28.4995	11.1708	0	0	0	0	0	0	0	0	0	0	0	0	0	0	0	0	0	0
00.000,00.000	5.5	0	-200	0	4.5	39.9391	28.5232	11.4159	0	0	0	0	0	0	0	0	0	0	0	0	0	0	0	0	0	0
00.000,00.000	5.6	0	-200	0	4.5	40.2086	28.549	11.6596	0	0	0	0	0	0	0	0	0	0	0	0	0	0	0	0	0	0
00.000,00.000	5.7	0	-200	0	4.5	40.4793	28.5777	11.9015	0	0	0	0	0	0	0	0	0	0	0	0	0	0	0	0	0	0
00.000,00.000	5.8	0	-200	0	4.5	40.7513	28.6099	12.0181	0.123311	0	0	0	0	0	0	0	0	0	0	0	0	0	0	0	0	0
00.000,00.000	5.9	0	-200	0	4.5	41.0245	28.645	12.0181	0.361394	0	0	0	0	0	0	0	0	0	0	0	0	0	0	0	0	0
00.000,00.000	6	0	-200	0	4.5	41.3014	28.6854	12.0181	0.59795	0	0	0	0	0	0	0	0	0	0	0	0	0	0	0	0	0
00.000,00.000	6.1	0	-200	0	4.5	41.5802	28.7289	12.0182	0.833125	0	0	0	0	0	0	0	0	0	0	0	0	0	0	0	0	0
00.000,00.000	6.2	0	-200	0	4.5	41.8648	28.7776	12.0194	1.0678	0	0	0	0	0	0	0	0	0	0	0	0	0	0	0	0	0
00.000,00.000	6.3	0	-200	0	4.5	42.1586	28.8353	12.021	1.30227	0	0	0	0	0	0	0	0	0	0	0	0	0	0	0	0	0
00.000,00.000	6.4	0	-200	0	4.5	42.4646	28.9049	12.0233	1.5364	0	0	0	0	0	0	0	0	0	0	0	0	0	0	0	0	0
00.000,00.000	6.5	0	-200	0	4.5	42.7851	28.9874	12.0276	1.77012	0	0	0	0	0	0	0	0	0	0	0	0	0	0	0	0	0
00.000,00.000	6.6	0	-200	0	4.5	43.1219	29.0859	12.033	2.00303	0	0	0	0	0	0	0	0	0	0	0	0	0	0	0	0	0
00.000,00.000	6.7	0	-200	0	4.5	43.4766	29.2016	12.0401	2.23492	0	0	0	0	0	0	0	0	0	0	0	0	0	0	0	0	0
00.000,00.000	6.8	0	-200	0	4.5	43.8583	29.3411	12.0512	2.46599	0	0	0	0	0	0	0	0	0	0	0	0	0	0	0	0	0
00.000,00.000	6.9	0	-200	0	4.5	44.2628	29.502	12.0645	2.69637	0	0	0	0	0	0	0	0	0	0	0	0	0	0	0	0	0
00.000,00.000	7	0	-200	0	4.5	44.5444	29.6894	12.0808	2.77417	0	0	0	0	0	0	0	0	0	0	0	0	0	0	0	0	0
00.000,00.000	7.1	0	-200	0	4.5	44.7762	29.9026	12.1003	2.77325	0	0	0	0	0	0	0	0	0	0	0	0	0	0	0	0	0
00.000,00.000	7.2	0	-200	0	4.5	45.034	30.1435	12.1236	2.76698	0	0	0	0	0	0	0	0	0	0	0	0	0	0	0	0	0
00.000,00.000	7.3	0	-200	0	4.5	45.3336	30.4171	12.1495	2.76698	0	0	0	0	0	0	0	0	0	0	0	0	0	0	0	0	0
00.000,00.000	7.4	0	-200	0	4.5	45.6665	30.7207	12.1789	2.76698	0	0	0	0	0	0	0	0	0	0	0	0	0	0	0	0	0
00.000,00.000	7.5	0	-200	0	4.5	46.0342	31.0546	12.2127	2.76698	0	0	0	0	0	0	0	0	0	0	0	0	0	0	0	0	0
00.000,00.000	7.6	0	-200	0	4.5	46.4375	31.4214	12.2491	2.76698	0	0	0	0	0	0	0	0	0	0	0	0	0	0	0	0	0
00.000,00.000	7.7	0	-200	0	4.5	46.8784	31.8213	12.2901	2.76698	0	0	0	0	0	0	0	0	0	0	0	0	0	0	0	0	0
00.000,00.000	7.8	0	-200	0	4.5	47.3547	32.2534	12.3344	2.76698	0	0	0	0	0	0	0	0	0	0	0	0	0	0	0	0	0
00.000,00.000	7.9	0	-200	0	4.5	47.869	32.7199	12.3822	2.76698	0	0	0	0	0	0	0	0	0	0	0	0	0	0	0	0	0
00.000,00.000	8	0	-200	0	4.5	48.425	33.2242	12.4338	2.76698	0	0	0	0	0	0	0	0	0	0	0	0	0	0	0	0	0
00.000,00.000	8.1	0	-200	0	4.5	49.0213	33.7643	12.49	2.76698	0	0	0	0	0	0	0	0	0	0	0	0	0	0	0	0	0
00.000,00.000	8.2	0	-200	0	4.5	49.657	34.3403	12.5497	2.76698	0	0	0	0	0	0	0	0	0	0	0	0	0	0	0	0	0
00.000,00.000	8.3	0	-200	0	4.5	50.3314	34.9512	12.6133	2.76698	0	0	0	0	0	0	0	0	0	0	0	0	0	0	0	0	0
00.000,00.000	8.4	0	-200	0	4.5	51.0456	35.5971	12.6815	2.76698	0	0	0	0	0	0	0	0	0	0	0	0	0	0	0	0	0
00.000,00.000	8.5	0	-200	0	4.5	51.7942	36.274	12.7532	2.76698	0	0	0	0	0	0	0	0	0	0	0	0	0	0	0	0	0
00.000,00.000	8.6	0	-200	0	4.5	52.5796	36.984	12.8286	2.76698	0	0	0	0	0	0	0	0	0	0	0	0	0	0	0	0	0
00.000,00.000	8.7	0	-200	0	4.5	53.4007	37.7259	12.9078	2.76698	0	0	0	0	0	0	0	0	0	0	0	0	0	0	0	0	0
00.000,00.000	8.8	0	-200	0	4.5	54.2583	38.4991	12.9922	2.76698	0	0	0	0	0	0	0	0	0	0	0	0	0	0	0	0	0
00.000,00.000	8.9	0	-200	0	4.5	55.1596	39.3083	13.0843	2.76698	0	0	0	0	0	0	0	0	0	0	0	0	0	0	0	0	0
00.000,00.000	9	0	-200	0	4.5	56.1038	40.1538	13.183	2.76698	0	0	0	0	0	0	0	0	0	0	0	0	0	0	0	0	0
00.000,00.000	9.1	0	-200	0	4.5	57.0974	41.0411	13.2894	2.76698	0	0	0	0	0	0	0	0	0	0	0	0	0	0	0	0	0
00.000,00.000	9.2	0	-200	0	4.5	58.1744	41.9998	13.4076	2.76698	0	0	0	0	0	0	0	0	0	0	0	0	0	0	0	0	0
00.000,00.000	9.3	0	-200	0	4.5	59.3206	43.0161	13.5375	2.76698	0	0	0	0	0	0	0	0	0	0	0	0	0	0	0	0	0
00.000,00.000	9.4	0	-200	0	4.5	60.5325	44.0872	13.6783	2.76698	0	0	0	0	0	0	0	0	0	0	0	0	0	0	0	0	0
00.000,00.000	9.5	0	-200	0	4.5	61.8064	45.21	13.8294	2.76698	0	0	0	0	0	0	0	0	0	0	0	0	0	0	0	0	0
00.000,00.000	9.6	0	-200	0	4.5	63.1422	46.3843	13.9909	2.76698	0	0	0	0	0	0	0	0	0	0	0	0	0	0	0	0	0
00.000,00.000	9.7	0	-200	0	4.5	64.5437	47.6129	14.1638	2.76698	0	0	0	0	0	0	0	0	0	0	0	0	0	0	0	0	0
00.000,00.000	9.8	0	-200	0	4.5	66.0181	48.9027	14.3484	2.76698	0	0	0	0	0	0	0	0	0	0	0	0	0	0	0	0	0
00.000,00.000	9.9	0	-200	0	4.5	67.5748	50.2622	14.5457	2.76698	0	0	0	0	0	0	0	0	0	0	0	0	0	0	0	0	0
00.000,00.000	10	0	-200	0	4.5	69.2187	51.6955	14.7562	2.76698	0	0	0	0	0	0	0	0	0	0	0	0	0	0	0	0	0
00.000,00.000	10.1	0	-200	0	4.5	70.9547	53.2063	14.9814	2.76698	0	0	0	0	0	0	0	0	0	0	0	0	0	0	0	0	0
00.000,00.000	10.2	0	-200	0	4.5	72.7249	54.7468	15.2111	2.76698	0	0	0	0	0	0	0	0	0	0	0	0	0	0	0	0	0
00.000,00.000	10.3	0	-200	0	4.5	74.5638	56.3473	15.4496	2.76698	0	0	0	0	0	0	0	0	0	0	0	0	0	0	0	0	0
00.000,00.000	10.4	0	-200	0	4.5	76.465	58.0021	15.696	2.76698	0	0	0	0	0	0	0	0	0	0	0	0	0	0	0	0	0
00.000,00.000	10.5	0	-200	0	4.5	78.4219	59.7045	15.9504	2.76698	0	0	0	0	0	0	0	0	0	0	0	0	0	0	0	0	0
00.000,00.000	10.6	0	-200	0	4.5	80.4333	61.4547	16.2116	2.76698	0	0	0	0	0	0	0	0	0	0	0	0	0	0	0	0	0
00.000,00.000	10.7	0	-200	0	4.5	82.5047	63.2571	16.4806	2.76698	0	0	0	0	0	0	0	0	0	0	0	0	0	0	0	0	0
00.000,00.000	10.8	0	-200	0	4.5	84.6455	65.1193	16.7592	2.76698	0	0	0	0	0	0	0	0	0	0	0	0	0	0	0	0	0
00.000,00.000	10.9	0	-200	0	4.5	86.864	67.049	17.048	2.76698	0	0	0	0	0	0	0	0	0	0	0	0	0	0	0	0	0
00.000,00.000	11	0	-200	0	4.5	89.1643	69.0494	17.3477	2.76723	0	0	0	0	0	0	0	0	0	0	0	0	0	0	0	0	0
00.000,00.000	11.1	0	-200	0	4.5	91.5451	71.1175	17.6576	2.76992	0	0	0	0	0	0	0	0	0	0	0	0	0	0	0	0	0
00.000,00.000	11.2	0	-200	0	4.5	93.9981	73.2479	17.977	2.77316	0	0	0	0	0	0	0	0	0	0	0	0	0	0	0	0	0
00.000,00.000	11.3	0	-200	0	4.5	96.5255	75.4418	18.306	2.77767	0	0	0	0	0	0	0	0	0	0	0	0	0	0	0	0	0
00.000,00.000	11.4	0	-200	0	4.5	99.1184	77.6914	18.6435	2.78356	0	0	0	0	0	0	0	0	0	0	0	0	0	0	0	0	0
00.000,00.000	11.5	0	-200	0	4.5	101.768	79.9879	18.9881	2.79181	0	0	0	0	0	0	0	0	0	0	0	0	0	0	0	0	0
00.000,00.000	11.6	0	-200	0	4.5	104.47	82.3297	19.3394	2.80148	0	0	0	0	0	0	0	0	0	0	0	0	0	0	0	0	0
00.000,00.000	11.7	0	-200	0	4.5	107.231	84.7204	19.6977	2.81289	0	0	0	0	0	0	0	0	0	0	0	0	0	0	0	0	0
00.000,00.000	11.8	0	-200	0	4.5	110.057	87.1709	20.0596	2.82645	0	0	0	0	0	0	0	0	0	0	0	0	0	0	0	0	0
00.000,00.000	11.9	0	-200	0	4.5	112.958	89.6973	20.4169	2.84405	0	0	0	0	0	0	0	0	0	0	0	0	0	0	0	0	0
00.000,00.000	12	0	-200	0	4.5	115.939	92.2911	20.7842	2.86353	0	0	0	0	0	0	0	0	0	0	0	0	0	0	0	0	0
00.000,00.000	12.1	0	-200	0	4.5	118.99	94.9422	21.1622	2.88567	0	0	0	0	0	0	0	0	0	0	0	0	0	0	0	0	0
00.000,00.000	12.2	0	-200	0	4.5	122.106	97.6414	21.552	2.9126	0	0	0	0	0	0	0	0	0	0	0	0	0	0	0	0	0
00.000,00.000	12.3	0	-200	0	4.5	125.277	100.381	21.9528	2.94222	0	0	0	0	0	0	0	0	0	0	0	0	0	0	0	0	0
00.000,00.000	12.4	0	-200	0	4.5	128.495	103.155	22.3646	2.97531	0	0	0	0	0	0	0	0	0	0	0	0	0	0	0	0	0
00.000,00.000	12.5	0	-200	0	4.5	131.744	105.948	22.785	3.0116	0	0	0	0	0	0	0	0	0	0	0	0	0	0	0	0	0
00.000,00.000	12.6	0	-200	0	4.5	135.655	109.278	23.319	3.05831	0	0	0	0	0	0	0	0	0	0	0	0	0	0	0	0	0
00.000,00.000	12.7	0	-200	0	4.5	139.619	112.334	24.1768	3.10828	0	0	0	0	0	0	0	0	0	0	0	0	0	0	0	0	0
00.000,00.000	12.8	0	-200	0	4.5	142.708	114.56	24.9981	3.14922	0	0	0	0	0	0	0	0	0	0	0	0	0	0	0	0	0
00.000,00.000	12.9	0	-200	0	4.5	146.371	117.059	26.1124	3.19999	0	0	0	0	0	0	0	0	0	0	0	0	0	0	0	0	0
00.000,00.000	13	0	-200	0	4.5	149.99	119.522	27.2156	3.25201	0	0	0	0	0	0	0	0	0	0	0	0	0	0	0	0	0
00.000,00.000	13.1	0	-200	0	4.5	153.569	121.961	28.3024	3.30535	0	0	0	0	0	0	0	0	0	0	0	0	0	0	0	0	0
00.000,00.000	13.2	0	-200	0	4.5	157.204	124.428	29.4276	3.34794	0	0	0	0	0	0	0	0	0	0	0	0	0	0	0	0	0
00.000,00.000	13.3	0	-200	0	4.5	160.927	126.933	30.6105	3.38376	0	0	0	0	0	0	0	0	0	0	0	0	0	0	0	0	0
00.000,00.000	13.4	0	-200	0	4.5	164.71	129.477	31.8083	3.42401	0	0	0	0	0	0	0	0	0	0	0	0	0	0	0	0	0
00.000,00.000	13.5	0	-200	0	4.5	168.517	132.035	33.0166	3.46581	0	0	0	0	0	0	0	0	0	0	0	0	0	0	0	0	0
00.000,00.000	13.6	0	-200	0	4.5	172.753	134.876	34.3632	3.51424	0	0	0	0	0	0	0	0	0	0	0	0	0	0	0	0	0
00.000,00.000	13.7	0	-200	0	4.5	177.133	137.802	35.7657	3.56525	0	0	0	0	0	0	0	0	0	0	0	0	0	0	0	0	0
00.000,00.000	13.8	0	-200	0	4.5	180.593	140.103	36.8815	3.60807	0	0	0	0	0	0	0	0	0	0	0	0	0	0	0	0	0
00.000,00.000	13.9	0	-200	0	4.5	184.665	142.762	38.2416	3.66134	0	0	0	0	0	0	0	0	0	0	0	0	0	0	0	0	0
00.000,00.000	14	0	-200	0	4.5	188.663	145.354	39.5949	3.71357	0	0	0	0	0	0	0	0	0	0	0	0	0	0	0	0	0
00.000,00.000	14.1	0	-200	0	4.5	192.593	147.905	40.9404	3.74739	0	0	0	0	0	0	0	0	0	0	0	0	0	0	0	0	0
00.000,00.000	14.2	0	-200	0	4.5	196.529	150.444	42.3021	3.78279	0	0	0	0	0	0	0	0	0	0	0	0	0	0	0	0	0
00.000,00.000	14.3	0	-200	0	4.5	200.398	152.926	43.6541	3.81833	0	0	0	0	0	0	0	0	0	0	0	0	0	0	0	0	0
00.000,00.000	14.4	0	-200	0	4.5	204.205	155.353	44.9974	3.85484	0	0	0	0	0	0	0	0	0	0	0	0	0	0	0	0	0
00.000,00.000	14.5	0	-200	0	4.5	211.317	159.858	47.5281	3.93073	0	0	0	0	0	0	0	0	0	0	0	0	0	0	0	0	0
00.000,00.000	14.6	0	-200	0	4.5	216.263	162.969	49.3115	3.9818	0	0	0	0	0	0	0	0	0	0	0	0	0	0	0	0	0
00.000,00.000	14.7	0	-200	0	4.5	220.589	165.66	50.8964	4.03264	0	0	0	0	0	0	0	0	0	0	0	0	0	0	0	0	0
00.000,00.000	14.8	0	-200	0	4.5	221.795	166.388	51.3654	4.04158	0	0	0	0	0	0	0	0	0	0	0	0	0	0	0	0	0
00.000,00.000	14.9	0	-200	0	4.5	223.617	167.487	52.0668	4.06334	0	0	0	0	0	0	0	0	0	0	0	0	0	0	0	0	0
00.000,00.000	15	0	-200	0	4.5	228.576	170.466	54.0089	4.10118	0	0	0	0	0	0	0	0	0	0	0	0	0	0	0	0	0
00.000,00.000	15.1	0	-200	0	4.5	232.328	172.66	55.5518	4.11657	0	0	0	0	0	0	0	0	0	0	0	0	0	0	0	0	0
00.000,00.000	15.2	0	-200	0	4.5	235.518	174.473	56.9125	4.13186	0	0	0	0	0	0	0	0	0	0	0	0	0	0	0	0	0
00.000,00.000	15.3	0	-200	0	4.5	238.666	176.237	58.277	4.15173	0	0	0	0	0	0	0	0	0	0	0	0	0	0	0	0	0
00.000,00.000	15.4	0	-200	0	4.5	241.763	177.948	59.6418	4.17384	0	0	0	0	0	0	0	0	0	0	0	0	0	0	0	0	0
00.000,00.000	15.5	0	-200	0	4.5	249.666	182.268	63.1543	4.24335	0	0	0	0	0	0	0	0	0	0	0	0	0	0	0	0	0
00.000,00.000	15.6	0	-200	0	4.5	253.225	184.166	64.7934	4.26585	0	0	0	0	0	0	0	0	0	0	0	0	0	0	0	0	0
00.000,00.000	15.7	0	-200	0	4.5	256.768	186.024	66.4416	4.30207	0	0	0	0	0	0	0	0	0	0	0	0	0	0	0	0	0
00.000,00.000	15.8	0	-200	0	4.5	257.564	186.44	66.8201	4.3042	0	0	0	0	0	0	0	0	0	0	0	0	0	0	0	0	0
00.000,00.000	15.9	0	-200	0	4.5	258.454	186.902	67.2402	4.31165	0	0	0	0	0	0	0	0	0	0	0	0	0	0	0	0	0
00.000,00.000	16	0	-200	0	4.5	262.883	189.16	69.2932	4.42943	0	0	0	0	0	0	0	0	0	0	0	0	0	0	0	0	0
00.000,00.000	16.1	0	-200	0	4.5	265.954	190.695	70.4911	4.76826	0	0	0	0	0	0	0	0	0	0	0	0	0	0	0	0	0
00.000,00.000	16.2	0	-200	0	4.5	268.429	191.933	71.4603	5.03485	0	0	0	0	0	0	0	0	0	0	0	0	0	0	0	0	0
00.000,00.000	16.3	0	-200	0	4.5	270.848	193.143	72.3993	5.30546	0	0	0	0	0	0	0	0	0	0	0	0	0	0	0	0	0
00.000,00.000	16.4	0	-200	0	4.5	273.222	194.335	73.221	5.66643	0	0	0	0	0	0	0	0	0	0	0	0	0	0	0	0	0
00.000,00.000	16.5	0	-200	0	4.5	284.709	200.089	76.5188	8.10168	0	0	0	0	0	0	0	0	0	0	0	0	0	0	0	0	0
00.000,00.000	16.6	0	-200	0	4.5	287.013	201.172	77.2271	8.61338	0	0	0	0	0	0	0	0	0	0	0	0	0	0	0	0	0
00.000,00.000	16.7	0	-200	0	4.5	297.669	206.33	80.3979	10.9411	0	0	0	0	0	0	0	0	0	0	0	0	0	0	0	0	0
00.000,00.000	16.8	0	-200	0	4.5	300.155	207.51	81.1512	11.4934	0	0	0	0	0	0	0	0	0	0	0	0	0	0	0	0	0
00.000,00.000	16.9	0	-200	0	4.5	305.557	210.092	82.7823	12.6822	0	0	0	0	0	0	0	0	0	0	0	0	0	0	0	0	0
00.000,00.000	17	0	-200	0	4.5	310.358	212.372	84.2429	13.7427	0	0	0	0	0	0	0	0	0	0	0	0	0	0	0	0	0
00.000,00.000	17.1	0	-200	0	4.5	312.807	213.533	84.9939	14.28	0	0	0	0	0	0	0	0	0	0	0	0	0	0	0	0	0
00.000,00.000	17.2	0	-200	0	4.5	314.855	214.503	85.6028	14.7493	0	0	0	0	0	0	0	0	0	0	0	0	0	0	0	0	0
00.000,00.000	17.3	0	-200	0	4.5	316.905	215.471	86.2121	15.2223	0	0	0	0	0	0	0	0	0	0	0	0	0	0	0	0	0
00.000,00.000	17.4	0	-200	0	4.5	318.947	216.432	86.8219	15.6931	0	0	0	0	0	0	0	0	0	0	0	0	0	0	0	0	0
00.000,00.000	17.5	0	-200	0	4.5	332.293	222.74	90.8037	18.7492	0	0	0	0	0	0	0	0	0	0	0	0	0	0	0	0	0
00.000,00.000	17.6	0	-200	0	4.5	335.055	223.985	91.6739	19.3964	0	0	0	0	0	0	0	0	0	0	0	0	0	0	0	0	0
00.000,00.000	17.7	0	-200	0	4.5	355.659	233.596	98.2163	23.8464	0	0	0	0	0	0	0	0	0	0	0	0	0	0	0	0	0
00.000,00.000	17.8	0	-200	0	4.5	360.639	235.874	99.845	24.7482	0.172138	0	0	0	0	0	0	0	0	0	0	0	0	0	0	0	0
00.000,00.000	17.9	0	-200	0	4.5	371.763	241.035	103.502	26.2674	0.959099	0	0	0	0	0	0	0	0	0	0	0	0	0	0	0	0
00.000,00.000	18	0	-200	0	4.5	377.631	243.715	105.467	26.713	1.73651	0	0	0	0	0	0	0	0	0	0	0	0	0	0	0	0
00.000,00.000	18.1	0	-200	0	4.5	379.966	244.777	106.27	26.8479	2.07173	0	0	0	0	0	0	0	0	0	0	0	0	0	0	0	0
00.000,00.000	18.2	0	-200	0	4.5	382.216	245.807	107.051	26.9689	2.38903	0	0	0	0	0	0	0	0	0	0	0	0	0	0	0	0
00.000,00.000	18.3	0	-200	0	4.5	384.547	246.879	107.867	27.0858	2.71592	0	0	0	0	0	0	0	0	0	0	0	0	0	0	0	0
00.000,00.000	18.4	0	-200	0	4.5	386.923	247.972	108.701	27.2061	3.0438	0	0	0	0	0	0	0	0	0	0	0	0	0	0	0	0
00.000,00.000	18.5	0	-200	0	4.5	406.691	254.15	118.713	28.1699	5.65818	0	0	0	0	0	0	0	0	0	0	0	0	0	0	0	0
00.000,00.000	18.6	0	-200	0	4.5	410.846	255.327	120.98	28.3598	6.1791	0	0	0	0	0	0	0	0	0	0	0	0	0	0	0	0
00.000,00.000	18.7	0	-200	0	4.5	441.096	263.866	137.713	29.9372	9.57891	0	0	0	0	0	0	0	0	0	0	0	0	0	0	0	0
00.000,00.000	18.8	0	-200	0	4.5	448.016	265.939	141.727	30.3512	9.99854	0	0	0	0	0	0	0	0	0	0	0	0	0	0	0	0
00.000,00.000	18.9	0	-200	0	4.5	463.933	270.758	150.828	31.462	10.8848	0	0	0	0	0	0	0	0	0	0	0	0	0	0	0	0
00.000,00.000	19	0	-200	0	4.5	471.626	273.278	154.999	32.0303	11.3189	0	0	0	0	0	0	0	0	0	0	0	0	0	0	0	0
00.000,00.000	19.1	0	-200	0	4.5	474.213	274.15	156.345	32.2516	11.4658	0	0	0	0	0	0	0	0	0	0	0	0	0	0	0	0
00.000,00.000	19.2	0	-200	0	4.5	476.661	274.979	157.608	32.4727	11.6007	0	0	0	0	0	0	0	0	0	0	0	0	0	0	0	0
00.000,00.000	19.3	0	-200	0	4.5	479.154	275.829	158.882	32.7093	11.7339	0	0	0	0	0	0	0	0	0	0	0	0	0	0	0	0
00.000,00.000	19.4	0	-200	0	4.5	481.719	276.71	160.177	32.9648	11.8673	0	0	0	0	0	0	0	0	0	0	0	0	0	0	0	0
00.000,00.000	19.5	0	-200	0	4.5	488.64	279.115	163.618	33.69	12.2173	0	0	0	0	0	0	0	0	0	0	0	0	0	0	0	0
00.000,00.000	19.6	0	-200	0	4.5	500.578	283.254	169.154	35.3739	12.796	0	0	0	0	0	0	0	0	0	0	0	0	0	0	0	0
00.000,00.000	19.7	0	-200	0	4.5	502.667	283.973	170.025	35.7742	12.8955	0	0	0	0	0	0	0	0	0	0	0	0	0	0	0	0
00.000,00.000	19.8	0	-200	0	4.5	511.507	287.107	173.599	37.4962	13.0188	0.286131	0	0	0	0	0	0	0	0	0	0	0	0	0	0	0
00.000,00.000	19.9	0	-200	0	4.5	513.78	287.951	174.484	37.9361	13.0188	0.389336	0	0	0	0	0	0	0	0	0	0	0	0	0	0	0
00.000,00.000	20	0	-200	0	4.5	514.469	288.208	174.752	38.0704	13.0188	0.419599	0	0	0	0	0	0	0	0	0	0	0	0	0	0	0
00.000,00.000	20.1	0	-200	0	4.5	523.657	291.647	178.338	39.8439	13.0188	0.80961	0	0	0	0	0	0	0	0	0	0	0	0	0	0	0
00.000,00.000	20.2	0	-200	0	4.5	528.782	293.596	180.331	40.8177	13.0188	1.01942	0	0	0	0	0	0	0	0	0	0	0	0	0	0	0
00.000,00.000	20.3	0	-200	0	4.5	531.848	294.774	181.52	41.3958	13.0188	1.13978	0	0	0	0	0	0	0	0	0	0	0	0	0	0	0
00.000,00.000	20.4	0	-200	0	4.5	535.023	296.008	182.741	41.9939	13.0188	1.26126	0	0	0	0	0	0	0	0	0	0	0	0	0	0	0
00.000,00.000	20.5	0	-200	0	4.5	552.299	302.794	189.327	45.2527	13.0189	1.90698	0	0	0	0	0	0	0	0	0	0	0	0	0	0	0
00.000,00.000	20.6	0	-200	0	4.5	565.311	307.944	194.301	47.6684	13.0216	2.37674	0	0	0	0	0	0	0	0	0	0	0	0	0	0	0
00.000,00.000	20.7	0	-200	0	4.5	567.142	308.671	194.997	48.0097	13.0227	2.4413	0	0	0	0	0	0	0	0	0	0	0	0	0	0	0
00.000,00.000	20.8	0	-200	0	4.5	569.081	309.446	195.726	48.3767	13.0243	2.50755	0	0	0	0	0	0	0	0	0	0	0	0	0	0	0
00.000,00.000	20.9	0	-200	0	4.5	569.44	309.591	195.862	48.4438	13.0247	2.51957	0	0	0	0	0	0	0	0	0	0	0	0	0	0	0
00.000,00.000	21	0	-200	0	4.5	569.954	309.799	196.055	48.5395	13.0254	2.5363	0	0	0	0	0	0	0	0	0	0	0	0	0	0	0
00.000,00.000	21.1	0	-200	0	4.5	592.524	318.79	204.396	53.0463	13.0629	3.2286	0	0	0	0	0	0	0	0	0	0	0	0	0	0	0
00.000,00.000	21.2	0	-200	0	4.5	602.507	322.778	208.141	54.976	13.0845	3.52742	0	0	0	0	0	0	0	0	0	0	0	0	0	0	0
00.000,00.000	21.3	0	-200	0	4.5	606.325	324.306	209.574	55.7107	13.0984	3.63657	0	0	0	0	0	0	0	0	0	0	0	0	0	0	0
00.000,00.000	21.4	0	-200	0	4.5	610.28	325.878	211.069	56.4707	13.1144	3.74767	0	0	0	0	0	0	0	0	0	0	0	0	0	0	0
00.000,00.000	21.5	0	-200	0	4.5	644.499	339.127	224.179	63.1976	13.2903	4.70466	0	0	0	0	0	0	0	0	0	0	0	0	0	0	0
00.000,00.000	21.6	0	-200	0	4.5	652.481	342.114	227.264	64.8338	13.3406	4.92841	0	0	0	0	0	0	0	0	0	0	0	0	0	0	0
00.000,00.000	21.7	0	-200	0	4.5	664.676	346.798	231.951	67.2246	13.45	5.25238	0	0	0	0	0	0	0	0	0	0	0	0	0	0	0
00.000,00.000	21.8	0	-200	0	4.5	666.183	347.375	232.525	67.5267	13.464	5.29237	0	0	0	0	0	0	0	0	0	0	0	0	0	0	0
00.000,00.000	21.9	0	-200	0	4.5	666.402	347.46	232.608	67.5687	13.4666	5.29788	0	0	0	0	0	0	0	0	0	0	0	0	0	0	0
00.000,00.000	22	0	-200	0	4.5	666.898	347.656	232.796	67.663	13.473	5.30999	0	0	0	0	0	0	0	0	0	0	0	0	0	0	0
00.000,00.000	22.1	0	-200	0	4.5	699.99	360.887	245.261	73.1954	14.5475	6.09951	0	0	0	0	0	0	0	0	0	0	0	0	0	0	0
00.000,00.000	22.2	0	-200	0	4.5	713.785	366.492	250.422	75.1902	15.2496	6.43136	0	0	0	0	0	0	0	0	0	0	0	0	0	0	0
00.000,00.000	22.3	0	-200	0	4.5	718.278	368.313	252.121	75.8285	15.479	6.53552	0	0	0	0	0	0	0	0	0	0	0	0	0	0	0
00.000,00.000	22.4	0	-200	0	4.5	723.009	370.245	253.898	76.5012	15.722	6.6429	0	0	0	0	0	0	0	0	0	0	0	0	0	0	0
00.000,00.000	22.5	0	-200	0	4.5	758.443	384.558	267.302	81.569	17.571	7.4417	0	0	0	0	0	0	0	0	0	0	0	0	0	0	0
00.000,00.000	22.6	0	-200	0	4.5	766.034	387.29	270.504	82.6619	17.9673	7.61126	0	0	0	0	0	0	0	0	0	0	0	0	0	0	0
00.000,00.000	22.7	0	-200	0	4.5	801.715	399.49	286.03	87.9253	19.8687	8.40146	0	0	0	0	0	0	0	0	0	0	0	0	0	0	0
00.000,00.000	22.8	0	-200	0	4.5	812.19	402.988	290.691	89.4455	20.4318	8.63413	0	0	0	0	0	0	0	0	0	0	0	0	0	0	0
00.000,00.000	22.9	0	-200	0	4.5	854.099	417.364	308.657	95.7825	22.7391	9.55699	0	0	0	0	0	0	0	0	0	0	0	0	0	0	0
00.000,00.000	23	0	-200	0	4.5	863.951	420.778	312.792	97.3098	23.2935	9.5902	0.187224	0	0	0	0	0	0	0	0	0	0	0	0	0	0
00.000,00.000	23.1	0	-200	0	4.5	886.838	429.375	321.976	100.758	24.5388	9.61067	0.579187	0	0	0	0	0	0	0	0	0	0	0	0	0	0
00.000,00.000	23.2	0	-200	0	4.5	897.849	433.707	326.333	102.466	25.1525	9.61067	0.579187	0	0	0	0	0	0	0	0	0	0	0	0	0	0
00.000,00.000	23.3	0	-200	0	4.5	903.224	435.871	328.43	103.287	25.4468	9.61067	0.579187	0	0	0	0	0	0	0	0	0	0	0	0	0	0
00.000,00.000	23.4	0	-200	0	4.5	908.861	438.185	330.587	104.144	25.7542	9.61067	0.579187	0	0	0	0	0	0	0	0	0	0	0	0	0	0
00.000,00.000	23.5	0	-200	0	4.5	946.108	453.796	344.507	109.822	27.7919	9.61113	0.579187	0	0	0	0	0	0	0	0	0	0	0	0	0	0
00.000,00.000	23.6	0	-200	0	4.5	954.045	457.194	347.234	111.19	28.2361	9.61169	0.579187	0	0	0	0	0	0	0	0	0	0	0	0	0	0
00.000,00.000	23.7	0	-200	0	4.5	978.582	467.73	355.279	115.822	29.5541	9.61829	0.579187	0	0	0	0	0	0	0	0	0	0	0	0	0	0
00.000,00.000	23.8	0	-200	0	4.5	990.864	473.061	359.154	118.273	30.1753	9.62228	0.579187	0	0	0	0	0	0	0	0	0	0	0	0	0	0
00.000,00.000	23.9	0	-200	0	4.5	1033.71	492.241	372.343	126.562	32.1861	9.798	0.579187	0	0	0	0	0	0	0	0	0	0	0	0	0	0
00.000,00.000	24	0	-200	0	4.5	1042.83	496.46	374.984	128.375	32.3936	10.0401	0.579187	0	0	0	0	0	0	0	0	0	0	0	0	0	0
00.000,00.000	24.1	0	-200	0	4.5	1071.17	509.71	383.385	133.676	33.3064	10.5134	0.579187	0	0	0	0	0	0	0	0	0	0	0	0	0	0
00.000,00.000	24.2	0	-200	0	4.5	1084.95	516.447	387.307	136.115	33.7442	10.7603	0.579187	0	0	0	0	0	0	0	0	0	0	0	0	0	0
00.000,00.000	24.3	0	-200	0	4.5	1091.82	519.892	389.309	137.191	33.9693	10.8808	0.579187	0	0	0	0	0	0	0	0	0	0	0	0	0	0
00.000,00.000	24.4	0	-200	0	4.5	1098.97	523.508	391.378	138.3	34.204	11.0039	0.579187	0	0	0	0	0	0	0	0	0	0	0	0	0	0
00.000,00.000	24.5	0	-200	0	4.5	1136.64	542.471	402.296	144.098	35.5476	11.6477	0.579187	0	0	0	0	0	0	0	0	0	0	0	0	0	0
00.000,00.000	24.6	0	-200	0	4.5	1144.85	546.69	404.583	145.355	35.8549	11.7902	0.579187	0	0	0	0	0	0	0	0	0	0	0	0	0	0
00.000,00.000	24.7	0	-200	0	4.5	1171.9	560.346	412.456	149.403	36.8797	12.2383	0.579187	0	0	0	0	0	0	0	0	0	0	0	0	0	0
00.000,00.000	24.8	0	-200	0	4.5	1178.12	563.506	414.246	150.335	37.1085	12.3406	0.579187	0	0	0	0	0	0	0	0	0	0	0	0	0	0
00.000,00.000	24.9	0	-200	0	4.5	1294.81	621.726	449.164	167.757	41.3964	14.1881	0.579187	0	0	0	0	0	0	0	0	0	0	0	0	0	0
00.000,00.000	25	0	-200	0	4.5	1320.66	634.761	456.735	171.705	42.2836	14.5961	0.579187	0	0	0	0	0	0	0	0	0	0	0	0	0	0
00.000,00.000	25.1	0	-200	0	4.5	1400.44	673.616	481.887	183.278	45.2874	15.7974	0.579187	0	0	0	0	0	0	0	0	0	0	0	0	0	0
00.000,00.000	25.2	0	-200	0	4.5	1431.44	688.053	492.453	187.55	46.5169	16.2838	0.579187	0	0	0	0	0	0	0	0	0	0	0	0	0	0
00.000,00.000	25.3	0	-200	0	4.5	1440.08	691.842	495.601	188.788	46.8495	16.4176	0.579187	0	0	0	0	0	0	0	0	0	0	0	0	0	0
00.000,00.000	25.4	0	-200	0	4.5	1449.29	695.836	499.016	190.099	47.203	16.5592	0.579187	0	0	0	0	0	0	0	0	0	0	0	0	0	0
00.000,00.000	25.5	0	-200	0	4.5	1471.08	705.047	507.265	193.251	48.0419	16.8986	0.579187	0	0	0	0	0	0	0	0	0	0	0	0	0	0
00.000,00.000	25.6	0	-200	0	4.5	1516.65	723.865	524.963	199.821	49.8083	17.6179	0.579187	0	0	0	0	0	0	0	0	0	0	0	0	0	0
00.000,00.000	25.7	0	-200	0	4.5	1524.81	727.163	528.217	200.996	50.1074	17.7515	0.579187	0	0	0	0	0	0	0	0	0	0	0	0	0	0
00.000,00.000	25.8	0	-200	0	4.5	1548.56	736.679	537.745	204.381	51.0464	18.1261	0.579187	0	0	0	0	0	0	0	0	0	0	0	0	0	0
00.000,00.000	25.9	0	-200	0	4.5	1555.38	739.441	540.522	205.293	51.3086	18.2371	0.579187	0	0	0	0	0	0	0	0	0	0	0	0	0	0
00.000,00.000	26	0	-200	0	4.5	1560.52	741.5	542.635	205.982	51.5033	18.3199	0.579187	0	0	0	0	0	0	0	0	0	0	0	0	0	0
00.000,00.000	26.1	0	-200	0	4.5	1585.34	751.451	552.605	209.54	52.4444	18.7255	0.579187	0	0	0	0	0	0	0	0	0	0	0	0	0	0
00.000,00.000	26.2	0	-200	0	4.5	1599.71	757.202	558.333	211.636	52.9947	18.9681	0.579187	0	0	0	0	0	0	0	0	0	0	0	0	0	0
00.000,00.000	26.3	0	-200	0	4.5	1609.99	761.283	562.43	213.14	53.4178	19.1449	0.579187	0	0	0	0	0	0	0	0	0	0	0	0	0	0
00.000,00.000	26.4	0	-200	0	4.5	1620.27	765.318	566.535	214.666	53.848	19.3257	0.579187	0	0	0	0	0	0	0	0	0	0	0	0	0	0
00.000,00.000	26.5	0	-200	0	4.5	1651.91	777.515	579.19	219.464	55.2531	19.9058	0.579221	0	0	0	0	0	0	0	0	0	0	0	0	0	0
00.000,00.000	26.6	0	-200	0	4.5	1659.55	780.454	582.291	220.612	55.5651	20.0507	0.579377	0	0	0	0	0	0	0	0	0	0	0	0	0	0
00.000,00.000	26.7	0	-200	0	4.5	1661.69	781.275	583.149	220.932	55.6617	20.0909	0.579473	0	0	0	0	0	0	0	0	0	0	0	0	0	0
00.000,00.000	26.8	0	-200	0	4.5	1737.5	809.669	613.51	232.719	59.3934	21.624	0.584815	0	0	0	0	0	0	0	0	0	0	0	0	0	0
00.000,00.000	26.9	0	-200	0	4.5	1755.88	816.734	620.795	235.48	60.2832	22.003	0.5863	0	0	0	0	0	0	0	0	0	0	0	0	0	0
00.000,00.000	27	0	-200	0	4.5	1757.53	817.363	621.451	235.727	60.3654	22.0361	0.586476	0	0	0	0	0	0	0	0	0	0	0	0	0	0
00.000,00.000	27.1	0	-200	0	4.5	1804.81	835.471	640.256	242.697	62.7879	22.9292	0.670713	0	0	0	0	0	0	0	0	0	0	0	0	0	0
00.000,00.000	27.2	0	-200	0	4.5	1827.09	844.19	648.97	245.931	63.9293	23.1471	0.924187	0	0	0	0	0	0	0	0	0	0	0	0	0	0
00.000,00.000	27.3	0	-200	0	4.5	1837.3	848.183	652.961	247.434	64.439	23.2685	1.01465	0	0	0	0	0	0	0	0	0	0	0	0	0	0
00.000,00.000	27.4	0	-200	0	4.5	1847.76	852.285	657.033	248.967	64.9688	23.3934	1.109	0	0	0	0	0	0	0	0	0	0	0	0	0	0
00.000,00.000	27.5	0	-200	0	4.5	1886.47	867.425	671.996	254.729	66.9817	23.8689	1.47263	0	0	0	0	0	0	0	0	0	0	0	0	0	0
00.000,00.000	27.6	0	-200	0	4.5	1895.59	871.1	675.468	256.079	67.397	23.9793	1.56339	0	0	0	0	0	0	0	0	0	0	0	0	0	0
00.000,00.000	27.7	0	-200	0	4.5	1897.75	871.967	676.297	256.39	67.505	24.0053	1.58394	0	0	0	0	0	0	0	0	0	0	0	0	0	0
00.000,00.000	27.8	0	-200	0	4.5	1925.8	883.246	687.005	260.403	68.9442	24.3538	1.85124	0	0	0	0	0	0	0	0	0	0	0	0	0	0
00.000,00.000	27.9	0	-200	0	4.5	1970.59	901.403	703.866	266.842	71.2732	24.9283	2.28294	0	0	0	0	0	0	0	0	0	0	0	0	0	0
00.000,00.000	28	0	-200	0	4.5	1979.67	905.107	707.258	268.128	71.7539	25.0479	2.37105	0	0	0	0	0	0	0	0	0	0	0	0	0	0
00.000,00.000	28.1	0	-200	0	4.5	2005.27	915.603	716.823	271.736	73.106	25.3895	2.61258	0	0	0	0	0	0	0	0	0	0	0	0	0	0
00.000,00.000	28.2	0	-200	0	4.5	2021.29	922.188	722.749	274.004	73.9688	25.6109	2.76536	0	0	0	0	0	0	0	0	0	0	0	0	0	0
00.000,00.000	28.3	0	-200	0	4.5	2032.1	926.669	726.705	275.537	74.5551	25.7647	2.86768	0	0	0	0	0	0	0	0	0	0	0	0	0	0
00.000,00.000	28.4	0	-200	0	4.5	2042.94	931.192	730.638	277.072	75.1485	25.9237	2.97039	0	0	0	0	0	0	0	0	0	0	0	0	0	0
00.000,00.000	28.5	0	-200	0	4.5	2056.93	937.04	735.641	279.064	75.9371	26.1381	3.1057	0	0	0	0	0	0	0	0	0	0	0	0	0	0
00.000,00.000	28.6	0	-200	0	4.5	2116.29	962.022	756.691	287.487	79.3118	27.087	3.68781	0	0	0	0	0	0	0	0	0	0	0	0	0	0
00.000,00.000	28.7	0	-200	0	4.5	2128.39	967.209	760.918	289.147	80.0145	27.285	3.81221	0	0	0	0	0	0	0	0	0	0	0	0	0	0
00.000,00.000	28.8	0	-200	0	4.5	2139.8	972.046	764.931	290.753	80.6693	27.4754	3.92791	0	0	0	0	0	0	0	0	0	0	0	0	0	0
00.000,00.000	28.9	0	-200	0	4.5	2143.32	973.552	766.164	291.23	80.8741	27.5345	3.96536	0	0	0	0	0	0	0	0	0	0	0	0	0	0
00.000,00.000	29	0	-200	0	4.5	2167.3	983.874	774.511	294.494	82.2583	27.9538	4.20931	0	0	0	0	0	0	0	0	0	0	0	0	0	0
00.000,00.000	29.1	0	-200	0	4.5	2190.29	993.868	782.459	297.627	83.5201	28.3659	4.44861	0	0	0	0	0	0	0	0	0	0	0	0	0	0
00.000,00.000	29.2	0	-200	0	4.5	2203.04	999.434	786.814	299.393	84.2144	28.6008	4.57996	0	0	0	0	0	0	0	0	0	0	0	0	0	0
00.000,00.000	29.3	0	-200	0	4.5	2213.8	1004.15	790.455	300.893	84.8117	28.8053	4.69012	0	0	0	0	0	0	0	0	0	0	0	0	0	0
00.000,00.000	29.4	0	-200	0	4.5	2224.56	1008.88	794.053	302.4	85.4174	29.0161	4.8009	0	0	0	0	0	0	0	0	0	0	0	0	0	0
00.000,00.000	29.5	0	-200	0	4.5	2235.58	1013.71	797.694	303.956	86.0571	29.2435	4.91793	0	0	0	0	0	0	0	0	0	0	0	0	0	0
00.000,00.000	29.6	0	-200	0	4.5	2293.87	1039.25	816.682	312.33	89.5907	30.4752	5.54171	0	0	0	0	0	0	0	0	0	0	0	0	0	0
00.000,00.000	29.7	0	-200	0	4.5	2306.16	1044.73	820.628	314.097	90.3119	30.7153	5.67982	0	0	0	0	0	0	0	0	0	0	0	0	0	0
00.000,00.000	29.8	0	-200	0	4.5	2319.13	1050.47	824.781	315.945	91.1069	31.0025	5.82112	0	0	0	0	0	0	0	0	0	0	0	0	0	0
00.000,00.000	29.9	0	-200	0	4.5	2322.76	1052.12	825.925	316.455	91.3241	31.0801	5.86201	0	0	0	0	0	0	0	0	0	0	0	0	0	0
00.000,00.000	30	0	-200	0	4.5	2339.64	1059.78	831.304	318.708	92.3368	31.4652	6.0471	0	0	0	0	0	0	0	0	0	0	0	0	0	0
00.000,00.000	30.1	0	-200	0	4.5	2362.87	1070.34	838.691	321.78	93.7479	32.0077	6.30624	0	0	0	0	0	0	0	0	0	0	0	0	0	0
00.000,00.000	30.2	0	-200	0	4.5	2375.36	1075.95	842.683	323.414	94.5409	32.3176	6.45179	0	0	0	0	0	0	0	0	0	0	0	0	0	0
00.000,00.000	30.3	0	-200	0	4.5	2385.03	1080.24	845.807	324.687	95.1628	32.571	6.56589	0	0	0	0	0	0	0	0	0	0	0	0	0	0
00.000,00.000	30.4	0	-200	0	4.5	2394.64	1084.5	848.914	325.93	95.7823	32.831	6.68066	0	0	0	0	0	0	0	0	0	0	0	0	0	0
00.000,00.000	30.5	0	-200	0	4.5	2404.45	1088.85	852.06	327.203	96.4302	33.1107	6.80254	0	0	0	0	0	0	0	0	0	0	0	0	0	0
00.000,00.000	30.6	0	-200	0	4.5	2447.46	1107.98	865.771	332.741	99.2998	34.3308	7.34679	0	0	0	0	0	0	0	0	0	0	0	0	0	0
00.000,00.000	30.7	0	-200	0	4.5	2464.06	1114.63	871.69	334.91	100.449	34.8067	7.57018	0	0	0	0	0	0	0	0	0	0	0	0	0	0
00.000,00.000	30.8	0	-200	0	4.5	2465.07	1115.02	872.071	335.039	100.52	34.8392	7.58402	0	0	0	0	0	0	0	0	0	0	0	0	0	0
00.000,00.000	30.9	0	-200	0	4.5	2466.22	1115.45	872.503	335.183	100.601	34.8768	7.59977	0	0	0	0	0	0	0	0	0	0	0	0	0	0
00.000,00.000	31	0	-200	0	4.5	2475.85	1119.18	876.133	336.333	101.274	35.1953	7.73435	0	0	0	0	0	0	0	0	0	0	0	0	0	0
00.000,00.000	31.1	0	-200	0	4.5	2496.48	1127.18	883.918	338.745	102.723	35.8928	8.02535	0	0	0	0	0	0	0	0	0	0	0	0	0	0
00.000,00.000	31.2	0	-200	0	4.5	2507.86	1131.68	888.155	340.061	103.517	36.2616	8.18644	0	0	0	0	0	0	0	0	0	0	0	0	0	0
00.000,00.000	31.3	0	-200	0	4.5	2516.47	1135.12	891.353	341.038	104.104	36.5453	8.30612	0	0	0	0	0	0	0	0	0	0	0	0	0	0
00.000,00.000	31.4	0	-200	0	4.5	2525.08	1138.59	894.552	341.988	104.688	36.8306	8.42612	0	0	0	0	0	0	0	0	0	0	0	0	0	0
00.000,00.000	31.5	0	-200	0	4.5	2550.57	1149.03	903.822	344.769	106.439	37.7165	8.79141	0	0	0	0	0	0	0	0	0	0	0	0	0	0
00.000,00.000	31.6	0	-200	0	4.5	2589.72	1165.68	917.207	349.124	109.205	39.1336	9.37816	0	0	0	0	0	0	0	0	0	0	0	0	0	0
00.000,00.000	31.7	0	-200	0	4.5	2595.63	1168.27	919.11	349.771	109.667	39.3359	9.4736	0	0	0	0	0	0	0	0	0	0	0	0	0	0
00.000,00.000	31.8	0	-200	0	4.5	2626.58	1182.13	928.971	353.039	111.997	40.4997	9.95004	0	0	0	0	0	0	0	0	0	0	0	0	0	0
00.000,00.000	31.9	0	-200	0	4.5	2635.39	1186.07	931.769	353.978	112.655	40.8288	10.0905	0	0	0	0	0	0	0	0	0	0	0	0	0	0
00.000,00.000	32	0	-200	0	4.5	2643.82	1189.95	934.387	354.857	113.263	41.1438	10.2207	0	0	0	0	0	0	0	0	0	0	0	0	0	0
00.000,00.000	32.1	0	-200	0	4.5	2661.75	1198.24	939.962	356.722	114.556	41.764	10.5014	0	0	0	0	0	0	0	0	0	0	0	0	0	0
00.000,00.000	32.2	0	-200	0	4.5	2672.12	1203.06	943.189	357.788	115.3	42.1204	10.666	0	0	0	0	0	0	0	0	0	0	0	0	0	0
00.000,00.000	32.3	0	-200	0	4.5	2679.92	1206.74	945.584	358.559	115.85	42.3957	10.7901	0	0	0	0	0	0	0	0	0	0	0	0	0	0
00.000,00.000	32.4	0	-200	0	4.5	2687.69	1210.44	947.944	359.309	116.392	42.6837	10.9148	0	0	0	0	0	0	0	0	0	0	0	0	0	0
00.000,00.000	32.5	0	-200	0	4.5	2698.77	1215.83	951.245	360.348	117.153	43.0963	11.0015	0.0935871	0	0	0	0	0	0	0	0	0	0	0	0	0
00.000,00.000	32.6	0	-200	0	4.5	2741.59	1236.96	963.886	364.217	120.034	44.6912	11.2005	0.597656	0	0	0	0	0	0	0	0	0	0	0	0	0
00.000,00.000	32.7	0	-200	0	4.5	2774.09	1253.25	973.384	367.055	122.175	45.8869	11.3074	1.02907	0	0	0	0	0	0	0	0	0	0	0	0	0
00.000,00.000	32.8	0	-200	0	4.5	2776.2	1254.34	973.963	367.241	122.316	45.9633	11.3146	1.05793	0	0	0	0	0	0	0	0	0	0	0	0	0
00.000,00.000	32.9	0	-200	0	4.5	2779.71	1256.22	974.904	367.531	122.54	46.087	11.327	1.10574	0	0	0	0	0	0	0	0	0	0	0	0	0
00.000,00.000	33	0	-200	0	4.5	2797.87	1265.86	979.828	368.979	123.674	46.7931	11.3912	1.35006	0	0	0	0	0	0	0	0	0	0	0	0	0
00.000,00.000	33.1	0	-200	0	4.5	2814.75	1274.77	984.341	370.3	124.709	47.5998	11.452	1.57769	0	0	0	0	0	0	0	0	0	0	0	0	0
00.000,00.000	33.2	0	-200	0	4.5	2823.86	1279.56	986.815	370.999	125.258	48.041	11.4858	1.70172	0	0	0	0	0	0	0	0	0	0	0	0	0
00.000,00.000	33.3	0	-200	0	4.5	2831.34	1283.54	988.84	371.57	125.673	48.399	11.5143	1.8025	0	0	0	0	0	0	0	0	0	0	0	0	0
00.000,00.000	33.4	0	-200	0	4.5	2838.83	1287.57	990.868	372.114	126.076	48.756	11.5432	1.90329	0	0	0	0	0	0	0	0	0	0	0	0	0
00.000,00.000	33.5	0	-200	0	4.5	2848.03	1292.59	993.331	372.748	126.561	49.1961	11.5801	2.02909	0	0	0	0	0	0	0	0	0	0	0	0	0
00.000,00.000	33.6	0	-200	0	4.5	2889.87	1315.6	1004.49	375.462	128.709	51.2037	11.8024	2.60317	0	0	0	0	0	0	0	0	0	0	0	0	0
00.000,00.000	33.7	0	-200	0	4.5	2923.53	1333.77	1013.9	377.57	130.383	52.8193	12.0252	3.06921	0	0	0	0	0	0	0	0	0	0	0	0	0
00.000,00.000	33.8	0	-200	0	4.5	2925.98	1335.04	1014.63	377.722	130.508	52.9374	12.0421	3.1038	0	0	0	0	0	0	0	0	0	0	0	0	0
00.000,00.000	33.9	0	-200	0	4.5	2942.81	1344.17	1019.45	378.631	131.32	53.7404	12.1612	3.33796	0	0	0	0	0	0	0	0	0	0	0	0	0
00.000,00.000	34	0	-200	0	4.5	2964.09	1355.79	1025.48	379.729	132.327	54.7509	12.3729	3.63342	0	0	0	0	0	0	0	0	0	0	0	0	0
00.000,00.000	34.1	0	-200	0	4.5	2976.8	1362.87	1029.05	380.298	132.906	55.3518	12.5053	3.80971	0	0	0	0	0	0	0	0	0	0	0	0	0
00.000,00.000	34.2	0	-200	0	4.5	2984.89	1367.46	1031.31	380.639	133.252	55.7254	12.5877	3.91966	0	0	0	0	0	0	0	0	0	0	0	0	0
00.000,00.000	34.3	0	-200	0	4.5	2992.38	1371.72	1033.41	380.946	133.556	56.0668	12.6601	4.02061	0	0	0	0	0	0	0	0	0	0	0	0	0
00.000,00.000	34.4	0	-200	0	4.5	2999.88	1376.02	1035.51	381.244	133.848	56.4058	12.733	4.12132	0	0	0	0	0	0	0	0	0	0	0	0	0
00.000,00.000	34.5	0	-200	0	4.5	3007.57	1380.49	1037.62	381.539	134.133	56.7483	12.8095	4.22443	0	0	0	0	0	0	0	0	0	0	0	0	0
00.000,00.000	34.6	0	-200	0	4.5	3040.92	1400.17	1046.65	382.751	135.296	58.218	13.1715	4.66897	0	0	0	0	0	0	0	0	0	0	0	0	0
00.000,00.000	34.7	0	-200	0	4.5	3059.02	1410.96	1051.45	383.386	135.907	59.0113	13.3939	4.91018	0	0	0	0	0	0	0	0	0	0	0	0	0
00.000,00.000	34.8	0	-200	0	4.5	3059.81	1411.44	1051.66	383.413	135.933	59.046	13.4041	4.92075	0	0	0	0	0	0	0	0	0	0	0	0	0
00.000,00.000	34.9	0	-200	0	4.5	3060.83	1412.05	1051.92	383.445	135.963	59.0901	13.417	4.93407	0	0	0	0	0	0	0	0	0	0	0	0	0
00.000,00.000	35	0	-200	0	4.5	3083.31	1425.85	1057.72	384.126	136.605	59.9476	13.8322	5.22781	0	0	0	0	0	0	0	0	0	0	0	0	0
00.000,00.000	35.1	0	-200	0	4.5	3096.11	1433.76	1060.98	384.501	136.961	60.3122	14.202	5.3949	0	0	0	0	0	0	0	0	0	0	0	0	0
00.000,00.000	35.2	0	-200	0	4.5	3103.74	1438.53	1062.89	384.71	137.16	60.5561	14.3978	5.49507	0	0	0	0	0	0	0	0	0	0	0	0	0
00.000,00.000	35.3	0	-200	0	4.5	3111.33	1443.34	1064.75	384.908	137.348	60.8006	14.5966	5.5954	0	0	0	0	0	0	0	0	0	0	0	0	0
00.000,00.000	35.4	0	-200	0	4.5	3118.87	1448.15	1066.56	385.093	137.524	61.0454	14.7965	5.69561	0	0	0	0	0	0	0	0	0	0	0	0	0
00.000,00.000	35.5	0	-200	0	4.5	3126.51	1453.1	1068.36	385.269	137.69	61.2947	15.0013	5.79791	0	0	0	0	0	0	0	0	0	0	0	0	0
00.000,00.000	35.6	0	-200	0	4.5	3144.24	1464.71	1072.45	385.643	138.047	61.8748	15.4785	6.03658	0	0	0	0	0	0	0	0	0	0	0	0	0
00.000,00.000	35.7	0	-200	0	4.5	3164.24	1477.91	1076.99	386.04	138.423	62.5348	16.0347	6.3078	0	0	0	0	0	0	0	0	0	0	0	0	0
00.000,00.000	35.8	0	-200	0	4.5	3167.27	1479.89	1077.7	386.098	138.478	62.6356	16.1215	6.34912	0	0	0	0	0	0	0	0	0	0	0	0	0
00.000,00.000	35.9	0	-200	0	4.5	3169.23	1481.2	1078.13	386.131	138.509	62.7018	16.1784	6.37605	0	0	0	0	0	0	0	0	0	0	0	0	0
00.000,00.000	36	0	-200	0	4.5	3183.67	1490.96	1081.28	386.356	138.721	63.1899	16.5966	6.57362	0	0	0	0	0	0	0	0	0	0	0	0	0
00.000,00.000	36.1	0	-200	0	4.5	3193.18	1497.42	1083.31	386.498	138.854	63.5188	16.8768	6.70579	0	0	0	0	0	0	0	0	0	0	0	0	0
00.000,00.000	36.2	0	-200	0	4.5	3200.42	1502.41	1084.8	386.596	138.947	63.7707	17.0897	6.8061	0	0	0	0	0	0	0	0	0	0	0	0	0
00.000,00.000	36.3	0	-200	0	4.5	3207.64	1507.44	1086.25	386.687	139.033	64.0248	17.3039	6.90659	0	0	0	0	0	0	0	0	0	0	0	0	0
00.000,00.000	36.4	0	-200	0	4.5	3214.87	1512.48	1087.67	386.772	139.113	64.2807	17.5442	7.00714	0	0	0	0	0	0	0	0	0	0	0	0	0
00.000,00.000	36.5	0	-200	0	4.5	3222.17	1517.62	1089.07	386.852	139.186	64.5401	17.7963	7.10922	0	0	0	0	0	0	0	0	0	0	0	0	0
00.000,00.000	36.6	0	-200	0	4.5	3233.93	1525.96	1091.26	386.968	139.294	64.9608	18.2055	7.27465	0	0	0	0	0	0	0	0	0	0	0	0	0
00.000,00.000	36.7	0	-200	0	4.5	3246.62	1535.02	1093.57	387.085	139.401	65.4197	18.6538	7.47234	0	0	0	0	0	0	0	0	0	0	0	0	0
00.000,00.000	36.8	0	-200	0	4.5	3248.86	1536.62	1093.97	387.105	139.419	65.5019	18.7344	7.51111	0	0	0	0	0	0	0	0	0	0	0	0	0
00.000,00.000	36.9	0	-200	0	4.5	3258.72	1543.73	1095.7	387.18	139.486	65.8572	19.0855	7.67959	0	0	0	0	0	0	0	0	0	0	0	0	0
00.000,00.000	37	0	-200	0	4.5	3268.29	1550.63	1097.39	387.248	139.545	66.2038	19.4291	7.84443	0	0	0	0	0	0	0	0	0	0	0	0	0
00.000,00.000	37.1	0	-200	0	4.5	3275.67	1555.98	1098.67	387.296	139.585	66.471	19.7025	7.97217	0	0	0	0	0	0	0	0	0	0	0	0	0
00.000,00.000	37.2	0	-200	0	4.5	3282.73	1561.12	1099.87	387.337	139.618	66.7242	19.9692	8.09398	0	0	0	0	0	0	0	0	0	0	0	0	0
00.000,00.000	37.3	0	-200	0	4.5	3289.88	1566.33	1101.08	387.373	139.646	66.9783	20.242	8.24044	0	0	0	0	0	0	0	0	0	0	0	0	0
00.000,00.000	37.4	0	-200	0	4.5	3297.04	1571.56	1102.27	387.406	139.671	67.2323	20.5149	8.38807	0	0	0	0	0	0	0	0	0	0	0	0	0
00.000,00.000	37.5	0	-200	0	4.5	3304.19	1576.82	1103.43	387.434	139.692	67.4853	20.7913	8.53649	0	0	0	0	0	0	0	0	0	0	0	0	0
00.000,00.000	37.6	0	-200	0	4.5	3312.74	1583.15	1104.79	387.462	139.712	67.786	21.1217	8.71575	0	0	0	0	0	0	0	0	0	0	0	0	0
00.000,00.000	37.7	0	-200	0	4.5	3326.43	1593.34	1106.93	387.501	139.738	68.2641	21.6504	9.0044	0	0	0	0	0	0	0	0	0	0	0	0	0
00.000,00.000	37.8	0	-200	0	4.5	3329.18	1595.41	1107.34	387.509	139.742	68.3605	21.7583	9.06293	0	0	0	0	0	0	0	0	0	0	0	0	0
00.000,00.000	37.9	0	-200	0	4.5	3339.96	1603.48	1108.98	387.532	139.755	68.7361	22.1795	9.29496	0	0	0	0	0	0	0	0	0	0	0	0	0
00.000,00.000	38	0	-200	0	4.5	3348.5	1609.87	1110.29	387.549	139.763	69.0344	22.5167	9.48081	0	0	0	0	0	0	0	0	0	0	0	0	0
00.000,00.000	38.1	0	-200	0	4.5	3355.6	1615.22	1111.34	387.561	139.769	69.2792	22.7958	9.63518	0	0	0	0	0	0	0	0	0	0	0	0	0
00.000,00.000	38.2	0	-200	0	4.5	3362.64	1620.58	1112.33	387.571	139.773	69.5222	23.0765	9.7899	0	0	0	0	0	0	0	0	0	0	0	0	0
00.000,00.000	38.3	0	-200	0	4.5	3369.63	1625.9	1113.31	387.58	139.776	69.7628	23.3583	9.94425	0	0	0	0	0	0	0	0	0	0	0	0	0
00.000,00.000	38.4	0	-200	0	4.5	3376.57	1631.22	1114.25	387.587	139.779	70.0009	23.6415	10.0984	0	0	0	0	0	0	0	0	0	0	0	0	0
00.000,00.000	38.5	0	-200	0	4.5	3383.5	1636.55	1115.17	387.592	139.78	70.2362	23.9261	10.2526	0	0	0	0	0	0	0	0	0	0	0	0	0
00.000,00.000	38.6	0	-200	0	4.5	3391.81	1642.85	1116.37	387.597	139.781	70.5138	24.2694	10.4384	0	0	0	0	0	0	0	0	0	0	0	0	0
00.000,00.000	38.7	0	-200	0	4.5	3409.73	1655.85	1119.51	387.603	139.782	71.1047	25.0182	10.7808	0.0821524	0	0	0	0	0	0	0	0	0	0	0	0
00.000,00.000	38.8	0	-200	0	4.5	3413.2	1658.14	1120.34	387.604	139.782	71.2198	25.1663	10.7774	0.173348	0	0	0	0	0	0	0	0	0	0	0	0
00.000,00.000	38.9	0	-200	0	4.5	3423.02	1664.9	1122.41	387.604	139.782	71.5355	25.5899	10.8848	0.313299	0	0	0	0	0	0	0	0	0	0	0	0
00.000,00.000	39	0	-200	0	4.5	3432.62	1671.21	1124.73	387.604	139.782	71.8412	26.0112	10.9741	0.467318	0	0	0	0	0	0	0	0	0	0	0	0
00.000,00.000	39.1	0	-200	0	4.5	3439.68	1675.83	1126.46	387.604	139.782	72.0614	26.3261	11.0454	0.575194	0	0	0	0	0	0	0	0	0	0	0	0
00.000,00.000	39.2	0	-200	0	4.5	3446.24	1680.08	1128.1	387.604	139.782	72.2633	26.6261	11.1125	0.675148	0	0	0	0	0	0	0	0	0	0	0	0
00.000,00.000	39.3	0	-200	0	4.5	3452.72	1684.24	1129.74	387.604	139.782	72.4601	26.9303	11.1767	0.776465	0	0	0	0	0	0	0	0	0	0	0	0
00.000,00.000	39.4	0	-200	0	4.5	3458.99	1688.2	1131.4	387.604	139.782	72.6514	27.2382	11.239	0.877837	0	0	0	0	0	0	0	0	0	0	0	0
00.000,00.000	39.5	0	-200	0	4.5	3465.16	1692.09	1133.01	387.604	139.782	72.8376	27.5523	11.3002	0.980385	0	0	0	0	0	0	0	0	0	0	0	0
00.000,00.000	39.6	0	-200	0	4.5	3472.41	1696.57	1135	387.604	139.782	73.0503	27.9294	11.3705	1.10225	0	0	0	0	0	0	0	0	0	0	0	0
00.000,00.000	39.7	0	-200	0	4.5	3485.07	1704.05	1138.81	387.604	139.782	73.4121	28.606	11.4908	1.31762	0	0	0	0	0	0	0	0	0	0	0	0
00.000,00.000	39.8	0	-200	0	4.5	3487.59	1705.5	1139.6	387.604	139.782	73.4836	28.7434	11.5147	1.36103	0	0	0	0	0	0	0	0	0	0	0	0
00.000,00.000	39.9	0	-200	0	4.5	3497.55	1711.06	1142.91	387.604	139.782	73.7519	29.3029	11.6047	1.53356	0	0	0	0	0	0	0	0	0	0	0	0
00.000,00.000	40	0	-200	0	4.5	3504.91	1715.05	1145.46	387.614	139.782	73.9472	29.7281	11.6707	1.66301	0	0	0	0	0	0	0	0	0	0	0	0
00.000,00.000	40.1	0	-200	0	4.5	3510.64	1718.08	1147.46	387.678	139.782	74.0935	30.0687	11.7211	1.76507	0	0	0	0	0	0	0	0	0	0	0	0
00.000,00.000	40.2	0	-200	0	4.5	3516.23	1720.93	1149.5	387.741	139.782	74.2329	30.4134	11.7697	1.86699	0	0	0	0	0	0	0	0	0	0	0	0
00.000,00.000	40.3	0	-200	0	4.5	3521.67	1723.66	1151.51	387.802	139.782	74.3651	30.7616	11.8166	1.96865	0	0	0	0	0	0	0	0	0	0	0	0
00.000,00.000	40.4	0	-200	0	4.5	3526.99	1726.3	1153.51	387.861	139.782	74.4905	31.1136	11.8621	2.07029	0	0	0	0	0	0	0	0	0	0	0	0
00.000,00.000	40.5	0	-200	0	4.5	3532.16	1728.82	1155.47	387.919	139.782	74.6103	31.4726	11.9065	2.17319	0	0	0	0	0	0	0	0	0	0	0	0
00.000,00.000	40.6	0	-200	0	4.5	3539.76	1732.81	1157.99	388.008	139.782	74.7938	32.0627	11.9763	2.34111	0	0	0	0	0	0	0	0	0	0	0	0
00.000,00.000	40.7	0	-200	0	4.5	3545.08	1735.6	1159.71	388.073	139.782	74.9219	32.4987	12.0264	2.46427	0	0	0	0	0	0	0	0	0	0	0	0
00.000,00.000	40.8	0	-200	0	4.5	3545.97	1736.06	1160	388.084	139.782	74.9434	32.5755	12.0349	2.48586	0	0	0	0	0	0	0	0	0	0	0	0
00.000,00.000	40.9	0	-200	0	4.5	3551.14	1738.69	1161.74	388.144	139.782	75.0593	33.0283	12.0825	2.61199	0	0	0	0	0	0	0	0	0	0	0	0
00.000,00.000	41	0	-200	0	4.5	3556.33	1741.28	1163.5	388.205	139.782	75.1728	33.4965	12.153	2.7417	0	0	0	0	0	0	0	0	0	0	0	0
00.000,00.000	41.1	0	-200	0	4.5	3560.49	1743.33	1164.92	388.252	139.782	75.2593	33.8792	12.226	2.8473	0	0	0	0	0	0	0	0	0	0	0	0
00.000,00.000	41.2	0	-200	0	4.5	3564.41	1745.25	1166.25	388.295	139.782	75.3371	34.2484	12.2944	2.9489	0	0	0	0	0	0	0	0	0	0	0	0
00.000,00.000	41.3	0	-200	0	4.5	3568.23	1747.11	1167.56	388.336	139.782	75.4098	34.6185	12.3606	3.0505	0	0	0	0	0	0	0	0	0	0	0	0
00.000,00.000	41.4	0	-200	0	4.5	3571.99	1748.91	1168.88	388.376	139.782	75.4773	34.9894	12.4247	3.15208	0	0	0	0	0	0	0	0	0	0	0	0
00.000,00.000	41.5	0	-200	0	4.5	3575.67	1750.63	1170.2	388.413	139.782	75.5397	35.3605	12.4867	3.25359	0	0	0	0	0	0	0	0	0	0	0	0
00.000,00.000	41.6	0	-200	0	4.5	3591.51	1758.01	1175.89	388.568	139.782	75.7946	37.0055	12.7531	3.70568	0	0	0	0	0	0	0	0	0	0	0	0
00.000,00.000	41.7	0	-200	0	4.5	3594.63	1759.41	1177.02	388.6	139.782	75.8467	37.3527	12.8085	3.80074	0	0	0	0	0	0	0	0	0	0	0	0
00.000,00.000	41.8	0	-200	0	4.5	3595.98	1760.07	1177.46	388.613	139.782	75.8683	37.5094	12.8329	3.84388	0	0	0	0	0	0	0	0	0	0	0	0
00.000,00.000	41.9	0	-200	0	4.5	3596.65	1760.4	1177.66	388.62	139.782	75.8791	37.5915	12.8455	3.86647	0	0	0	0	0	0	0	0	0	0	0	0
00.000,00.000	42	0	-200	0	4.5	3604.12	1764.02	1180.05	388.689	139.782	75.9877	38.4919	12.9785	4.11457	0	0	0	0	0	0	0	0	0	0	0	0