
label	time(d)	x	depth	z	radius	total	0-10	10-20	20-30	30-40	40-50	50-60	60-70	70-80	80-90	90-100	100-110	110-120	120-130	130-140	140-150	150-160	160-170	170-180	180-190	190-200
05.500,00.000	0	5.5	-200	0	4.5	0	0	0	0	0	0	0	0	0	0	0	0	0	0	0	0	0	0	0	0	0
05.500,00.000	0.1	5.5	-200	0	4.5	0	0	0	0	0	0	0	0	0	0	0	0	0	0	0	0	0	0	0	0	0
05.500,00.000	0.2	5.5	-200	0	4.5	0	0	0	0	0	0	0	0	0	0	0	0	0	0	0	0	0	0	0	0	0
05.500,00.000	0.3	5.5	-200	0	4.5	0	0	0	0	0	0	0	0	0	0	0	0	0	0	0	0	0	0	0	0	0
05.500,00.000	0.4	5.5	-200	0	4.5	0	0	0	0	0	0	0	0	0	0	0	0	0	0	0	0	0	0	0	0	0
05.500,00.000	0.5	5.5	-200	0	4.5	0	0	0	0	0	0	0	0	0	0	0	0	0	0	0	0	0	0	0	0	0
05.500,00.000	0.6	5.5	-200	0	4.5	0	0	0	0	0	0	0	0	0	0	0	0	0	0	0	0	0	0	0	0	0
05.500,00.000	0.7	5.5	-200	0	4.5	0	0	0	0	0	0	0	0	0	0	0	0	0	0	0	0	0	0	0	0	0
05.500,00.000	0.8	5.5	-200	0	4.5	0	0	0	0	0	0	0	0	0	0	0	0	0	0	0	0	0	0	0	0	0
05.500,00.000	0.9	5.5	-200	0	4.5	0	0	0	0	0	0	0	0	0	0	0	0	0	0	0	0	0	0	0	0	0
05.500,00.000	1	5.5	-200	0	4.5	0	0	0	0	0	0	0	0	0	0	0	0	0	0	0	0	0	0	0	0	0
05.500,00.000	1.1	5.5	-200	0	4.5	0	0	0	0	0	0	0	0	0	0	0	0	0	0	0	0	0	0	0	0	0
05.500,00.000	1.2	5.5	-200	0	4.5	0	0	0	0	0	0	0	0	0	0	0	0	0	0	0	0	0	0	0	0	0
05.500,00.000	1.3	5.5	-200	0	4.5	0	0	0	0	0	0	0	0	0	0	0	0	0	0	0	0	0	0	0	0	0
05.500,00.000	1.4	5.5	-200	0	4.5	0	0	0	0	0	0	0	0	0	0	0	0	0	0	0	0	0	0	0	0	0
05.500,00.000	1.5	5.5	-200	0	4.5	0	0	0	0	0	0	0	0	0	0	0	0	0	0	0	0	0	0	0	0	0
05.500,00.000	1.6	5.5	-200	0	4.5	0	0	0	0	0	0	0	0	0	0	0	0	0	0	0	0	0	0	0	0	0
05.500,00.000	1.7	5.5	-200	0	4.5	0	0	0	0	0	0	0	0	0	0	0	0	0	0	0	0	0	0	0	0	0
05.500,00.000	1.8	5.5	-200	0	4.5	0	0	0	0	0	0	0	0	0	0	0	0	0	0	0	0	0	0	0	0	0
05.500,00.000	1.9	5.5	-200	0	4.5	0	0	0	0	0	0	0	0	0	0	0	0	0	0	0	0	0	0	0	0	0
05.500,00.000	2	5.5	-200	0	4.5	0	0	0	0	0	0	0	0	0	0	0	0	0	0	0	0	0	0	0	0	0
05.500,00.000	2.1	5.5	-200	0	4.5	0	0	0	0	0	0	0	0	0	0	0	0	0	0	0	0	0	0	0	0	0
05.500,00.000	2.2	5.5	-200	0	4.5	0	0	0	0	0	0	0	0	0	0	0	0	0	0	0	0	0	0	0	0	0
05.500,00.000	2.3	5.5	-200	0	4.5	0	0	0	0	0	0	0	0	0	0	0	0	0	0	0	0	0	0	0	0	0
05.500,00.000	2.4	5.5	-200	0	4.5	0	0	0	0	0	0	0	0	0	0	0	0	0	0	0	0	0	0	0	0	0
05.500,00.000	2.5	5.5	-200	0	4.5	0	0	0	0	0	0	0	0	0	0	0	0	0	0	0	0	0	0	0	0	0
05.500,00.000	2.6	5.5	-200	0	4.5	0	0	0	0	0	0	0	0	0	0	0	0	0	0	0	0	0	0	0	0	0
05.500,00.000	2.7	5.5	-200	0	4.5	0	0	0	0	0	0	0	0	0	0	0	0	0	0	0	0	0	0	0	0	0
05.500,00.000	2.8	5.5	-200	0	4.5	0	0	0	0	0	0	0	0	0	0	0	0	0	0	0	0	0	0	0	0	0
05.500,00.000	2.9	5.5	-200	0	4.5	0	0	0	0	0	0	0	0	0	0	0	0	0	0	0	0	0	0	0	0	0
05.500,00.000	3	5.5	-200	0	4.5	0	0	0	0	0	0	0	0	0	0	0	0	0	0	0	0	0	0	0	0	0
05.500,00.000	3.1	5.5	-200	0	4.5	0	0	0	0	0	0	0	0	0	0	0	0	0	0	0	0	0	0	0	0	0
05.500,00.000	3.2	5.5	-200	0	4.5	0	0	0	0	0	0	0	0	0	0	0	0	0	0	0	0	0	0	0	0	0
05.500,00.000	3.3	5.5	-200	0	4.5	0	0	0	0	0	0	0	0	0	0	0	0	0	0	0	0	0	0	0	0	0
05.500,00.000	3.4	5.5	-200	0	4.5	0	0	0	0	0	0	0	0	0	0	0	0	0	0	0	0	0	0	0	0	0
05.500,00.000	3.5	5.5	-200	0	4.5	0	0	0	0	0	0	0	0	0	0	0	0	0	0	0	0	0	0	0	0	0
05.500,00.000	3.6	5.5	-200	0	4.5	0	0	0	0	0	0	0	0	0	0	0	0	0	0	0	0	0	0	0	0	0
05.500,00.000	3.7	5.5	-200	0	4.5	0	0	0	0	0	0	0	0	0	0	0	0	0	0	0	0	0	0	0	0	0
05.500,00.000	3.8	5.5	-200	0	4.5	0	0	0	0	0	0	0	0	0	0	0	0	0	0	0	0	0	0	0	0	0
05.500,00.000	3.9	5.5	-200	0	4.5	0	0	0	0	0	0	0	0	0	0	0	0	0	0	0	0	0	0	0	0	0
05.500,00.000	4	5.5	-200	0	4.5	0	0	0	0	0	0	0	0	0	0	0	0	0	0	0	0	0	0	0	0	0
05.500,00.000	4.1	5.5	-200	0	4.5	0	0	0	0	0	0	0	0	0	0	0	0	0	0	0	0	0	0	0	0	0
05.500,00.000	4.2	5.5	-200	0	4.5	0	0	0	0	0	0	0	0	0	0	0	0	0	0	0	0	0	0	0	0	0
05.500,00.000	4.3	5.5	-200	0	4.5	0	0	0	0	0	0	0	0	0	0	0	0	0	0	0	0	0	0	0	0	0
05.500,00.000	4.4	5.5	-200	0	4.5	0	0	0	0	0	0	0	0	0	0	0	0	0	0	0	0	0	0	0	0	0
05.500,00.000	4.5	5.5	-200	0	4.5	0	0	0	0	0	0	0	0	0	0	0	0	0	0	0	0	0	0	0	0	0
05.500,00.000	4.6	5.5	-200	0	4.5	0	0	0	0	0	0	0	0	0	0	0	0	0	0	0	0	0	0	0	0	0
05.500,00.000	4.7	5.5	-200	0	4.5	0	0	0	0	0	0	0	0	0	0	0	0	0	0	0	0	0	0	0	0	0
05.500,00.000	4.8	5.5	-200	0	4.5	0	0	0	0	0	0	0	0	0	0	0	0	0	0	0	0	0	0	0	0	0
05.500,00.000	4.9	5.5	-200	0	4.5	0	0	0	0	0	0	0	0	0	0	0	0	0	0	0	0	0	0	0	0	0
05.500,00.000	5	5.5	-200	0	4.5	0	0	0	0	0	0	0	0	0	0	0	0	0	0	0	0	0	0	0	0	0
05.500,00.000	5.1	5.5	-200	0	4.5	0	0	0	0	0	0	0	0	0	0	0	0	0	0	0	0	0	0	0	0	0
05.500,00.000	5.2	5.5	-200	0	4.5	0	0	0	0	0	0	0	0	0	0	0	0	0	0	0	0	0	0	0	0	0
05.500,00.000	5.3	5.5	-200	0	4.5	0	0	0	0	0	0	0	0	0	0	0	0	0	0	0	0	0	0	0	0	0
05.500,00.000	5.4	5.5	-200	0	4.5	0	0	0	0	0	0	0	0	0	0	0	0	0	0	0	0	0	0	0	0	0
05.500,00.000	5.5	5.5	-200	0	4.5	0	0	0	0	0	0	0	0	0	0	0	0	0	0	0	0	0	0	0	0	0
05.500,00.000	5.6	5.5	-200	0	4.5	0	0	0	0	0	0	0	0	0	0	0	0	0	0	0	0	0	0	0	0	0
05.500,00.000	5.7	5.5	-200	0	4.5	0	0	0	0	0	0	0	0	0	0	0	0	0	0	0	0	0	0	0	0	0
05.500,00.000	5.8	5.5	-200	0	4.5	0	0	0	0	0	0	0	0	0	0	0	0	0	0	0	0	0	0	0	0	0
05.500,00.000	5.9	5.5	-200	0	4.5	0	0	0	0	0	0	0	0	0	0	0	0	0	0	0	0	0	0	0	0	0
05.500,00.000	6	5.5	-200	0	4.5	0	0	0	0	0	0	0	0	0	0	0	0	0	0	0	0	0	0	0	0	0
05.500,00.000	6.1	5.5	-200	0	4.5	0	0	0	0	0	0	0	0	0	0	0	0	0	0	0	0	0	0	0	0	0
05.500,00.000	6.2	5.5	-200	0	4.5	0	0	0	0	0	0	0	0	0	0	0	0	0	0	0	0	0	0	0	0	0
05.500,00.000	6.3	5.5	-200	0	4.5	0	0	0	0	0	0	0	0	0	0	0	0	0	0	0	0	0	0	0	0	0
05.500,00.000	6.4	5.5	-200	0	4.5	0	0	0	0	0	0	0	0	0	0	0	0	0	0	0	0	0	0	0	0	0
05.500,00.000	6.5	5.5	-200	0	4.5	0	0	0	0	0	0	0	0	0	0	0	0	0	0	0	0	0	0	0	0	0
05.500,00.000	6.6	5.5	-200	0	4.5	0	0	0	0	0	0	0	0	0	0	0	0	0	0	0	0	0	0	0	0	0
05.500,00.000	6.7	5.5	-200	0	4.5	0	0	0	0	0	0	0	0	0	0	0	0	0	0	0	0	0	0	0	0	0
05.500,00.000	6.8	5.5	-200	0	4.5	0	0	0	0	0	0	0	0	0	0	0	0	0	0	0	0	0	0	0	0	0
05.500,00.000	6.9	5.5	-200	0	4.5	0	0	0	0	0	0	0	0	0	0	0	0	0	0	0	0	0	0	0	0	0
05.500,00.000	7	5.5	-200	0	4.5	0	0	0	0	0	0	0	0	0	0	0	0	0	0	0	0	0	0	0	0	0
05.500,00.000	7.1	5.5	-200	0	4.5	0	0	0	0	0	0	0	0	0	0	0	0	0	0	0	0	0	0	0	0	0
05.500,00.000	7.2	5.5	-200	0	4.5	0	0	0	0	0	0	0	0	0	0	0	0	0	0	0	0	0	0	0	0	0
05.500,00.000	7.3	5.5	-200	0	4.5	0	0	0	0	0	0	0	0	0	0	0	0	0	0	0	0	0	0	0	0	0
05.500,00.000	7.4	5.5	-200	0	4.5	0	0	0	0	0	0	0	0	0	0	0	0	0	0	0	0	0	0	0	0	0
05.500,00.000	7.5	5.5	-200	0	4.5	0	0	0	0	0	0	0	0	0	0	0	0	0	0	0	0	0	0	0	0	0
05.500,00.000	7.6	5.5	-200	0	4.5	0	0	0	0	0	0	0	0	0	0	0	0	0	0	0	0	0	0	0	0	0
05.500,00.000	7.7	5.5	-200	0	4.5	0	0	0	0	0	0	0	0	0	0	0	0	0	0	0	0	0	0	0	0	0
05.500,00.000	7.8	5.5	-200	0	4.5	0	0	0	0	0	0	0	0	0	0	0	0	0	0	0	0	0	0	0	0	0
05.500,00.000	7.9	5.5	-200	0	4.5	0	0	0	0	0	0	0	0	0	0	0	0	0	0	0	0	0	0	0	0	0
05.500,00.000	8	5.5	-200	0	4.5	0	0	0	0	0	0	0	0	0	0	0	0	0	0	0	0	0	0	0	0	0
05.500,00.000	8.1	5.5	-200	0	4.5	0	0	0	0	0	0	0	0	0	0	0	0	0	0	0	0	0	0	0	0	0
05.500,00.000	8.2	5.5	-200	0	4.5	0	0	0	0	0	0	0	0	0	0	0	0	0	0	0	0	0	0	0	0	0
05.500,00.000	8.3	5.5	-200	0	4.5	0	0	0	0	0	0	0	0	0	0	0	0	0	0	0	0	0	0	0	0	0
05.500,00.000	8.4	5.5	-200	0	4.5	0	0	0	0	0	0	0	0	0	0	0	0	0	0	0	0	0	0	0	0	0
05.500,00.000	8.5	5.5	-200	0	4.5	0	0	0	0	0	0	0	0	0	0	0	0	0	0	0	0	0	0	0	0	0
05.500,00.000	8.6	5.5	-200	0	4.5	0	0	0	0	0	0	0	0	0	0	0	0	0	0	0	0	0	0	0	0	0
05.500,00.000	8.7	5.5	-200	0	4.5	0	0	0	0	0	0	0	0	0	0	0	0	0	0	0	0	0	0	0	0	0
05.500,00.000	8.8	5.5	-200	0	4.5	0	0	0	0	0	0	0	0	0	0	0	0	0	0	0	0	0	0	0	0	0
05.500,00.000	8.9	5.5	-200	0	4.5	0	0	0	0	0	0	0	0	0	0	0	0	0	0	0	0	0	0	0	0	0
05.500,00.000	9	5.5	-200	0	4.5	0	0	0	0	0	0	0	0	0	0	0	0	0	0	0	0	0	0	0	0	0
05.500,00.000	9.1	5.5	-200	0	4.5	0	0	0	0	0	0	0	0	0	0	0	0	0	0	0	0	0	0	0	0	0
05.500,00.000	9.2	5.5	-200	0	4.5	0	0	0	0	0	0	0	0	0	0	0	0	0	0	0	0	0	0	0	0	0
05.500,00.000	9.3	5.5	-200	0	4.5	0	0	0	0	0	0	0	0	0	0	0	0	0	0	0	0	0	0	0	0	0
05.500,00.000	9.4	5.5	-200	0	4.5	0	0	0	0	0	0	0	0	0	0	0	0	0	0	0	0	0	0	0	0	0
05.500,00.000	9.5	5.5	-200	0	4.5	0	0	0	0	0	0	0	0	0	0	0	0	0	0	0	0	0	0	0	0	0
05.500,00.000	9.6	5.5	-200	0	4.5	0	0	0	0	0	0	0	0	0	0	0	0	0	0	0	0	0	0	0	0	0
05.500,00.000	9.7	5.5	-200	0	4.5	0	0	0	0	0	0	0	0	0	0	0	0	0	0	0	0	0	0	0	0	0
05.500,00.000	9.8	5.5	-200	0	4.5	0	0	0	0	0	0	0	0	0	0	0	0	0	0	0	0	0	0	0	0	0
05.500,00.000	9.9	5.5	-200	0	4.5	0	0	0	0	0	0	0	0	0	0	0	0	0	0	0	0	0	0	0	0	0
05.500,00.000	10	5.5	-200	0	4.5	0	0	0	0	0	0	0	0	0	0	0	0	0	0	0	0	0	0	0	0	0
05.500,00.000	10.1	5.5	-200	0	4.5	0	0	0	0	0	0	0	0	0	0	0	0	0	0	0	0	0	0	0	0	0
05.500,00.000	10.2	5.5	-200	0	4.5	0	0	0	0	0	0	0	0	0	0	0	0	0	0	0	0	0	0	0	0	0
05.500,00.000	10.3	5.5	-200	0	4.5	0	0	0	0	0	0	0	0	0	0	0	0	0	0	0	0	0	0	0	0	0
05.500,00.000	10.4	5.5	-200	0	4.5	0	0	0	0	0	0	0	0	0	0	0	0	0	0	0	0	0	0	0	0	0
05.500,00.000	10.5	5.5	-200	0	4.5	0	0	0	0	0	0	0	0	0	0	0	0	0	0	0	0	0	0	0	0	0
05.500,00.000	10.6	5.5	-200	0	4.5	0	0	0	0	0	0	0	0	0	0	0	0	0	0	0	0	0	0	0	0	0
05.500,00.000	10.7	5.5	-200	0	4.5	0	0	0	0	0	0	0	0	0	0	0	0	0	0	0	0	0	0	0	0	0
05.500,00.000	10.8	5.5	-200	0	4.5	0	0	0	0	0	0	0	0	0	0	0	0	0	0	0	0	0	0	0	0	0
05.500,00.000	10.9	5.5	-200	0	4.5	0	0	0	0	0	0	0	0	0	0	0	0	0	0	0	0	0	0	0	0	0
05.500,00.000	11	5.5	-200	0	4.5	0	0	0	0	0	0	0	0	0	0	0	0	0	0	0	0	0	0	0	0	0
05.500,00.000	11.1	5.5	-200	0	4.5	0	0	0	0	0	0	0	0	0	0	0	0	0	0	0	0	0	0	0	0	0
05.500,00.000	11.2	5.5	-200	0	4.5	0	0	0	0	0	0	0	0	0	0	0	0	0	0	0	0	0	0	0	0	0
05.500,00.000	11.3	5.5	-200	0	4.5	0	0	0	0	0	0	0	0	0	0	0	0	0	0	0	0	0	0	0	0	0
05.500,00.000	11.4	5.5	-200	0	4.5	0	0	0	0	0	0	0	0	0	0	0	0	0	0	0	0	0	0	0	0	0
05.500,00.000	11.5	5.5	-200	0	4.5	0	0	0	0	0	0	0	0	0	0	0	0	0	0	0	0	0	0	0	0	0
05.500,00.000	11.6	5.5	-200	0	4.5	0	0	0	0	0	0	0	0	0	0	0	0	0	0	0	0	0	0	0	0	0
05.500,00.000	11.7	5.5	-200	0	4.5	0	0	0	0	0	0	0	0	0	0	0	0	0	0	0	0	0	0	0	0	0
05.500,00.000	11.8	5.5	-200	0	4.5	0	0	0	0	0	0	0	0	0	0	0	0	0	0	0	0	0	0	0	0	0
05.500,00.000	11.9	5.5	-200	0	4.5	0	0	0	0	0	0	0	0	0	0	0	0	0	0	0	0	0	0	0	0	0
05.500,00.000	12	5.5	-200	0	4.5	0	0	0	0	0	0	0	0	0	0	0	0	0	0	0	0	0	0	0	0	0
05.500,00.000	12.1	5.5	-200	0	4.5	0	0	0	0	0	0	0	0	0	0	0	0	0	0	0	0	0	0	0	0	0
05.500,00.000	12.2	5.5	-200	0	4.5	0	0	0	0	0	0	0	0	0	0	0	0	0	0	0	0	0	0	0	0	0
05.500,00.000	12.3	5.5	-200	0	4.5	0	0	0	0	0	0	0	0	0	0	0	0	0	0	0	0	0	0	0	0	0
05.500,00.000	12.4	5.5	-200	0	4.5	0.0231346	0.0231346	0	0	0	0	0	0	0	0	0	0	0	0	0	0	0	0	0	0	0
05.500,00.000	12.5	5.5	-200	0	4.5	0.0802673	0.0802673	0	0	0	0	0	0	0	0	0	0	0	0	0	0	0	0	0	0	0
05.500,00.000	12.6	5.5	-200	0	4.5	0.137457	0.137457	0	0	0	0	0	0	0	0	0	0	0	0	0	0	0	0	0	0	0
05.500,00.000	12.7	5.5	-200	0	4.5	0.18901	0.18901	0	0	0	0	0	0	0	0	0	0	0	0	0	0	0	0	0	0	0
05.500,00.000	12.8	5.5	-200	0	4.5	0.226685	0.226685	0	0	0	0	0	0	0	0	0	0	0	0	0	0	0	0	0	0	0
05.500,00.000	12.9	5.5	-200	0	4.5	0.274527	0.274527	0	0	0	0	0	0	0	0	0	0	0	0	0	0	0	0	0	0	0
05.500,00.000	13	5.5	-200	0	4.5	0.372975	0.372975	0	0	0	0	0	0	0	0	0	0	0	0	0	0	0	0	0	0	0
05.500,00.000	13.1	5.5	-200	0	4.5	0.464505	0.464505	0	0	0	0	0	0	0	0	0	0	0	0	0	0	0	0	0	0	0
05.500,00.000	13.2	5.5	-200	0	4.5	0.553915	0.553915	0	0	0	0	0	0	0	0	0	0	0	0	0	0	0	0	0	0	0
05.500,00.000	13.3	5.5	-200	0	4.5	0.65208	0.644017	0.00806262	0	0	0	0	0	0	0	0	0	0	0	0	0	0	0	0	0	0
05.500,00.000	13.4	5.5	-200	0	4.5	0.804576	0.734426	0.0701505	0	0	0	0	0	0	0	0	0	0	0	0	0	0	0	0	0	0
05.500,00.000	13.5	5.5	-200	0	4.5	1.06676	0.905921	0.160839	0	0	0	0	0	0	0	0	0	0	0	0	0	0	0	0	0	0
05.500,00.000	13.6	5.5	-200	0	4.5	1.3374	1.09495	0.242441	0	0	0	0	0	0	0	0	0	0	0	0	0	0	0	0	0	0
05.500,00.000	13.7	5.5	-200	0	4.5	1.56874	1.25746	0.311274	0	0	0	0	0	0	0	0	0	0	0	0	0	0	0	0	0	0
05.500,00.000	13.8	5.5	-200	0	4.5	1.75432	1.36486	0.389455	0	0	0	0	0	0	0	0	0	0	0	0	0	0	0	0	0	0
05.500,00.000	13.9	5.5	-200	0	4.5	1.98643	1.4983	0.488132	0	0	0	0	0	0	0	0	0	0	0	0	0	0	0	0	0	0
05.500,00.000	14	5.5	-200	0	4.5	2.38438	1.72679	0.657594	0	0	0	0	0	0	0	0	0	0	0	0	0	0	0	0	0	0
05.500,00.000	14.1	5.5	-200	0	4.5	2.73802	1.9301	0.807916	0	0	0	0	0	0	0	0	0	0	0	0	0	0	0	0	0	0
05.500,00.000	14.2	5.5	-200	0	4.5	3.07078	2.12046	0.950317	0	0	0	0	0	0	0	0	0	0	0	0	0	0	0	0	0	0
05.500,00.000	14.3	5.5	-200	0	4.5	3.43447	2.33858	1.0959	0	0	0	0	0	0	0	0	0	0	0	0	0	0	0	0	0	0
05.500,00.000	14.4	5.5	-200	0	4.5	3.80126	2.55737	1.2439	0	0	0	0	0	0	0	0	0	0	0	0	0	0	0	0	0	0
05.500,00.000	14.5	5.5	-200	0	4.5	4.47419	2.9543	1.51989	0	0	0	0	0	0	0	0	0	0	0	0	0	0	0	0	0	0
05.500,00.000	14.6	5.5	-200	0	4.5	4.9213	3.21761	1.70369	0	0	0	0	0	0	0	0	0	0	0	0	0	0	0	0	0	0
05.500,00.000	14.7	5.5	-200	0	4.5	5.33181	3.45841	1.87339	0	0	0	0	0	0	0	0	0	0	0	0	0	0	0	0	0	0
05.500,00.000	14.8	5.5	-200	0	4.5	5.49971	3.55756	1.94215	0	0	0	0	0	0	0	0	0	0	0	0	0	0	0	0	0	0
05.500,00.000	14.9	5.5	-200	0	4.5	5.72851	3.69227	2.03625	0	0	0	0	0	0	0	0	0	0	0	0	0	0	0	0	0	0
05.500,00.000	15	5.5	-200	0	4.5	6.21272	3.977	2.23572	0	0	0	0	0	0	0	0	0	0	0	0	0	0	0	0	0	0
05.500,00.000	15.1	5.5	-200	0	4.5	6.61064	4.21316	2.39748	0	0	0	0	0	0	0	0	0	0	0	0	0	0	0	0	0	0
05.500,00.000	15.2	5.5	-200	0	4.5	6.96403	4.42291	2.54111	0	0	0	0	0	0	0	0	0	0	0	0	0	0	0	0	0	0
05.500,00.000	15.3	5.5	-200	0	4.5	7.31298	4.6274	2.68559	0	0	0	0	0	0	0	0	0	0	0	0	0	0	0	0	0	0
05.500,00.000	15.4	5.5	-200	0	4.5	7.65518	4.82501	2.83016	0	0	0	0	0	0	0	0	0	0	0	0	0	0	0	0	0	0
05.500,00.000	15.5	5.5	-200	0	4.5	8.71477	5.42435	3.29041	0	0	0	0	0	0	0	0	0	0	0	0	0	0	0	0	0	0
05.500,00.000	15.6	5.5	-200	0	4.5	8.92622	5.54414	3.38209	0	0	0	0	0	0	0	0	0	0	0	0	0	0	0	0	0	0
05.500,00.000	15.7	5.5	-200	0	4.5	9.2448	5.71954	3.52525	0	0	0	0	0	0	0	0	0	0	0	0	0	0	0	0	0	0
05.500,00.000	15.8	5.5	-200	0	4.5	9.30391	5.75231	3.5516	0	0	0	0	0	0	0	0	0	0	0	0	0	0	0	0	0	0
05.500,00.000	15.9	5.5	-200	0	4.5	9.77581	6.01113	3.76468	0	0	0	0	0	0	0	0	0	0	0	0	0	0	0	0	0	0
05.500,00.000	16	5.5	-200	0	4.5	10.272	6.28356	3.98842	0	0	0	0	0	0	0	0	0	0	0	0	0	0	0	0	0	0
05.500,00.000	16.1	5.5	-200	0	4.5	10.5753	6.44975	4.12554	0	0	0	0	0	0	0	0	0	0	0	0	0	0	0	0	0	0
05.500,00.000	16.2	5.5	-200	0	4.5	10.8425	6.59924	4.24331	0	0	0	0	0	0	0	0	0	0	0	0	0	0	0	0	0	0
05.500,00.000	16.3	5.5	-200	0	4.5	11.1071	6.75009	4.357	0	0	0	0	0	0	0	0	0	0	0	0	0	0	0	0	0	0
05.500,00.000	16.4	5.5	-200	0	4.5	11.3737	6.89497	4.47874	0	0	0	0	0	0	0	0	0	0	0	0	0	0	0	0	0	0
05.500,00.000	16.5	5.5	-200	0	4.5	12.7511	7.60803	5.14311	0	0	0	0	0	0	0	0	0	0	0	0	0	0	0	0	0	0
05.500,00.000	16.6	5.5	-200	0	4.5	13.0181	7.74592	5.27216	0	0	0	0	0	0	0	0	0	0	0	0	0	0	0	0	0	0
05.500,00.000	16.7	5.5	-200	0	4.5	15.2243	8.87682	6.34752	0	0	0	0	0	0	0	0	0	0	0	0	0	0	0	0	0	0
05.500,00.000	16.8	5.5	-200	0	4.5	15.9376	9.14133	6.7963	0	0	0	0	0	0	0	0	0	0	0	0	0	0	0	0	0	0
05.500,00.000	16.9	5.5	-200	0	4.5	17.2541	9.54593	7.70817	0	0	0	0	0	0	0	0	0	0	0	0	0	0	0	0	0	0
05.500,00.000	17	5.5	-200	0	4.5	17.8155	9.67338	8.14214	0	0	0	0	0	0	0	0	0	0	0	0	0	0	0	0	0	0
05.500,00.000	17.1	5.5	-200	0	4.5	18.075	9.75179	8.32323	0	0	0	0	0	0	0	0	0	0	0	0	0	0	0	0	0	0
05.500,00.000	17.2	5.5	-200	0	4.5	18.3303	9.825	8.50528	0	0	0	0	0	0	0	0	0	0	0	0	0	0	0	0	0	0
05.500,00.000	17.3	5.5	-200	0	4.5	18.5791	9.89414	8.68492	0	0	0	0	0	0	0	0	0	0	0	0	0	0	0	0	0	0
05.500,00.000	17.4	5.5	-200	0	4.5	18.8243	9.96115	8.86313	0	0	0	0	0	0	0	0	0	0	0	0	0	0	0	0	0	0
05.500,00.000	17.5	5.5	-200	0	4.5	20.6858	10.387	10.2987	0	0	0	0	0	0	0	0	0	0	0	0	0	0	0	0	0	0
05.500,00.000	17.6	5.5	-200	0	4.5	21.1496	10.4661	10.6835	0	0	0	0	0	0	0	0	0	0	0	0	0	0	0	0	0	0
05.500,00.000	17.7	5.5	-200	0	4.5	24.8896	11.0911	13.7985	0	0	0	0	0	0	0	0	0	0	0	0	0	0	0	0	0	0
05.500,00.000	17.8	5.5	-200	0	4.5	25.9493	11.241	14.7083	0	0	0	0	0	0	0	0	0	0	0	0	0	0	0	0	0	0
05.500,00.000	17.9	5.5	-200	0	4.5	28.2339	11.6334	16.6005	0	0	0	0	0	0	0	0	0	0	0	0	0	0	0	0	0	0
05.500,00.000	18	5.5	-200	0	4.5	29.0867	11.7928	17.2939	0	0	0	0	0	0	0	0	0	0	0	0	0	0	0	0	0	0
05.500,00.000	18.1	5.5	-200	0	4.5	29.4237	11.8591	17.5646	0	0	0	0	0	0	0	0	0	0	0	0	0	0	0	0	0	0
05.500,00.000	18.2	5.5	-200	0	4.5	29.7648	11.93	17.8347	0	0	0	0	0	0	0	0	0	0	0	0	0	0	0	0	0	0
05.500,00.000	18.3	5.5	-200	0	4.5	30.1139	12.0053	18.1086	0	0	0	0	0	0	0	0	0	0	0	0	0	0	0	0	0	0
05.500,00.000	18.4	5.5	-200	0	4.5	30.477	12.0864	18.3906	0	0	0	0	0	0	0	0	0	0	0	0	0	0	0	0	0	0
05.500,00.000	18.5	5.5	-200	0	4.5	33.1925	12.6954	20.4971	0	0	0	0	0	0	0	0	0	0	0	0	0	0	0	0	0	0
05.500,00.000	18.6	5.5	-200	0	4.5	33.7589	12.8021	20.9567	0	0	0	0	0	0	0	0	0	0	0	0	0	0	0	0	0	0
05.500,00.000	18.7	5.5	-200	0	4.5	38.5703	13.9159	24.6544	0	0	0	0	0	0	0	0	0	0	0	0	0	0	0	0	0	0
05.500,00.000	18.8	5.5	-200	0	4.5	40.2851	14.2754	26.0098	0	0	0	0	0	0	0	0	0	0	0	0	0	0	0	0	0	0
05.500,00.000	18.9	5.5	-200	0	4.5	44.0343	15.0511	28.9832	0	0	0	0	0	0	0	0	0	0	0	0	0	0	0	0	0	0
05.500,00.000	19	5.5	-200	0	4.5	45.744	15.435	30.309	0	0	0	0	0	0	0	0	0	0	0	0	0	0	0	0	0	0
05.500,00.000	19.1	5.5	-200	0	4.5	46.4087	15.5765	30.8322	0	0	0	0	0	0	0	0	0	0	0	0	0	0	0	0	0	0
05.500,00.000	19.2	5.5	-200	0	4.5	47.0939	15.7241	31.3697	0	0	0	0	0	0	0	0	0	0	0	0	0	0	0	0	0	0
05.500,00.000	19.3	5.5	-200	0	4.5	47.7816	15.8743	31.9073	0	0	0	0	0	0	0	0	0	0	0	0	0	0	0	0	0	0
05.500,00.000	19.4	5.5	-200	0	4.5	48.7035	16.0269	32.6766	0	0	0	0	0	0	0	0	0	0	0	0	0	0	0	0	0	0
05.500,00.000	19.5	5.5	-200	0	4.5	49.7132	16.1943	33.5189	0	0	0	0	0	0	0	0	0	0	0	0	0	0	0	0	0	0
05.500,00.000	19.6	5.5	-200	0	4.5	50.6345	16.3488	34.2857	0	0	0	0	0	0	0	0	0	0	0	0	0	0	0	0	0	0
05.500,00.000	19.7	5.5	-200	0	4.5	51.5571	16.5031	35.054	0	0	0	0	0	0	0	0	0	0	0	0	0	0	0	0	0	0
05.500,00.000	19.8	5.5	-200	0	4.5	52.4874	16.6586	35.8288	0	0	0	0	0	0	0	0	0	0	0	0	0	0	0	0	0	0
05.500,00.000	19.9	5.5	-200	0	4.5	54.3744	16.9781	37.3963	0	0	0	0	0	0	0	0	0	0	0	0	0	0	0	0	0	0
05.500,00.000	20	5.5	-200	0	4.5	54.831	17.0672	37.7638	0	0	0	0	0	0	0	0	0	0	0	0	0	0	0	0	0	0
05.500,00.000	20.1	5.5	-200	0	4.5	56.1639	17.3008	38.666	0.197035	0	0	0	0	0	0	0	0	0	0	0	0	0	0	0	0	0
05.500,00.000	20.2	5.5	-200	0	4.5	57.2469	17.4952	39.2306	0.521078	0	0	0	0	0	0	0	0	0	0	0	0	0	0	0	0	0
05.500,00.000	20.3	5.5	-200	0	4.5	58.1365	17.6508	39.695	0.790694	0	0	0	0	0	0	0	0	0	0	0	0	0	0	0	0	0
05.500,00.000	20.4	5.5	-200	0	4.5	59.5514	17.8952	40.4313	1.22496	0	0	0	0	0	0	0	0	0	0	0	0	0	0	0	0	0
05.500,00.000	20.5	5.5	-200	0	4.5	59.924	17.9593	40.6303	1.33443	0	0	0	0	0	0	0	0	0	0	0	0	0	0	0	0	0
05.500,00.000	20.6	5.5	-200	0	4.5	64.1023	18.5804	42.9999	2.52197	0	0	0	0	0	0	0	0	0	0	0	0	0	0	0	0	0
05.500,00.000	20.7	5.5	-200	0	4.5	66.7508	18.9448	44.5787	3.22734	0	0	0	0	0	0	0	0	0	0	0	0	0	0	0	0	0
05.500,00.000	20.8	5.5	-200	0	4.5	66.9008	18.9666	44.6675	3.26675	0	0	0	0	0	0	0	0	0	0	0	0	0	0	0	0	0
05.500,00.000	20.9	5.5	-200	0	4.5	66.9704	18.9762	44.7086	3.2856	0	0	0	0	0	0	0	0	0	0	0	0	0	0	0	0	0
05.500,00.000	21	5.5	-200	0	4.5	68.7046	19.2191	45.7273	3.75827	0	0	0	0	0	0	0	0	0	0	0	0	0	0	0	0	0
05.500,00.000	21.1	5.5	-200	0	4.5	71.0879	19.5611	47.1032	4.42352	0	0	0	0	0	0	0	0	0	0	0	0	0	0	0	0	0
05.500,00.000	21.2	5.5	-200	0	4.5	72.3004	19.7487	47.7843	4.76743	0	0	0	0	0	0	0	0	0	0	0	0	0	0	0	0	0
05.500,00.000	21.3	5.5	-200	0	4.5	73.2088	19.883	48.2981	5.02768	0	0	0	0	0	0	0	0	0	0	0	0	0	0	0	0	0
05.500,00.000	21.4	5.5	-200	0	4.5	76.5317	20.3533	50.1717	6.00667	0	0	0	0	0	0	0	0	0	0	0	0	0	0	0	0	0
05.500,00.000	21.5	5.5	-200	0	4.5	77.2561	20.4676	50.562	6.22648	0	0	0	0	0	0	0	0	0	0	0	0	0	0	0	0	0
05.500,00.000	21.6	5.5	-200	0	4.5	79.4316	20.7564	51.7378	6.93741	0	0	0	0	0	0	0	0	0	0	0	0	0	0	0	0	0
05.500,00.000	21.7	5.5	-200	0	4.5	82.4122	21.1508	53.3531	7.90837	0	0	0	0	0	0	0	0	0	0	0	0	0	0	0	0	0
05.500,00.000	21.8	5.5	-200	0	4.5	82.983	21.2332	53.6562	8.09363	0	0	0	0	0	0	0	0	0	0	0	0	0	0	0	0	0
05.500,00.000	21.9	5.5	-200	0	4.5	87.9562	21.9489	56.2891	9.71821	0	0	0	0	0	0	0	0	0	0	0	0	0	0	0	0	0
05.500,00.000	22	5.5	-200	0	4.5	89.255	22.2002	56.9487	10.0199	0.0861674	0	0	0	0	0	0	0	0	0	0	0	0	0	0	0	0
05.500,00.000	22.1	5.5	-200	0	4.5	92.0495	22.6722	58.4232	10.2477	0.706432	0	0	0	0	0	0	0	0	0	0	0	0	0	0	0	0
05.500,00.000	22.2	5.5	-200	0	4.5	93.6931	23.0286	59.239	10.296	1.12953	0	0	0	0	0	0	0	0	0	0	0	0	0	0	0	0
05.500,00.000	22.3	5.5	-200	0	4.5	94.6278	23.213	59.718	10.3207	1.3762	0	0	0	0	0	0	0	0	0	0	0	0	0	0	0	0
05.500,00.000	22.4	5.5	-200	0	4.5	95.8971	23.4933	60.3413	10.3524	1.7101	0	0	0	0	0	0	0	0	0	0	0	0	0	0	0	0
05.500,00.000	22.5	5.5	-200	0	4.5	96.9481	23.7641	60.8181	10.3786	1.98726	0	0	0	0	0	0	0	0	0	0	0	0	0	0	0	0
05.500,00.000	22.6	5.5	-200	0	4.5	97.8768	23.9947	61.2448	10.4017	2.23554	0	0	0	0	0	0	0	0	0	0	0	0	0	0	0	0
05.500,00.000	22.7	5.5	-200	0	4.5	111.707	27.1059	67.3432	10.9312	6.32632	0	0	0	0	0	0	0	0	0	0	0	0	0	0	0	0
05.500,00.000	22.8	5.5	-200	0	4.5	114.919	27.7521	68.6662	11.1416	7.35919	0	0	0	0	0	0	0	0	0	0	0	0	0	0	0	0
05.500,00.000	22.9	5.5	-200	0	4.5	129.025	30.3128	74.449	12.7891	11.4743	0	0	0	0	0	0	0	0	0	0	0	0	0	0	0	0
05.500,00.000	23	5.5	-200	0	4.5	133.528	31.0878	76.2266	13.5344	12.2002	0.478695	0	0	0	0	0	0	0	0	0	0	0	0	0	0	0
05.500,00.000	23.1	5.5	-200	0	4.5	137.271	31.6858	77.733	14.2196	12.5252	1.10748	0	0	0	0	0	0	0	0	0	0	0	0	0	0	0
05.500,00.000	23.2	5.5	-200	0	4.5	139.51	32.0361	78.6253	14.6531	12.7198	1.47518	0	0	0	0	0	0	0	0	0	0	0	0	0	0	0
05.500,00.000	23.3	5.5	-200	0	4.5	140.939	32.2491	79.2032	14.9404	12.8443	1.70205	0	0	0	0	0	0	0	0	0	0	0	0	0	0	0
05.500,00.000	23.4	5.5	-200	0	4.5	147.645	33.2076	81.8639	16.3842	13.4966	2.69284	0	0	0	0	0	0	0	0	0	0	0	0	0	0	0
05.500,00.000	23.5	5.5	-200	0	4.5	149.076	33.4158	82.3641	16.7414	13.6548	2.90021	0	0	0	0	0	0	0	0	0	0	0	0	0	0	0
05.500,00.000	23.6	5.5	-200	0	4.5	153.727	34.0272	84.0766	17.9132	14.1756	3.5347	0	0	0	0	0	0	0	0	0	0	0	0	0	0	0
05.500,00.000	23.7	5.5	-200	0	4.5	156.537	34.3771	85.098	18.6603	14.5032	3.8982	0	0	0	0	0	0	0	0	0	0	0	0	0	0	0
05.500,00.000	23.8	5.5	-200	0	4.5	180.95	37.2552	93.7058	25.3063	17.7086	6.97381	0	0	0	0	0	0	0	0	0	0	0	0	0	0	0
05.500,00.000	23.9	5.5	-200	0	4.5	185.887	37.8933	95.5432	26.4339	18.4283	7.5885	0	0	0	0	0	0	0	0	0	0	0	0	0	0	0
05.500,00.000	24	5.5	-200	0	4.5	201.011	39.8558	101.113	30.2538	20.5346	9.17084	0.0829182	0	0	0	0	0	0	0	0	0	0	0	0	0	0
05.500,00.000	24.1	5.5	-200	0	4.5	207.999	40.7459	103.714	32.0228	21.5308	9.17084	0.81427	0	0	0	0	0	0	0	0	0	0	0	0	0	0
05.500,00.000	24.2	5.5	-200	0	4.5	210.272	41.0594	104.569	32.6019	21.8369	9.17084	1.03359	0	0	0	0	0	0	0	0	0	0	0	0	0	0
05.500,00.000	24.3	5.5	-200	0	4.5	212.637	41.3816	105.471	33.1941	22.1683	9.17084	1.25071	0	0	0	0	0	0	0	0	0	0	0	0	0	0
05.500,00.000	24.4	5.5	-200	0	4.5	225.194	43.0719	110.306	36.2399	23.9933	9.23925	2.34307	0	0	0	0	0	0	0	0	0	0	0	0	0	0
05.500,00.000	24.5	5.5	-200	0	4.5	227.953	43.4582	111.37	36.8717	24.3754	9.30194	2.57555	0	0	0	0	0	0	0	0	0	0	0	0	0	0
05.500,00.000	24.6	5.5	-200	0	4.5	236.308	44.5485	114.565	38.7547	25.6118	9.59013	3.23781	0	0	0	0	0	0	0	0	0	0	0	0	0	0
05.500,00.000	24.7	5.5	-200	0	4.5	245.033	45.7611	117.922	40.5314	26.9804	9.92455	3.91314	0	0	0	0	0	0	0	0	0	0	0	0	0	0
05.500,00.000	24.8	5.5	-200	0	4.5	276.224	49.7502	129.798	46.8349	32.4142	11.1211	6.30587	0	0	0	0	0	0	0	0	0	0	0	0	0	0
05.500,00.000	24.9	5.5	-200	0	4.5	282.332	50.802	131.88	47.9422	33.5971	11.3653	6.74455	0	0	0	0	0	0	0	0	0	0	0	0	0	0
05.500,00.000	25	5.5	-200	0	4.5	306.755	54.7575	140.282	52.8594	38.0312	12.4955	8.32884	0	0	0	0	0	0	0	0	0	0	0	0	0	0
05.500,00.000	25.1	5.5	-200	0	4.5	317.332	56.5429	143.782	55.1412	39.8623	13.016	8.8231	0.164453	0	0	0	0	0	0	0	0	0	0	0	0	0
05.500,00.000	25.2	5.5	-200	0	4.5	320.759	57.102	144.924	55.8586	40.4788	13.209	8.8231	0.363225	0	0	0	0	0	0	0	0	0	0	0	0	0
05.500,00.000	25.3	5.5	-200	0	4.5	324.524	57.7218	146.151	56.6524	41.1703	13.4307	8.8231	0.574676	0	0	0	0	0	0	0	0	0	0	0	0	0
05.500,00.000	25.4	5.5	-200	0	4.5	339.396	60.2008	150.9	59.6504	44.1225	14.3326	8.8231	1.36722	0	0	0	0	0	0	0	0	0	0	0	0	0
05.500,00.000	25.5	5.5	-200	0	4.5	347.104	61.4589	153.339	61.1436	45.7532	14.8154	8.8231	1.77029	0	0	0	0	0	0	0	0	0	0	0	0	0
05.500,00.000	25.6	5.5	-200	0	4.5	351.297	62.1258	154.632	62.0022	46.6516	15.0819	8.8231	1.98049	0	0	0	0	0	0	0	0	0	0	0	0	0
05.500,00.000	25.7	5.5	-200	0	4.5	362.152	63.8462	157.915	64.253	49.0132	15.7956	8.8231	2.50553	0	0	0	0	0	0	0	0	0	0	0	0	0
05.500,00.000	25.8	5.5	-200	0	4.5	385.589	67.5665	165.029	69.1631	53.9766	17.3966	8.8252	3.63224	0	0	0	0	0	0	0	0	0	0	0	0	0
05.500,00.000	25.9	5.5	-200	0	4.5	389.61	68.2431	166.242	70.0045	54.7886	17.6854	8.82699	3.81873	0	0	0	0	0	0	0	0	0	0	0	0	0
05.500,00.000	26	5.5	-200	0	4.5	389.907	68.2929	166.328	70.0685	54.8517	17.7063	8.82735	3.83212	0	0	0	0	0	0	0	0	0	0	0	0	0
05.500,00.000	26.1	5.5	-200	0	4.5	408.75	71.4904	171.656	74.1198	58.8933	19.0622	8.85876	4.66907	0	0	0	0	0	0	0	0	0	0	0	0	0
05.500,00.000	26.2	5.5	-200	0	4.5	418.319	73.189	174.339	76.0964	60.9233	19.8035	8.87797	5.08935	0	0	0	0	0	0	0	0	0	0	0	0	0
05.500,00.000	26.3	5.5	-200	0	4.5	423.1	74.016	175.683	77.1088	61.9369	20.1696	8.89174	5.29369	0	0	0	0	0	0	0	0	0	0	0	0	0
05.500,00.000	26.4	5.5	-200	0	4.5	465.488	81.3478	187.176	86.0561	71.2096	23.4169	9.23089	7.05105	0	0	0	0	0	0	0	0	0	0	0	0	0
05.500,00.000	26.5	5.5	-200	0	4.5	479.288	83.8643	190.679	89.0477	74.1285	24.5279	9.43993	7.60031	0	0	0	0	0	0	0	0	0	0	0	0	0
05.500,00.000	26.6	5.5	-200	0	4.5	479.635	83.9248	190.767	89.1228	74.2039	24.5573	9.44498	7.61392	0	0	0	0	0	0	0	0	0	0	0	0	0
05.500,00.000	26.7	5.5	-200	0	4.5	499.655	87.3589	195.702	93.51	78.6339	26.3075	9.75935	8.38296	0	0	0	0	0	0	0	0	0	0	0	0	0
05.500,00.000	26.8	5.5	-200	0	4.5	504.86	88.3055	196.919	94.6754	79.7053	26.8138	9.8605	8.58004	0	0	0	0	0	0	0	0	0	0	0	0	0
05.500,00.000	26.9	5.5	-200	0	4.5	511.521	89.4557	198.493	96.1504	81.156	27.4507	9.98676	8.72077	0.108122	0	0	0	0	0	0	0	0	0	0	0	0
05.500,00.000	27	5.5	-200	0	4.5	514.594	90.0146	199.198	96.8414	81.7927	27.7529	10.0524	8.72077	0.221336	0	0	0	0	0	0	0	0	0	0	0	0
05.500,00.000	27.1	5.5	-200	0	4.5	515.08	90.0988	199.309	96.9504	81.8989	27.8002	10.0624	8.72077	0.2389	0	0	0	0	0	0	0	0	0	0	0	0
05.500,00.000	27.2	5.5	-200	0	4.5	515.51	90.1728	199.406	97.0482	81.994	27.8426	10.0719	8.72077	0.254366	0	0	0	0	0	0	0	0	0	0	0	0
05.500,00.000	27.3	5.5	-200	0	4.5	515.89	90.2375	199.489	97.1354	82.0788	27.8806	10.0807	8.72077	0.26793	0	0	0	0	0	0	0	0	0	0	0	0
05.500,00.000	27.4	5.5	-200	0	4.5	515.95	90.248	199.501	97.1493	82.0918	27.8867	10.0822	8.72077	0.270062	0	0	0	0	0	0	0	0	0	0	0	0
05.500,00.000	27.5	5.5	-200	0	4.5	515.95	90.2481	199.501	97.1493	82.0917	27.8868	10.0822	8.72077	0.270062	0	0	0	0	0	0	0	0	0	0	0	0
05.500,00.000	27.6	5.5	-200	0	4.5	515.95	90.2481	199.501	97.1493	82.0917	27.8868	10.0822	8.72077	0.270062	0	0	0	0	0	0	0	0	0	0	0	0
05.500,00.000	27.7	5.5	-200	0	4.5	515.95	90.2481	199.501	97.1494	82.0916	27.8868	10.0822	8.72077	0.270062	0	0	0	0	0	0	0	0	0	0	0	0
05.500,00.000	27.8	5.5	-200	0	4.5	556.2	96.678	207.418	106.284	91.6789	32.3717	11.2759	8.72077	1.77301	0	0	0	0	0	0	0	0	0	0	0	0
05.500,00.000	27.9	5.5	-200	0	4.5	568.849	98.842	209.772	109.13	94.5686	33.8482	11.7079	8.72097	2.25887	0	0	0	0	0	0	0	0	0	0	0	0
05.500,00.000	28	5.5	-200	0	4.5	569.29	98.9112	209.855	109.228	94.6748	33.9007	11.7231	8.72114	2.27539	0	0	0	0	0	0	0	0	0	0	0	0
05.500,00.000	28.1	5.5	-200	0	4.5	569.793	98.9887	209.948	109.34	94.7966	33.9624	11.7414	8.72141	2.29431	0	0	0	0	0	0	0	0	0	0	0	0
05.500,00.000	28.2	5.5	-200	0	4.5	570.257	99.0582	210.032	109.442	94.9102	34.0213	11.7592	8.72175	2.31185	0	0	0	0	0	0	0	0	0	0	0	0
05.500,00.000	28.3	5.5	-200	0	4.5	570.688	99.121	210.109	109.537	95.0168	34.0779	11.7764	8.72215	2.32824	0	0	0	0	0	0	0	0	0	0	0	0
05.500,00.000	28.4	5.5	-200	0	4.5	570.757	99.1314	210.12	109.552	95.0334	34.0873	11.7795	8.72222	2.3309	0	0	0	0	0	0	0	0	0	0	0	0
05.500,00.000	28.5	5.5	-200	0	4.5	587.738	101.457	212.947	113.15	99.2746	36.4891	12.6027	8.83292	2.98443	0	0	0	0	0	0	0	0	0	0	0	0
05.500,00.000	28.6	5.5	-200	0	4.5	615.382	105.158	217.21	119.065	106.176	40.4994	14.105	9.1079	4.06072	0	0	0	0	0	0	0	0	0	0	0	0
05.500,00.000	28.7	5.5	-200	0	4.5	620.878	105.923	217.895	120.309	107.515	41.3435	14.4436	9.17308	4.27619	0	0	0	0	0	0	0	0	0	0	0	0
05.500,00.000	28.8	5.5	-200	0	4.5	636.356	107.949	220.03	123.627	111.357	43.8404	15.3235	9.36069	4.86933	0	0	0	0	0	0	0	0	0	0	0	0
05.500,00.000	28.9	5.5	-200	0	4.5	639.69	108.41	220.459	124.307	112.139	44.4124	15.5373	9.42869	4.99729	0	0	0	0	0	0	0	0	0	0	0	0
05.500,00.000	29	5.5	-200	0	4.5	649.667	109.764	221.769	126.355	114.503	46.1262	16.1657	9.60621	5.37864	0	0	0	0	0	0	0	0	0	0	0	0
05.500,00.000	29.1	5.5	-200	0	4.5	659.587	111.221	223.065	128.358	116.751	47.8267	16.8123	9.79887	5.75392	0	0	0	0	0	0	0	0	0	0	0	0
05.500,00.000	29.2	5.5	-200	0	4.5	665.516	112.061	223.822	129.549	118.104	48.8638	17.2158	9.91982	5.98098	0	0	0	0	0	0	0	0	0	0	0	0
05.500,00.000	29.3	5.5	-200	0	4.5	670.651	112.777	224.446	130.576	119.277	49.7834	17.5801	10.0317	6.17954	0	0	0	0	0	0	0	0	0	0	0	0
05.500,00.000	29.4	5.5	-200	0	4.5	702.652	117.803	228.014	136.774	126.388	55.5361	19.9005	10.7674	7.46857	0	0	0	0	0	0	0	0	0	0	0	0
05.500,00.000	29.5	5.5	-200	0	4.5	716.743	120.293	229.534	139.42	129.335	58.009	20.9629	11.1243	8.06433	0	0	0	0	0	0	0	0	0	0	0	0
05.500,00.000	29.6	5.5	-200	0	4.5	721.917	121.189	230.063	140.386	130.413	58.9536	21.366	11.2619	8.28519	0	0	0	0	0	0	0	0	0	0	0	0
05.500,00.000	29.7	5.5	-200	0	4.5	727.041	122.081	230.564	141.339	131.465	59.8996	21.7783	11.4077	8.43747	0.0675739	0	0	0	0	0	0	0	0	0	0	0
05.500,00.000	29.8	5.5	-200	0	4.5	735.522	123.655	231.389	142.97	133.233	61.4933	22.5046	11.6724	8.48254	0.122543	0	0	0	0	0	0	0	0	0	0	0
05.500,00.000	29.9	5.5	-200	0	4.5	737.277	124.001	231.562	143.323	133.569	61.8222	22.6652	11.7454	8.487	0.102152	0	0	0	0	0	0	0	0	0	0	0
05.500,00.000	30	5.5	-200	0	4.5	737.709	124.083	231.602	143.403	133.657	61.9047	22.7039	11.7633	8.48941	0.103256	0	0	0	0	0	0	0	0	0	0	0
05.500,00.000	30.1	5.5	-200	0	4.5	738.189	124.173	231.645	143.492	133.753	61.9975	22.7478	11.7844	8.49208	0.10418	0	0	0	0	0	0	0	0	0	0	0
05.500,00.000	30.2	5.5	-200	0	4.5	738.63	124.256	231.685	143.572	133.839	62.0842	22.7889	11.8047	8.49457	0.10654	0	0	0	0	0	0	0	0	0	0	0
05.500,00.000	30.3	5.5	-200	0	4.5	739.037	124.332	231.721	143.645	133.917	62.1653	22.8277	11.8244	8.49697	0.108719	0	0	0	0	0	0	0	0	0	0	0
05.500,00.000	30.4	5.5	-200	0	4.5	739.099	124.344	231.726	143.657	133.927	62.1773	22.8341	11.8278	8.4972	0.108636	0	0	0	0	0	0	0	0	0	0	0
05.500,00.000	30.5	5.5	-200	0	4.5	771.286	130.315	234.651	149.155	139.907	68.6078	26.0228	13.5494	8.8323	0.245818	0	0	0	0	0	0	0	0	0	0	0
05.500,00.000	30.6	5.5	-200	0	4.5	790.415	133.209	236.94	152.119	143.24	72.6873	28.0534	14.7203	9.08044	0.366755	0	0	0	0	0	0	0	0	0	0	0
05.500,00.000	30.7	5.5	-200	0	4.5	801.721	134.898	238.345	153.885	145.222	75.0173	29.2436	15.4479	9.22432	0.43798	0	0	0	0	0	0	0	0	0	0	0
05.500,00.000	30.8	5.5	-200	0	4.5	803.503	135.177	238.58	154.153	145.522	75.3763	29.4273	15.5673	9.24939	0.450256	0	0	0	0	0	0	0	0	0	0	0
05.500,00.000	30.9	5.5	-200	0	4.5	803.77	135.217	238.613	154.194	145.567	75.4313	29.4559	15.5857	9.25309	0.452039	0	0	0	0	0	0	0	0	0	0	0
05.500,00.000	31	5.5	-200	0	4.5	817.86	137.314	240.364	156.351	147.902	78.3489	30.9815	16.5917	9.4578	0.549339	0	0	0	0	0	0	0	0	0	0	0
05.500,00.000	31.1	5.5	-200	0	4.5	825.289	138.457	241.288	157.489	149.038	79.9039	31.7909	17.1412	9.57597	0.604455	0	0	0	0	0	0	0	0	0	0	0
05.500,00.000	31.2	5.5	-200	0	4.5	829.329	139.071	241.773	158.108	149.66	80.7645	32.2433	17.4326	9.64215	0.634288	0	0	0	0	0	0	0	0	0	0	0
05.500,00.000	31.3	5.5	-200	0	4.5	833.443	139.699	242.262	158.741	150.281	81.6431	32.7062	17.7328	9.71267	0.66528	0	0	0	0	0	0	0	0	0	0	0
05.500,00.000	31.4	5.5	-200	0	4.5	838.499	140.471	242.852	159.523	151.026	82.7192	33.275	18.1029	9.80313	0.726303	0	0	0	0	0	0	0	0	0	0	0
05.500,00.000	31.5	5.5	-200	0	4.5	842.978	141.171	243.366	160.215	151.674	83.6714	33.774	18.4291	9.88642	0.790801	0	0	0	0	0	0	0	0	0	0	0
05.500,00.000	31.6	5.5	-200	0	4.5	847.131	141.812	243.837	160.856	152.275	84.5541	34.2436	18.7377	9.96796	0.848268	0	0	0	0	0	0	0	0	0	0	0
05.500,00.000	31.7	5.5	-200	0	4.5	885.066	147.856	248.222	166.384	157.585	92.5625	38.5878	21.6065	10.8864	1.37574	0	0	0	0	0	0	0	0	0	0	0
05.500,00.000	31.8	5.5	-200	0	4.5	892.62	149.081	249.225	167.295	158.624	94.1137	39.4454	22.2288	11.0975	1.51042	0	0	0	0	0	0	0	0	0	0	0
05.500,00.000	31.9	5.5	-200	0	4.5	892.928	149.131	249.264	167.338	158.665	94.1761	39.4797	22.2532	11.1064	1.51482	0	0	0	0	0	0	0	0	0	0	0
05.500,00.000	32	5.5	-200	0	4.5	904.649	151.023	250.74	169.017	160.249	96.5063	40.7789	23.1845	11.4591	1.69045	0	0	0	0	0	0	0	0	0	0	0
05.500,00.000	32.1	5.5	-200	0	4.5	913.607	152.469	251.81	170.283	161.444	98.2312	41.7247	23.9006	11.7343	2.00992	0	0	0	0	0	0	0	0	0	0	0
05.500,00.000	32.2	5.5	-200	0	4.5	918.437	153.227	252.399	170.995	162.073	99.1636	42.2477	24.2883	11.8877	2.15594	0	0	0	0	0	0	0	0	0	0	0
05.500,00.000	32.3	5.5	-200	0	4.5	922.885	153.95	252.91	171.644	162.629	99.9851	42.7162	24.6325	12.0273	2.39003	0	0	0	0	0	0	0	0	0	0	0
05.500,00.000	32.4	5.5	-200	0	4.5	939.695	156.698	254.781	174.13	164.713	102.98	44.4929	25.9331	12.5691	2.84057	0.557409	0	0	0	0	0	0	0	0	0	0
05.500,00.000	32.5	5.5	-200	0	4.5	948.341	158.22	255.789	175.389	165.767	104.382	45.356	26.5682	12.8511	3.08556	0.932747	0	0	0	0	0	0	0	0	0	0
05.500,00.000	32.6	5.5	-200	0	4.5	952.957	159.038	256.305	176.08	166.332	105.15	45.8163	26.8958	13.0037	3.20827	1.12838	0	0	0	0	0	0	0	0	0	0
05.500,00.000	32.7	5.5	-200	0	4.5	977.204	163.364	258.944	179.802	169.305	109.202	48.1204	28.6193	13.8239	3.85338	2.1518	0	0	0.0184841	0	0	0	0	0	0	0
05.500,00.000	32.8	5.5	-200	0	4.5	984.038	164.534	259.712	180.813	170.104	110.275	48.6803	29.0753	14.0521	4.0412	2.42928	0	0	0.322814	0	0	0	0	0	0	0
05.500,00.000	32.9	5.5	-200	0	4.5	984.229	164.568	259.732	180.841	170.126	110.305	48.6971	29.088	14.0586	4.04611	2.4368	0	0	0.33106	0	0	0	0	0	0	0
05.500,00.000	33	5.5	-200	0	4.5	1004.99	168.437	261.733	183.908	172.499	113.585	50.5364	30.4325	14.903	4.46446	3.26238	0	0	1.23261	0	0	0	0	0	0	0
05.500,00.000	33.1	5.5	-200	0	4.5	1015.42	170.464	262.75	185.421	173.684	115.168	51.4835	31.004	15.3531	4.71111	3.68772	0	0	1.69408	0	0	0	0	0	0	0
05.500,00.000	33.2	5.5	-200	0	4.5	1020.39	171.459	263.238	186.131	174.24	115.933	51.917	31.2887	15.5554	4.83607	3.88591	0	0	1.9085	0	0	0	0	0	0	0
05.500,00.000	33.3	5.5	-200	0	4.5	1025.34	172.468	263.72	186.828	174.791	116.701	52.3421	31.5713	15.7584	4.95983	4.08208	0	0	2.12038	0	0	0	0	0	0	0
05.500,00.000	33.4	5.5	-200	0	4.5	1030.31	173.502	264.207	187.506	175.342	117.479	52.7625	31.8522	15.9618	5.08379	4.27834	0	0	2.33198	0	0	0	0	0	0	0
05.500,00.000	33.5	5.5	-200	0	4.5	1035.27	174.544	264.705	188.173	175.888	118.263	53.1764	32.1314	16.1634	5.20713	4.47466	0	0	2.5433	0	0	0	0	0	0	0
05.500,00.000	33.6	5.5	-200	0	4.5	1044.6	176.511	265.652	189.425	176.915	119.701	53.932	32.6729	16.551	5.44036	4.85288	0	0	2.9495	0	0	0	0	0	0	0
05.500,00.000	33.7	5.5	-200	0	4.5	1046.69	176.972	265.887	189.7	177.137	120.014	54.0924	32.7855	16.6365	5.49084	4.92885	0	0	3.04317	0	0	0	0	0	0	0
05.500,00.000	33.8	5.5	-200	0	4.5	1065.31	181.069	267.784	192.095	179.192	122.985	55.6042	33.9229	17.4411	5.98406	5.23238	0.114616	0	3.88499	0	0	0	0	0	0	0
05.500,00.000	33.9	5.5	-200	0	4.5	1069.54	182.033	268.276	192.569	179.644	123.64	55.9305	34.1748	17.622	6.10846	5.29067	0.168534	0	4.08142	0	0	0	0	0	0	0
05.500,00.000	34	5.5	-200	0	4.5	1080.24	184.321	269.473	193.85	180.822	125.395	56.7727	34.8418	18.0979	6.40781	5.37659	0.306446	0	4.57736	0	0	0	0	0	0	0
05.500,00.000	34.1	5.5	-200	0	4.5	1086.9	185.714	270.233	194.604	181.551	126.473	57.289	35.2623	18.3805	6.60091	5.44364	0.459038	0	4.89025	0	0	0	0	0	0	0
05.500,00.000	34.2	5.5	-200	0	4.5	1091.33	186.659	270.726	195.092	182.036	127.182	57.6323	35.5449	18.5761	6.72268	5.50105	0.556073	0	5.09774	0	0	0	0	0	0	0
05.500,00.000	34.3	5.5	-200	0	4.5	1095.73	187.619	271.214	195.563	182.508	127.883	57.9697	35.83	18.773	6.84588	5.56025	0.656542	0	5.30542	0	0	0	0	0	0	0
05.500,00.000	34.4	5.5	-200	0	4.5	1100.09	188.548	271.743	196.016	182.965	128.574	58.3022	36.1167	18.9708	6.96742	5.62117	0.755855	0	5.51286	0	0	0	0	0	0	0
05.500,00.000	34.5	5.5	-200	0	4.5	1104.42	189.476	272.281	196.452	183.406	129.255	58.6296	36.4049	19.1725	7.08641	5.68364	0.851596	0	5.71431	0.0056677	0	0	0	0	0	0
05.500,00.000	34.6	5.5	-200	0	4.5	1109.73	190.616	272.955	196.974	183.935	130.092	59.034	36.7527	19.4304	7.23152	5.76292	0.964799	0	5.72318	0.25596	0	0	0	0	0	0
05.500,00.000	34.7	5.5	-200	0	4.5	1112.45	191.213	273.306	197.229	184.2	130.515	59.2404	36.9303	19.5617	7.3067	5.80828	1.02399	0	5.72318	0.389811	0	0	0	0	0	0
05.500,00.000	34.8	5.5	-200	0	4.5	1125.45	194.116	274.989	198.44	185.408	132.535	60.215	37.8127	20.216	7.67627	6.00582	1.27787	0	5.72318	1.03351	0	0	0	0	0	0
05.500,00.000	34.9	5.5	-200	0	4.5	1128.42	194.802	275.402	198.68	185.682	132.982	60.4294	37.9975	20.3514	7.77974	6.06773	1.34377	0	5.72318	1.17908	0	0	0	0	0	0
05.500,00.000	35	5.5	-200	0	4.5	1136.92	196.814	276.581	199.4	186.419	134.255	61.0219	38.5773	20.7812	8.04	6.20773	1.50223	0	5.72318	1.60076	0	0	0	0	0	0
05.500,00.000	35.1	5.5	-200	0	4.5	1142.66	198.178	277.462	199.848	186.907	135.104	61.3978	38.9163	21.0553	8.25747	6.31264	1.61147	0	5.72318	1.88484	0	0	0	0	0	0
05.500,00.000	35.2	5.5	-200	0	4.5	1146.63	199.157	278.054	200.146	187.234	135.691	61.6386	39.1773	21.2553	8.40522	6.3822	1.68165	0	5.72318	2.08829	0	0	0	0	0	0
05.500,00.000	35.3	5.5	-200	0	4.5	1150.58	200.183	278.631	200.426	187.532	136.26	61.8734	39.4454	21.4556	8.56142	6.45279	1.74914	0	5.72318	2.29248	0	0	0	0	0	0
05.500,00.000	35.4	5.5	-200	0	4.5	1158.26	202.219	279.736	200.945	188.104	137.312	62.3142	39.98	21.8484	8.86017	6.65594	1.87471	0	5.72318	2.69088	0	0	0	0	0	0
05.500,00.000	35.5	5.5	-200	0	4.5	1163.35	203.585	280.474	201.266	188.475	137.998	62.5901	40.3392	22.1051	9.07529	6.79854	1.95935	0	5.72318	2.95855	0	0	0	0	0	0
05.500,00.000	35.6	5.5	-200	0	4.5	1173.97	206.393	281.963	201.939	189.227	139.406	63.1965	41.1559	22.6874	9.5241	7.09004	2.13074	0	5.72318	3.53164	0	0	0	0	0	0
05.500,00.000	35.7	5.5	-200	0	4.5	1181.94	208.628	283.063	202.404	189.767	140.423	63.6265	41.7809	23.1225	9.88321	7.31078	2.25328	0	5.72318	3.95946	0	0	0	0	0	0
05.500,00.000	35.8	5.5	-200	0	4.5	1182.79	208.89	283.173	202.442	189.822	140.528	63.6666	41.8482	23.1727	9.92034	7.33584	2.26577	0	5.72318	4.00475	0	0	0	0	0	0
05.500,00.000	35.9	5.5	-200	0	4.5	1183.22	209.023	283.23	202.463	189.848	140.578	63.6875	41.8834	23.1988	9.93777	7.3474	2.27155	0	5.72318	4.0277	0	0	0	0	0	0
05.500,00.000	36	5.5	-200	0	4.5	1190.67	211.364	284.218	202.827	190.291	141.427	64.0552	42.513	23.6722	10.2361	7.54278	2.36801	0	5.72318	4.43456	0	0	0	0	0	0
05.500,00.000	36.1	5.5	-200	0	4.5	1195.66	213.023	284.856	203.034	190.578	141.987	64.286	42.9144	23.9948	10.4485	7.67864	2.4304	0	5.72318	4.71024	0	0	0	0	0	0
05.500,00.000	36.2	5.5	-200	0	4.5	1198.9	213.906	285.31	203.184	190.775	142.377	64.4503	43.187	24.2332	10.5972	7.77212	2.47223	0	5.72318	4.91047	0	0	0	0	0	0
05.500,00.000	36.3	5.5	-200	0	4.5	1202.18	214.863	285.754	203.324	190.962	142.753	64.6064	43.4612	24.4776	10.7438	7.88591	2.51104	0	5.72318	5.11086	0	0	0	0	0	0
05.500,00.000	36.4	5.5	-200	0	4.5	1205.65	216.065	286.187	203.454	191.137	143.114	64.7548	43.7376	24.7264	10.8897	8.0003	2.54678	0	5.72331	5.31124	0	0	0	0	0	0
05.500,00.000	36.5	5.5	-200	0	4.5	1209.09	217.301	286.606	203.573	191.301	143.459	64.8956	44.0135	24.9792	11.0345	8.11458	2.57943	0	5.72359	5.51156	0	0	0	0	0	0
05.500,00.000	36.6	5.5	-200	0	4.5	1214.75	219.328	287.302	203.757	191.557	144.011	65.1215	44.4811	25.4107	11.2747	8.30452	2.62904	0	5.7241	5.84876	0	0	0	0	0	0
05.500,00.000	36.7	5.5	-200	0	4.5	1223.88	222.675	288.432	204.03	191.947	144.87	65.4696	45.1554	26.1259	11.6644	8.61314	2.76791	0	5.72685	6.39873	0	0	0	0	0	0
05.500,00.000	36.8	5.5	-200	0	4.5	1225.41	223.281	288.616	204.067	192.011	145.013	65.5273	45.2004	26.2713	11.7374	8.67169	2.7915	0	5.72763	6.49429	0	0	0	0	0	0
05.500,00.000	36.9	5.5	-200	0	4.5	1225.61	223.361	288.64	204.072	192.019	145.031	65.5341	45.213	26.2896	11.7462	8.67874	2.79437	0	5.72789	6.50683	0	0	0	0	0	0
05.500,00.000	37	5.5	-200	0	4.5	1232.74	226.211	289.477	204.236	192.268	145.621	65.7559	45.6439	26.9484	12.0827	8.92679	2.88869	0	5.74029	6.94576	0	0	0	0	0	0
05.500,00.000	37.1	5.5	-200	0	4.5	1237.32	228.091	289.999	204.326	192.413	145.989	65.8924	45.868	27.3936	12.3262	9.09578	2.94779	0	5.75047	7.23063	0	0	0	0	0	0
05.500,00.000	37.2	5.5	-200	0	4.5	1240.59	229.379	290.35	204.385	192.503	146.371	65.9779	46.0532	27.6987	12.4861	9.21061	2.98663	0	5.7603	7.42483	0	0	0	0	0	0
05.500,00.000	37.3	5.5	-200	0	4.5	1243.95	230.674	290.689	204.437	192.586	146.873	66.0566	46.2346	28.0121	12.6458	9.32464	3.02469	0	5.77259	7.61732	0	0	0	0	0	0
05.500,00.000	37.4	5.5	-200	0	4.5	1247.27	231.974	291.017	204.483	192.661	147.361	66.1287	46.4132	28.331	12.8044	9.43972	3.06185	0	5.78733	7.80762	0	0	0	0	0	0
05.500,00.000	37.5	5.5	-200	0	4.5	1250.59	233.293	291.333	204.522	192.73	147.843	66.196	46.5899	28.6578	12.9653	9.55637	3.09834	0	5.80633	7.99705	0	0	0	0	0	0
05.500,00.000	37.6	5.5	-200	0	4.5	1254.33	234.767	291.692	204.559	192.8	148.385	66.2692	46.7789	29.0453	13.1542	9.69251	3.13952	0	5.83414	8.21491	0	0	0	0	0	0
05.500,00.000	37.7	5.5	-200	0	4.5	1265.38	239.031	292.762	204.649	192.99	149.983	66.4782	47.336	30.2343	13.7559	10.1043	3.26101	4.41869e-14	5.92838	8.86936	0	0	0	0	0	0
05.500,00.000	37.8	5.5	-200	0	4.5	1267.63	239.939	292.965	204.657	193.023	150.292	66.5183	47.4036	30.4761	13.9078	10.1836	3.29887	0.0168223	5.95168	8.99801	0	0	0	0	0	0
05.500,00.000	37.9	5.5	-200	0	4.5	1267.79	240.005	292.98	204.657	193.025	150.313	66.5209	47.41	30.4932	13.9169	10.1892	3.30155	0.0180827	5.95355	9.00703	0	0	0	0	0	0
05.500,00.000	38	5.5	-200	0	4.5	1274.91	242.924	293.614	204.686	193.111	151.247	66.6287	47.6824	31.2627	14.3466	10.439	3.4225	0.076271	6.06135	9.40838	0	0	0	0	0	0
05.500,00.000	38.1	5.5	-200	0	4.5	1279.49	244.816	294.003	204.698	193.159	151.829	66.6937	47.8086	31.7531	14.6472	10.597	3.55806	0.113851	6.15126	9.6611	0	0	0	0	0	0
05.500,00.000	38.2	5.5	-200	0	4.5	1282.62	246.124	294.264	204.705	193.188	152.219	66.7344	47.9017	32.0945	14.8442	10.7044	3.65391	0.140508	6.21415	9.72689	0.106659	0	0	0	0	0
05.500,00.000	38.3	5.5	-200	0	4.5	1285.73	247.433	294.515	204.71	193.212	152.599	66.7716	47.9921	32.436	15.0435	10.8103	3.75163	0.167757	6.28234	9.74545	0.2586	0	0	0	0	0
05.500,00.000	38.4	5.5	-200	0	4.5	1288.82	248.739	294.754	204.714	193.249	152.968	66.8051	48.0777	32.7766	15.2466	10.9152	3.85085	0.195491	6.35601	9.75679	0.415242	0	0	0	0	0
05.500,00.000	38.5	5.5	-200	0	4.5	1291.91	250.042	294.982	204.716	193.299	153.294	66.8712	48.1601	33.1198	15.4551	11.0229	3.95252	0.223967	6.43553	9.76094	0.57836	0	0	0	0	0
05.500,00.000	38.6	5.5	-200	0	4.5	1301.11	253.484	295.839	204.719	193.449	153.609	67.7386	48.4187	34.1941	16.1073	11.3472	4.27041	0.398803	6.68221	9.76094	1.09327	0	0	0	0	0
05.500,00.000	38.7	5.5	-200	0	4.5	1304.91	254.816	296.382	204.72	193.507	153.697	68.1064	48.5052	34.6076	16.3833	11.4718	4.39615	0.469071	6.79275	9.76101	1.29376	0	0	0	0	0
05.500,00.000	38.8	5.5	-200	0	4.5	1305.06	254.867	296.404	204.72	193.509	153.7	68.1213	48.5089	34.6244	16.3944	11.4769	4.40125	0.472033	6.79756	9.76103	1.30183	0	0	0	0	0
05.500,00.000	38.9	5.5	-200	0	4.5	1308.73	256.168	296.931	204.72	193.562	153.766	68.4765	48.5881	35.0152	16.6708	11.596	4.51955	0.544311	6.92067	9.76194	1.49138	0	0	0	0	0
05.500,00.000	39	5.5	-200	0	4.5	1313.87	258	297.672	204.719	193.636	153.849	68.9725	48.6881	35.5486	17.0743	11.7598	4.6811	0.646816	7.1026	9.76415	1.7525	0	0	0	0	0
05.500,00.000	39.1	5.5	-200	0	4.5	1317.36	259.226	298.18	204.719	193.686	153.9	69.3148	48.7525	35.9088	17.3575	11.8753	4.78966	0.718741	7.23391	9.76744	1.92997	0	0	0	0	0
05.500,00.000	39.2	5.5	-200	0	4.5	1320.27	260.255	298.599	204.719	193.727	153.938	69.6011	48.8042	36.2027	17.5935	11.9745	4.87769	0.77996	7.34774	9.77191	2.07587	0	0	0	0	0
05.500,00.000	39.3	5.5	-200	0	4.5	1323.28	261.315	299.034	204.719	193.771	153.973	69.9005	48.8538	36.502	17.8452	12.0781	4.96696	0.845003	7.47206	9.77818	2.2259	0	0	0	0	0
05.500,00.000	39.4	5.5	-200	0	4.5	1326.26	262.352	299.463	204.719	193.815	154.004	70.1997	48.8987	36.7929	18.1026	12.182	5.05346	0.911013	7.60144	9.78604	2.37338	0	0	0	0	0
05.500,00.000	39.5	5.5	-200	0	4.5	1329.21	263.374	299.892	204.719	193.859	154.032	70.5012	48.9397	37.0781	18.3662	12.2857	5.13783	0.978536	7.73624	9.79601	2.51958	0	0	0	0	0
05.500,00.000	39.6	5.5	-200	0	4.5	1333.63	264.791	300.534	204.719	193.928	154.069	70.9766	48.9989	37.5154	18.7813	12.4557	5.26596	1.08617	7.94689	9.81488	2.74635	0	0	0	0	0
05.500,00.000	39.7	5.5	-200	0	4.5	1341.31	266.852	301.934	204.719	194.05	154.164	71.8039	49.0953	38.2582	19.5195	12.7611	5.48237	1.303	8.37825	9.85678	3.1367	0	0	0	0	0
05.500,00.000	39.8	5.5	-200	0	4.5	1342.76	267.217	302.208	204.719	194.085	154.188	71.9519	49.1068	38.3871	19.6637	12.812	5.52064	1.34743	8.48065	9.86541	3.2062	0	0	0	0	0
05.500,00.000	39.9	5.5	-200	0	4.5	1346.55	268.157	302.973	204.719	194.18	154.25	72.3498	49.1457	38.7221	20.0447	12.919	5.61913	1.46868	8.7199	9.89599	3.39045	0	0	0	0	0
05.500,00.000	40	5.5	-200	0	4.5	1351.14	269.236	303.892	204.719	194.298	154.324	72.835	49.1888	39.1187	20.5241	13.0679	5.73643	1.61761	9.02965	9.93804	3.6135	0	0	0	0	0
05.500,00.000	40.1	5.5	-200	0	4.5	1353.96	269.872	304.508	204.719	194.371	154.368	73.1258	49.2136	39.3485	20.8198	13.1682	5.8047	1.7072	9.22082	9.96661	3.74589	0	0	0	0	0
05.500,00.000	40.2	5.5	-200	0	4.5	1356.91	270.52	305.155	204.719	194.449	154.413	73.4312	49.24	39.5809	21.1342	13.2845	5.87373	1.801	9.42228	10.0005	3.88331	0	0	0	0	0
05.500,00.000	40.3	5.5	-200	0	4.5	1359.8	271.122	305.805	204.719	194.528	154.457	73.7333	49.2645	39.802	21.4479	13.4029	5.93975	1.89347	9.62888	10.0377	4.01777	0	0	0	0	0
05.500,00.000	40.4	5.5	-200	0	4.5	1362.38	271.64	306.396	204.719	194.6	154.496	74.0026	49.2852	39.9912	21.7311	13.5144	5.99643	1.97557	9.81785	10.075	4.13627	0	0	0	0	0
05.500,00.000	40.5	5.5	-200	0	4.5	1365.2	272.183	307.03	204.719	194.68	154.539	74.2949	49.3073	40.1876	22.0356	13.6528	6.05551	2.09952	10.0282	10.1197	4.26344	0	0	0	0	0
05.500,00.000	40.6	5.5	-200	0	4.5	1375.18	273.96	309	204.719	195.073	154.697	75.3779	49.3894	40.8815	23.1828	14.1954	6.293	2.60149	10.7789	10.2964	4.72862	0	0	0	0	0
05.500,00.000	40.7	5.5	-200	0	4.5	1377.4	274.33	309.467	204.719	195.177	154.732	75.6095	49.4037	41.0244	23.4205	14.3221	6.3533	2.70926	10.9677	10.3369	4.82762	0	0	0	0	0
05.500,00.000	40.8	5.5	-200	0	4.5	1380.7	274.892	310.118	204.719	195.339	154.79	75.9588	49.4275	41.2264	23.7962	14.5091	6.43124	2.86973	11.2364	10.4072	4.97422	0	0	0	0	0
05.500,00.000	40.9	5.5	-200	0	4.5	1381.68	275.044	310.323	204.719	195.388	154.808	76.0624	49.4334	41.284	23.9007	14.569	6.45825	2.9171	11.3255	10.4292	5.01745	0	0	0	0	0
05.500,00.000	41	5.5	-200	0	4.5	1387.11	275.904	311.445	204.719	195.662	154.917	76.6285	49.4666	41.5748	24.5071	14.8899	6.59	3.17043	11.8226	10.5635	5.24929	0	0	0	0	0
05.500,00.000	41.1	5.5	-200	0	4.5	1390.84	276.437	312.22	204.719	195.855	154.998	77.0215	49.4873	41.7667	24.9126	15.1217	6.68721	3.34448	12.1977	10.6626	5.40893	0	0	0	0	0
05.500,00.000	41.2	5.5	-200	0	4.5	1393.37	276.793	312.749	204.719	195.988	155.06	77.2855	49.5004	41.8865	25.1875	15.2817	6.74784	3.45933	12.4581	10.7348	5.5146	0	0	0	0	0
05.500,00.000	41.3	5.5	-200	0	4.5	1396.07	277.173	313.309	204.719	196.132	155.132	77.5674	49.5132	42.005	25.4818	15.4565	6.81071	3.57989	12.7443	10.817	5.62588	0	0	0	0	0
05.500,00.000	41.4	5.5	-200	0	4.5	1398.92	277.562	313.887	204.719	196.285	155.215	77.8622	49.5254	42.1193	25.8173	15.6446	6.87492	3.70378	13.0517	10.9082	5.74066	0	0	0	0	0
05.500,00.000	41.5	5.5	-200	0	4.5	1401.29	277.885	314.37	204.719	196.414	155.289	77.9485	49.6925	42.206	26.0938	15.8044	6.92728	3.80461	13.3136	10.9883	5.83442	0	0	0	0	0
05.500,00.000	41.6	5.5	-200	0	4.5	1404.33	278.27	314.951	204.719	196.589	155.398	77.9772	50.0053	42.312	26.467	16.0233	6.99485	3.93786	13.6242	11.0996	5.95914	0	0	0	0	0
05.500,00.000	41.7	5.5	-200	0	4.5	1411.57	279.263	316.177	204.719	197.019	155.687	78.0128	50.7091	42.5506	27.3885	16.5794	7.15681	4.26075	14.3993	11.382	6.26391	0	0	0	0	0
05.500,00.000	41.8	5.5	-200	0	4.5	1419.85	280.286	317.833	204.84	197.535	156.094	78.061	50.7512	42.8121	28.4952	17.2665	7.34929	4.74324	15.4041	11.7546	6.62638	0	0	0	0	0
05.500,00.000	41.9	5.5	-200	0	4.5	1421.02	280.421	317.978	204.943	197.607	156.158	78.0685	50.7559	42.8463	28.643	17.3712	7.3798	4.81517	15.5496	11.8095	6.67693	0	0	0	0	0
05.500,00.000	42	5.5	-200	0	4.5	1430.96	281.692	319.21	205.498	198.214	156.765	78.1615	50.7947	43.0943	29.9198	18.2738	7.62609	5.42772	16.8545	12.3303	7.1021	0	0	0	0	0