
label	time(d)	x	depth	z	radius	total	0-10	10-20	20-30	30-40	40-50	50-60	60-70	70-80	80-90	90-100	100-110	110-120	120-130	130-140	140-150	150-160	160-170	170-180	180-190	190-200
00.000,00.000	0	0	-200	0	4.5	0	0	0	0	0	0	0	0	0	0	0	0	0	0	0	0	0	0	0	0	0
00.000,00.000	0.1	0	-200	0	4.5	0.293975	0.293975	0	0	0	0	0	0	0	0	0	0	0	0	0	0	0	0	0	0	0
00.000,00.000	0.2	0	-200	0	4.5	0.590923	0.590923	0	0	0	0	0	0	0	0	0	0	0	0	0	0	0	0	0	0	0
00.000,00.000	0.3	0	-200	0	4.5	0.889985	0.889985	0	0	0	0	0	0	0	0	0	0	0	0	0	0	0	0	0	0	0
00.000,00.000	0.4	0	-200	0	4.5	1.19139	1.19139	0	0	0	0	0	0	0	0	0	0	0	0	0	0	0	0	0	0	0
00.000,00.000	0.5	0	-200	0	4.5	1.49517	1.49517	0	0	0	0	0	0	0	0	0	0	0	0	0	0	0	0	0	0	0
00.000,00.000	0.6	0	-200	0	4.5	1.80104	1.80104	0	0	0	0	0	0	0	0	0	0	0	0	0	0	0	0	0	0	0
00.000,00.000	0.7	0	-200	0	4.5	2.10883	2.10883	0	0	0	0	0	0	0	0	0	0	0	0	0	0	0	0	0	0	0
00.000,00.000	0.8	0	-200	0	4.5	2.41869	2.41869	0	0	0	0	0	0	0	0	0	0	0	0	0	0	0	0	0	0	0
00.000,00.000	0.9	0	-200	0	4.5	2.72995	2.72995	0	0	0	0	0	0	0	0	0	0	0	0	0	0	0	0	0	0	0
00.000,00.000	1	0	-200	0	4.5	3.04116	3.04116	0	0	0	0	0	0	0	0	0	0	0	0	0	0	0	0	0	0	0
00.000,00.000	1.1	0	-200	0	4.5	3.35466	3.35466	0	0	0	0	0	0	0	0	0	0	0	0	0	0	0	0	0	0	0
00.000,00.000	1.2	0	-200	0	4.5	3.67275	3.67275	0	0	0	0	0	0	0	0	0	0	0	0	0	0	0	0	0	0	0
00.000,00.000	1.3	0	-200	0	4.5	3.99733	3.99733	0	0	0	0	0	0	0	0	0	0	0	0	0	0	0	0	0	0	0
00.000,00.000	1.4	0	-200	0	4.5	4.32925	4.32925	0	0	0	0	0	0	0	0	0	0	0	0	0	0	0	0	0	0	0
00.000,00.000	1.5	0	-200	0	4.5	4.66926	4.66926	0	0	0	0	0	0	0	0	0	0	0	0	0	0	0	0	0	0	0
00.000,00.000	1.6	0	-200	0	4.5	5.01745	5.01745	0	0	0	0	0	0	0	0	0	0	0	0	0	0	0	0	0	0	0
00.000,00.000	1.7	0	-200	0	4.5	5.37404	5.37404	0	0	0	0	0	0	0	0	0	0	0	0	0	0	0	0	0	0	0
00.000,00.000	1.8	0	-200	0	4.5	5.7404	5.7404	0	0	0	0	0	0	0	0	0	0	0	0	0	0	0	0	0	0	0
00.000,00.000	1.9	0	-200	0	4.5	6.13899	6.13899	0	0	0	0	0	0	0	0	0	0	0	0	0	0	0	0	0	0	0
00.000,00.000	2	0	-200	0	4.5	6.56951	6.56951	0	0	0	0	0	0	0	0	0	0	0	0	0	0	0	0	0	0	0
00.000,00.000	2.1	0	-200	0	4.5	7.05201	7.05201	0	0	0	0	0	0	0	0	0	0	0	0	0	0	0	0	0	0	0
00.000,00.000	2.2	0	-200	0	4.5	7.63491	7.61645	0.0184608	0	0	0	0	0	0	0	0	0	0	0	0	0	0	0	0	0	0
00.000,00.000	2.3	0	-200	0	4.5	8.31533	8.02371	0.291617	0	0	0	0	0	0	0	0	0	0	0	0	0	0	0	0	0	0
00.000,00.000	2.4	0	-200	0	4.5	9.07885	8.50682	0.572027	0	0	0	0	0	0	0	0	0	0	0	0	0	0	0	0	0	0
00.000,00.000	2.5	0	-200	0	4.5	9.90877	9.05659	0.852178	0	0	0	0	0	0	0	0	0	0	0	0	0	0	0	0	0	0
00.000,00.000	2.6	0	-200	0	4.5	10.8019	9.6706	1.13127	0	0	0	0	0	0	0	0	0	0	0	0	0	0	0	0	0	0
00.000,00.000	2.7	0	-200	0	4.5	11.7631	10.3532	1.40985	0	0	0	0	0	0	0	0	0	0	0	0	0	0	0	0	0	0
00.000,00.000	2.8	0	-200	0	4.5	12.8092	11.1204	1.68878	0	0	0	0	0	0	0	0	0	0	0	0	0	0	0	0	0	0
00.000,00.000	2.9	0	-200	0	4.5	13.9634	11.9924	1.971	0	0	0	0	0	0	0	0	0	0	0	0	0	0	0	0	0	0
00.000,00.000	3	0	-200	0	4.5	15.2136	12.9549	2.25873	0	0	0	0	0	0	0	0	0	0	0	0	0	0	0	0	0	0
00.000,00.000	3.1	0	-200	0	4.5	16.5159	13.9644	2.55144	0	0	0	0	0	0	0	0	0	0	0	0	0	0	0	0	0	0
00.000,00.000	3.2	0	-200	0	4.5	17.7915	14.9478	2.84369	0	0	0	0	0	0	0	0	0	0	0	0	0	0	0	0	0	0
00.000,00.000	3.3	0	-200	0	4.5	19.0587	15.923	3.13574	0	0	0	0	0	0	0	0	0	0	0	0	0	0	0	0	0	0
00.000,00.000	3.4	0	-200	0	4.5	20.3126	16.8846	3.42802	0	0	0	0	0	0	0	0	0	0	0	0	0	0	0	0	0	0
00.000,00.000	3.5	0	-200	0	4.5	21.5408	17.8219	3.71899	0	0	0	0	0	0	0	0	0	0	0	0	0	0	0	0	0	0
00.000,00.000	3.6	0	-200	0	4.5	22.7433	18.7353	4.00809	0	0	0	0	0	0	0	0	0	0	0	0	0	0	0	0	0	0
00.000,00.000	3.7	0	-200	0	4.5	23.9275	19.6318	4.29575	0	0	0	0	0	0	0	0	0	0	0	0	0	0	0	0	0	0
00.000,00.000	3.8	0	-200	0	4.5	25.1021	20.5199	4.58221	0	0	0	0	0	0	0	0	0	0	0	0	0	0	0	0	0	0
00.000,00.000	3.9	0	-200	0	4.5	26.2742	21.4069	4.86733	0	0	0	0	0	0	0	0	0	0	0	0	0	0	0	0	0	0
00.000,00.000	4	0	-200	0	4.5	27.4495	22.2974	5.15217	0	0	0	0	0	0	0	0	0	0	0	0	0	0	0	0	0	0
00.000,00.000	4.1	0	-200	0	4.5	28.6263	23.1889	5.43735	0	0	0	0	0	0	0	0	0	0	0	0	0	0	0	0	0	0
00.000,00.000	4.2	0	-200	0	4.5	29.8036	24.0801	5.72354	0	0	0	0	0	0	0	0	0	0	0	0	0	0	0	0	0	0
00.000,00.000	4.3	0	-200	0	4.5	30.9808	24.97	6.01077	0	0	0	0	0	0	0	0	0	0	0	0	0	0	0	0	0	0
00.000,00.000	4.4	0	-200	0	4.5	32.1539	25.855	6.29893	0	0	0	0	0	0	0	0	0	0	0	0	0	0	0	0	0	0
00.000,00.000	4.5	0	-200	0	4.5	33.2536	26.6668	6.58687	0	0	0	0	0	0	0	0	0	0	0	0	0	0	0	0	0	0
00.000,00.000	4.6	0	-200	0	4.5	34.1171	27.2086	6.90848	0	0	0	0	0	0	0	0	0	0	0	0	0	0	0	0	0	0
00.000,00.000	4.7	0	-200	0	4.5	34.9698	27.4723	7.49748	0	0	0	0	0	0	0	0	0	0	0	0	0	0	0	0	0	0
00.000,00.000	4.8	0	-200	0	4.5	35.6261	27.7306	7.89555	0	0	0	0	0	0	0	0	0	0	0	0	0	0	0	0	0	0
00.000,00.000	4.9	0	-200	0	4.5	36.1639	27.9854	8.17853	0	0	0	0	0	0	0	0	0	0	0	0	0	0	0	0	0	0
00.000,00.000	5	0	-200	0	4.5	36.6971	28.081	8.61604	0	0	0	0	0	0	0	0	0	0	0	0	0	0	0	0	0	0
00.000,00.000	5.1	0	-200	0	4.5	37.2284	28.0896	9.13881	0	0	0	0	0	0	0	0	0	0	0	0	0	0	0	0	0	0
00.000,00.000	5.2	0	-200	0	4.5	37.7617	28.1018	9.65986	0	0	0	0	0	0	0	0	0	0	0	0	0	0	0	0	0	0
00.000,00.000	5.3	0	-200	0	4.5	38.2988	28.1182	10.1806	0	0	0	0	0	0	0	0	0	0	0	0	0	0	0	0	0	0
00.000,00.000	5.4	0	-200	0	4.5	38.8395	28.1372	10.7023	0	0	0	0	0	0	0	0	0	0	0	0	0	0	0	0	0	0
00.000,00.000	5.5	0	-200	0	4.5	39.3815	28.1586	11.223	0	0	0	0	0	0	0	0	0	0	0	0	0	0	0	0	0	0
00.000,00.000	5.6	0	-200	0	4.5	39.9129	28.1832	11.7296	0	0	0	0	0	0	0	0	0	0	0	0	0	0	0	0	0	0
00.000,00.000	5.7	0	-200	0	4.5	40.2179	28.2102	12.0077	0	0	0	0	0	0	0	0	0	0	0	0	0	0	0	0	0	0
00.000,00.000	5.8	0	-200	0	4.5	40.5285	28.2399	12.2555	0.0331039	0	0	0	0	0	0	0	0	0	0	0	0	0	0	0	0	0
00.000,00.000	5.9	0	-200	0	4.5	40.8402	28.2734	12.2563	0.310415	0	0	0	0	0	0	0	0	0	0	0	0	0	0	0	0	0
00.000,00.000	6	0	-200	0	4.5	41.1534	28.3103	12.2563	0.586805	0	0	0	0	0	0	0	0	0	0	0	0	0	0	0	0	0
00.000,00.000	6.1	0	-200	0	4.5	41.4693	28.3505	12.2564	0.862365	0	0	0	0	0	0	0	0	0	0	0	0	0	0	0	0	0
00.000,00.000	6.2	0	-200	0	4.5	41.7898	28.3953	12.2573	1.13718	0	0	0	0	0	0	0	0	0	0	0	0	0	0	0	0	0
00.000,00.000	6.3	0	-200	0	4.5	42.1133	28.4435	12.2584	1.41133	0	0	0	0	0	0	0	0	0	0	0	0	0	0	0	0	0
00.000,00.000	6.4	0	-200	0	4.5	42.4411	28.4961	12.2602	1.68484	0	0	0	0	0	0	0	0	0	0	0	0	0	0	0	0	0
00.000,00.000	6.5	0	-200	0	4.5	42.7759	28.5552	12.2637	1.95707	0	0	0	0	0	0	0	0	0	0	0	0	0	0	0	0	0
00.000,00.000	6.6	0	-200	0	4.5	43.1183	28.6205	12.2686	2.22925	0	0	0	0	0	0	0	0	0	0	0	0	0	0	0	0	0
00.000,00.000	6.7	0	-200	0	4.5	43.4673	28.6909	12.276	2.50037	0	0	0	0	0	0	0	0	0	0	0	0	0	0	0	0	0
00.000,00.000	6.8	0	-200	0	4.5	43.8278	28.7717	12.285	2.77109	0	0	0	0	0	0	0	0	0	0	0	0	0	0	0	0	0
00.000,00.000	6.9	0	-200	0	4.5	44.2023	28.8639	12.2968	3.04155	0	0	0	0	0	0	0	0	0	0	0	0	0	0	0	0	0
00.000,00.000	7	0	-200	0	4.5	44.5896	28.9674	12.311	3.31122	0	0	0	0	0	0	0	0	0	0	0	0	0	0	0	0	0
00.000,00.000	7.1	0	-200	0	4.5	44.9959	29.0871	12.3287	3.58012	0	0	0	0	0	0	0	0	0	0	0	0	0	0	0	0	0
00.000,00.000	7.2	0	-200	0	4.5	45.42	29.2226	12.349	3.84834	0	0	0	0	0	0	0	0	0	0	0	0	0	0	0	0	0
00.000,00.000	7.3	0	-200	0	4.5	45.8637	29.3753	12.3725	4.11591	0	0	0	0	0	0	0	0	0	0	0	0	0	0	0	0	0
00.000,00.000	7.4	0	-200	0	4.5	46.3304	29.5471	12.4005	4.38274	0	0	0	0	0	0	0	0	0	0	0	0	0	0	0	0	0
00.000,00.000	7.5	0	-200	0	4.5	46.813	29.7336	12.4311	4.64834	0	0	0	0	0	0	0	0	0	0	0	0	0	0	0	0	0
00.000,00.000	7.6	0	-200	0	4.5	47.3208	29.9402	12.4671	4.91349	0	0	0	0	0	0	0	0	0	0	0	0	0	0	0	0	0
00.000,00.000	7.7	0	-200	0	4.5	47.8514	30.1669	12.5066	5.17797	0	0	0	0	0	0	0	0	0	0	0	0	0	0	0	0	0
00.000,00.000	7.8	0	-200	0	4.5	48.4065	30.414	12.5505	5.44198	0	0	0	0	0	0	0	0	0	0	0	0	0	0	0	0	0
00.000,00.000	7.9	0	-200	0	4.5	48.9939	30.6889	12.5994	5.70557	0	0	0	0	0	0	0	0	0	0	0	0	0	0	0	0	0
00.000,00.000	8	0	-200	0	4.5	49.6118	30.9909	12.6524	5.96855	0	0	0	0	0	0	0	0	0	0	0	0	0	0	0	0	0
00.000,00.000	8.1	0	-200	0	4.5	50.2619	31.3211	12.7099	6.23092	0	0	0	0	0	0	0	0	0	0	0	0	0	0	0	0	0
00.000,00.000	8.2	0	-200	0	4.5	50.9579	31.6924	12.7728	6.49269	0	0	0	0	0	0	0	0	0	0	0	0	0	0	0	0	0
00.000,00.000	8.3	0	-200	0	4.5	51.7038	32.1086	12.8413	6.75384	0	0	0	0	0	0	0	0	0	0	0	0	0	0	0	0	0
00.000,00.000	8.4	0	-200	0	4.5	52.4952	32.5648	12.916	7.01437	0	0	0	0	0	0	0	0	0	0	0	0	0	0	0	0	0
00.000,00.000	8.5	0	-200	0	4.5	53.3145	33.0442	12.9964	7.27389	0	0	0	0	0	0	0	0	0	0	0	0	0	0	0	0	0
00.000,00.000	8.6	0	-200	0	4.5	54.1679	33.5524	13.0827	7.53284	0	0	0	0	0	0	0	0	0	0	0	0	0	0	0	0	0
00.000,00.000	8.7	0	-200	0	4.5	55.0522	34.0862	13.1748	7.79117	0	0	0	0	0	0	0	0	0	0	0	0	0	0	0	0	0
00.000,00.000	8.8	0	-200	0	4.5	55.9707	34.6494	13.2722	8.04916	0	0	0	0	0	0	0	0	0	0	0	0	0	0	0	0	0
00.000,00.000	8.9	0	-200	0	4.5	56.9391	35.2549	13.3772	8.30706	0	0	0	0	0	0	0	0	0	0	0	0	0	0	0	0	0
00.000,00.000	9	0	-200	0	4.5	57.9631	35.9055	13.4932	8.56445	0	0	0	0	0	0	0	0	0	0	0	0	0	0	0	0	0
00.000,00.000	9.1	0	-200	0	4.5	59.0445	36.6059	13.6172	8.82143	0	0	0	0	0	0	0	0	0	0	0	0	0	0	0	0	0
00.000,00.000	9.2	0	-200	0	4.5	60.185	37.3576	13.7494	9.07799	0	0	0	0	0	0	0	0	0	0	0	0	0	0	0	0	0
00.000,00.000	9.3	0	-200	0	4.5	61.3842	38.1597	13.8903	9.33416	0	0	0	0	0	0	0	0	0	0	0	0	0	0	0	0	0
00.000,00.000	9.4	0	-200	0	4.5	62.6359	39.0109	14.0351	9.58998	0	0	0	0	0	0	0	0	0	0	0	0	0	0	0	0	0
00.000,00.000	9.5	0	-200	0	4.5	63.9195	39.9015	14.1729	9.84506	0	0	0	0	0	0	0	0	0	0	0	0	0	0	0	0	0
00.000,00.000	9.6	0	-200	0	4.5	65.2385	40.819	14.3195	10.1	0	0	0	0	0	0	0	0	0	0	0	0	0	0	0	0	0
00.000,00.000	9.7	0	-200	0	4.5	66.5961	41.7657	14.4753	10.2638	0.0912196	0	0	0	0	0	0	0	0	0	0	0	0	0	0	0	0
00.000,00.000	9.8	0	-200	0	4.5	68.0006	42.751	14.6396	10.2625	0.347607	0	0	0	0	0	0	0	0	0	0	0	0	0	0	0	0
00.000,00.000	9.9	0	-200	0	4.5	69.4766	43.7972	14.8142	10.2625	0.602748	0	0	0	0	0	0	0	0	0	0	0	0	0	0	0	0
00.000,00.000	10	0	-200	0	4.5	71.0302	44.9064	15.0035	10.2625	0.857838	0	0	0	0	0	0	0	0	0	0	0	0	0	0	0	0
00.000,00.000	10.1	0	-200	0	4.5	72.6833	46.102	15.2062	10.2625	1.11266	0	0	0	0	0	0	0	0	0	0	0	0	0	0	0	0
00.000,00.000	10.2	0	-200	0	4.5	74.4133	47.359	15.4242	10.2627	1.36734	0	0	0	0	0	0	0	0	0	0	0	0	0	0	0	0
00.000,00.000	10.3	0	-200	0	4.5	75.9867	48.681	15.6576	10.264	1.38412	0	0	0	0	0	0	0	0	0	0	0	0	0	0	0	0
00.000,00.000	10.4	0	-200	0	4.5	77.6141	50.0628	15.9063	10.266	1.37905	0	0	0	0	0	0	0	0	0	0	0	0	0	0	0	0
00.000,00.000	10.5	0	-200	0	4.5	79.2873	51.4736	16.1672	10.2699	1.37658	0	0	0	0	0	0	0	0	0	0	0	0	0	0	0	0
00.000,00.000	10.6	0	-200	0	4.5	81.0086	52.9174	16.4395	10.2751	1.37658	0	0	0	0	0	0	0	0	0	0	0	0	0	0	0	0
00.000,00.000	10.7	0	-200	0	4.5	82.7742	54.3947	16.721	10.2819	1.37658	0	0	0	0	0	0	0	0	0	0	0	0	0	0	0	0
00.000,00.000	10.8	0	-200	0	4.5	84.5843	55.9028	17.0138	10.2911	1.37658	0	0	0	0	0	0	0	0	0	0	0	0	0	0	0	0
00.000,00.000	10.9	0	-200	0	4.5	86.4881	57.4906	17.3186	10.3024	1.37658	0	0	0	0	0	0	0	0	0	0	0	0	0	0	0	0
00.000,00.000	11	0	-200	0	4.5	88.4853	59.1571	17.6357	10.3159	1.37658	0	0	0	0	0	0	0	0	0	0	0	0	0	0	0	0
00.000,00.000	11.1	0	-200	0	4.5	90.5743	60.8983	17.9675	10.332	1.37658	0	0	0	0	0	0	0	0	0	0	0	0	0	0	0	0
00.000,00.000	11.2	0	-200	0	4.5	92.7748	62.7339	18.314	10.3503	1.37658	0	0	0	0	0	0	0	0	0	0	0	0	0	0	0	0
00.000,00.000	11.3	0	-200	0	4.5	95.0768	64.6536	18.6755	10.3711	1.37658	0	0	0	0	0	0	0	0	0	0	0	0	0	0	0	0
00.000,00.000	11.4	0	-200	0	4.5	97.4651	66.6406	19.0514	10.3964	1.37658	0	0	0	0	0	0	0	0	0	0	0	0	0	0	0	0
00.000,00.000	11.5	0	-200	0	4.5	99.8921	68.6531	19.4376	10.4248	1.37658	0	0	0	0	0	0	0	0	0	0	0	0	0	0	0	0
00.000,00.000	11.6	0	-200	0	4.5	102.361	70.6945	19.833	10.4567	1.37658	0	0	0	0	0	0	0	0	0	0	0	0	0	0	0	0
00.000,00.000	11.7	0	-200	0	4.5	104.883	72.7769	20.2373	10.4926	1.37658	0	0	0	0	0	0	0	0	0	0	0	0	0	0	0	0
00.000,00.000	11.8	0	-200	0	4.5	107.491	74.9165	20.6657	10.532	1.37658	0	0	0	0	0	0	0	0	0	0	0	0	0	0	0	0
00.000,00.000	11.9	0	-200	0	4.5	110.225	77.1642	21.1093	10.575	1.37658	0	0	0	0	0	0	0	0	0	0	0	0	0	0	0	0
00.000,00.000	12	0	-200	0	4.5	113.16	79.5774	21.5825	10.624	1.37658	0	0	0	0	0	0	0	0	0	0	0	0	0	0	0	0
00.000,00.000	12.1	0	-200	0	4.5	116.187	82.0604	22.0726	10.6773	1.37658	0	0	0	0	0	0	0	0	0	0	0	0	0	0	0	0
00.000,00.000	12.2	0	-200	0	4.5	119.178	84.503	22.5644	10.734	1.37658	0	0	0	0	0	0	0	0	0	0	0	0	0	0	0	0
00.000,00.000	12.3	0	-200	0	4.5	122.237	86.9534	23.1116	10.795	1.37658	0	0	0	0	0	0	0	0	0	0	0	0	0	0	0	0
00.000,00.000	12.4	0	-200	0	4.5	125.351	89.4429	23.6718	10.8601	1.37658	0	0	0	0	0	0	0	0	0	0	0	0	0	0	0	0
00.000,00.000	12.5	0	-200	0	4.5	129.149	92.4611	24.3666	10.9444	1.37658	0	0	0	0	0	0	0	0	0	0	0	0	0	0	0	0
00.000,00.000	12.6	0	-200	0	4.5	132.804	95.3487	25.0474	11.0311	1.37658	0	0	0	0	0	0	0	0	0	0	0	0	0	0	0	0
00.000,00.000	12.7	0	-200	0	4.5	136.133	97.8388	25.8013	11.1166	1.37658	0	0	0	0	0	0	0	0	0	0	0	0	0	0	0	0
00.000,00.000	12.8	0	-200	0	4.5	138.44	99.4182	26.4667	11.179	1.37658	0	0	0	0	0	0	0	0	0	0	0	0	0	0	0	0
00.000,00.000	12.9	0	-200	0	4.5	141.509	101.373	27.4939	11.2659	1.37658	0	0	0	0	0	0	0	0	0	0	0	0	0	0	0	0
00.000,00.000	13	0	-200	0	4.5	145.149	103.577	28.8226	11.373	1.37658	0	0	0	0	0	0	0	0	0	0	0	0	0	0	0	0
00.000,00.000	13.1	0	-200	0	4.5	148.582	105.657	30.0702	11.4776	1.37658	0	0	0	0	0	0	0	0	0	0	0	0	0	0	0	0
00.000,00.000	13.2	0	-200	0	4.5	151.995	107.732	31.3018	11.5846	1.37658	0	0	0	0	0	0	0	0	0	0	0	0	0	0	0	0
00.000,00.000	13.3	0	-200	0	4.5	155.487	109.855	32.5563	11.6987	1.37658	0	0	0	0	0	0	0	0	0	0	0	0	0	0	0	0
00.000,00.000	13.4	0	-200	0	4.5	159.041	112.012	33.8329	11.8194	1.37658	0	0	0	0	0	0	0	0	0	0	0	0	0	0	0	0
00.000,00.000	13.5	0	-200	0	4.5	164.1	115.026	35.6939	12.0038	1.37658	0	0	0	0	0	0	0	0	0	0	0	0	0	0	0	0
00.000,00.000	13.6	0	-200	0	4.5	168.511	117.625	37.3345	12.1745	1.37658	0	0	0	0	0	0	0	0	0	0	0	0	0	0	0	0
00.000,00.000	13.7	0	-200	0	4.5	172.216	119.794	38.7205	12.3248	1.37658	0	0	0	0	0	0	0	0	0	0	0	0	0	0	0	0
00.000,00.000	13.8	0	-200	0	4.5	174.297	120.997	39.5099	12.4129	1.37658	0	0	0	0	0	0	0	0	0	0	0	0	0	0	0	0
00.000,00.000	13.9	0	-200	0	4.5	176.915	122.511	40.499	12.5283	1.37658	0	0	0	0	0	0	0	0	0	0	0	0	0	0	0	0
00.000,00.000	14	0	-200	0	4.5	181.349	125.061	42.1804	12.7307	1.37665	0	0	0	0	0	0	0	0	0	0	0	0	0	0	0	0
00.000,00.000	14.1	0	-200	0	4.5	185.215	127.268	43.6564	12.9128	1.37794	0	0	0	0	0	0	0	0	0	0	0	0	0	0	0	0
00.000,00.000	14.2	0	-200	0	4.5	188.837	129.319	45.0485	13.0891	1.37985	0	0	0	0	0	0	0	0	0	0	0	0	0	0	0	0
00.000,00.000	14.3	0	-200	0	4.5	192.485	131.345	46.4848	13.2727	1.38262	0	0	0	0	0	0	0	0	0	0	0	0	0	0	0	0
00.000,00.000	14.4	0	-200	0	4.5	196.132	133.355	47.9282	13.4629	1.38638	0	0	0	0	0	0	0	0	0	0	0	0	0	0	0	0
00.000,00.000	14.5	0	-200	0	4.5	202.763	136.941	50.5994	13.8262	1.39639	0	0	0	0	0	0	0	0	0	0	0	0	0	0	0	0
00.000,00.000	14.6	0	-200	0	4.5	207.11	139.219	52.4107	14.0755	1.40451	0	0	0	0	0	0	0	0	0	0	0	0	0	0	0	0
00.000,00.000	14.7	0	-200	0	4.5	211.119	141.299	54.0894	14.3166	1.41386	0	0	0	0	0	0	0	0	0	0	0	0	0	0	0	0
00.000,00.000	14.8	0	-200	0	4.5	212.741	142.124	54.7821	14.4175	1.41821	0	0	0	0	0	0	0	0	0	0	0	0	0	0	0	0
00.000,00.000	14.9	0	-200	0	4.5	214.971	143.255	55.7297	14.5616	1.42528	0	0	0	0	0	0	0	0	0	0	0	0	0	0	0	0
00.000,00.000	15	0	-200	0	4.5	219.699	145.637	57.743	14.8764	1.44207	0	0	0	0	0	0	0	0	0	0	0	0	0	0	0	0
00.000,00.000	15.1	0	-200	0	4.5	223.529	147.549	59.3854	15.1385	1.45682	0	0	0	0	0	0	0	0	0	0	0	0	0	0	0	0
00.000,00.000	15.2	0	-200	0	4.5	226.937	149.225	60.8634	15.3782	1.47093	0	0	0	0	0	0	0	0	0	0	0	0	0	0	0	0
00.000,00.000	15.3	0	-200	0	4.5	230.368	150.882	62.3739	15.6261	1.48609	0	0	0	0	0	0	0	0	0	0	0	0	0	0	0	0
00.000,00.000	15.4	0	-200	0	4.5	233.78	152.506	63.8907	15.8812	1.50215	0	0	0	0	0	0	0	0	0	0	0	0	0	0	0	0
00.000,00.000	15.5	0	-200	0	4.5	244.465	157.477	68.7143	16.7183	1.55585	0	0	0	0	0	0	0	0	0	0	0	0	0	0	0	0
00.000,00.000	15.6	0	-200	0	4.5	246.513	158.366	69.6922	16.8882	1.56683	0	0	0	0	0	0	0	0	0	0	0	0	0	0	0	0
00.000,00.000	15.7	0	-200	0	4.5	249.784	159.807	71.2194	17.1715	1.58557	0	0	0	0	0	0	0	0	0	0	0	0	0	0	0	0
00.000,00.000	15.8	0	-200	0	4.5	250.384	160.061	71.444	17.2892	1.58913	0	0	0	0	0	0	0	0	0	0	0	0	0	0	0	0
00.000,00.000	15.9	0	-200	0	4.5	255.458	162.217	73.4837	18.1363	1.62154	0	0	0	0	0	0	0	0	0	0	0	0	0	0	0	0
00.000,00.000	16	0	-200	0	4.5	260.909	164.49	75.5502	19.2187	1.64943	0	0	0	0	0	0	0	0	0	0	0	0	0	0	0	0
00.000,00.000	16.1	0	-200	0	4.5	264.344	165.896	76.5917	20.1922	1.66433	0	0	0	0	0	0	0	0	0	0	0	0	0	0	0	0
00.000,00.000	16.2	0	-200	0	4.5	267.334	167.082	77.5186	21.0545	1.67908	0	0	0	0	0	0	0	0	0	0	0	0	0	0	0	0
00.000,00.000	16.3	0	-200	0	4.5	270.253	168.199	78.4285	21.9316	1.69413	0	0	0	0	0	0	0	0	0	0	0	0	0	0	0	0
00.000,00.000	16.4	0	-200	0	4.5	273.175	169.312	79.335	22.8185	1.70934	0	0	0	0	0	0	0	0	0	0	0	0	0	0	0	0
00.000,00.000	16.5	0	-200	0	4.5	288.645	175.006	84.373	27.4715	1.79484	0	0	0	0	0	0	0	0	0	0	0	0	0	0	0	0
00.000,00.000	16.6	0	-200	0	4.5	291.693	176.068	85.4259	28.3949	1.80487	0	0	0	0	0	0	0	0	0	0	0	0	0	0	0	0
00.000,00.000	16.7	0	-200	0	4.5	318.766	185.35	94.6638	36.7919	1.95981	0	0	0	0	0	0	0	0	0	0	0	0	0	0	0	0
00.000,00.000	16.8	0	-200	0	4.5	324.923	187.402	96.7549	38.7778	1.98781	0	0	0	0	0	0	0	0	0	0	0	0	0	0	0	0
00.000,00.000	16.9	0	-200	0	4.5	338.44	191.86	101.391	43.1193	2.06981	0	0	0	0	0	0	0	0	0	0	0	0	0	0	0	0
00.000,00.000	17	0	-200	0	4.5	344.646	193.977	103.436	44.9888	2.24388	0	0	0	0	0	0	0	0	0	0	0	0	0	0	0	0
00.000,00.000	17.1	0	-200	0	4.5	347.448	194.934	104.392	45.5926	2.52947	0	0	0	0	0	0	0	0	0	0	0	0	0	0	0	0
00.000,00.000	17.2	0	-200	0	4.5	350.347	195.931	105.377	46.2169	2.82236	0	0	0	0	0	0	0	0	0	0	0	0	0	0	0	0
00.000,00.000	17.3	0	-200	0	4.5	353.319	196.953	106.405	46.8453	3.11477	0	0	0	0	0	0	0	0	0	0	0	0	0	0	0	0
00.000,00.000	17.4	0	-200	0	4.5	356.349	197.999	107.464	47.4785	3.40726	0	0	0	0	0	0	0	0	0	0	0	0	0	0	0	0
00.000,00.000	17.5	0	-200	0	4.5	377.069	204.999	114.925	50.7592	6.38583	0	0	0	0	0	0	0	0	0	0	0	0	0	0	0	0
00.000,00.000	17.6	0	-200	0	4.5	380.915	206.174	116.437	51.1943	7.10964	0	0	0	0	0	0	0	0	0	0	0	0	0	0	0	0
00.000,00.000	17.7	0	-200	0	4.5	412.748	216.178	128.993	54.6362	12.9398	0	0	0	0	0	0	0	0	0	0	0	0	0	0	0	0
00.000,00.000	17.8	0	-200	0	4.5	420.816	218.802	132.22	55.4828	14.3106	0	0	0	0	0	0	0	0	0	0	0	0	0	0	0	0
00.000,00.000	17.9	0	-200	0	4.5	437.965	224.607	139.52	57.6183	16.2199	0	0	0	0	0	0	0	0	0	0	0	0	0	0	0	0
00.000,00.000	18	0	-200	0	4.5	445.288	227.27	142.627	58.4859	16.9055	0	0	0	0	0	0	0	0	0	0	0	0	0	0	0	0
00.000,00.000	18.1	0	-200	0	4.5	448.377	228.379	143.952	58.8688	16.9771	0.200355	0	0	0	0	0	0	0	0	0	0	0	0	0	0	0
00.000,00.000	18.2	0	-200	0	4.5	451.633	229.538	145.352	59.2875	17.0003	0.455198	0	0	0	0	0	0	0	0	0	0	0	0	0	0	0
00.000,00.000	18.3	0	-200	0	4.5	454.995	230.728	146.798	59.7376	17.0254	0.707216	0	0	0	0	0	0	0	0	0	0	0	0	0	0	0
00.000,00.000	18.4	0	-200	0	4.5	458.492	231.95	148.31	60.2211	17.0515	0.959078	0	0	0	0	0	0	0	0	0	0	0	0	0	0	0
00.000,00.000	18.5	0	-200	0	4.5	483.393	239.269	160.443	63.7514	17.2393	2.69017	0	0	0	0	0	0	0	0	0	0	0	0	0	0	0
00.000,00.000	18.6	0	-200	0	4.5	488.385	240.39	163.248	64.4379	17.2781	3.03021	0	0	0	0	0	0	0	0	0	0	0	0	0	0	0
00.000,00.000	18.7	0	-200	0	4.5	528.542	248.609	185.856	70.7238	17.6568	5.69594	0	0	0	0	0	0	0	0	0	0	0	0	0	0	0
00.000,00.000	18.8	0	-200	0	4.5	538.635	250.679	191.542	72.2948	17.7982	6.32188	0	0	0	0	0	0	0	0	0	0	0	0	0	0	0
00.000,00.000	18.9	0	-200	0	4.5	561.741	255.333	204.334	75.8884	18.5141	7.67079	0	0	0	0	0	0	0	0	0	0	0	0	0	0	0
00.000,00.000	19	0	-200	0	4.5	572.262	257.444	210.121	77.5324	18.896	8.26921	0	0	0	0	0	0	0	0	0	0	0	0	0	0	0
00.000,00.000	19.1	0	-200	0	4.5	576.635	258.341	212.489	78.2269	19.0768	8.5017	0	0	0	0	0	0	0	0	0	0	0	0	0	0	0
00.000,00.000	19.2	0	-200	0	4.5	581.235	259.284	214.932	78.9989	19.2815	8.73889	0	0	0	0	0	0	0	0	0	0	0	0	0	0	0
00.000,00.000	19.3	0	-200	0	4.5	585.97	260.257	217.412	79.8185	19.5073	8.97512	0	0	0	0	0	0	0	0	0	0	0	0	0	0	0
00.000,00.000	19.4	0	-200	0	4.5	590.856	261.259	219.942	80.6887	19.7556	9.21081	0	0	0	0	0	0	0	0	0	0	0	0	0	0	0
00.000,00.000	19.5	0	-200	0	4.5	596.122	262.342	222.626	81.6538	20.0419	9.27201	0.186766	0	0	0	0	0	0	0	0	0	0	0	0	0	0
00.000,00.000	19.6	0	-200	0	4.5	601.026	263.339	225.104	82.5699	20.3261	9.27201	0.414303	0	0	0	0	0	0	0	0	0	0	0	0	0	0
00.000,00.000	19.7	0	-200	0	4.5	606.083	264.353	227.644	83.5352	20.6346	9.27201	0.643611	0	0	0	0	0	0	0	0	0	0	0	0	0	0
00.000,00.000	19.8	0	-200	0	4.5	611.306	265.398	230.243	84.5474	20.9674	9.27201	0.87785	0	0	0	0	0	0	0	0	0	0	0	0	0	0
00.000,00.000	19.9	0	-200	0	4.5	622.169	267.595	235.306	86.9484	21.6876	9.27201	1.36025	0	0	0	0	0	0	0	0	0	0	0	0	0	0
00.000,00.000	20	0	-200	0	4.5	624.823	268.132	236.425	87.655	21.8644	9.27201	1.47519	0	0	0	0	0	0	0	0	0	0	0	0	0	0
00.000,00.000	20.1	0	-200	0	4.5	632.986	269.846	239.664	89.9506	22.4319	9.27201	1.82154	0	0	0	0	0	0	0	0	0	0	0	0	0	0
00.000,00.000	20.2	0	-200	0	4.5	639.367	271.266	242.097	91.7126	22.9184	9.27218	2.10124	0	0	0	0	0	0	0	0	0	0	0	0	0	0
00.000,00.000	20.3	0	-200	0	4.5	644.711	272.477	244.147	93.1367	23.3433	9.2734	2.33384	0	0	0	0	0	0	0	0	0	0	0	0	0	0
00.000,00.000	20.4	0	-200	0	4.5	653.447	274.49	247.465	95.4601	24.0472	9.2762	2.70821	0	0	0	0	0	0	0	0	0	0	0	0	0	0
00.000,00.000	20.5	0	-200	0	4.5	655.653	274.996	248.297	96.0472	24.2321	9.27727	2.80274	0	0	0	0	0	0	0	0	0	0	0	0	0	0
00.000,00.000	20.6	0	-200	0	4.5	679.904	280.624	257.319	102.556	26.2743	9.29646	3.83479	0	0	0	0	0	0	0	0	0	0	0	0	0	0
00.000,00.000	20.7	0	-200	0	4.5	694.258	283.899	262.635	106.43	27.5231	9.31572	4.45453	0	0	0	0	0	0	0	0	0	0	0	0	0	0
00.000,00.000	20.8	0	-200	0	4.5	695.077	284.091	262.935	106.65	27.5947	9.31733	4.48907	0	0	0	0	0	0	0	0	0	0	0	0	0	0
00.000,00.000	20.9	0	-200	0	4.5	695.482	284.189	263.08	106.759	27.6301	9.31847	4.50555	0	0	0	0	0	0	0	0	0	0	0	0	0	0
00.000,00.000	21	0	-200	0	4.5	705.876	286.74	266.773	109.543	28.5454	9.35563	4.91859	0	0	0	0	0	0	0	0	0	0	0	0	0	0
00.000,00.000	21.1	0	-200	0	4.5	720.711	290.421	272.016	113.495	29.8588	9.41767	5.502	0	0	0	0	0	0	0	0	0	0	0	0	0	0
00.000,00.000	21.2	0	-200	0	4.5	728.509	292.39	274.745	115.548	30.5644	9.4569	5.804	0	0	0	0	0	0	0	0	0	0	0	0	0	0
00.000,00.000	21.3	0	-200	0	4.5	734.546	293.946	276.835	117.129	31.1101	9.49261	6.03233	0	0	0	0	0	0	0	0	0	0	0	0	0	0
00.000,00.000	21.4	0	-200	0	4.5	757.119	299.827	284.581	123.05	33.1472	9.6473	6.8662	0	0	0	0	0	0	0	0	0	0	0	0	0	0
00.000,00.000	21.5	0	-200	0	4.5	761.961	301.091	286.243	124.301	33.5968	9.68372	7.04605	0	0	0	0	0	0	0	0	0	0	0	0	0	0
00.000,00.000	21.6	0	-200	0	4.5	777.099	304.984	291.374	128.333	34.9824	9.82437	7.6011	0	0	0	0	0	0	0	0	0	0	0	0	0	0
00.000,00.000	21.7	0	-200	0	4.5	798.12	310.567	298.405	133.886	36.8697	10.0373	8.3549	0	0	0	0	0	0	0	0	0	0	0	0	0	0
00.000,00.000	21.8	0	-200	0	4.5	801.974	311.557	299.704	134.919	37.2145	10.0803	8.49784	0	0	0	0	0	0	0	0	0	0	0	0	0	0
00.000,00.000	21.9	0	-200	0	4.5	838.016	320.748	311.825	144.542	40.5779	10.5341	9.78944	0	0	0	0	0	0	0	0	0	0	0	0	0	0
00.000,00.000	22	0	-200	0	4.5	846.697	322.966	314.723	146.849	41.4149	10.6487	9.79682	0.298757	0	0	0	0	0	0	0	0	0	0	0	0	0
00.000,00.000	22.1	0	-200	0	4.5	867.217	328.282	321.534	151.736	43.9294	10.9567	9.8009	0.978525	0	0	0	0	0	0	0	0	0	0	0	0	0
00.000,00.000	22.2	0	-200	0	4.5	878.892	331.306	325.332	154.665	45.2879	11.1387	9.80101	1.3599	0	0	0	0	0	0	0	0	0	0	0	0	0
00.000,00.000	22.3	0	-200	0	4.5	885.919	333.153	327.612	156.4	46.1139	11.2565	9.80177	1.58238	0	0	0	0	0	0	0	0	0	0	0	0	0
00.000,00.000	22.4	0	-200	0	4.5	895.635	335.747	330.738	158.75	47.2842	11.4292	9.80327	1.88384	0	0	0	0	0	0	0	0	0	0	0	0	0
00.000,00.000	22.5	0	-200	0	4.5	903.765	337.944	333.315	160.728	48.2567	11.581	9.80564	2.13475	0	0	0	0	0	0	0	0	0	0	0	0	0
00.000,00.000	22.6	0	-200	0	4.5	911.052	339.883	335.623	162.517	49.1356	11.7249	9.80879	2.36031	0	0	0	0	0	0	0	0	0	0	0	0	0
00.000,00.000	22.7	0	-200	0	4.5	1014.76	366.387	368.99	187.778	62.3551	13.8685	9.89422	5.49113	0	0	0	0	0	0	0	0	0	0	0	0	0
00.000,00.000	22.8	0	-200	0	4.5	1034.55	370.154	376.197	192.969	64.897	14.3007	9.92318	6.10957	0	0	0	0	0	0	0	0	0	0	0	0	0
00.000,00.000	22.9	0	-200	0	4.5	1121.26	386.11	408.282	215.31	76.3203	16.2712	10.2482	8.71989	0	0	0	0	0	0	0	0	0	0	0	0	0
00.000,00.000	23	0	-200	0	4.5	1144.9	390.273	416.624	221.689	79.1332	17.3433	10.3588	9.14527	0.336111	0	0	0	0	0	0	0	0	0	0	0	0
00.000,00.000	23.1	0	-200	0	4.5	1165.35	394.263	423.755	227.032	81.2442	18.4691	10.5129	9.14527	0.930004	0	0	0	0	0	0	0	0	0	0	0	0
00.000,00.000	23.2	0	-200	0	4.5	1177.21	396.536	427.748	230.127	82.6189	19.1362	10.6174	9.14527	1.27857	0	0	0	0	0	0	0	0	0	0	0	0
00.000,00.000	23.3	0	-200	0	4.5	1184.79	398.135	430.168	232.084	83.5057	19.556	10.6991	9.14527	1.49407	0	0	0	0	0	0	0	0	0	0	0	0
00.000,00.000	23.4	0	-200	0	4.5	1219.47	405.707	441.346	240.756	87.5312	21.4239	11.1239	9.14568	2.43762	0	0	0	0	0	0	0	0	0	0	0	0
00.000,00.000	23.5	0	-200	0	4.5	1226.49	407.217	443.584	242.484	88.387	21.8176	11.219	9.14641	2.63578	0	0	0	0	0	0	0	0	0	0	0	0
00.000,00.000	23.6	0	-200	0	4.5	1250.04	412.388	451.193	248.19	91.2465	23.0496	11.5719	9.15663	3.24568	0	0	0	0	0	0	0	0	0	0	0	0
00.000,00.000	23.7	0	-200	0	4.5	1263.78	415.449	455.566	251.501	92.9411	23.7669	11.7902	9.16445	3.59643	0	0	0	0	0	0	0	0	0	0	0	0
00.000,00.000	23.8	0	-200	0	4.5	1371.31	435.473	489.59	279.474	106.995	30.1017	13.8016	9.29216	6.58412	0	0	0	0	0	0	0	0	0	0	0	0
00.000,00.000	23.9	0	-200	0	4.5	1394.44	440.735	496.486	285.081	109.776	31.6256	14.2269	9.32987	7.18095	0	0	0	0	0	0	0	0	0	0	0	0
00.000,00.000	24	0	-200	0	4.5	1467.86	458.841	519.666	301.582	118.208	35.6027	15.5962	9.56147	8.79905	0	0	0	0	0	0	0	0	0	0	0	0
00.000,00.000	24.1	0	-200	0	4.5	1499.44	466.745	529.46	308.567	121.886	36.6851	16.9066	9.68034	9.06278	0.446908	0	0	0	0	0	0	0	0	0	0	0
00.000,00.000	24.2	0	-200	0	4.5	1510.14	469.573	532.9	310.858	123.015	37.0237	17.3106	9.73403	9.06278	0.660254	0	0	0	0	0	0	0	0	0	0	0
00.000,00.000	24.3	0	-200	0	4.5	1521.32	472.524	536.568	313.23	124.171	37.3694	17.7189	9.79961	9.06278	0.871624	0	0	0	0	0	0	0	0	0	0	0
00.000,00.000	24.4	0	-200	0	4.5	1580.44	488.252	556.438	325.467	130.109	39.1616	19.8148	10.1981	9.06285	1.93518	0	0	0	0	0	0	0	0	0	0	0
00.000,00.000	24.5	0	-200	0	4.5	1592.72	491.612	560.642	327.855	131.285	39.5484	20.264	10.2888	9.06326	2.16153	0	0	0	0	0	0	0	0	0	0	0
00.000,00.000	24.6	0	-200	0	4.5	1629.91	501.202	573.618	335.353	134.983	40.7002	21.576	10.6043	9.07027	2.8077	0	0	0	0	0	0	0	0	0	0	0
00.000,00.000	24.7	0	-200	0	4.5	1670.22	512.197	587.855	342.935	138.872	41.9145	22.9403	10.958	9.08187	3.46637	0	0	0	0	0	0	0	0	0	0	0
00.000,00.000	24.8	0	-200	0	4.5	1800.38	539.396	634.424	369.935	153.329	46.1814	27.7954	12.3197	9.1663	5.80892	0	2.01981	0	0	0	0	0	0	0	0	0
00.000,00.000	24.9	0	-200	0	4.5	1827.02	546.407	643.727	374.503	156.125	47.0506	28.7061	12.5853	9.18977	6.23895	0	2.48529	0	0	0	0	0	0	0	0	0
00.000,00.000	25	0	-200	0	4.5	1936.84	577.227	680.88	393.736	167.346	50.5144	32.1111	13.6579	9.37834	7.80345	0	4.18402	0	0	0	0	0	0	0	0	0
00.000,00.000	25.1	0	-200	0	4.5	1981.59	589.568	695.813	401.537	172.093	52.1022	33.3747	14.2807	9.47005	8.45621	0	4.8931	0	0	0	0	0	0	0	0	0
00.000,00.000	25.2	0	-200	0	4.5	1996.43	593.784	700.678	404.186	173.669	52.5942	33.6178	14.6272	9.51108	8.65411	0	5.10844	0	0	0	0	0	0	0	0	0
00.000,00.000	25.3	0	-200	0	4.5	2012.84	598.482	706.005	407.116	175.437	53.1438	33.8842	15.0026	9.56456	8.86483	0	5.33781	0	0	0	0	0	0	0	0	0
00.000,00.000	25.4	0	-200	0	4.5	2076.93	616.876	726.73	418.626	182.373	55.3114	34.9159	16.4379	9.80731	8.98306	0.672542	5.55054	0.648172	0	0	0	0	0	0	0	0
00.000,00.000	25.5	0	-200	0	4.5	2109.57	626.137	737.185	424.514	186.002	56.4655	35.4495	17.1757	9.94338	8.98306	1.07585	5.55054	1.08741	0	0	0	0	0	0	0	0
00.000,00.000	25.6	0	-200	0	4.5	2126.8	630.682	742.779	427.764	188.018	57.0846	35.7362	17.5679	10.028	8.98306	1.28675	5.55054	1.31728	0	0	0	0	0	0	0	0
00.000,00.000	25.7	0	-200	0	4.5	2171.42	642.355	757.291	436.202	193.326	58.6949	36.4782	18.5682	10.2683	8.98306	1.81462	5.55054	1.89272	0	0	0	0	0	0	0	0
00.000,00.000	25.8	0	-200	0	4.5	2263.66	664.087	787.918	454.156	204.959	62.2545	38.1006	20.7373	10.8339	8.98348	2.95132	5.55054	3.13251	0	0	0	0	0	0	0	0
00.000,00.000	25.9	0	-200	0	4.5	2279.22	667.902	793.02	457.098	206.906	62.8741	38.3771	21.1008	10.9329	8.98418	3.13982	5.55054	3.33811	0	0	0	0	0	0	0	0
00.000,00.000	26	0	-200	0	4.5	2280.43	668.2	793.421	457.328	207.055	62.9206	38.3985	21.1277	10.941	8.98441	3.1534	5.55054	3.35293	0	0	0	0	0	0	0	0
00.000,00.000	26.1	0	-200	0	4.5	2356.9	686.896	818.612	471.968	216.537	65.9383	39.7903	22.8378	11.4783	9.00626	4.00305	5.55054	4.28085	0	0	0	0	0	0	0	0
00.000,00.000	26.2	0	-200	0	4.5	2395.58	696.51	831.055	479.452	221.277	67.5661	40.507	23.705	11.7574	9.02117	4.43082	5.55054	4.74811	0	0	0	0	0	0	0	0
00.000,00.000	26.3	0	-200	0	4.5	2415.05	701.323	837.358	483.224	223.654	68.3829	40.8749	24.1354	11.9028	9.03305	4.63937	5.55054	4.97606	0	0	0	0	0	0	0	0
00.000,00.000	26.4	0	-200	0	4.5	2585.41	742.818	892.533	516.529	244.615	75.477	44.188	27.9066	13.2275	9.17168	6.43941	5.55659	6.94477	0	0	0	0	0	0	0	0
00.000,00.000	26.5	0	-200	0	4.5	2637.41	755.244	909.066	527.041	251.153	77.564	45.2419	29.0919	13.649	9.22668	7.00403	5.56606	7.56239	0	0	0	0	0	0	0	0
00.000,00.000	26.6	0	-200	0	4.5	2638.74	755.555	909.488	527.312	251.319	77.6204	45.2696	29.1219	13.66	9.22897	7.01812	5.56701	7.57783	0	0	0	0	0	0	0	0
00.000,00.000	26.7	0	-200	0	4.5	2716.66	773.536	934.193	543.471	261.043	80.9843	46.9323	30.8561	14.3213	9.40341	7.81561	5.65451	8.45185	0	0	0	0	0	0	0	0
00.000,00.000	26.8	0	-200	0	4.5	2736.15	778.011	940.192	547.676	263.43	81.8601	47.3631	31.3018	14.492	9.45134	8.02019	5.67927	8.67608	0	0	0	0	0	0	0	0
00.000,00.000	26.9	0	-200	0	4.5	2761.56	783.821	947.951	553.172	266.569	83.0007	47.9438	31.7734	14.8291	9.5313	8.27939	5.73183	8.78236	0.177634	0	0	0	0	0	0	0
00.000,00.000	27	0	-200	0	4.5	2772.99	786.387	951.361	555.728	267.975	83.5358	48.213	31.9267	15.0485	9.56985	8.3974	5.76193	8.76503	0.324157	0	0	0	0	0	0	0
00.000,00.000	27.1	0	-200	0	4.5	2774.85	786.805	951.919	556.14	268.204	83.6212	48.2571	31.9517	15.0834	9.57701	8.41573	5.76738	8.76903	0.340178	0	0	0	0	0	0	0
00.000,00.000	27.2	0	-200	0	4.5	2776.51	787.178	952.411	556.512	268.407	83.6983	48.2972	31.9745	15.1146	9.58398	8.43187	5.77292	8.77233	0.354522	0	0	0	0	0	0	0
00.000,00.000	27.3	0	-200	0	4.5	2777.98	787.508	952.842	556.845	268.586	83.7675	48.3335	31.9951	15.1424	9.59067	8.44603	5.77842	8.77523	0.367081	0	0	0	0	0	0	0
00.000,00.000	27.4	0	-200	0	4.5	2778.21	787.559	952.907	556.898	268.614	83.7787	48.3393	31.9984	15.1468	9.59177	8.44825	5.77942	8.77509	0.369659	0	0	0	0	0	0	0
00.000,00.000	27.5	0	-200	0	4.5	2778.2	787.558	952.907	556.898	268.614	83.7787	48.3393	31.9984	15.1468	9.59177	8.44825	5.77943	8.77496	0.369787	0	0	0	0	0	0	0
00.000,00.000	27.6	0	-200	0	4.5	2778.2	787.558	952.907	556.898	268.614	83.7787	48.3393	31.9984	15.1468	9.59177	8.44825	5.77944	8.77492	0.369829	0	0	0	0	0	0	0
00.000,00.000	27.7	0	-200	0	4.5	2778.2	787.558	952.906	556.898	268.614	83.7787	48.3393	31.9984	15.1468	9.59177	8.44825	5.77945	8.77483	0.369915	0	0	0	0	0	0	0
00.000,00.000	27.8	0	-200	0	4.5	2936.29	823.134	996.739	592.441	288.136	91.9103	52.9444	34.6478	18.2728	10.5747	8.84371	7.79117	8.97382	1.87841	0	0	0	0	0	0	0
00.000,00.000	27.9	0	-200	0	4.5	2984.72	834.244	1010.11	603.704	294.142	94.5374	54.4496	35.5127	18.8688	10.9008	8.84373	8.55074	8.97536	1.88454	0	0	0	0	0	0	0
00.000,00.000	28	0	-200	0	4.5	2986.42	834.641	1010.57	604.086	294.353	94.6292	54.5034	35.5438	18.8903	10.9131	8.84379	8.5781	8.9758	1.88467	0	0	0	0	0	0	0
00.000,00.000	28.1	0	-200	0	4.5	2988.35	835.097	1011.1	604.518	294.594	94.7372	54.5667	35.5803	18.9158	10.9278	8.84389	8.60998	8.9765	1.8848	0	0	0	0	0	0	0
00.000,00.000	28.2	0	-200	0	4.5	2990.14	835.519	1011.58	604.915	294.816	94.8405	54.627	35.6152	18.9402	10.9421	8.84402	8.64015	8.97739	1.88487	0	0	0	0	0	0	0
00.000,00.000	28.3	0	-200	0	4.5	2991.81	835.917	1012.02	605.281	295.023	94.9401	54.6848	35.6487	18.9637	10.9562	8.84417	8.6689	8.97843	1.88493	0	0	0	0	0	0	0
00.000,00.000	28.4	0	-200	0	4.5	2992.07	835.981	1012.08	605.339	295.055	94.9567	54.6943	35.6542	18.9676	10.9585	8.8442	8.67355	8.97862	1.8849	0	0	0	0	0	0	0
00.000,00.000	28.5	0	-200	0	4.5	3057.86	851.819	1028.91	619.432	303.142	99.1766	57.1258	37.0664	19.9696	11.5748	8.85311	9.86468	9.03923	1.8862	0	0	0	0	0	0	0
00.000,00.000	28.6	0	-200	0	4.5	3164.18	877.273	1055.66	642.32	316.253	106.211	61.1239	39.4134	21.6349	12.6047	8.87094	11.7854	9.14965	1.8862	0	0	0	0	0	0	0
00.000,00.000	28.7	0	-200	0	4.5	3185.17	882.379	1060.84	646.868	318.775	107.676	61.8518	39.8949	21.9773	12.8181	8.87637	12.1456	9.17489	1.8862	0	0	0	0	0	0	0
00.000,00.000	28.8	0	-200	0	4.5	3243.83	896.798	1075.18	659.176	325.855	111.782	64.0692	41.2816	22.9616	13.4388	8.90183	13.2297	9.26727	1.8862	0	0	0	0	0	0	0
00.000,00.000	28.9	0	-200	0	4.5	3256.19	899.845	1078.23	661.78	327.229	112.69	64.5483	41.5864	23.1786	13.5767	8.90806	13.4439	9.28911	1.8862	0	0	0	0	0	0	0
00.000,00.000	29	0	-200	0	4.5	3293.46	909.206	1087.14	669.423	331.5	115.397	66.0529	42.5429	23.8579	14.0123	8.93462	14.137	9.37154	1.8862	0	0	0	0	0	0	0
00.000,00.000	29.1	0	-200	0	4.5	3329.59	918.447	1095.63	676.802	335.52	118.005	67.5726	43.5051	24.5408	14.4517	8.96506	14.8113	9.4612	1.8862	0	0	0	0	0	0	0
00.000,00.000	29.2	0	-200	0	4.5	3351.18	923.94	1100.63	681.162	337.912	119.585	68.5245	44.1055	24.9657	14.7266	8.98727	15.2313	9.52372	1.8862	0	0	0	0	0	0	0
00.000,00.000	29.3	0	-200	0	4.5	3369.87	928.742	1104.9	684.856	339.954	120.973	69.3865	44.6478	25.3477	14.9752	9.01009	15.6076	9.58615	1.8862	0	0	0	0	0	0	0
00.000,00.000	29.4	0	-200	0	4.5	3481.73	957.656	1129.99	706.429	351.993	129.442	74.8414	48.066	27.7451	16.5461	9.17556	17.9323	10.0218	1.8862	0	0	0	0	0	0	0
00.000,00.000	29.5	0	-200	0	4.5	3529.04	969.944	1140.36	715.319	357.154	133.046	77.2409	49.6022	28.8174	17.2513	9.25904	18.9273	10.2316	1.8862	0	0	0	0	0	0	0
00.000,00.000	29.6	0	-200	0	4.5	3546.83	974.601	1144.23	718.56	359.069	134.42	78.1848	50.1935	29.2244	17.521	9.29975	19.3149	10.3223	1.8862	0	0	0	0	0	0	0
00.000,00.000	29.7	0	-200	0	4.5	3564.54	979.279	1148.05	721.716	360.929	135.808	79.1499	50.801	29.6403	17.8012	9.34684	19.5149	10.6187	1.8862	0	0	0	0	0	0	0
00.000,00.000	29.8	0	-200	0	4.5	3594.89	987.361	1154.53	727.03	364.053	138.217	80.8122	51.8794	30.3715	18.2968	9.4388	19.8319	11.1776	1.8862	0	0	0	0	0	0	0
00.000,00.000	29.9	0	-200	0	4.5	3601.27	989.077	1155.9	728.116	364.699	138.738	81.1437	52.1149	30.5306	18.4054	9.46	19.8948	11.3027	1.8862	0	0	0	0	0	0	0
00.000,00.000	30	0	-200	0	4.5	3602.83	989.506	1156.23	728.374	364.852	138.863	81.2296	52.1737	30.5699	18.4327	9.46598	19.9124	11.3333	1.8862	0	0	0	0	0	0	0
00.000,00.000	30.1	0	-200	0	4.5	3604.56	989.988	1156.59	728.654	365.02	139.003	81.3259	52.2414	30.6148	18.4641	9.47332	19.9325	11.3686	1.8862	0	0	0	0	0	0	0
00.000,00.000	30.2	0	-200	0	4.5	3606.17	990.437	1156.93	728.907	365.171	139.133	81.4153	52.3059	30.6573	18.494	9.48072	19.9518	11.4022	1.8862	0	0	0	0	0	0	0
00.000,00.000	30.3	0	-200	0	4.5	3607.66	990.857	1157.24	729.136	365.308	139.255	81.4991	52.3679	30.6978	18.5227	9.48819	19.9704	11.4344	1.8862	0	0	0	0	0	0	0
00.000,00.000	30.4	0	-200	0	4.5	3607.9	990.924	1157.29	729.171	365.33	139.275	81.5119	52.378	30.7044	18.5275	9.48945	19.9732	11.4398	1.8862	0	0	0	0	0	0	0
00.000,00.000	30.5	0	-200	0	4.5	3725.04	1022.05	1183.57	746.27	375.781	148.477	88.2641	57.658	34.1284	20.9893	10.2334	21.5504	14.1761	1.8862	0	0	0	0	0	0	0
00.000,00.000	30.6	0	-200	0	4.5	3794.73	1038.29	1199.15	757.12	382.245	154	92.6157	61.2286	36.3975	22.6084	10.8074	22.4925	15.8881	1.89106	0	0	0	0	0	0	0
00.000,00.000	30.7	0	-200	0	4.5	3834.9	1047.42	1208.03	763.301	385.837	157.22	95.1982	63.407	37.7791	23.5964	11.1627	23.0981	16.9446	1.90094	0	0	0	0	0	0	0
00.000,00.000	30.8	0	-200	0	4.5	3841.1	1048.86	1209.38	764.236	386.385	157.711	95.5891	63.7306	38.0043	23.7591	11.2314	23.1921	17.1136	1.9032	0	0	0	0	0	0	0
00.000,00.000	30.9	0	-200	0	4.5	3842.04	1049.08	1209.59	764.372	386.464	157.784	95.6489	63.7804	38.0387	23.7842	11.2421	23.2077	17.1403	1.90376	0	0	0	0	0	0	0
00.000,00.000	31	0	-200	0	4.5	3891.07	1060.57	1220.29	771.36	390.479	161.605	98.8091	66.4245	39.9103	25.1543	11.8394	24.1008	18.5866	1.94359	0	0	0	0	0	0	0
00.000,00.000	31.1	0	-200	0	4.5	3917	1066.68	1225.9	775.036	392.586	163.53	100.474	67.8324	40.9386	25.9078	12.205	24.5863	19.3655	1.97044	0	0	0	0	0	0	0
00.000,00.000	31.2	0	-200	0	4.5	3931.25	1070.15	1228.96	777.036	393.698	164.562	101.389	68.5806	41.5104	26.3282	12.4106	24.858	19.7861	1.98933	0	0	0	0	0	0	0
00.000,00.000	31.3	0	-200	0	4.5	3945.72	1073.74	1232.06	779.045	394.794	165.561	102.341	69.3143	42.1044	26.7656	12.6277	25.1448	20.2185	2.0098	0	0	0	0	0	0	0
00.000,00.000	31.4	0	-200	0	4.5	3963.36	1078.19	1235.84	781.47	396.046	166.756	103.502	70.2046	42.8446	27.3119	12.8994	25.5056	20.7555	2.03851	0	0	0	0	0	0	0
00.000,00.000	31.5	0	-200	0	4.5	3978.84	1082.17	1239.14	783.591	397.077	167.786	104.521	70.9836	43.5052	27.8005	13.1462	25.83	21.2258	2.06661	0	0	0	0	0	0	0
00.000,00.000	31.6	0	-200	0	4.5	3993.31	1085.91	1242.18	785.578	398.021	168.733	105.475	71.7072	44.1322	28.2637	13.3834	26.1662	21.6604	2.09511	0	0	0	0	0	0	0
00.000,00.000	31.7	0	-200	0	4.5	4124.66	1120.44	1269.39	803.621	406.319	177.158	114.251	78.33	49.4713	32.5976	15.6788	29.3838	25.7341	2.2952	0	0	0	0	0	0	0
00.000,00.000	31.8	0	-200	0	4.5	4149.24	1127.04	1274.51	807.109	407.728	178.665	115.881	79.5096	50.4999	33.4601	16.1788	29.9289	26.4303	2.29403	0	0	0	0	0	0	0
00.000,00.000	31.9	0	-200	0	4.5	4150.27	1127.34	1274.72	807.247	407.789	178.726	115.948	79.5586	50.5413	33.4957	16.1987	29.9556	26.4629	2.29532	0	0	0	0	0	0	0
00.000,00.000	32	0	-200	0	4.5	4189.64	1138.8	1282.51	812.468	409.933	181.019	118.498	81.3755	52.1202	34.8822	16.9849	31.0032	27.7043	2.34218	0	0	0	0	0	0	0
00.000,00.000	32.1	0	-200	0	4.5	4219.52	1147.7	1288.27	816.55	411.492	182.724	120.39	82.7215	53.3264	35.9586	17.6018	31.8019	28.1982	2.7866	0	0	0	0	0	0	0
00.000,00.000	32.2	0	-200	0	4.5	4235.81	1152.58	1291.38	818.741	412.341	183.64	121.426	83.4579	53.9747	36.554	17.9398	32.2615	28.4643	3.04974	0	0	0	0	0	0	0
00.000,00.000	32.3	0	-200	0	4.5	4250.26	1156.99	1294.11	820.666	413.066	184.437	122.348	84.0904	54.5459	37.0922	18.245	32.687	28.7001	3.28668	0	0	0	0	0	0	0
00.000,00.000	32.4	0	-200	0	4.5	4304.66	1173.82	1304.26	827.819	415.758	187.38	125.811	86.464	56.6814	39.1616	19.4211	34.3233	29.5781	4.17416	0	0	0	0	0	0	0
00.000,00.000	32.5	0	-200	0	4.5	4332.05	1182.29	1309.34	831.499	417.188	188.854	127.479	87.6275	57.7689	40.2316	20.0321	35.1368	29.984	4.61523	0	0	0	0	0	0	0
00.000,00.000	32.6	0	-200	0	4.5	4346.63	1186.86	1311.99	833.405	417.961	189.638	128.352	88.2668	58.3328	40.7998	20.352	35.5898	30.2245	4.85053	0	0	0	0	0	0	0
00.000,00.000	32.7	0	-200	0	4.5	4422.01	1210.62	1325.42	843.255	422.012	193.714	132.909	91.4694	61.2537	43.8255	22.0029	37.9902	31.4522	6.08231	0	0	0	0	0	0	0
00.000,00.000	32.8	0	-200	0	4.5	4442.31	1217.2	1329.03	845.91	423.076	194.775	134.101	92.2076	62.0442	44.6889	22.4673	38.6402	31.7809	6.39836	0	0	0	0	0	0	0
00.000,00.000	32.9	0	-200	0	4.5	4442.88	1217.38	1329.12	845.981	423.105	194.804	134.133	92.2288	62.0653	44.7125	22.4803	38.6592	31.7916	6.40733	0	0	0	0	0	0	0
00.000,00.000	33	0	-200	0	4.5	4504.77	1238.08	1339.79	853.779	426.227	197.964	137.637	94.4667	64.468	47.2447	23.9288	40.8237	32.9614	7.39934	0	0	0	0	0	0	0
00.000,00.000	33.1	0	-200	0	4.5	4536	1248.62	1345.08	857.774	427.774	199.566	139.396	95.5355	65.7364	48.5425	24.7064	41.931	33.4471	7.89568	0	0	0	0	0	0	0
00.000,00.000	33.2	0	-200	0	4.5	4550.9	1253.77	1347.54	859.642	428.506	200.325	140.207	96.0688	66.2927	49.1582	25.075	42.4704	33.7119	8.13193	0	0	0	0	0	0	0
00.000,00.000	33.3	0	-200	0	4.5	4565.71	1258.97	1349.97	861.464	429.225	201.078	140.996	96.5969	66.8269	49.77	25.4446	43.0138	33.9873	8.36825	0	0	0	0	0	0	0
00.000,00.000	33.4	0	-200	0	4.5	4580.56	1264.28	1352.36	863.257	429.937	201.822	141.768	97.1264	67.3546	50.384	25.819	43.5654	34.2723	8.60532	0	0	0	0	0	0	0
00.000,00.000	33.5	0	-200	0	4.5	4595.33	1269.65	1354.71	865.011	430.638	202.555	142.522	97.6542	67.873	50.9945	26.198	44.1234	34.5682	8.84277	0	0	0	0	0	0	0
00.000,00.000	33.6	0	-200	0	4.5	4623.18	1279.75	1359.09	868.283	431.95	203.947	143.921	98.6715	68.8504	52.1452	26.9266	45.1853	35.1566	9.29846	0	0	0	0	0	0	0
00.000,00.000	33.7	0	-200	0	4.5	4629.53	1282.12	1360.07	869.026	432.246	204.257	144.237	98.8915	69.0709	52.407	27.0977	45.4336	35.2688	9.40073	0	0	0	0	0	0	0
00.000,00.000	33.8	0	-200	0	4.5	4686.46	1303.33	1368.89	875.431	434.845	207.057	146.881	100.994	71.0134	54.7229	28.6808	47.6654	36.5919	10.3541	0	0	0	0	0	0	0
00.000,00.000	33.9	0	-200	0	4.5	4699.36	1308.22	1370.87	876.894	435.451	207.693	147.461	101.453	71.4114	55.2571	29.0601	48.1924	36.8254	10.5805	0	0	0	0	0	0	0
00.000,00.000	34	0	-200	0	4.5	4732.59	1320.97	1375.98	880.436	436.938	209.301	148.907	102.624	72.4687	56.5826	30.0525	49.5455	37.6285	11.1442	0	0	0	0	0	0	0
00.000,00.000	34.1	0	-200	0	4.5	4753.25	1329	1379.09	882.639	437.868	210.302	149.798	103.321	73.1077	57.4141	30.6913	50.4087	38.1142	11.4947	0	0	0	0	0	0	0
00.000,00.000	34.2	0	-200	0	4.5	4766.86	1334.31	1381.12	884.049	438.472	210.952	150.379	103.79	73.5335	57.9521	31.1208	50.9804	38.4707	11.7223	0	0	0	0	0	0	0
00.000,00.000	34.3	0	-200	0	4.5	4780.32	1339.61	1383.12	885.413	439.056	211.587	150.944	104.252	73.9503	58.4805	31.556	51.5537	38.8424	11.954	0	0	0	0	0	0	0
00.000,00.000	34.4	0	-200	0	4.5	4793.61	1344.85	1385.12	886.727	439.622	212.205	151.495	104.704	74.3574	58.9981	31.9959	52.1274	39.2271	12.1877	0	0	0	0	0	0	0
00.000,00.000	34.5	0	-200	0	4.5	4806.68	1350.04	1387.06	887.989	440.167	212.803	152.032	105.146	74.7536	59.5045	32.44	52.7024	39.6243	12.4168	0.0056677	0	0	0	0	0	0
00.000,00.000	34.6	0	-200	0	4.5	4822.55	1356.33	1389.4	889.492	440.82	213.526	152.686	105.69	75.2368	60.1235	32.9974	53.4134	40.1285	12.4579	0.25596	0	0	0	0	0	0
00.000,00.000	34.7	0	-200	0	4.5	4830.68	1359.62	1390.59	890.244	441.15	213.89	153.016	105.961	75.4817	60.4378	33.2899	53.7865	40.3568	12.476	0.389811	0	0	0	0	0	0
00.000,00.000	34.8	0	-200	0	4.5	4869.02	1375.12	1396.14	893.67	442.65	215.611	154.562	107.271	76.611	61.9076	34.7119	55.5695	41.5714	12.5895	1.03351	0	0	0	0	0	0
00.000,00.000	34.9	0	-200	0	4.5	4877.55	1378.59	1397.42	894.415	442.995	215.998	154.903	107.532	76.8215	62.2364	35.0365	55.9803	41.8314	12.6119	1.17908	0	0	0	0	0	0
00.000,00.000	35	0	-200	0	4.5	4902.11	1388.67	1401.03	896.468	443.912	217.064	155.856	108.357	77.4713	63.123	35.9935	57.175	42.6906	12.6989	1.60076	0	0	0	0	0	0
00.000,00.000	35.1	0	-200	0	4.5	4918.26	1395.28	1403.48	897.796	444.52	217.776	156.481	108.888	77.8823	63.6668	36.644	57.9876	43.2159	12.7583	1.88484	0	0	0	0	0	0
00.000,00.000	35.2	0	-200	0	4.5	4929.68	1400.06	1405.13	898.7	444.93	218.26	156.911	109.279	78.1692	64.0493	37.1201	58.5696	43.6119	12.8017	2.08829	0	0	0	0	0	0
00.000,00.000	35.3	0	-200	0	4.5	4940.95	1404.83	1406.74	899.561	445.321	218.723	157.326	109.668	78.4442	64.4188	37.6076	59.1539	44.0125	12.8506	2.29248	0	0	0	0	0	0
00.000,00.000	35.4	0	-200	0	4.5	4962.56	1414.08	1409.8	901.147	446.059	219.568	158.097	110.423	78.9526	65.1093	38.5667	60.3066	44.8157	12.9527	2.69088	0	0	0	0	0	0
00.000,00.000	35.5	0	-200	0	4.5	4976.72	1420.15	1411.81	902.175	446.535	220.11	158.59	110.922	79.2752	65.5516	39.2195	61.0837	45.3214	13.0304	2.95855	0	0	0	0	0	0
00.000,00.000	35.6	0	-200	0	4.5	5005.55	1432.24	1415.87	904.189	447.486	221.185	159.596	112.005	79.9583	66.4789	40.6082	62.7078	46.4733	13.2291	3.53164	0	0	0	0	0	0
00.000,00.000	35.7	0	-200	0	4.5	5026.92	1441.31	1418.87	905.638	448.173	221.956	160.311	112.811	80.4454	67.1427	41.6538	63.9121	47.3454	13.3924	3.95946	0	0	0	0	0	0
00.000,00.000	35.8	0	-200	0	4.5	5029.13	1442.26	1419.17	905.785	448.243	222.029	160.382	112.895	80.4912	67.2111	41.765	64.0372	47.4366	13.4133	4.00475	0	0	0	0	0	0
00.000,00.000	35.9	0	-200	0	4.5	5030.27	1442.77	1419.33	905.856	448.276	222.065	160.417	112.938	80.5138	67.2413	41.8214	64.1034	47.4867	13.4237	4.0277	0	0	0	0	0	0
00.000,00.000	36	0	-200	0	4.5	5050.26	1451.82	1421.92	907.045	448.838	222.675	161.007	113.703	80.9101	67.7631	42.8244	65.3015	48.4106	13.6107	4.43456	0	0	0	0	0	0
00.000,00.000	36.1	0	-200	0	4.5	5063.49	1457.8	1423.61	907.815	449.206	223.063	161.388	114.217	81.1656	68.1001	43.506	66.1149	49.0323	13.7554	4.71024	0	0	0	0	0	0
00.000,00.000	36.2	0	-200	0	4.5	5073.16	1462.23	1424.86	908.341	449.455	223.337	161.651	114.593	81.3579	68.336	44.0011	66.712	49.5028	13.8636	4.91047	0	0	0	0	0	0
00.000,00.000	36.3	0	-200	0	4.5	5082.74	1466.69	1426.07	908.836	449.691	223.601	161.9	114.971	81.5447	68.5612	44.4964	67.3126	49.981	13.9746	5.11086	0	0	0	0	0	0
00.000,00.000	36.4	0	-200	0	4.5	5092.19	1471.14	1427.23	909.299	449.912	223.857	162.135	115.348	81.7257	68.7773	44.9908	67.9161	50.4641	14.0906	5.31124	0	0	0	0	0	0
00.000,00.000	36.5	0	-200	0	4.5	5101.47	1475.55	1428.33	909.73	450.119	224.099	162.354	115.723	81.9015	68.9828	45.4809	68.5258	50.9499	14.2129	5.51156	0	0	0	0	0	0
00.000,00.000	36.6	0	-200	0	4.5	5116.35	1482.56	1430.05	910.388	450.438	224.483	162.699	116.351	82.2097	69.3087	46.2908	69.5493	51.7437	14.4209	5.84876	0	0	0	0	0	0
00.000,00.000	36.7	0	-200	0	4.5	5140.33	1493.94	1432.82	911.396	450.922	225.079	163.225	117.365	82.7338	69.8063	47.5918	71.2197	53.0493	14.7774	6.39873	0	0	0	0	0	0
00.000,00.000	36.8	0	-200	0	4.5	5144.45	1495.89	1433.3	911.564	451.004	225.175	163.311	117.513	82.8474	69.8883	47.8163	71.5206	53.2748	14.8522	6.49429	0	0	0	0	0	0
00.000,00.000	36.9	0	-200	0	4.5	5145.01	1496.17	1433.36	911.584	451.013	225.187	163.321	117.534	82.8602	69.8982	47.845	71.5596	53.3056	14.8614	6.50683	0	0	0	0	0	0
00.000,00.000	37	0	-200	0	4.5	5164.09	1505.84	1435.39	912.23	451.317	225.581	163.645	118.26	83.3059	70.2171	48.8304	72.9305	54.3932	15.2025	6.94576	0	0	0	0	0	0
00.000,00.000	37.1	0	-200	0	4.5	5176.39	1512.07	1436.72	912.625	451.498	225.823	163.84	118.711	83.6243	70.4134	49.4648	73.832	55.1011	15.4398	7.23063	0	0	0	0	0	0
00.000,00.000	37.2	0	-200	0	4.5	5184.85	1516.39	1437.65	912.871	451.614	225.982	163.961	119.031	83.8429	70.538	49.8925	74.4528	55.5968	15.6091	7.42483	0	0	0	0	0	0
00.000,00.000	37.3	0	-200	0	4.5	5193.22	1520.7	1438.55	913.095	451.722	226.128	164.069	119.344	84.0615	70.6537	50.3123	75.0775	56.0971	15.7864	7.61732	0	0	0	0	0	0
00.000,00.000	37.4	0	-200	0	4.5	5201.49	1525.02	1439.42	913.295	451.821	226.265	164.164	119.651	84.2777	70.7601	50.723	75.7043	56.6003	15.9709	7.80762	0	0	0	0	0	0
00.000,00.000	37.5	0	-200	0	4.5	5209.66	1529.33	1440.26	913.472	451.912	226.391	164.25	119.954	84.493	70.8604	51.1265	76.3344	57.1117	16.1636	7.99705	0	0	0	0	0	0
00.000,00.000	37.6	0	-200	0	4.5	5218.6	1533.96	1441.18	913.649	452.007	226.525	164.339	120.295	84.7402	70.9716	51.5814	77.0542	57.6949	16.39	8.21491	0	0	0	0	0	0
00.000,00.000	37.7	0	-200	0	4.5	5243.82	1546.56	1443.81	914.101	452.264	226.894	164.586	121.304	85.473	71.2948	52.9152	79.2309	59.4341	17.0886	8.86936	0	0	0	0	0	0
00.000,00.000	37.8	0	-200	0	4.5	5249.14	1549.36	1444.35	914.186	452.31	226.961	164.632	121.488	85.6294	71.3575	53.1746	79.6663	59.7893	17.2389	8.99801	0	0	0	0	0	0
00.000,00.000	37.9	0	-200	0	4.5	5249.53	1549.58	1444.39	914.191	452.313	226.965	164.635	121.501	85.6394	71.3615	53.1921	79.6977	59.815	17.2499	9.00703	0	0	0	0	0	0
00.000,00.000	38	0	-200	0	4.5	5266.84	1559.05	1446.15	914.404	452.433	227.146	164.755	122.073	86.0803	71.5325	53.9464	81.1128	60.9783	17.7686	9.40838	0	0	0	0	0	0
00.000,00.000	38.1	0	-200	0	4.5	5277.84	1565.09	1447.3	914.528	452.501	227.253	164.827	122.42	86.3641	71.6365	54.4127	82.0119	61.7211	18.1125	9.66688	0	0	0	0	0	0
00.000,00.000	38.2	0	-200	0	4.5	5285.45	1569.31	1448.07	914.601	452.541	227.319	164.871	122.651	86.5507	71.7028	54.7195	82.6304	62.2365	18.3776	9.75803	0.106659	0	0	0	0	0
00.000,00.000	38.3	0	-200	0	4.5	5292.98	1573.53	1448.82	914.664	452.576	227.378	164.911	122.872	86.7331	71.7645	55.0132	83.2461	62.7538	18.6518	9.80351	0.2586	0	0	0	0	0
00.000,00.000	38.4	0	-200	0	4.5	5300.41	1577.74	1449.56	914.718	452.606	227.431	164.946	123.081	86.8993	71.8212	55.2926	83.8565	63.2716	18.9337	9.84287	0.415242	0	0	0	0	0
00.000,00.000	38.5	0	-200	0	4.5	5307.75	1581.92	1450.28	914.763	452.631	227.478	164.977	123.282	87.0517	71.8735	55.5603	84.4667	63.7943	19.2253	9.87663	0.57836	0	0	0	0	0
00.000,00.000	38.6	0	-200	0	4.5	5326.96	1591.25	1452.81	914.876	452.698	227.606	165.059	123.874	87.5164	72.0602	56.3502	86.2692	65.4116	20.1231	9.96421	1.09327	0	0	0	0	0
00.000,00.000	38.7	0	-200	0	4.5	5335.28	1595.18	1454.29	914.916	452.72	227.651	165.09	124.098	87.6962	72.1458	56.6487	86.9544	66.0927	20.4917	10.0073	1.29376	0	0	0	0	0
00.000,00.000	38.8	0	-200	0	4.5	5335.59	1595.32	1454.35	914.917	452.721	227.652	165.091	124.106	87.7032	72.1491	56.6601	86.9822	66.1206	20.5074	10.0089	1.30183	0	0	0	0	0
00.000,00.000	38.9	0	-200	0	4.5	5344.08	1599.4	1456.05	914.949	452.737	227.685	165.12	124.298	87.8637	72.2238	56.9111	87.6309	66.7908	20.8895	10.0481	1.49138	0	0	0	0	0
00.000,00.000	39	0	-200	0	4.5	5355.32	1604.34	1458.58	914.99	452.756	227.726	165.161	124.552	88.0982	72.3402	57.2427	88.5202	67.7292	21.4302	10.108	1.7525	0	0	0	0	0
00.000,00.000	39.1	0	-200	0	4.5	5362.77	1607.45	1460.33	915.016	452.767	227.751	165.191	124.718	88.2658	72.4604	57.4564	89.1026	68.3768	21.8079	10.152	1.92997	0	0	0	0	0
00.000,00.000	39.2	0	-200	0	4.5	5369.02	1610.16	1461.83	915.036	452.775	227.77	165.216	124.848	88.4008	72.556	57.621	89.5509	68.9158	22.0776	10.191	2.07587	0	0	0	0	0
00.000,00.000	39.3	0	-200	0	4.5	5375.43	1612.9	1463.39	915.055	452.782	227.787	165.244	124.975	88.5369	72.6564	57.779	90.0058	69.4834	22.3725	10.2339	2.2259	0	0	0	0	0
00.000,00.000	39.4	0	-200	0	4.5	5381.66	1615.49	1464.96	915.073	452.788	227.802	165.273	125.094	88.6678	72.7556	57.9233	90.4473	70.0529	22.6814	10.2797	2.37338	0	0	0	0	0
00.000,00.000	39.5	0	-200	0	4.5	5387.76	1617.99	1466.5	915.088	452.793	227.814	165.304	125.205	88.7947	72.8538	58.0548	90.8824	70.6255	22.9999	10.3285	2.51958	0	0	0	0	0
00.000,00.000	39.6	0	-200	0	4.5	5396.02	1620.81	1468.79	915.136	452.799	227.831	165.352	125.368	88.9865	73.0041	58.2404	91.5533	71.5006	23.4996	10.4086	2.74635	0	0	0	0	0
00.000,00.000	39.7	0	-200	0	4.5	5410.34	1625.58	1472.83	915.255	452.806	227.854	165.436	125.629	89.3082	73.32	58.5324	92.6962	73.0172	24.3814	10.5586	3.1367	0	0	0	0	0
00.000,00.000	39.8	0	-200	0	4.5	5412.88	1626.23	1473.72	915.276	452.808	227.858	165.45	125.67	89.3647	73.3869	58.582	92.8931	73.2991	24.5375	10.5877	3.2062	0	0	0	0	0
00.000,00.000	39.9	0	-200	0	4.5	5420.16	1628.4	1476.21	915.329	452.809	227.865	165.487	125.779	89.5068	73.5421	58.6939	93.4181	74.0566	24.9963	10.6752	3.39045	0	0	0	0	0
00.000,00.000	40	0	-200	0	4.5	5428.75	1630.96	1479.05	915.392	452.811	227.873	165.531	125.906	89.6747	73.7373	58.8172	94.0466	74.9847	25.5644	10.788	3.6135	0	0	0	0	0
00.000,00.000	40.1	0	-200	0	4.5	5434.05	1632.41	1480.97	915.428	452.812	227.877	165.556	125.978	89.7714	73.8691	58.882	94.4158	75.5422	25.9298	10.8598	3.74589	0	0	0	0	0
00.000,00.000	40.2	0	-200	0	4.5	5439.57	1633.9	1483	915.464	452.812	227.881	165.581	126.05	89.8681	74.0097	58.9394	94.7939	76.1265	26.3247	10.9402	3.88331	0	0	0	0	0
00.000,00.000	40.3	0	-200	0	4.5	5444.95	1635.35	1484.97	915.497	452.812	227.884	165.606	126.117	89.9598	74.149	58.9872	95.1566	76.7058	26.7222	11.0242	4.01777	0	0	0	0	0
00.000,00.000	40.4	0	-200	0	4.5	5449.76	1636.59	1486.8	915.526	452.812	227.886	165.626	126.174	90.0376	74.2848	59.0217	95.4699	77.2222	27.0832	11.1035	4.13627	0	0	0	0	0
00.000,00.000	40.5	0	-200	0	4.5	5454.86	1637.84	1488.75	915.555	452.812	227.888	165.648	126.232	90.1177	74.4409	59.0527	95.7987	77.7823	27.4812	11.1934	4.26344	0	0	0	0	0
00.000,00.000	40.6	0	-200	0	4.5	5469.52	1640.87	1493.65	915.652	452.812	227.891	165.723	126.439	90.3978	75.0041	59.1526	96.9724	79.7854	28.9219	11.5337	4.72862	0	0	0	0	0
00.000,00.000	40.7	0	-200	0	4.5	5473.01	1641.58	1494.94	915.673	452.812	227.892	165.739	126.48	90.4562	75.1383	59.1726	97.2206	80.2234	29.2356	11.6089	4.82762	0	0	0	0	0
00.000,00.000	40.8	0	-200	0	4.5	5477.87	1642.68	1496.56	915.7	452.812	227.892	165.761	126.538	90.5373	75.3162	59.196	97.5721	80.8742	29.73	11.7295	4.97422	0	0	0	0	0
00.000,00.000	40.9	0	-200	0	4.5	5479.37	1642.94	1497.14	915.708	452.812	227.892	165.767	126.554	90.5607	75.3841	59.2024	97.6742	81.0686	29.8789	11.7662	5.01745	0	0	0	0	0
00.000,00.000	41	0	-200	0	4.5	5488.16	1644.96	1500.44	915.747	452.812	227.892	165.801	126.635	90.6772	75.7063	59.2293	98.1931	82.1162	30.7213	11.9781	5.24929	0	0	0	0	0
00.000,00.000	41.1	0	-200	0	4.5	5493.79	1645.96	1502.66	915.773	452.812	227.892	165.823	126.687	90.7637	75.9425	59.2454	98.5422	82.8365	31.314	12.1302	5.40893	0	0	0	0	0
00.000,00.000	41.2	0	-200	0	4.5	5497.71	1646.7	1504.23	915.789	452.812	227.892	165.838	126.747	90.8176	76.0907	59.2534	98.7648	83.3112	31.7209	12.2368	5.5146	0	0	0	0	0
00.000,00.000	41.3	0	-200	0	4.5	5501.95	1647.58	1505.9	915.805	452.812	227.892	165.853	126.801	90.8709	76.2451	59.2593	98.9908	83.8031	32.1627	12.3548	5.62588	0	0	0	0	0
00.000,00.000	41.4	0	-200	0	4.5	5506.22	1648.43	1507.59	915.82	452.812	227.892	165.868	126.839	90.9223	76.4031	59.2627	99.215	84.3025	32.632	12.4935	5.74066	0	0	0	0	0
00.000,00.000	41.5	0	-200	0	4.5	5509.81	1649.14	1509.05	915.832	452.812	227.892	165.879	126.867	90.9614	76.5313	59.2636	99.3909	84.7075	33.0272	12.6218	5.83442	0	0	0	0	0
00.000,00.000	41.6	0	-200	0	4.5	5513.8	1649.75	1510.56	915.845	452.812	227.892	165.894	126.902	91.009	76.6971	59.2636	99.6138	85.2341	33.5652	12.7971	5.95914	0	0	0	0	0
00.000,00.000	41.7	0	-200	0	4.5	5523.4	1651.71	1513.72	915.875	452.812	227.892	165.929	126.985	91.1151	77.0921	59.2636	100.133	86.4949	34.8809	13.2358	6.26391	0	0	0	0	0
00.000,00.000	41.8	0	-200	0	4.5	5535.11	1653.41	1518.16	916.027	452.812	227.892	165.971	127.077	91.2314	77.5566	59.2636	100.766	87.9724	36.5525	13.7944	6.62638	0	0	0	0	0
00.000,00.000	41.9	0	-200	0	4.5	5536.73	1653.63	1518.7	916.134	452.812	227.892	165.976	127.083	91.2468	77.6262	59.2636	100.86	88.1662	36.791	13.8752	6.67693	0	0	0	0	0
00.000,00.000	42	0	-200	0	4.5	5550.85	1656.39	1522.96	916.718	452.812	227.892	166.023	127.175	91.3583	78.2141	59.2636	101.537	89.8211	38.9134	14.6672	7.1021	0	0	0	0	0