
label	time(d)	x	depth	z	radius	total	0-10	10-20	20-30	30-40	40-50	50-60	60-70	70-80	80-90	90-100	100-110	110-120	120-130	130-140	140-150	150-160	160-170	170-180	180-190	190-200
05.500,00.000	0	5.5	-200	0	4.5	0	0	0	0	0	0	0	0	0	0	0	0	0	0	0	0	0	0	0	0	0
05.500,00.000	0.1	5.5	-200	0	4.5	0	0	0	0	0	0	0	0	0	0	0	0	0	0	0	0	0	0	0	0	0
05.500,00.000	0.2	5.5	-200	0	4.5	0	0	0	0	0	0	0	0	0	0	0	0	0	0	0	0	0	0	0	0	0
05.500,00.000	0.3	5.5	-200	0	4.5	0	0	0	0	0	0	0	0	0	0	0	0	0	0	0	0	0	0	0	0	0
05.500,00.000	0.4	5.5	-200	0	4.5	0	0	0	0	0	0	0	0	0	0	0	0	0	0	0	0	0	0	0	0	0
05.500,00.000	0.5	5.5	-200	0	4.5	0	0	0	0	0	0	0	0	0	0	0	0	0	0	0	0	0	0	0	0	0
05.500,00.000	0.6	5.5	-200	0	4.5	0	0	0	0	0	0	0	0	0	0	0	0	0	0	0	0	0	0	0	0	0
05.500,00.000	0.7	5.5	-200	0	4.5	0	0	0	0	0	0	0	0	0	0	0	0	0	0	0	0	0	0	0	0	0
05.500,00.000	0.8	5.5	-200	0	4.5	0	0	0	0	0	0	0	0	0	0	0	0	0	0	0	0	0	0	0	0	0
05.500,00.000	0.9	5.5	-200	0	4.5	0	0	0	0	0	0	0	0	0	0	0	0	0	0	0	0	0	0	0	0	0
05.500,00.000	1	5.5	-200	0	4.5	0	0	0	0	0	0	0	0	0	0	0	0	0	0	0	0	0	0	0	0	0
05.500,00.000	1.1	5.5	-200	0	4.5	0	0	0	0	0	0	0	0	0	0	0	0	0	0	0	0	0	0	0	0	0
05.500,00.000	1.2	5.5	-200	0	4.5	0	0	0	0	0	0	0	0	0	0	0	0	0	0	0	0	0	0	0	0	0
05.500,00.000	1.3	5.5	-200	0	4.5	0	0	0	0	0	0	0	0	0	0	0	0	0	0	0	0	0	0	0	0	0
05.500,00.000	1.4	5.5	-200	0	4.5	0	0	0	0	0	0	0	0	0	0	0	0	0	0	0	0	0	0	0	0	0
05.500,00.000	1.5	5.5	-200	0	4.5	0	0	0	0	0	0	0	0	0	0	0	0	0	0	0	0	0	0	0	0	0
05.500,00.000	1.6	5.5	-200	0	4.5	0	0	0	0	0	0	0	0	0	0	0	0	0	0	0	0	0	0	0	0	0
05.500,00.000	1.7	5.5	-200	0	4.5	0	0	0	0	0	0	0	0	0	0	0	0	0	0	0	0	0	0	0	0	0
05.500,00.000	1.8	5.5	-200	0	4.5	0	0	0	0	0	0	0	0	0	0	0	0	0	0	0	0	0	0	0	0	0
05.500,00.000	1.9	5.5	-200	0	4.5	0	0	0	0	0	0	0	0	0	0	0	0	0	0	0	0	0	0	0	0	0
05.500,00.000	2	5.5	-200	0	4.5	0	0	0	0	0	0	0	0	0	0	0	0	0	0	0	0	0	0	0	0	0
05.500,00.000	2.1	5.5	-200	0	4.5	0	0	0	0	0	0	0	0	0	0	0	0	0	0	0	0	0	0	0	0	0
05.500,00.000	2.2	5.5	-200	0	4.5	0	0	0	0	0	0	0	0	0	0	0	0	0	0	0	0	0	0	0	0	0
05.500,00.000	2.3	5.5	-200	0	4.5	0	0	0	0	0	0	0	0	0	0	0	0	0	0	0	0	0	0	0	0	0
05.500,00.000	2.4	5.5	-200	0	4.5	0	0	0	0	0	0	0	0	0	0	0	0	0	0	0	0	0	0	0	0	0
05.500,00.000	2.5	5.5	-200	0	4.5	0	0	0	0	0	0	0	0	0	0	0	0	0	0	0	0	0	0	0	0	0
05.500,00.000	2.6	5.5	-200	0	4.5	0	0	0	0	0	0	0	0	0	0	0	0	0	0	0	0	0	0	0	0	0
05.500,00.000	2.7	5.5	-200	0	4.5	0	0	0	0	0	0	0	0	0	0	0	0	0	0	0	0	0	0	0	0	0
05.500,00.000	2.8	5.5	-200	0	4.5	0	0	0	0	0	0	0	0	0	0	0	0	0	0	0	0	0	0	0	0	0
05.500,00.000	2.9	5.5	-200	0	4.5	0	0	0	0	0	0	0	0	0	0	0	0	0	0	0	0	0	0	0	0	0
05.500,00.000	3	5.5	-200	0	4.5	0	0	0	0	0	0	0	0	0	0	0	0	0	0	0	0	0	0	0	0	0
05.500,00.000	3.1	5.5	-200	0	4.5	0	0	0	0	0	0	0	0	0	0	0	0	0	0	0	0	0	0	0	0	0
05.500,00.000	3.2	5.5	-200	0	4.5	0	0	0	0	0	0	0	0	0	0	0	0	0	0	0	0	0	0	0	0	0
05.500,00.000	3.3	5.5	-200	0	4.5	0	0	0	0	0	0	0	0	0	0	0	0	0	0	0	0	0	0	0	0	0
05.500,00.000	3.4	5.5	-200	0	4.5	0.135365	0.135365	0	0	0	0	0	0	0	0	0	0	0	0	0	0	0	0	0	0	0
05.500,00.000	3.5	5.5	-200	0	4.5	0.401472	0.401472	0	0	0	0	0	0	0	0	0	0	0	0	0	0	0	0	0	0	0
05.500,00.000	3.6	5.5	-200	0	4.5	0.66314	0.66314	0	0	0	0	0	0	0	0	0	0	0	0	0	0	0	0	0	0	0
05.500,00.000	3.7	5.5	-200	0	4.5	0.921625	0.921625	0	0	0	0	0	0	0	0	0	0	0	0	0	0	0	0	0	0	0
05.500,00.000	3.8	5.5	-200	0	4.5	1.17862	1.17862	0	0	0	0	0	0	0	0	0	0	0	0	0	0	0	0	0	0	0
05.500,00.000	3.9	5.5	-200	0	4.5	1.43631	1.43631	0	0	0	0	0	0	0	0	0	0	0	0	0	0	0	0	0	0	0
05.500,00.000	4	5.5	-200	0	4.5	1.69699	1.69699	0	0	0	0	0	0	0	0	0	0	0	0	0	0	0	0	0	0	0
05.500,00.000	4.1	5.5	-200	0	4.5	1.95974	1.95974	0	0	0	0	0	0	0	0	0	0	0	0	0	0	0	0	0	0	0
05.500,00.000	4.2	5.5	-200	0	4.5	2.22425	2.22425	0	0	0	0	0	0	0	0	0	0	0	0	0	0	0	0	0	0	0
05.500,00.000	4.3	5.5	-200	0	4.5	2.49021	2.49021	0	0	0	0	0	0	0	0	0	0	0	0	0	0	0	0	0	0	0
05.500,00.000	4.4	5.5	-200	0	4.5	2.75672	2.75672	0	0	0	0	0	0	0	0	0	0	0	0	0	0	0	0	0	0	0
05.500,00.000	4.5	5.5	-200	0	4.5	3.02094	3.02094	0	0	0	0	0	0	0	0	0	0	0	0	0	0	0	0	0	0	0
05.500,00.000	4.6	5.5	-200	0	4.5	3.28242	3.28242	0	0	0	0	0	0	0	0	0	0	0	0	0	0	0	0	0	0	0
05.500,00.000	4.7	5.5	-200	0	4.5	3.54141	3.54141	0	0	0	0	0	0	0	0	0	0	0	0	0	0	0	0	0	0	0
05.500,00.000	4.8	5.5	-200	0	4.5	3.79912	3.79912	0	0	0	0	0	0	0	0	0	0	0	0	0	0	0	0	0	0	0
05.500,00.000	4.9	5.5	-200	0	4.5	4.05621	4.05621	0	0	0	0	0	0	0	0	0	0	0	0	0	0	0	0	0	0	0
05.500,00.000	5	5.5	-200	0	4.5	4.31233	4.06641	0.245926	0	0	0	0	0	0	0	0	0	0	0	0	0	0	0	0	0	0
05.500,00.000	5.1	5.5	-200	0	4.5	4.56771	4.06641	0.501308	0	0	0	0	0	0	0	0	0	0	0	0	0	0	0	0	0	0
05.500,00.000	5.2	5.5	-200	0	4.5	4.82365	4.06641	0.757245	0	0	0	0	0	0	0	0	0	0	0	0	0	0	0	0	0	0
05.500,00.000	5.3	5.5	-200	0	4.5	5.08079	4.06641	1.01438	0	0	0	0	0	0	0	0	0	0	0	0	0	0	0	0	0	0
05.500,00.000	5.4	5.5	-200	0	4.5	5.33925	4.06641	1.27284	0	0	0	0	0	0	0	0	0	0	0	0	0	0	0	0	0	0
05.500,00.000	5.5	5.5	-200	0	4.5	5.59727	4.06641	1.53086	0	0	0	0	0	0	0	0	0	0	0	0	0	0	0	0	0	0
05.500,00.000	5.6	5.5	-200	0	4.5	5.85461	4.06641	1.7882	0	0	0	0	0	0	0	0	0	0	0	0	0	0	0	0	0	0
05.500,00.000	5.7	5.5	-200	0	4.5	6.11051	4.06641	2.0441	0	0	0	0	0	0	0	0	0	0	0	0	0	0	0	0	0	0
05.500,00.000	5.8	5.5	-200	0	4.5	6.36583	4.06641	2.29942	0	0	0	0	0	0	0	0	0	0	0	0	0	0	0	0	0	0
05.500,00.000	5.9	5.5	-200	0	4.5	6.62048	4.06641	2.55408	0	0	0	0	0	0	0	0	0	0	0	0	0	0	0	0	0	0
05.500,00.000	6	5.5	-200	0	4.5	6.8746	4.06641	2.80819	0	0	0	0	0	0	0	0	0	0	0	0	0	0	0	0	0	0
05.500,00.000	6.1	5.5	-200	0	4.5	7.12905	4.06641	3.06265	0	0	0	0	0	0	0	0	0	0	0	0	0	0	0	0	0	0
05.500,00.000	6.2	5.5	-200	0	4.5	7.17179	4.06641	3.10539	0	0	0	0	0	0	0	0	0	0	0	0	0	0	0	0	0	0
05.500,00.000	6.3	5.5	-200	0	4.5	7.14814	4.06641	3.08173	0	0	0	0	0	0	0	0	0	0	0	0	0	0	0	0	0	0
05.500,00.000	6.4	5.5	-200	0	4.5	7.14814	4.06641	3.08173	0	0	0	0	0	0	0	0	0	0	0	0	0	0	0	0	0	0
05.500,00.000	6.5	5.5	-200	0	4.5	7.14814	4.06641	3.08173	0	0	0	0	0	0	0	0	0	0	0	0	0	0	0	0	0	0
05.500,00.000	6.6	5.5	-200	0	4.5	7.14814	4.06641	3.08173	0	0	0	0	0	0	0	0	0	0	0	0	0	0	0	0	0	0
05.500,00.000	6.7	5.5	-200	0	4.5	7.14814	4.06641	3.08173	0	0	0	0	0	0	0	0	0	0	0	0	0	0	0	0	0	0
05.500,00.000	6.8	5.5	-200	0	4.5	7.14814	4.06641	3.08173	0	0	0	0	0	0	0	0	0	0	0	0	0	0	0	0	0	0
05.500,00.000	6.9	5.5	-200	0	4.5	7.14814	4.06641	3.08173	0	0	0	0	0	0	0	0	0	0	0	0	0	0	0	0	0	0
05.500,00.000	7	5.5	-200	0	4.5	7.14814	4.06641	3.08173	0	0	0	0	0	0	0	0	0	0	0	0	0	0	0	0	0	0
05.500,00.000	7.1	5.5	-200	0	4.5	7.14814	4.06641	3.08173	0	0	0	0	0	0	0	0	0	0	0	0	0	0	0	0	0	0
05.500,00.000	7.2	5.5	-200	0	4.5	7.14814	4.06641	3.08173	0	0	0	0	0	0	0	0	0	0	0	0	0	0	0	0	0	0
05.500,00.000	7.3	5.5	-200	0	4.5	7.14814	4.06641	3.08173	0	0	0	0	0	0	0	0	0	0	0	0	0	0	0	0	0	0
05.500,00.000	7.4	5.5	-200	0	4.5	7.14814	4.06641	3.08173	0	0	0	0	0	0	0	0	0	0	0	0	0	0	0	0	0	0
05.500,00.000	7.5	5.5	-200	0	4.5	7.14814	4.06641	3.08173	0	0	0	0	0	0	0	0	0	0	0	0	0	0	0	0	0	0
05.500,00.000	7.6	5.5	-200	0	4.5	7.14814	4.06641	3.08173	0	0	0	0	0	0	0	0	0	0	0	0	0	0	0	0	0	0
05.500,00.000	7.7	5.5	-200	0	4.5	7.14831	4.06658	3.08173	0	0	0	0	0	0	0	0	0	0	0	0	0	0	0	0	0	0
05.500,00.000	7.8	5.5	-200	0	4.5	7.1502	4.06847	3.08173	0	0	0	0	0	0	0	0	0	0	0	0	0	0	0	0	0	0
05.500,00.000	7.9	5.5	-200	0	4.5	7.1544	4.07267	3.08173	0	0	0	0	0	0	0	0	0	0	0	0	0	0	0	0	0	0
05.500,00.000	8	5.5	-200	0	4.5	7.16352	4.08179	3.08173	0	0	0	0	0	0	0	0	0	0	0	0	0	0	0	0	0	0
05.500,00.000	8.1	5.5	-200	0	4.5	7.17917	4.09744	3.08173	0	0	0	0	0	0	0	0	0	0	0	0	0	0	0	0	0	0
05.500,00.000	8.2	5.5	-200	0	4.5	7.20286	4.12112	3.08173	0	0	0	0	0	0	0	0	0	0	0	0	0	0	0	0	0	0
05.500,00.000	8.3	5.5	-200	0	4.5	7.23573	4.154	3.08173	0	0	0	0	0	0	0	0	0	0	0	0	0	0	0	0	0	0
05.500,00.000	8.4	5.5	-200	0	4.5	7.2788	4.19707	3.08173	0	0	0	0	0	0	0	0	0	0	0	0	0	0	0	0	0	0
05.500,00.000	8.5	5.5	-200	0	4.5	7.3328	4.25107	3.08173	0	0	0	0	0	0	0	0	0	0	0	0	0	0	0	0	0	0
05.500,00.000	8.6	5.5	-200	0	4.5	7.40053	4.3188	3.08173	0	0	0	0	0	0	0	0	0	0	0	0	0	0	0	0	0	0
05.500,00.000	8.7	5.5	-200	0	4.5	7.48047	4.39874	3.08173	0	0	0	0	0	0	0	0	0	0	0	0	0	0	0	0	0	0
05.500,00.000	8.8	5.5	-200	0	4.5	7.57486	4.49313	3.08173	0	0	0	0	0	0	0	0	0	0	0	0	0	0	0	0	0	0
05.500,00.000	8.9	5.5	-200	0	4.5	7.68431	4.60258	3.08173	0	0	0	0	0	0	0	0	0	0	0	0	0	0	0	0	0	0
05.500,00.000	9	5.5	-200	0	4.5	7.81142	4.72968	3.08173	0	0	0	0	0	0	0	0	0	0	0	0	0	0	0	0	0	0
05.500,00.000	9.1	5.5	-200	0	4.5	7.95592	4.87418	3.08173	0	0	0	0	0	0	0	0	0	0	0	0	0	0	0	0	0	0
05.500,00.000	9.2	5.5	-200	0	4.5	8.12086	5.03913	3.08173	0	0	0	0	0	0	0	0	0	0	0	0	0	0	0	0	0	0
05.500,00.000	9.3	5.5	-200	0	4.5	8.30634	5.22443	3.08191	0	0	0	0	0	0	0	0	0	0	0	0	0	0	0	0	0	0
05.500,00.000	9.4	5.5	-200	0	4.5	8.49881	5.4153	3.08351	0	0	0	0	0	0	0	0	0	0	0	0	0	0	0	0	0	0
05.500,00.000	9.5	5.5	-200	0	4.5	8.69873	5.61005	3.08868	0	0	0	0	0	0	0	0	0	0	0	0	0	0	0	0	0	0
05.500,00.000	9.6	5.5	-200	0	4.5	8.91269	5.81439	3.09831	0	0	0	0	0	0	0	0	0	0	0	0	0	0	0	0	0	0
05.500,00.000	9.7	5.5	-200	0	4.5	9.14403	6.02877	3.11525	0	0	0	0	0	0	0	0	0	0	0	0	0	0	0	0	0	0
05.500,00.000	9.8	5.5	-200	0	4.5	9.39599	6.25419	3.1418	0	0	0	0	0	0	0	0	0	0	0	0	0	0	0	0	0	0
05.500,00.000	9.9	5.5	-200	0	4.5	9.67186	6.49395	3.17791	0	0	0	0	0	0	0	0	0	0	0	0	0	0	0	0	0	0
05.500,00.000	10	5.5	-200	0	4.5	9.97622	6.75107	3.22515	0	0	0	0	0	0	0	0	0	0	0	0	0	0	0	0	0	0
05.500,00.000	10.1	5.5	-200	0	4.5	10.3069	7.02248	3.28446	0	0	0	0	0	0	0	0	0	0	0	0	0	0	0	0	0	0
05.500,00.000	10.2	5.5	-200	0	4.5	10.6642	7.30718	3.35697	0	0	0	0	0	0	0	0	0	0	0	0	0	0	0	0	0	0
05.500,00.000	10.3	5.5	-200	0	4.5	11.0504	7.60426	3.4461	0	0	0	0	0	0	0	0	0	0	0	0	0	0	0	0	0	0
05.500,00.000	10.4	5.5	-200	0	4.5	11.4626	7.91171	3.55086	0	0	0	0	0	0	0	0	0	0	0	0	0	0	0	0	0	0
05.500,00.000	10.5	5.5	-200	0	4.5	11.895	8.22498	3.67005	0	0	0	0	0	0	0	0	0	0	0	0	0	0	0	0	0	0
05.500,00.000	10.6	5.5	-200	0	4.5	12.3475	8.54537	3.80213	0	0	0	0	0	0	0	0	0	0	0	0	0	0	0	0	0	0
05.500,00.000	10.7	5.5	-200	0	4.5	12.8187	8.87257	3.94614	0	0	0	0	0	0	0	0	0	0	0	0	0	0	0	0	0	0
05.500,00.000	10.8	5.5	-200	0	4.5	13.3134	9.21189	4.10146	0	0	0	0	0	0	0	0	0	0	0	0	0	0	0	0	0	0
05.500,00.000	10.9	5.5	-200	0	4.5	13.8414	9.57292	4.26845	0	0	0	0	0	0	0	0	0	0	0	0	0	0	0	0	0	0
05.500,00.000	11	5.5	-200	0	4.5	14.3893	9.94174	4.44758	0	0	0	0	0	0	0	0	0	0	0	0	0	0	0	0	0	0
05.500,00.000	11.1	5.5	-200	0	4.5	14.9432	10.3042	4.63896	0	0	0	0	0	0	0	0	0	0	0	0	0	0	0	0	0	0
05.500,00.000	11.2	5.5	-200	0	4.5	15.5235	10.6805	4.84302	0	0	0	0	0	0	0	0	0	0	0	0	0	0	0	0	0	0
05.500,00.000	11.3	5.5	-200	0	4.5	16.1325	11.0733	5.05919	0	0	0	0	0	0	0	0	0	0	0	0	0	0	0	0	0	0
05.500,00.000	11.4	5.5	-200	0	4.5	16.7612	11.4751	5.28612	0	0	0	0	0	0	0	0	0	0	0	0	0	0	0	0	0	0
05.500,00.000	11.5	5.5	-200	0	4.5	17.4036	11.8832	5.5204	0	0	0	0	0	0	0	0	0	0	0	0	0	0	0	0	0	0
05.500,00.000	11.6	5.5	-200	0	4.5	18.0364	12.2984	5.73801	0	0	0	0	0	0	0	0	0	0	0	0	0	0	0	0	0	0
05.500,00.000	11.7	5.5	-200	0	4.5	18.6685	12.7048	5.96368	0	0	0	0	0	0	0	0	0	0	0	0	0	0	0	0	0	0
05.500,00.000	11.8	5.5	-200	0	4.5	19.2942	13.097	6.19726	0	0	0	0	0	0	0	0	0	0	0	0	0	0	0	0	0	0
05.500,00.000	11.9	5.5	-200	0	4.5	19.9375	13.5084	6.42908	0	0	0	0	0	0	0	0	0	0	0	0	0	0	0	0	0	0
05.500,00.000	12	5.5	-200	0	4.5	20.6097	13.9421	6.66761	0	0	0	0	0	0	0	0	0	0	0	0	0	0	0	0	0	0
05.500,00.000	12.1	5.5	-200	0	4.5	21.3205	14.4031	6.9174	0	0	0	0	0	0	0	0	0	0	0	0	0	0	0	0	0	0
05.500,00.000	12.2	5.5	-200	0	4.5	22.0794	14.9025	7.17689	0	0	0	0	0	0	0	0	0	0	0	0	0	0	0	0	0	0
05.500,00.000	12.3	5.5	-200	0	4.5	22.8726	15.4312	7.44141	0	0	0	0	0	0	0	0	0	0	0	0	0	0	0	0	0	0
05.500,00.000	12.4	5.5	-200	0	4.5	23.6696	15.9663	7.70334	0	0	0	0	0	0	0	0	0	0	0	0	0	0	0	0	0	0
05.500,00.000	12.5	5.5	-200	0	4.5	24.4743	16.5068	7.96755	0	0	0	0	0	0	0	0	0	0	0	0	0	0	0	0	0	0
05.500,00.000	12.6	5.5	-200	0	4.5	25.3996	17.1472	8.25234	0	0	0	0	0	0	0	0	0	0	0	0	0	0	0	0	0	0
05.500,00.000	12.7	5.5	-200	0	4.5	26.2377	17.7301	8.50758	0	0	0	0	0	0	0	0	0	0	0	0	0	0	0	0	0	0
05.500,00.000	12.8	5.5	-200	0	4.5	26.9177	18.2014	8.71623	0	0	0	0	0	0	0	0	0	0	0	0	0	0	0	0	0	0
05.500,00.000	12.9	5.5	-200	0	4.5	27.8116	18.8216	8.98998	0	0	0	0	0	0	0	0	0	0	0	0	0	0	0	0	0	0
05.500,00.000	13	5.5	-200	0	4.5	28.7034	19.4569	9.24648	0	0	0	0	0	0	0	0	0	0	0	0	0	0	0	0	0	0
05.500,00.000	13.1	5.5	-200	0	4.5	29.6017	20.09	9.51169	0	0	0	0	0	0	0	0	0	0	0	0	0	0	0	0	0	0
05.500,00.000	13.2	5.5	-200	0	4.5	30.5138	20.725	9.78879	0	0	0	0	0	0	0	0	0	0	0	0	0	0	0	0	0	0
05.500,00.000	13.3	5.5	-200	0	4.5	31.4504	21.3744	10.076	0	0	0	0	0	0	0	0	0	0	0	0	0	0	0	0	0	0
05.500,00.000	13.4	5.5	-200	0	4.5	32.4349	22.0598	10.3751	0	0	0	0	0	0	0	0	0	0	0	0	0	0	0	0	0	0
05.500,00.000	13.5	5.5	-200	0	4.5	33.5018	22.798	10.7038	0	0	0	0	0	0	0	0	0	0	0	0	0	0	0	0	0	0
05.500,00.000	13.6	5.5	-200	0	4.5	34.7728	23.6648	11.108	0	0	0	0	0	0	0	0	0	0	0	0	0	0	0	0	0	0
05.500,00.000	13.7	5.5	-200	0	4.5	35.7867	24.3505	11.4362	0	0	0	0	0	0	0	0	0	0	0	0	0	0	0	0	0	0
05.500,00.000	13.8	5.5	-200	0	4.5	36.4693	24.8123	11.657	0	0	0	0	0	0	0	0	0	0	0	0	0	0	0	0	0	0
05.500,00.000	13.9	5.5	-200	0	4.5	37.5434	25.5281	12.0154	0	0	0	0	0	0	0	0	0	0	0	0	0	0	0	0	0	0
05.500,00.000	14	5.5	-200	0	4.5	38.7094	26.3206	12.3887	0	0	0	0	0	0	0	0	0	0	0	0	0	0	0	0	0	0
05.500,00.000	14.1	5.5	-200	0	4.5	39.8777	27.0824	12.7954	0	0	0	0	0	0	0	0	0	0	0	0	0	0	0	0	0	0
05.500,00.000	14.2	5.5	-200	0	4.5	41.0387	27.8407	13.198	0	0	0	0	0	0	0	0	0	0	0	0	0	0	0	0	0	0
05.500,00.000	14.3	5.5	-200	0	4.5	42.2089	28.6344	13.5746	0	0	0	0	0	0	0	0	0	0	0	0	0	0	0	0	0	0
05.500,00.000	14.4	5.5	-200	0	4.5	43.4274	29.4565	13.9709	0	0	0	0	0	0	0	0	0	0	0	0	0	0	0	0	0	0
05.500,00.000	14.5	5.5	-200	0	4.5	44.9044	30.4507	14.4537	0	0	0	0	0	0	0	0	0	0	0	0	0	0	0	0	0	0
05.500,00.000	14.6	5.5	-200	0	4.5	46.5829	31.5663	15.0167	0	0	0	0	0	0	0	0	0	0	0	0	0	0	0	0	0	0
05.500,00.000	14.7	5.5	-200	0	4.5	47.9622	32.4796	15.4827	0	0	0	0	0	0	0	0	0	0	0	0	0	0	0	0	0	0
05.500,00.000	14.8	5.5	-200	0	4.5	48.7146	32.963	15.7517	0	0	0	0	0	0	0	0	0	0	0	0	0	0	0	0	0	0
05.500,00.000	14.9	5.5	-200	0	4.5	50.0753	33.8202	16.2551	0	0	0	0	0	0	0	0	0	0	0	0	0	0	0	0	0	0
05.500,00.000	15	5.5	-200	0	4.5	51.5498	34.6996	16.8502	0	0	0	0	0	0	0	0	0	0	0	0	0	0	0	0	0	0
05.500,00.000	15.1	5.5	-200	0	4.5	52.9165	35.5338	17.3827	0	0	0	0	0	0	0	0	0	0	0	0	0	0	0	0	0	0
05.500,00.000	15.2	5.5	-200	0	4.5	54.2139	36.3381	17.8758	0	0	0	0	0	0	0	0	0	0	0	0	0	0	0	0	0	0
05.500,00.000	15.3	5.5	-200	0	4.5	55.4999	37.1339	18.366	0	0	0	0	0	0	0	0	0	0	0	0	0	0	0	0	0	0
05.500,00.000	15.4	5.5	-200	0	4.5	56.7391	37.9026	18.8364	0	0	0	0	0	0	0	0	0	0	0	0	0	0	0	0	0	0
05.500,00.000	15.5	5.5	-200	0	4.5	59.0253	39.3219	19.7033	0	0	0	0	0	0	0	0	0	0	0	0	0	0	0	0	0	0
05.500,00.000	15.6	5.5	-200	0	4.5	60.4443	40.2109	20.2334	0	0	0	0	0	0	0	0	0	0	0	0	0	0	0	0	0	0
05.500,00.000	15.7	5.5	-200	0	4.5	61.9107	41.1124	20.7983	0	0	0	0	0	0	0	0	0	0	0	0	0	0	0	0	0	0
05.500,00.000	15.8	5.5	-200	0	4.5	63.2863	41.9565	21.3298	0	0	0	0	0	0	0	0	0	0	0	0	0	0	0	0	0	0
05.500,00.000	15.9	5.5	-200	0	4.5	63.6864	42.2131	21.4733	0	0	0	0	0	0	0	0	0	0	0	0	0	0	0	0	0	0
05.500,00.000	16	5.5	-200	0	4.5	65.0976	43.0579	22.0397	0	0	0	0	0	0	0	0	0	0	0	0	0	0	0	0	0	0
05.500,00.000	16.1	5.5	-200	0	4.5	66.2854	43.7625	22.5229	0	0	0	0	0	0	0	0	0	0	0	0	0	0	0	0	0	0
05.500,00.000	16.2	5.5	-200	0	4.5	67.3611	44.3611	23	0	0	0	0	0	0	0	0	0	0	0	0	0	0	0	0	0	0
05.500,00.000	16.3	5.5	-200	0	4.5	68.4515	44.9352	23.5163	0	0	0	0	0	0	0	0	0	0	0	0	0	0	0	0	0	0
05.500,00.000	16.4	5.5	-200	0	4.5	69.5227	45.4846	24.0381	0	0	0	0	0	0	0	0	0	0	0	0	0	0	0	0	0	0
05.500,00.000	16.5	5.5	-200	0	4.5	72.3973	46.9029	25.4944	0	0	0	0	0	0	0	0	0	0	0	0	0	0	0	0	0	0
05.500,00.000	16.6	5.5	-200	0	4.5	72.958	47.1775	25.7805	0	0	0	0	0	0	0	0	0	0	0	0	0	0	0	0	0	0
05.500,00.000	16.7	5.5	-200	0	4.5	74.6788	47.9688	26.7101	0	0	0	0	0	0	0	0	0	0	0	0	0	0	0	0	0	0
05.500,00.000	16.8	5.5	-200	0	4.5	75.065	48.1463	26.9187	0	0	0	0	0	0	0	0	0	0	0	0	0	0	0	0	0	0
05.500,00.000	16.9	5.5	-200	0	4.5	75.3619	48.2748	27.0871	0	0	0	0	0	0	0	0	0	0	0	0	0	0	0	0	0	0
05.500,00.000	17	5.5	-200	0	4.5	76.9007	48.9242	27.9765	0	0	0	0	0	0	0	0	0	0	0	0	0	0	0	0	0	0
05.500,00.000	17.1	5.5	-200	0	4.5	78.0017	49.3782	28.6235	0	0	0	0	0	0	0	0	0	0	0	0	0	0	0	0	0	0
05.500,00.000	17.2	5.5	-200	0	4.5	78.8772	49.7282	29.149	0	0	0	0	0	0	0	0	0	0	0	0	0	0	0	0	0	0
05.500,00.000	17.3	5.5	-200	0	4.5	79.7367	50.0626	29.6741	0	0	0	0	0	0	0	0	0	0	0	0	0	0	0	0	0	0
05.500,00.000	17.4	5.5	-200	0	4.5	80.5786	50.3804	30.1982	0	0	0	0	0	0	0	0	0	0	0	0	0	0	0	0	0	0
05.500,00.000	17.5	5.5	-200	0	4.5	83.6253	51.4678	32.1575	0	0	0	0	0	0	0	0	0	0	0	0	0	0	0	0	0	0
05.500,00.000	17.6	5.5	-200	0	4.5	84.2277	51.65	32.5777	0	0	0	0	0	0	0	0	0	0	0	0	0	0	0	0	0	0
05.500,00.000	17.7	5.5	-200	0	4.5	86.1521	52.1946	33.9574	0	0	0	0	0	0	0	0	0	0	0	0	0	0	0	0	0	0
05.500,00.000	17.8	5.5	-200	0	4.5	86.5713	52.3067	34.2645	0	0	0	0	0	0	0	0	0	0	0	0	0	0	0	0	0	0
05.500,00.000	17.9	5.5	-200	0	4.5	87.1094	52.4417	34.6677	0	0	0	0	0	0	0	0	0	0	0	0	0	0	0	0	0	0
05.500,00.000	18	5.5	-200	0	4.5	88.4669	52.7866	35.6803	0	0	0	0	0	0	0	0	0	0	0	0	0	0	0	0	0	0
05.500,00.000	18.1	5.5	-200	0	4.5	89.3481	52.9931	36.3549	0	0	0	0	0	0	0	0	0	0	0	0	0	0	0	0	0	0
05.500,00.000	18.2	5.5	-200	0	4.5	90.0293	53.141	36.8883	0	0	0	0	0	0	0	0	0	0	0	0	0	0	0	0	0	0
05.500,00.000	18.3	5.5	-200	0	4.5	90.6983	53.2766	37.4217	0	0	0	0	0	0	0	0	0	0	0	0	0	0	0	0	0	0
05.500,00.000	18.4	5.5	-200	0	4.5	91.3427	53.399	37.9437	0	0	0	0	0	0	0	0	0	0	0	0	0	0	0	0	0	0
05.500,00.000	18.5	5.5	-200	0	4.5	94.1547	53.86	40.2946	0	0	0	0	0	0	0	0	0	0	0	0	0	0	0	0	0	0
05.500,00.000	18.6	5.5	-200	0	4.5	94.7146	53.9443	40.7703	0	0	0	0	0	0	0	0	0	0	0	0	0	0	0	0	0	0
05.500,00.000	18.7	5.5	-200	0	4.5	96.7064	54.1937	42.5127	0	0	0	0	0	0	0	0	0	0	0	0	0	0	0	0	0	0
05.500,00.000	18.8	5.5	-200	0	4.5	97.159	54.247	42.912	0	0	0	0	0	0	0	0	0	0	0	0	0	0	0	0	0	0
05.500,00.000	18.9	5.5	-200	0	4.5	98.0001	54.3286	43.6715	0	0	0	0	0	0	0	0	0	0	0	0	0	0	0	0	0	0
05.500,00.000	19	5.5	-200	0	4.5	99.349	54.4586	44.8905	0	0	0	0	0	0	0	0	0	0	0	0	0	0	0	0	0	0
05.500,00.000	19.1	5.5	-200	0	4.5	100.277	54.5568	45.7199	0	0	0	0	0	0	0	0	0	0	0	0	0	0	0	0	0	0
05.500,00.000	19.2	5.5	-200	0	4.5	101.018	54.6286	46.3894	0	0	0	0	0	0	0	0	0	0	0	0	0	0	0	0	0	0
05.500,00.000	19.3	5.5	-200	0	4.5	101.769	54.6958	47.0729	0	0	0	0	0	0	0	0	0	0	0	0	0	0	0	0	0	0
05.500,00.000	19.4	5.5	-200	0	4.5	102.534	54.7644	47.7693	0	0	0	0	0	0	0	0	0	0	0	0	0	0	0	0	0	0
05.500,00.000	19.5	5.5	-200	0	4.5	103.345	54.8593	48.4857	0	0	0	0	0	0	0	0	0	0	0	0	0	0	0	0	0	0
05.500,00.000	19.6	5.5	-200	0	4.5	104.734	55.0131	49.721	0	0	0	0	0	0	0	0	0	0	0	0	0	0	0	0	0	0
05.500,00.000	19.7	5.5	-200	0	4.5	105.047	55.0541	49.9926	0	0	0	0	0	0	0	0	0	0	0	0	0	0	0	0	0	0
05.500,00.000	19.8	5.5	-200	0	4.5	107.028	55.2714	51.7563	0	0	0	0	0	0	0	0	0	0	0	0	0	0	0	0	0	0
05.500,00.000	19.9	5.5	-200	0	4.5	107.566	55.3689	52.1974	0	0	0	0	0	0	0	0	0	0	0	0	0	0	0	0	0	0
05.500,00.000	20	5.5	-200	0	4.5	108.532	55.5353	52.9969	0	0	0	0	0	0	0	0	0	0	0	0	0	0	0	0	0	0
05.500,00.000	20.1	5.5	-200	0	4.5	109.47	55.7233	53.7471	0	0	0	0	0	0	0	0	0	0	0	0	0	0	0	0	0	0
05.500,00.000	20.2	5.5	-200	0	4.5	110.201	55.88	54.3212	0	0	0	0	0	0	0	0	0	0	0	0	0	0	0	0	0	0
05.500,00.000	20.3	5.5	-200	0	4.5	110.908	56.0531	54.8548	0	0	0	0	0	0	0	0	0	0	0	0	0	0	0	0	0	0
05.500,00.000	20.4	5.5	-200	0	4.5	111.61	56.2399	55.3697	0	0	0	0	0	0	0	0	0	0	0	0	0	0	0	0	0	0
05.500,00.000	20.5	5.5	-200	0	4.5	112.318	56.4543	55.8632	0	0	0	0	0	0	0	0	0	0	0	0	0	0	0	0	0	0
05.500,00.000	20.6	5.5	-200	0	4.5	113.001	56.6678	56.333	0	0	0	0	0	0	0	0	0	0	0	0	0	0	0	0	0	0
05.500,00.000	20.7	5.5	-200	0	4.5	113.677	56.8997	56.7772	0	0	0	0	0	0	0	0	0	0	0	0	0	0	0	0	0	0
05.500,00.000	20.8	5.5	-200	0	4.5	114.357	57.1544	57.2024	0	0	0	0	0	0	0	0	0	0	0	0	0	0	0	0	0	0
05.500,00.000	20.9	5.5	-200	0	4.5	115.909	57.7386	58.1707	0	0	0	0	0	0	0	0	0	0	0	0	0	0	0	0	0	0
05.500,00.000	21	5.5	-200	0	4.5	116.311	57.9195	58.3912	0	0	0	0	0	0	0	0	0	0	0	0	0	0	0	0	0	0
05.500,00.000	21.1	5.5	-200	0	4.5	117.369	58.3724	58.9967	0	0	0	0	0	0	0	0	0	0	0	0	0	0	0	0	0	0
05.500,00.000	21.2	5.5	-200	0	4.5	118.181	58.7449	59.4359	0	0	0	0	0	0	0	0	0	0	0	0	0	0	0	0	0	0
05.500,00.000	21.3	5.5	-200	0	4.5	118.796	59.035	59.7606	0	0	0	0	0	0	0	0	0	0	0	0	0	0	0	0	0	0
05.500,00.000	21.4	5.5	-200	0	4.5	119.882	59.5663	60.3152	0	0	0	0	0	0	0	0	0	0	0	0	0	0	0	0	0	0
05.500,00.000	21.5	5.5	-200	0	4.5	120.179	59.7313	60.4476	0	0	0	0	0	0	0	0	0	0	0	0	0	0	0	0	0	0
05.500,00.000	21.6	5.5	-200	0	4.5	124.1	61.9072	62.1932	0	0	0	0	0	0	0	0	0	0	0	0	0	0	0	0	0	0
05.500,00.000	21.7	5.5	-200	0	4.5	124.931	62.3679	62.5633	0	0	0	0	0	0	0	0	0	0	0	0	0	0	0	0	0	0
05.500,00.000	21.8	5.5	-200	0	4.5	125.982	62.9798	63.0018	0	0	0	0	0	0	0	0	0	0	0	0	0	0	0	0	0	0
05.500,00.000	21.9	5.5	-200	0	4.5	126.188	63.0995	63.0888	0	0	0	0	0	0	0	0	0	0	0	0	0	0	0	0	0	0
05.500,00.000	22	5.5	-200	0	4.5	127.605	64.0009	63.6046	0	0	0	0	0	0	0	0	0	0	0	0	0	0	0	0	0	0
05.500,00.000	22.1	5.5	-200	0	4.5	129.325	65.1607	64.1647	0	0	0	0	0	0	0	0	0	0	0	0	0	0	0	0	0	0
05.500,00.000	22.2	5.5	-200	0	4.5	130.147	65.7292	64.4182	0	0	0	0	0	0	0	0	0	0	0	0	0	0	0	0	0	0
05.500,00.000	22.3	5.5	-200	0	4.5	130.766	66.1688	64.5977	0	0	0	0	0	0	0	0	0	0	0	0	0	0	0	0	0	0
05.500,00.000	22.4	5.5	-200	0	4.5	132.628	67.4689	65.0976	0.0615379	0	0	0	0	0	0	0	0	0	0	0	0	0	0	0	0	0
05.500,00.000	22.5	5.5	-200	0	4.5	133.093	67.7545	65.2343	0.10443	0	0	0	0	0	0	0	0	0	0	0	0	0	0	0	0	0
05.500,00.000	22.6	5.5	-200	0	4.5	139.413	71.2177	66.6405	1.55496	3.19744e-14	0	0	0	0	0	0	0	0	0	0	0	0	0	0	0	0
05.500,00.000	22.7	5.5	-200	0	4.5	141.325	72.0041	67.098	2.15872	0.0640416	0	0	0	0	0	0	0	0	0	0	0	0	0	0	0	0
05.500,00.000	22.8	5.5	-200	0	4.5	141.897	72.2538	67.2223	2.33829	0.0827196	0	0	0	0	0	0	0	0	0	0	0	0	0	0	0	0
05.500,00.000	22.9	5.5	-200	0	4.5	142.009	72.3006	67.2472	2.37507	0.0862469	0	0	0	0	0	0	0	0	0	0	0	0	0	0	0	0
05.500,00.000	23	5.5	-200	0	4.5	146.988	74.3957	68.3168	4.04368	0.23144	0	0	0	0	0	0	0	0	0	0	0	0	0	0	0	0
05.500,00.000	23.1	5.5	-200	0	4.5	149.662	75.4723	69.0177	4.87408	0.298018	0	0	0	0	0	0	0	0	0	0	0	0	0	0	0	0
05.500,00.000	23.2	5.5	-200	0	4.5	150.754	75.9145	69.3033	5.21235	0.324291	0	0	0	0	0	0	0	0	0	0	0	0	0	0	0	0
05.500,00.000	23.3	5.5	-200	0	4.5	151.884	76.3587	69.6229	5.55263	0.349822	0	0	0	0	0	0	0	0	0	0	0	0	0	0	0	0
05.500,00.000	23.4	5.5	-200	0	4.5	155.457	77.813	70.6479	6.13385	0.862676	0	0	0	0	0	0	0	0	0	0	0	0	0	0	0	0
05.500,00.000	23.5	5.5	-200	0	4.5	156.313	78.1607	70.9119	6.19073	1.04917	0	0	0	0	0	0	0	0	0	0	0	0	0	0	0	0
05.500,00.000	23.6	5.5	-200	0	4.5	164.217	81.2889	73.3168	6.74234	2.86923	0	0	0	0	0	0	0	0	0	0	0	0	0	0	0	0
05.500,00.000	23.7	5.5	-200	0	4.5	168.409	82.8362	74.7116	7.03009	3.83125	0	0	0	0	0	0	0	0	0	0	0	0	0	0	0	0
05.500,00.000	23.8	5.5	-200	0	4.5	169.505	83.2462	75.0677	7.09815	4.09332	0	0	0	0	0	0	0	0	0	0	0	0	0	0	0	0
05.500,00.000	23.9	5.5	-200	0	4.5	169.531	83.2555	75.0763	7.0996	4.0995	0	0	0	0	0	0	0	0	0	0	0	0	0	0	0	0
05.500,00.000	24	5.5	-200	0	4.5	170.426	83.5768	75.3883	7.14108	4.31936	0	0	0	0	0	0	0	0	0	0	0	0	0	0	0	0
05.500,00.000	24.1	5.5	-200	0	4.5	174.86	85.17	76.9681	7.36004	5.3617	0	0	0	0	0	0	0	0	0	0	0	0	0	0	0	0
05.500,00.000	24.2	5.5	-200	0	4.5	177.001	85.8964	77.8076	7.45562	5.84169	0	0	0	0	0	0	0	0	0	0	0	0	0	0	0	0
05.500,00.000	24.3	5.5	-200	0	4.5	178.21	86.3081	78.2828	7.50827	6.11058	0	0	0	0	0	0	0	0	0	0	0	0	0	0	0	0
05.500,00.000	24.4	5.5	-200	0	4.5	181.697	87.4738	79.6829	7.66338	6.87706	0	0	0	0	0	0	0	0	0	0	0	0	0	0	0	0
05.500,00.000	24.5	5.5	-200	0	4.5	182.508	87.7296	80.0143	7.7143	7.05022	0	0	0	0	0	0	0	0	0	0	0	0	0	0	0	0
05.500,00.000	24.6	5.5	-200	0	4.5	191.536	90.3023	83.7854	8.3753	9.07337	0	0	0	0	0	0	0	0	0	0	0	0	0	0	0	0
05.500,00.000	24.7	5.5	-200	0	4.5	200.981	92.873	87.4404	9.8299	10.8381	0	0	0	0	0	0	0	0	0	0	0	0	0	0	0	0
05.500,00.000	24.8	5.5	-200	0	4.5	201.912	93.1027	87.7905	10.0246	10.9943	0	0	0	0	0	0	0	0	0	0	0	0	0	0	0	0
05.500,00.000	24.9	5.5	-200	0	4.5	201.967	93.1178	87.8114	10.0341	11.004	0	0	0	0	0	0	0	0	0	0	0	0	0	0	0	0
05.500,00.000	25	5.5	-200	0	4.5	203.459	93.5038	88.3648	10.3387	11.1494	0.102799	0	0	0	0	0	0	0	0	0	0	0	0	0	0	0
05.500,00.000	25.1	5.5	-200	0	4.5	208.771	94.8695	90.3821	11.3801	11.2672	0.872427	0	0	0	0	0	0	0	0	0	0	0	0	0	0	0
05.500,00.000	25.2	5.5	-200	0	4.5	211.265	95.531	91.3138	11.8835	11.2858	1.25052	0	0	0	0	0	0	0	0	0	0	0	0	0	0	0
05.500,00.000	25.3	5.5	-200	0	4.5	212.795	95.9494	91.8783	12.1871	11.2973	1.48269	0	0	0	0	0	0	0	0	0	0	0	0	0	0	0
05.500,00.000	25.4	5.5	-200	0	4.5	214.339	96.3706	92.4397	12.5059	11.3092	1.71394	0	0	0	0	0	0	0	0	0	0	0	0	0	0	0
05.500,00.000	25.5	5.5	-200	0	4.5	215.883	96.7863	92.9918	12.8387	11.3222	1.94438	0	0	0	0	0	0	0	0	0	0	0	0	0	0	0
05.500,00.000	25.6	5.5	-200	0	4.5	217.465	97.2109	93.5436	13.1927	11.3384	2.17905	0	0	0	0	0	0	0	0	0	0	0	0	0	0	0
05.500,00.000	25.7	5.5	-200	0	4.5	219.159	97.6794	94.1183	13.5723	11.3588	2.43029	0	0	0	0	0	0	0	0	0	0	0	0	0	0	0
05.500,00.000	25.8	5.5	-200	0	4.5	236.7	104.259	99.1166	17.0719	11.6303	4.6224	0	0	0	0	0	0	0	0	0	0	0	0	0	0	0
05.500,00.000	25.9	5.5	-200	0	4.5	240.264	105.561	100.168	17.771	11.7415	5.02273	0	0	0	0	0	0	0	0	0	0	0	0	0	0	0
05.500,00.000	26	5.5	-200	0	4.5	240.438	105.63	100.214	17.8043	11.7483	5.04171	0	0	0	0	0	0	0	0	0	0	0	0	0	0	0
05.500,00.000	26.1	5.5	-200	0	4.5	248.42	108.572	102.374	19.4088	12.1332	5.93095	0	0	0	0	0	0	0	0	0	0	0	0	0	0	0
05.500,00.000	26.2	5.5	-200	0	4.5	252.375	109.821	103.531	20.2853	12.3599	6.37769	0	0	0	0	0	0	0	0	0	0	0	0	0	0	0
05.500,00.000	26.3	5.5	-200	0	4.5	254.322	110.437	104.075	20.7237	12.4883	6.59871	0	0	0	0	0	0	0	0	0	0	0	0	0	0	0
05.500,00.000	26.4	5.5	-200	0	4.5	256.336	111.062	104.623	21.1947	12.6351	6.82092	0	0	0	0	0	0	0	0	0	0	0	0	0	0	0
05.500,00.000	26.5	5.5	-200	0	4.5	258.404	111.686	105.199	21.6761	12.7996	7.04374	0	0	0	0	0	0	0	0	0	0	0	0	0	0	0
05.500,00.000	26.6	5.5	-200	0	4.5	260.463	112.299	105.762	22.1543	12.9808	7.26824	0	0	0	0	0	0	0	0	0	0	0	0	0	0	0
05.500,00.000	26.7	5.5	-200	0	4.5	262.485	112.902	106.295	22.6286	13.1759	7.48404	0	0	0	0	0	0	0	0	0	0	0	0	0	0	0
05.500,00.000	26.8	5.5	-200	0	4.5	268.787	114.894	107.851	24.0807	13.8198	8.14142	0	0	0	0	0	0	0	0	0	0	0	0	0	0	0
05.500,00.000	26.9	5.5	-200	0	4.5	276.533	117.468	109.662	25.8562	14.6387	8.90751	0	0	0	0	0	0	0	0	0	0	0	0	0	0	0
05.500,00.000	27	5.5	-200	0	4.5	277.742	117.879	109.937	26.131	14.7802	9.01355	0	0	0	0	0	0	0	0	0	0	0	0	0	0	0
05.500,00.000	27.1	5.5	-200	0	4.5	287.365	121.231	111.856	28.4816	15.9388	9.46705	0.389817	0	0	0	0	0	0	0	0	0	0	0	0	0	0
05.500,00.000	27.2	5.5	-200	0	4.5	292.508	123.085	112.825	29.7308	16.5781	9.46705	0.821379	0	0	0	0	0	0	0	0	0	0	0	0	0	0
05.500,00.000	27.3	5.5	-200	0	4.5	295.166	124.02	113.348	30.3687	16.9233	9.46705	1.0388	0	0	0	0	0	0	0	0	0	0	0	0	0	0
05.500,00.000	27.4	5.5	-200	0	4.5	310.274	129.058	116.307	34.1306	19.1178	9.46824	2.19287	0	0	0	0	0	0	0	0	0	0	0	0	0	0
05.500,00.000	27.5	5.5	-200	0	4.5	318.017	131.396	117.948	36.1652	20.3122	9.47444	2.72022	0	0	0	0	0	0	0	0	0	0	0	0	0	0
05.500,00.000	27.6	5.5	-200	0	4.5	318.784	131.626	118.109	36.3677	20.4352	9.47625	2.77026	0	0	0	0	0	0	0	0	0	0	0	0	0	0
05.500,00.000	27.7	5.5	-200	0	4.5	328.06	134.376	120.043	38.7266	22.0418	9.51678	3.35625	0	0	0	0	0	0	0	0	0	0	0	0	0	0
05.500,00.000	27.8	5.5	-200	0	4.5	338.631	137.576	122.142	41.4424	23.9153	9.57421	3.98096	0	0	0	0	0	0	0	0	0	0	0	0	0	0
05.500,00.000	27.9	5.5	-200	0	4.5	348.068	140.441	123.984	43.8752	25.6041	9.6457	4.51777	0	0	0	0	0	0	0	0	0	0	0	0	0	0
05.500,00.000	28	5.5	-200	0	4.5	349.277	140.809	124.214	44.1893	25.8256	9.65646	4.58289	0	0	0	0	0	0	0	0	0	0	0	0	0	0
05.500,00.000	28.1	5.5	-200	0	4.5	354.578	142.451	125.202	45.5281	26.8098	9.72572	4.86075	0	0	0	0	0	0	0	0	0	0	0	0	0	0
05.500,00.000	28.2	5.5	-200	0	4.5	357.005	143.225	125.702	46.0776	27.2553	9.75961	4.98502	0	0	0	0	0	0	0	0	0	0	0	0	0	0
05.500,00.000	28.3	5.5	-200	0	4.5	357.419	143.354	125.78	46.1775	27.3344	9.7673	5.00631	0	0	0	0	0	0	0	0	0	0	0	0	0	0
05.500,00.000	28.4	5.5	-200	0	4.5	357.489	143.376	125.794	46.1929	27.3478	9.76866	5.00976	0	0	0	0	0	0	0	0	0	0	0	0	0	0
05.500,00.000	28.5	5.5	-200	0	4.5	387.42	152.701	131.248	53.3522	33.1182	10.5074	6.49348	0	0	0	0	0	0	0	0	0	0	0	0	0	0
05.500,00.000	28.6	5.5	-200	0	4.5	403.141	158.059	133.978	56.8184	36.1668	10.8989	7.21959	0	0	0	0	0	0	0	0	0	0	0	0	0	0
05.500,00.000	28.7	5.5	-200	0	4.5	413.593	161.433	135.806	59.1986	38.2287	11.223	7.7034	0	0	0	0	0	0	0	0	0	0	0	0	0	0
05.500,00.000	28.8	5.5	-200	0	4.5	427.053	165.715	138.124	62.2408	40.9759	11.684	8.31376	0	0	0	0	0	0	0	0	0	0	0	0	0	0
05.500,00.000	28.9	5.5	-200	0	4.5	429.192	166.43	138.483	62.7129	41.4027	11.7581	8.4053	0	0	0	0	0	0	0	0	0	0	0	0	0	0
05.500,00.000	29	5.5	-200	0	4.5	430.407	166.837	138.681	62.9759	41.649	11.8078	8.45654	0	0	0	0	0	0	0	0	0	0	0	0	0	0
05.500,00.000	29.1	5.5	-200	0	4.5	441.513	170.512	140.508	65.3404	43.9193	12.3078	8.66825	0.256833	0	0	0	0	0	0	0	0	0	0	0	0	0
05.500,00.000	29.2	5.5	-200	0	4.5	448.784	172.918	141.778	66.7941	45.2325	12.8401	8.66825	0.553662	0	0	0	0	0	0	0	0	0	0	0	0	0
05.500,00.000	29.3	5.5	-200	0	4.5	454.176	174.667	142.678	67.8852	46.3344	13.1764	8.66825	0.767107	0	0	0	0	0	0	0	0	0	0	0	0	0
05.500,00.000	29.4	5.5	-200	0	4.5	476.702	182.022	146.402	72.383	50.9472	14.6327	8.66825	1.64693	0	0	0	0	0	0	0	0	0	0	0	0	0
05.500,00.000	29.5	5.5	-200	0	4.5	487.973	185.742	148.18	74.5565	53.2252	15.5208	8.66825	2.0812	0	0	0	0	0	0	0	0	0	0	0	0	0
05.500,00.000	29.6	5.5	-200	0	4.5	493.559	187.564	149.034	75.6195	54.3938	15.9829	8.66825	2.29664	0	0	0	0	0	0	0	0	0	0	0	0	0
05.500,00.000	29.7	5.5	-200	0	4.5	499.098	189.428	149.855	76.6442	55.5453	16.4522	8.66825	2.50549	0	0	0	0	0	0	0	0	0	0	0	0	0
05.500,00.000	29.8	5.5	-200	0	4.5	517.454	195.64	152.583	79.9308	59.3415	18.0874	8.66951	3.20265	0	0	0	0	0	0	0	0	0	0	0	0	0
05.500,00.000	29.9	5.5	-200	0	4.5	521.967	197.184	153.309	80.7122	60.2025	18.5195	8.67136	3.36882	0	0	0	0	0	0	0	0	0	0	0	0	0
05.500,00.000	30	5.5	-200	0	4.5	522.392	197.333	153.37	80.7838	60.2882	18.5611	8.67187	3.38407	0	0	0	0	0	0	0	0	0	0	0	0	0
05.500,00.000	30.1	5.5	-200	0	4.5	536.819	202.449	155.392	83.1767	63.1969	20.0115	8.69721	3.89498	0	0	0	0	0	0	0	0	0	0	0	0	0
05.500,00.000	30.2	5.5	-200	0	4.5	545.974	205.767	156.638	84.6672	65.0234	20.9449	8.71825	4.21573	0	0	0	0	0	0	0	0	0	0	0	0	0
05.500,00.000	30.3	5.5	-200	0	4.5	552.036	207.98	157.426	85.6321	66.2482	21.5835	8.73963	4.42761	0	0	0	0	0	0	0	0	0	0	0	0	0
05.500,00.000	30.4	5.5	-200	0	4.5	592.479	221.028	164.445	91.8162	74.4269	25.8334	9.14106	5.78834	0	0	0	0	0	0	0	0	0	0	0	0	0
05.500,00.000	30.5	5.5	-200	0	4.5	610.801	226.943	167.81	94.3933	77.9873	27.8689	9.41616	6.38207	0	0	0	0	0	0	0	0	0	0	0	0	0
05.500,00.000	30.6	5.5	-200	0	4.5	631.405	233.396	171.523	97.2492	82.0897	30.3015	9.78975	7.05684	0	0	0	0	0	0	0	0	0	0	0	0	0
05.500,00.000	30.7	5.5	-200	0	4.5	637.462	235.354	172.484	98.0694	83.3154	31.0738	9.90917	7.25706	0	0	0	0	0	0	0	0	0	0	0	0	0
05.500,00.000	30.8	5.5	-200	0	4.5	642.324	236.986	173.14	98.7354	84.306	31.708	10.0316	7.41671	0	0	0	0	0	0	0	0	0	0	0	0	0
05.500,00.000	30.9	5.5	-200	0	4.5	643.325	237.336	173.26	98.8663	84.5097	31.841	10.0615	7.44966	0	0	0	0	0	0	0	0	0	0	0	0	0
05.500,00.000	31	5.5	-200	0	4.5	660.974	243.42	175.379	101.151	88.1568	34.2287	10.626	8.01287	0	0	0	0	0	0	0	0	0	0	0	0	0
05.500,00.000	31.1	5.5	-200	0	4.5	671.691	247.155	176.653	102.45	90.4071	35.6952	10.9816	8.34886	0	0	0	0	0	0	0	0	0	0	0	0	0
05.500,00.000	31.2	5.5	-200	0	4.5	678.498	249.548	177.44	103.299	91.8006	36.6292	11.2233	8.55788	0	0	0	0	0	0	0	0	0	0	0	0	0
05.500,00.000	31.3	5.5	-200	0	4.5	685.431	252.015	178.227	104.15	93.206	37.5826	11.483	8.76777	0	0	0	0	0	0	0	0	0	0	0	0	0
05.500,00.000	31.4	5.5	-200	0	4.5	698.123	256.508	179.64	105.674	95.7528	39.323	12.0799	8.93845	0.206221	0	0	0	0	0	0	0	0	0	0	0	0
05.500,00.000	31.5	5.5	-200	0	4.5	707.327	259.647	180.717	106.759	97.5874	40.6475	12.5514	8.91033	0.507456	0	0	0	0	0	0	0	0	0	0	0	0
05.500,00.000	31.6	5.5	-200	0	4.5	718.359	263.421	181.969	108.078	99.7495	42.2527	13.1452	8.91033	0.833827	0	0	0	0	0	0	0	0	0	0	0	0
05.500,00.000	31.7	5.5	-200	0	4.5	720.792	264.152	182.274	108.375	100.242	42.6424	13.2866	8.91033	0.909781	0	0	0	0	0	0	0	0	0	0	0	0
05.500,00.000	31.8	5.5	-200	0	4.5	787.983	287.38	190.099	116.187	112.674	52.8116	17.1381	8.91177	2.78215	0	0	0	0	0	0	0	0	0	0	0	0
05.500,00.000	31.9	5.5	-200	0	4.5	801.777	291.597	191.957	117.981	115.149	54.981	18.0367	8.91564	3.15974	0	0	0	0	0	0	0	0	0	0	0	0
05.500,00.000	32	5.5	-200	0	4.5	817.48	296.818	193.883	119.978	117.893	57.3752	19.0268	8.93875	3.56799	0	0	0	0	0	0	0	0	0	0	0	0
05.500,00.000	32.1	5.5	-200	0	4.5	841.16	304.725	196.913	123.1	121.862	61.0468	20.3413	8.98618	4.18603	0	0	0	0	0	0	0	0	0	0	0	0
05.500,00.000	32.2	5.5	-200	0	4.5	852.576	308.365	198.508	124.616	123.755	62.8369	20.9935	9.01809	4.4825	0	0	0	0	0	0	0	0	0	0	0	0
05.500,00.000	32.3	5.5	-200	0	4.5	860.676	311.059	199.608	125.654	125.087	64.0734	21.4575	9.05064	4.68554	0	0	0	0	0	0	0	0	0	0	0	0
05.500,00.000	32.4	5.5	-200	0	4.5	869.105	313.843	200.752	126.722	126.467	65.3875	21.9486	9.09282	4.89258	0	0	0	0	0	0	0	0	0	0	0	0
05.500,00.000	32.5	5.5	-200	0	4.5	877.676	316.601	201.943	127.797	127.871	66.7314	22.4865	9.14565	5.10039	0	0	0	0	0	0	0	0	0	0	0	0
05.500,00.000	32.6	5.5	-200	0	4.5	886.27	319.202	203.148	128.902	129.304	68.1252	23.0606	9.2112	5.31653	0	0	0	0	0	0	0	0	0	0	0	0
05.500,00.000	32.7	5.5	-200	0	4.5	894.107	321.684	204.262	129.88	130.56	69.3495	23.5848	9.2795	5.50724	0	0	0	0	0	0	0	0	0	0	0	0
05.500,00.000	32.8	5.5	-200	0	4.5	907.166	325.482	206.187	131.608	132.713	71.4241	24.5042	9.41469	5.83278	0	0	0	0	0	0	0	0	0	0	0	0
05.500,00.000	32.9	5.5	-200	0	4.5	939.791	335.755	211.008	135.759	137.83	76.3048	26.7421	9.78053	6.61069	0	0	0	0	0	0	0	0	0	0	0	0
05.500,00.000	33	5.5	-200	0	4.5	945.742	337.632	211.937	136.513	138.738	77.1639	27.1539	9.85188	6.75273	0	0	0	0	0	0	0	0	0	0	0	0
05.500,00.000	33.1	5.5	-200	0	4.5	971.94	345.717	215.924	139.87	142.699	81.1307	28.9999	10.2254	7.37437	0	0	0	0	0	0	0	0	0	0	0	0
05.500,00.000	33.2	5.5	-200	0	4.5	986.643	350.394	218.215	141.633	144.831	83.3134	30.0966	10.4443	7.71594	0	0	0	0	0	0	0	0	0	0	0	0
05.500,00.000	33.3	5.5	-200	0	4.5	995.629	353.261	219.564	142.739	146.12	84.6557	30.7744	10.593	7.9225	0	0	0	0	0	0	0	0	0	0	0	0
05.500,00.000	33.4	5.5	-200	0	4.5	1021.76	361.517	223.499	145.992	149.817	88.5701	32.7791	11.0655	8.52168	0	0	0	0	0	0	0	0	0	0	0	0
05.500,00.000	33.5	5.5	-200	0	4.5	1036.42	366.18	225.759	147.827	151.814	90.733	33.9065	11.3447	8.85445	0	0	0	0	0	0	0	0	0	0	0	0
05.500,00.000	33.6	5.5	-200	0	4.5	1045.93	368.882	227.15	149.086	153.205	92.2474	34.7144	11.5589	9.08898	0	0	0	0	0	0	0	0	0	0	0	0
05.500,00.000	33.7	5.5	-200	0	4.5	1056.64	372.221	228.66	150.455	154.68	93.8744	35.5988	11.8078	9.29588	0.0438586	0	0	0	0	0	0	0	0	0	0	0
05.500,00.000	33.8	5.5	-200	0	4.5	1069.39	375.905	230.481	152.156	156.475	95.8773	36.7084	12.1378	9.30301	0.345038	0	0	0	0	0	0	0	0	0	0	0
05.500,00.000	33.9	5.5	-200	0	4.5	1104.97	386.852	235.587	156.66	161.218	101.259	39.8029	13.1072	9.32465	1.16443	0	0	0	0	0	0	0	0	0	0	0
05.500,00.000	34	5.5	-200	0	4.5	1111.14	388.735	236.564	157.419	161.976	102.162	40.3617	13.2828	9.32465	1.31025	0	0	0	0	0	0	0	0	0	0	0
05.500,00.000	34.1	5.5	-200	0	4.5	1141.76	398.207	241.254	161.181	165.75	106.667	43.1357	14.2292	9.325	2.01207	0	0	0	0	0	0	0	0	0	0	0
05.500,00.000	34.2	5.5	-200	0	4.5	1158.06	403.343	243.714	163.159	167.687	109.028	44.6602	14.7525	9.32695	2.38561	0	0	0	0	0	0	0	0	0	0	0
05.500,00.000	34.3	5.5	-200	0	4.5	1167	406.161	245.012	164.29	168.728	110.309	45.5198	15.0607	9.33029	2.58976	0	0	0	0	0	0	0	0	0	0	0
05.500,00.000	34.4	5.5	-200	0	4.5	1218.8	422.406	252.704	170.859	174.635	117.536	50.5818	16.948	9.36427	3.76509	0	0	0	0	0	0	0	0	0	0	0
05.500,00.000	34.5	5.5	-200	0	4.5	1241.92	429.638	256.237	173.801	177.23	120.588	52.967	17.7681	9.39202	4.29406	0	0	0	0	0	0	0	0	0	0	0
05.500,00.000	34.6	5.5	-200	0	4.5	1243.58	430.104	256.491	174.022	177.431	120.818	53.1536	17.8325	9.3959	4.33467	0	0	0	0	0	0	0	0	0	0	0
05.500,00.000	34.7	5.5	-200	0	4.5	1275.89	439.392	261.222	178.158	181.347	125.301	56.6269	19.2288	9.52017	5.09195	0	0	0	0	0	0	0	0	0	0	0
05.500,00.000	34.8	5.5	-200	0	4.5	1295.38	444.604	264.171	180.664	183.768	127.997	58.8082	20.194	9.61454	5.56077	0	0	0	0	0	0	0	0	0	0	0
05.500,00.000	34.9	5.5	-200	0	4.5	1342.1	457.545	271.088	186.529	189.536	134.3	63.9922	22.5249	9.92095	6.66376	0	0	0	0	0	0	0	0	0	0	0
05.500,00.000	35	5.5	-200	0	4.5	1350.5	459.909	272.396	187.558	190.589	135.241	64.945	23.0161	9.98287	6.86272	0	0	0	0	0	0	0	0	0	0	0
05.500,00.000	35.1	5.5	-200	0	4.5	1389.33	470.271	278.354	192.3	195.652	139.824	69.458	25.325	10.3787	7.76956	0	0	0	0	0	0	0	0	0	0	0
05.500,00.000	35.2	5.5	-200	0	4.5	1408.08	475.351	281.284	194.424	198.107	142.029	71.6459	26.44	10.5891	8.20444	0	0	0	0	0	0	0	0	0	0	0
05.500,00.000	35.3	5.5	-200	0	4.5	1410.12	475.906	281.602	194.648	198.378	142.271	71.8873	26.5601	10.6159	8.25118	0	0	0	0	0	0	0	0	0	0	0
05.500,00.000	35.4	5.5	-200	0	4.5	1410.26	475.945	281.624	194.663	198.397	142.288	71.9043	26.5684	10.618	8.2544	0	0	0	0	0	0	0	0	0	0	0
05.500,00.000	35.5	5.5	-200	0	4.5	1467.78	491.338	290.425	200.874	206.082	149.084	78.5863	30.2373	11.6152	9.20822	0.330767	0	0	0	0	0	0	0	0	0	0
05.500,00.000	35.6	5.5	-200	0	4.5	1491.71	496.628	294.048	203.474	209.49	152.049	81.7154	32.0532	12.1104	9.20822	0.93661	0	0	0	0	0	0	0	0	0	0
05.500,00.000	35.7	5.5	-200	0	4.5	1537.19	507.621	300.696	208.25	215.741	157.609	87.366	35.4909	13.1666	9.20861	2.03953	0	0	0	0	0	0	0	0	0	0
05.500,00.000	35.8	5.5	-200	0	4.5	1569.52	515.406	305.319	211.624	220.188	161.51	91.4318	38.0157	13.9841	9.21455	2.82788	0	0	0	0	0	0	0	0	0	0
05.500,00.000	35.9	5.5	-200	0	4.5	1571.27	515.823	305.568	211.803	220.43	161.72	91.6529	38.1573	14.0319	9.21541	2.87092	0	0	0	0	0	0	0	0	0	0
05.500,00.000	36	5.5	-200	0	4.5	1622.55	528.444	312.599	216.935	227.464	167.878	98.0177	42.2781	15.57	9.27545	4.09025	0	0	0	0	0	0	0	0	0	0
05.500,00.000	36.1	5.5	-200	0	4.5	1645.36	534.044	315.656	219.245	230.513	170.553	100.868	44.2436	16.2852	9.31436	4.63948	0	0	0	0	0	0	0	0	0	0
05.500,00.000	36.2	5.5	-200	0	4.5	1653.89	536.155	316.752	220.075	231.684	171.574	101.929	44.9765	16.57	9.33929	4.83945	0	0	0	0	0	0	0	0	0	0
05.500,00.000	36.3	5.5	-200	0	4.5	1662.64	538.342	317.828	220.905	232.87	172.641	103.02	45.7376	16.8772	9.3729	5.04495	0	0	0	0	0	0	0	0	0	0
05.500,00.000	36.4	5.5	-200	0	4.5	1729.84	555.043	326.22	226.858	241.132	181.115	111.838	51.8178	19.436	9.71207	6.66388	0	0	0	0	0	0	0	0	0	0
05.500,00.000	36.5	5.5	-200	0	4.5	1747.98	559.651	328.424	228.378	243.471	183.281	114.324	53.3594	20.159	9.81911	7.11196	0	0	0	0	0	0	0	0	0	0
05.500,00.000	36.6	5.5	-200	0	4.5	1781.81	567.668	332.674	231.19	247.368	187.577	119.066	56.5148	21.6487	10.1277	7.97728	0	0	0	0	0	0	0	0	0	0
05.500,00.000	36.7	5.5	-200	0	4.5	1836.26	580.588	338.815	235.691	254.288	194.667	126.5	61.6233	24.0476	10.7033	9.26995	0.064193	0	0	0	0	0	0	0	0	0
05.500,00.000	36.8	5.5	-200	0	4.5	1843.91	582.41	339.686	236.291	255.191	195.672	127.564	62.3929	24.3777	10.7956	9.26995	0.257487	0	0	0	0	0	0	0	0	0
05.500,00.000	36.9	5.5	-200	0	4.5	1863.75	587.131	341.881	237.795	257.423	198.424	130.273	64.3729	25.3113	11.1143	9.26995	0.755	0	0	0	0	0	0	0	0	0
05.500,00.000	37	5.5	-200	0	4.5	1873.68	589.457	342.986	238.536	258.596	199.766	131.619	65.3893	25.7733	11.2868	9.26995	1.00414	0	0	0	0	0	0	0	0	0
05.500,00.000	37.1	5.5	-200	0	4.5	1891.44	593.68	344.983	239.795	260.518	202.233	134.008	67.1967	26.6539	11.6549	9.26995	1.44669	0	0	0	0	0	0	0	0	0
05.500,00.000	37.2	5.5	-200	0	4.5	1897.22	595.039	345.626	240.203	261.125	203.096	134.741	67.8018	26.9446	11.7842	9.26995	1.59228	0	0	0	0	0	0	0	0	0
05.500,00.000	37.3	5.5	-200	0	4.5	1923.56	601.265	348.536	241.891	263.891	206.971	138.153	70.5533	28.3237	12.4584	9.27044	2.24646	0	0	0	0	0	0	0	0	0
05.500,00.000	37.4	5.5	-200	0	4.5	2003.22	620.429	357.7	246.98	272.036	217.928	148.578	79.3475	32.7248	14.7632	9.29617	3.43665	0	0	0	0	0	0	0	0	0
05.500,00.000	37.5	5.5	-200	0	4.5	2021.92	624.922	359.759	248.372	273.953	220.686	150.97	81.4636	33.7246	15.3202	9.31264	3.43665	0	0	0	0	0	0	0	0	0
05.500,00.000	37.6	5.5	-200	0	4.5	2061.68	634.259	364.216	251.274	277.576	225.935	156.332	86.3372	36.1746	16.7142	9.42852	3.43665	0	0	0	0	0	0	0	0	0
05.500,00.000	37.7	5.5	-200	0	4.5	2091.51	641.32	367.427	253.482	280.227	230.416	159.956	89.9652	37.9765	17.7595	9.5438	3.43665	0	0	0	0	0	0	0	0	0
05.500,00.000	37.8	5.5	-200	0	4.5	2093.99	641.914	367.704	253.668	280.455	230.739	160.242	90.2813	38.1383	17.8546	9.55675	3.43665	0	0	0	0	0	0	0	0	0
05.500,00.000	37.9	5.5	-200	0	4.5	2094.05	641.929	367.712	253.672	280.46	230.747	160.25	90.2894	38.1426	17.8572	9.55725	3.43665	0	0	0	0	0	0	0	0	0
05.500,00.000	38	5.5	-200	0	4.5	2124.63	648.944	371.102	255.619	283.03	235.182	163.89	94.2006	40.235	19.1401	9.84807	3.43665	0	0	0	0	0	0	0	0	0
05.500,00.000	38.1	5.5	-200	0	4.5	2147.88	654.244	373.716	257.111	284.854	238.395	166.631	97.3474	41.8851	20.1579	10.1064	3.43665	0	0	0	0	0	0	0	0	0
05.500,00.000	38.2	5.5	-200	0	4.5	2150.47	654.829	374.018	257.278	285.063	238.706	166.935	97.7161	42.0756	20.2759	10.1393	3.43665	0	0	0	0	0	0	0	0	0
05.500,00.000	38.3	5.5	-200	0	4.5	2156.91	656.28	374.747	257.656	285.526	239.532	167.72	98.6153	42.5688	20.5843	10.2415	3.43665	0	0	0	0	0	0	0	0	0
05.500,00.000	38.4	5.5	-200	0	4.5	2174.01	660.068	376.641	258.612	286.702	241.859	169.713	101.048	43.9396	21.443	10.5464	3.43665	0	0	0	0	0	0	0	0	0
05.500,00.000	38.5	5.5	-200	0	4.5	2177.25	660.777	376.995	258.795	286.931	242.273	170.098	101.523	44.1903	21.6221	10.6067	3.43665	0	0	0	0	0	0	0	0	0
05.500,00.000	38.6	5.5	-200	0	4.5	2197.79	665.248	379.224	259.863	288.302	244.895	172.475	104.602	45.9581	22.7318	11.0487	3.43665	0	0	0	0	0	0	0	0	0
05.500,00.000	38.7	5.5	-200	0	4.5	2205.23	666.888	379.976	260.241	288.797	245.833	173.37	105.702	46.6025	23.1594	11.2205	3.43665	0	0	0	0	0	0	0	0	0
05.500,00.000	38.8	5.5	-200	0	4.5	2205.27	666.897	379.981	260.244	288.8	245.839	173.375	105.709	46.6066	23.162	11.2217	3.43665	0	0	0	0	0	0	0	0	0
05.500,00.000	38.9	5.5	-200	0	4.5	2219.29	669.819	381.462	260.874	289.654	247.571	174.965	107.829	48.0058	24.0379	11.6334	3.43665	0	0	0	0	0	0	0	0	0
05.500,00.000	39	5.5	-200	0	4.5	2223.24	670.663	381.856	261.055	289.9	248.028	175.434	108.427	48.3919	24.2952	11.7517	3.43665	0	0	0	0	0	0	0	0	0
05.500,00.000	39.1	5.5	-200	0	4.5	2227.85	671.615	382.317	261.246	290.153	248.549	175.982	109.157	48.8675	24.6168	11.9078	3.43665	0	0	0	0	0	0	0	0	0
05.500,00.000	39.2	5.5	-200	0	4.5	2244.69	675.097	384.081	261.918	291.062	250.319	177.83	111.87	50.688	25.856	12.5264	3.43724	0	0	0	0	0	0	0	0	0
05.500,00.000	39.3	5.5	-200	0	4.5	2247.98	675.797	384.411	262.053	291.237	250.667	178.177	112.402	51.0464	26.0996	12.6498	3.43772	0	0	0	0	0	0	0	0	0
05.500,00.000	39.4	5.5	-200	0	4.5	2258.48	677.907	385.473	262.434	291.735	251.765	179.299	114.144	52.2582	26.9364	13.09	3.44308	0	0	0	0	0	0	0	0	0
05.500,00.000	39.5	5.5	-200	0	4.5	2262.04	678.628	385.837	262.566	291.909	252.118	179.645	114.751	52.6756	27.223	13.243	3.44551	0	0	0	0	0	0	0	0	0
05.500,00.000	39.6	5.5	-200	0	4.5	2269.41	680.085	386.604	262.82	292.25	252.842	180.353	116.064	53.5516	27.8208	13.5685	3.45375	0	0	0	0	0	0	0	0	0
05.500,00.000	39.7	5.5	-200	0	4.5	2274.75	681.021	387.206	262.99	292.482	253.339	180.867	116.991	54.2741	28.2918	13.8298	3.4619	0	0	0	0	0	0	0	0	0
05.500,00.000	39.8	5.5	-200	0	4.5	2279.86	681.905	387.78	263.148	292.699	253.822	181.36	117.916	54.9467	28.738	14.0766	3.47145	0	0	0	0	0	0	0	0	0
05.500,00.000	39.9	5.5	-200	0	4.5	2285.29	682.791	388.394	263.303	292.918	254.321	181.852	118.896	55.7091	29.2524	14.3721	3.4854	0	0	0	0	0	0	0	0	0
05.500,00.000	40	5.5	-200	0	4.5	2290.87	683.677	389.013	263.452	293.124	254.813	182.358	119.864	56.653	29.7114	14.698	3.50451	0	0	0	0	0	0	0	0	0
05.500,00.000	40.1	5.5	-200	0	4.5	2296.11	684.507	389.599	263.588	293.314	255.274	182.837	120.787	57.4871	30.1925	15.0027	3.52489	0	0	0	0	0	0	0	0	0
05.500,00.000	40.2	5.5	-200	0	4.5	2301.11	685.299	390.154	263.712	293.482	255.695	183.279	121.684	58.2636	30.6842	15.304	3.54848	0	0	0	0	0	0	0	0	0
05.500,00.000	40.3	5.5	-200	0	4.5	2306.1	686.074	390.7	263.827	293.638	256.063	183.702	122.595	59.1091	31.1958	15.6176	3.57711	0	0	0	0	0	0	0	0	0
05.500,00.000	40.4	5.5	-200	0	4.5	2310.29	686.713	391.169	263.92	293.763	256.368	184.052	123.324	59.7941	31.6746	15.905	3.60649	0	0	0	0	0	0	0	0	0
05.500,00.000	40.5	5.5	-200	0	4.5	2316	687.559	391.814	264.039	293.923	256.769	184.516	124.387	60.8209	32.261	16.2619	3.64552	0	0	0	0	0	0	0	0	0
05.500,00.000	40.6	5.5	-200	0	4.5	2318.49	687.927	392.097	264.091	293.992	256.947	184.724	124.824	61.2311	32.555	16.439	3.66728	0	0	0	0	0	0	0	0	0
05.500,00.000	40.7	5.5	-200	0	4.5	2322.87	688.54	392.582	264.171	294.098	257.236	185.061	125.628	62.1015	33.0197	16.7246	3.70361	0	0	0	0	0	0	0	0	0
05.500,00.000	40.8	5.5	-200	0	4.5	2327.82	689.191	393.106	264.254	294.207	257.543	185.423	126.438	63.0539	33.6986	17.1387	3.76651	0	0	0	0	0	0	0	0	0
05.500,00.000	40.9	5.5	-200	0	4.5	2332.39	689.772	393.578	264.323	294.298	257.807	185.732	127.157	63.9668	34.3644	17.5579	3.83311	0	0	0	0	0	0	0	0	0
05.500,00.000	41	5.5	-200	0	4.5	2336.62	690.329	394.034	264.387	294.38	258.03	186.028	127.907	64.9944	34.8149	17.8461	3.87464	0	0	0	0	0	0	0	0	0
05.500,00.000	41.1	5.5	-200	0	4.5	2340.88	690.808	394.524	264.445	294.454	258.239	186.314	128.638	66.0194	35.3418	18.166	3.92914	0	0	0	0	0	0	0	0	0
05.500,00.000	41.2	5.5	-200	0	4.5	2345.2	691.229	395.045	264.498	294.52	258.437	186.572	129.292	66.8967	36.0669	18.6287	4.01383	0	0	0	0	0	0	0	0	0
05.500,00.000	41.3	5.5	-200	0	4.5	2349.29	691.603	395.536	264.545	294.578	258.617	186.797	129.909	67.7829	36.7687	19.063	4.0883	0	0	0	0	0	0	0	0	0
05.500,00.000	41.4	5.5	-200	0	4.5	2353.05	691.951	396.007	264.587	294.628	258.783	187.017	130.538	68.7694	37.2543	19.3677	4.14301	0	0	0	0	0	0	0	0	0
05.500,00.000	41.5	5.5	-200	0	4.5	2357.02	692.267	396.463	264.625	294.67	258.939	187.22	131.121	69.6606	37.9907	19.8323	4.23332	0	0	0	0	0	0	0	0	0
05.500,00.000	41.6	5.5	-200	0	4.5	2360.62	692.564	396.913	264.661	294.708	259.082	187.411	131.714	70.6663	38.4796	20.1311	4.29426	0	0	0	0	0	0	0	0	0
05.500,00.000	41.7	5.5	-200	0	4.5	2364.24	692.817	397.324	264.692	294.738	259.209	187.584	132.228	71.3549	39.3059	20.6004	4.39131	0	0	0	0	0	0	0	0	0
05.500,00.000	41.8	5.5	-200	0	4.5	2368.01	693.056	397.741	264.724	294.764	259.329	187.758	132.741	72.0688	40.2143	21.1182	4.5002	0	0	0	0	0	0	0	0	0
05.500,00.000	41.9	5.5	-200	0	4.5	2371.47	693.284	398.164	264.756	294.787	259.445	187.93	133.264	72.9316	40.8924	21.4446	4.5698	0	0	0	0	0	0	0	0	0
05.500,00.000	42	5.5	-200	0	4.5	2374.72	693.476	398.549	264.784	294.806	259.546	188.08	133.728	73.7459	41.5787	21.7926	4.63832	0	0	0	0	0	0	0	0	0