
label	time(d)	x	depth	z	radius	total	0-10	10-20	20-30	30-40	40-50	50-60	60-70	70-80	80-90	90-100	100-110	110-120	120-130	130-140	140-150	150-160	160-170	170-180	180-190	190-200
05.500,00.000	0	5.5	-200	0	4.5	0	0	0	0	0	0	0	0	0	0	0	0	0	0	0	0	0	0	0	0	0
05.500,00.000	0.1	5.5	-200	0	4.5	0	0	0	0	0	0	0	0	0	0	0	0	0	0	0	0	0	0	0	0	0
05.500,00.000	0.2	5.5	-200	0	4.5	0	0	0	0	0	0	0	0	0	0	0	0	0	0	0	0	0	0	0	0	0
05.500,00.000	0.3	5.5	-200	0	4.5	0	0	0	0	0	0	0	0	0	0	0	0	0	0	0	0	0	0	0	0	0
05.500,00.000	0.4	5.5	-200	0	4.5	0	0	0	0	0	0	0	0	0	0	0	0	0	0	0	0	0	0	0	0	0
05.500,00.000	0.5	5.5	-200	0	4.5	0	0	0	0	0	0	0	0	0	0	0	0	0	0	0	0	0	0	0	0	0
05.500,00.000	0.6	5.5	-200	0	4.5	0	0	0	0	0	0	0	0	0	0	0	0	0	0	0	0	0	0	0	0	0
05.500,00.000	0.7	5.5	-200	0	4.5	0	0	0	0	0	0	0	0	0	0	0	0	0	0	0	0	0	0	0	0	0
05.500,00.000	0.8	5.5	-200	0	4.5	0	0	0	0	0	0	0	0	0	0	0	0	0	0	0	0	0	0	0	0	0
05.500,00.000	0.9	5.5	-200	0	4.5	0	0	0	0	0	0	0	0	0	0	0	0	0	0	0	0	0	0	0	0	0
05.500,00.000	1	5.5	-200	0	4.5	0	0	0	0	0	0	0	0	0	0	0	0	0	0	0	0	0	0	0	0	0
05.500,00.000	1.1	5.5	-200	0	4.5	0	0	0	0	0	0	0	0	0	0	0	0	0	0	0	0	0	0	0	0	0
05.500,00.000	1.2	5.5	-200	0	4.5	0	0	0	0	0	0	0	0	0	0	0	0	0	0	0	0	0	0	0	0	0
05.500,00.000	1.3	5.5	-200	0	4.5	0	0	0	0	0	0	0	0	0	0	0	0	0	0	0	0	0	0	0	0	0
05.500,00.000	1.4	5.5	-200	0	4.5	0	0	0	0	0	0	0	0	0	0	0	0	0	0	0	0	0	0	0	0	0
05.500,00.000	1.5	5.5	-200	0	4.5	0	0	0	0	0	0	0	0	0	0	0	0	0	0	0	0	0	0	0	0	0
05.500,00.000	1.6	5.5	-200	0	4.5	0	0	0	0	0	0	0	0	0	0	0	0	0	0	0	0	0	0	0	0	0
05.500,00.000	1.7	5.5	-200	0	4.5	0	0	0	0	0	0	0	0	0	0	0	0	0	0	0	0	0	0	0	0	0
05.500,00.000	1.8	5.5	-200	0	4.5	0	0	0	0	0	0	0	0	0	0	0	0	0	0	0	0	0	0	0	0	0
05.500,00.000	1.9	5.5	-200	0	4.5	0	0	0	0	0	0	0	0	0	0	0	0	0	0	0	0	0	0	0	0	0
05.500,00.000	2	5.5	-200	0	4.5	0	0	0	0	0	0	0	0	0	0	0	0	0	0	0	0	0	0	0	0	0
05.500,00.000	2.1	5.5	-200	0	4.5	0	0	0	0	0	0	0	0	0	0	0	0	0	0	0	0	0	0	0	0	0
05.500,00.000	2.2	5.5	-200	0	4.5	0	0	0	0	0	0	0	0	0	0	0	0	0	0	0	0	0	0	0	0	0
05.500,00.000	2.3	5.5	-200	0	4.5	0	0	0	0	0	0	0	0	0	0	0	0	0	0	0	0	0	0	0	0	0
05.500,00.000	2.4	5.5	-200	0	4.5	0	0	0	0	0	0	0	0	0	0	0	0	0	0	0	0	0	0	0	0	0
05.500,00.000	2.5	5.5	-200	0	4.5	0	0	0	0	0	0	0	0	0	0	0	0	0	0	0	0	0	0	0	0	0
05.500,00.000	2.6	5.5	-200	0	4.5	0	0	0	0	0	0	0	0	0	0	0	0	0	0	0	0	0	0	0	0	0
05.500,00.000	2.7	5.5	-200	0	4.5	0	0	0	0	0	0	0	0	0	0	0	0	0	0	0	0	0	0	0	0	0
05.500,00.000	2.8	5.5	-200	0	4.5	0	0	0	0	0	0	0	0	0	0	0	0	0	0	0	0	0	0	0	0	0
05.500,00.000	2.9	5.5	-200	0	4.5	0	0	0	0	0	0	0	0	0	0	0	0	0	0	0	0	0	0	0	0	0
05.500,00.000	3	5.5	-200	0	4.5	3.77476e-15	3.77476e-15	0	0	0	0	0	0	0	0	0	0	0	0	0	0	0	0	0	0	0
05.500,00.000	3.1	5.5	-200	0	4.5	0.28139	0.28139	0	0	0	0	0	0	0	0	0	0	0	0	0	0	0	0	0	0	0
05.500,00.000	3.2	5.5	-200	0	4.5	0.563339	0.563339	0	0	0	0	0	0	0	0	0	0	0	0	0	0	0	0	0	0	0
05.500,00.000	3.3	5.5	-200	0	4.5	0.846471	0.846471	0	0	0	0	0	0	0	0	0	0	0	0	0	0	0	0	0	0	0
05.500,00.000	3.4	5.5	-200	0	4.5	1.13121	1.13121	0	0	0	0	0	0	0	0	0	0	0	0	0	0	0	0	0	0	0
05.500,00.000	3.5	5.5	-200	0	4.5	1.41568	1.41568	0	0	0	0	0	0	0	0	0	0	0	0	0	0	0	0	0	0	0
05.500,00.000	3.6	5.5	-200	0	4.5	1.6986	1.6986	0	0	0	0	0	0	0	0	0	0	0	0	0	0	0	0	0	0	0
05.500,00.000	3.7	5.5	-200	0	4.5	2.13726	2.13726	0	0	0	0	0	0	0	0	0	0	0	0	0	0	0	0	0	0	0
05.500,00.000	3.8	5.5	-200	0	4.5	2.68065	2.68065	0	0	0	0	0	0	0	0	0	0	0	0	0	0	0	0	0	0	0
05.500,00.000	3.9	5.5	-200	0	4.5	3.22946	3.22946	0	0	0	0	0	0	0	0	0	0	0	0	0	0	0	0	0	0	0
05.500,00.000	4	5.5	-200	0	4.5	3.78507	3.78507	0	0	0	0	0	0	0	0	0	0	0	0	0	0	0	0	0	0	0
05.500,00.000	4.1	5.5	-200	0	4.5	4.34201	4.34201	0	0	0	0	0	0	0	0	0	0	0	0	0	0	0	0	0	0	0
05.500,00.000	4.2	5.5	-200	0	4.5	4.90077	4.90077	0	0	0	0	0	0	0	0	0	0	0	0	0	0	0	0	0	0	0
05.500,00.000	4.3	5.5	-200	0	4.5	5.45949	5.45949	0	0	0	0	0	0	0	0	0	0	0	0	0	0	0	0	0	0	0
05.500,00.000	4.4	5.5	-200	0	4.5	6.01815	6.01815	0	0	0	0	0	0	0	0	0	0	0	0	0	0	0	0	0	0	0
05.500,00.000	4.5	5.5	-200	0	4.5	6.5751	6.5751	0	0	0	0	0	0	0	0	0	0	0	0	0	0	0	0	0	0	0
05.500,00.000	4.6	5.5	-200	0	4.5	7.13117	7.13117	0	0	0	0	0	0	0	0	0	0	0	0	0	0	0	0	0	0	0
05.500,00.000	4.7	5.5	-200	0	4.5	7.68637	7.29094	0.395429	0	0	0	0	0	0	0	0	0	0	0	0	0	0	0	0	0	0
05.500,00.000	4.8	5.5	-200	0	4.5	8.24095	7.28895	0.951999	0	0	0	0	0	0	0	0	0	0	0	0	0	0	0	0	0	0
05.500,00.000	4.9	5.5	-200	0	4.5	8.79527	7.28885	1.50642	0	0	0	0	0	0	0	0	0	0	0	0	0	0	0	0	0	0
05.500,00.000	5	5.5	-200	0	4.5	9.34958	7.28885	2.06073	0	0	0	0	0	0	0	0	0	0	0	0	0	0	0	0	0	0
05.500,00.000	5.1	5.5	-200	0	4.5	9.9042	7.28885	2.61535	0	0	0	0	0	0	0	0	0	0	0	0	0	0	0	0	0	0
05.500,00.000	5.2	5.5	-200	0	4.5	10.4578	7.28885	3.16897	0	0	0	0	0	0	0	0	0	0	0	0	0	0	0	0	0	0
05.500,00.000	5.3	5.5	-200	0	4.5	11.0099	7.28885	3.72101	0	0	0	0	0	0	0	0	0	0	0	0	0	0	0	0	0	0
05.500,00.000	5.4	5.5	-200	0	4.5	11.5624	7.28885	4.27352	0	0	0	0	0	0	0	0	0	0	0	0	0	0	0	0	0	0
05.500,00.000	5.5	5.5	-200	0	4.5	12.1129	7.28885	4.82408	0	0	0	0	0	0	0	0	0	0	0	0	0	0	0	0	0	0
05.500,00.000	5.6	5.5	-200	0	4.5	12.6626	7.28885	5.37379	0	0	0	0	0	0	0	0	0	0	0	0	0	0	0	0	0	0
05.500,00.000	5.7	5.5	-200	0	4.5	13.2116	7.28885	5.92277	0	0	0	0	0	0	0	0	0	0	0	0	0	0	0	0	0	0
05.500,00.000	5.8	5.5	-200	0	4.5	13.7598	7.28885	6.471	0	0	0	0	0	0	0	0	0	0	0	0	0	0	0	0	0	0
05.500,00.000	5.9	5.5	-200	0	4.5	14.3079	7.28885	7.01901	0	0	0	0	0	0	0	0	0	0	0	0	0	0	0	0	0	0
05.500,00.000	6	5.5	-200	0	4.5	14.6181	7.28885	7.32922	0	0	0	0	0	0	0	0	0	0	0	0	0	0	0	0	0	0
05.500,00.000	6.1	5.5	-200	0	4.5	14.8898	7.28885	7.60093	0	0	0	0	0	0	0	0	0	0	0	0	0	0	0	0	0	0
05.500,00.000	6.2	5.5	-200	0	4.5	15.1679	7.28885	7.87901	0	0	0	0	0	0	0	0	0	0	0	0	0	0	0	0	0	0
05.500,00.000	6.3	5.5	-200	0	4.5	15.4459	7.28885	8.15701	0	0	0	0	0	0	0	0	0	0	0	0	0	0	0	0	0	0
05.500,00.000	6.4	5.5	-200	0	4.5	15.723	7.28885	8.4342	0	0	0	0	0	0	0	0	0	0	0	0	0	0	0	0	0	0
05.500,00.000	6.5	5.5	-200	0	4.5	15.9987	7.28885	8.70981	0	0	0	0	0	0	0	0	0	0	0	0	0	0	0	0	0	0
05.500,00.000	6.6	5.5	-200	0	4.5	16.2743	7.28885	8.98544	0	0	0	0	0	0	0	0	0	0	0	0	0	0	0	0	0	0
05.500,00.000	6.7	5.5	-200	0	4.5	16.5496	7.28885	9.2608	0	0	0	0	0	0	0	0	0	0	0	0	0	0	0	0	0	0
05.500,00.000	6.8	5.5	-200	0	4.5	16.824	7.28885	9.53511	0	0	0	0	0	0	0	0	0	0	0	0	0	0	0	0	0	0
05.500,00.000	6.9	5.5	-200	0	4.5	17.0981	7.289	9.80913	0	0	0	0	0	0	0	0	0	0	0	0	0	0	0	0	0	0
05.500,00.000	7	5.5	-200	0	4.5	17.3729	7.2898	10.0831	0	0	0	0	0	0	0	0	0	0	0	0	0	0	0	0	0	0
05.500,00.000	7.1	5.5	-200	0	4.5	17.6489	7.2923	10.3566	0	0	0	0	0	0	0	0	0	0	0	0	0	0	0	0	0	0
05.500,00.000	7.2	5.5	-200	0	4.5	17.9255	7.29621	10.6293	0	0	0	0	0	0	0	0	0	0	0	0	0	0	0	0	0	0
05.500,00.000	7.3	5.5	-200	0	4.5	18.2049	7.30327	10.9016	0	0	0	0	0	0	0	0	0	0	0	0	0	0	0	0	0	0
05.500,00.000	7.4	5.5	-200	0	4.5	18.4875	7.31388	11.1737	0	0	0	0	0	0	0	0	0	0	0	0	0	0	0	0	0	0
05.500,00.000	7.5	5.5	-200	0	4.5	18.7719	7.32718	11.4447	0	0	0	0	0	0	0	0	0	0	0	0	0	0	0	0	0	0
05.500,00.000	7.6	5.5	-200	0	4.5	19.0594	7.34418	11.7152	0	0	0	0	0	0	0	0	0	0	0	0	0	0	0	0	0	0
05.500,00.000	7.7	5.5	-200	0	4.5	19.3503	7.36498	11.9853	0	0	0	0	0	0	0	0	0	0	0	0	0	0	0	0	0	0
05.500,00.000	7.8	5.5	-200	0	4.5	19.6464	7.3913	12.2551	0	0	0	0	0	0	0	0	0	0	0	0	0	0	0	0	0	0
05.500,00.000	7.9	5.5	-200	0	4.5	19.9482	7.42379	12.5244	0	0	0	0	0	0	0	0	0	0	0	0	0	0	0	0	0	0
05.500,00.000	8	5.5	-200	0	4.5	20.2568	7.46379	12.7931	0	0	0	0	0	0	0	0	0	0	0	0	0	0	0	0	0	0
05.500,00.000	8.1	5.5	-200	0	4.5	20.5736	7.51228	13.0614	0	0	0	0	0	0	0	0	0	0	0	0	0	0	0	0	0	0
05.500,00.000	8.2	5.5	-200	0	4.5	20.8976	7.56835	13.3293	0	0	0	0	0	0	0	0	0	0	0	0	0	0	0	0	0	0
05.500,00.000	8.3	5.5	-200	0	4.5	21.2301	7.63359	13.5965	0	0	0	0	0	0	0	0	0	0	0	0	0	0	0	0	0	0
05.500,00.000	8.4	5.5	-200	0	4.5	21.5726	7.70954	13.8631	0	0	0	0	0	0	0	0	0	0	0	0	0	0	0	0	0	0
05.500,00.000	8.5	5.5	-200	0	4.5	21.9249	7.79583	14.1153	0.0138153	0	0	0	0	0	0	0	0	0	0	0	0	0	0	0	0	0
05.500,00.000	8.6	5.5	-200	0	4.5	22.287	7.89265	14.1161	0.278326	0	0	0	0	0	0	0	0	0	0	0	0	0	0	0	0	0
05.500,00.000	8.7	5.5	-200	0	4.5	22.6598	8.00086	14.1161	0.542878	0	0	0	0	0	0	0	0	0	0	0	0	0	0	0	0	0
05.500,00.000	8.8	5.5	-200	0	4.5	23.0472	8.12325	14.1173	0.806691	0	0	0	0	0	0	0	0	0	0	0	0	0	0	0	0	0
05.500,00.000	8.9	5.5	-200	0	4.5	23.4495	8.25777	14.1216	1.07013	0	0	0	0	0	0	0	0	0	0	0	0	0	0	0	0	0
05.500,00.000	9	5.5	-200	0	4.5	23.8682	8.40508	14.1301	1.33306	0	0	0	0	0	0	0	0	0	0	0	0	0	0	0	0	0
05.500,00.000	9.1	5.5	-200	0	4.5	24.3018	8.56444	14.142	1.59538	0	0	0	0	0	0	0	0	0	0	0	0	0	0	0	0	0
05.500,00.000	9.2	5.5	-200	0	4.5	24.7525	8.73571	14.1598	1.857	0	0	0	0	0	0	0	0	0	0	0	0	0	0	0	0	0
05.500,00.000	9.3	5.5	-200	0	4.5	25.2209	8.91871	14.1843	2.11797	0	0	0	0	0	0	0	0	0	0	0	0	0	0	0	0	0
05.500,00.000	9.4	5.5	-200	0	4.5	25.7075	9.11297	14.2162	2.37829	0	0	0	0	0	0	0	0	0	0	0	0	0	0	0	0	0
05.500,00.000	9.5	5.5	-200	0	4.5	26.2116	9.31673	14.2569	2.63799	0	0	0	0	0	0	0	0	0	0	0	0	0	0	0	0	0
05.500,00.000	9.6	5.5	-200	0	4.5	26.7293	9.52734	14.3051	2.89676	0	0	0	0	0	0	0	0	0	0	0	0	0	0	0	0	0
05.500,00.000	9.7	5.5	-200	0	4.5	27.2689	9.75	14.3641	3.15487	0	0	0	0	0	0	0	0	0	0	0	0	0	0	0	0	0
05.500,00.000	9.8	5.5	-200	0	4.5	27.8307	9.98495	14.4334	3.41233	0	0	0	0	0	0	0	0	0	0	0	0	0	0	0	0	0
05.500,00.000	9.9	5.5	-200	0	4.5	28.4132	10.2304	14.5137	3.66913	0	0	0	0	0	0	0	0	0	0	0	0	0	0	0	0	0
05.500,00.000	10	5.5	-200	0	4.5	29.0183	10.4853	14.6076	3.92545	0	0	0	0	0	0	0	0	0	0	0	0	0	0	0	0	0
05.500,00.000	10.1	5.5	-200	0	4.5	29.6436	10.7496	14.713	4.18103	0	0	0	0	0	0	0	0	0	0	0	0	0	0	0	0	0
05.500,00.000	10.2	5.5	-200	0	4.5	30.2916	11.0237	14.8319	4.43602	0	0	0	0	0	0	0	0	0	0	0	0	0	0	0	0	0
05.500,00.000	10.3	5.5	-200	0	4.5	30.9621	11.3081	14.9637	4.69037	0	0	0	0	0	0	0	0	0	0	0	0	0	0	0	0	0
05.500,00.000	10.4	5.5	-200	0	4.5	31.6543	11.6022	15.108	4.94404	0	0	0	0	0	0	0	0	0	0	0	0	0	0	0	0	0
05.500,00.000	10.5	5.5	-200	0	4.5	32.3582	11.8919	15.2692	5.19707	0	0	0	0	0	0	0	0	0	0	0	0	0	0	0	0	0
05.500,00.000	10.6	5.5	-200	0	4.5	33.0773	12.1832	15.4449	5.44916	0	0	0	0	0	0	0	0	0	0	0	0	0	0	0	0	0
05.500,00.000	10.7	5.5	-200	0	4.5	33.794	12.4596	15.6339	5.70054	0	0	0	0	0	0	0	0	0	0	0	0	0	0	0	0	0
05.500,00.000	10.8	5.5	-200	0	4.5	34.5162	12.728	15.8369	5.9513	0	0	0	0	0	0	0	0	0	0	0	0	0	0	0	0	0
05.500,00.000	10.9	5.5	-200	0	4.5	35.2654	13.0076	16.0562	6.2016	0	0	0	0	0	0	0	0	0	0	0	0	0	0	0	0	0
05.500,00.000	11	5.5	-200	0	4.5	36.0282	13.2978	16.2792	6.45131	0	0	0	0	0	0	0	0	0	0	0	0	0	0	0	0	0
05.500,00.000	11.1	5.5	-200	0	4.5	36.8515	13.6363	16.5148	6.70036	0	0	0	0	0	0	0	0	0	0	0	0	0	0	0	0	0
05.500,00.000	11.2	5.5	-200	0	4.5	37.7406	14.0281	16.7637	6.94877	0	0	0	0	0	0	0	0	0	0	0	0	0	0	0	0	0
05.500,00.000	11.3	5.5	-200	0	4.5	38.6618	14.4394	17.0258	7.19656	0	0	0	0	0	0	0	0	0	0	0	0	0	0	0	0	0
05.500,00.000	11.4	5.5	-200	0	4.5	39.617	14.87	17.3033	7.44366	0	0	0	0	0	0	0	0	0	0	0	0	0	0	0	0	0
05.500,00.000	11.5	5.5	-200	0	4.5	40.6285	15.3426	17.5957	7.69011	0	0	0	0	0	0	0	0	0	0	0	0	0	0	0	0	0
05.500,00.000	11.6	5.5	-200	0	4.5	41.6742	15.8394	17.8991	7.93567	0	0	0	0	0	0	0	0	0	0	0	0	0	0	0	0	0
05.500,00.000	11.7	5.5	-200	0	4.5	42.7456	16.346	18.219	8.18054	0	0	0	0	0	0	0	0	0	0	0	0	0	0	0	0	0
05.500,00.000	11.8	5.5	-200	0	4.5	43.8439	16.8658	18.5532	8.42485	0	0	0	0	0	0	0	0	0	0	0	0	0	0	0	0	0
05.500,00.000	11.9	5.5	-200	0	4.5	44.9826	17.4061	18.9079	8.66864	0	0	0	0	0	0	0	0	0	0	0	0	0	0	0	0	0
05.500,00.000	12	5.5	-200	0	4.5	46.1615	17.9688	19.2808	8.91188	0	0	0	0	0	0	0	0	0	0	0	0	0	0	0	0	0
05.500,00.000	12.1	5.5	-200	0	4.5	47.3924	18.555	19.6813	9.15607	0	0	0	0	0	0	0	0	0	0	0	0	0	0	0	0	0
05.500,00.000	12.2	5.5	-200	0	4.5	48.6565	19.1542	20.1038	9.3986	0	0	0	0	0	0	0	0	0	0	0	0	0	0	0	0	0
05.500,00.000	12.3	5.5	-200	0	4.5	49.9447	19.7659	20.5387	9.64009	0	0	0	0	0	0	0	0	0	0	0	0	0	0	0	0	0
05.500,00.000	12.4	5.5	-200	0	4.5	51.2911	20.4252	20.985	9.8809	0	0	0	0	0	0	0	0	0	0	0	0	0	0	0	0	0
05.500,00.000	12.5	5.5	-200	0	4.5	52.664	21.0916	21.4512	10.1211	0	0	0	0	0	0	0	0	0	0	0	0	0	0	0	0	0
05.500,00.000	12.6	5.5	-200	0	4.5	54.2589	21.8641	21.9977	10.1701	0.227019	0	0	0	0	0	0	0	0	0	0	0	0	0	0	0	0
05.500,00.000	12.7	5.5	-200	0	4.5	55.6798	22.5503	22.4899	10.1647	0.474828	0	0	0	0	0	0	0	0	0	0	0	0	0	0	0	0
05.500,00.000	12.8	5.5	-200	0	4.5	56.9059	23.1318	22.9279	10.1647	0.681422	0	0	0	0	0	0	0	0	0	0	0	0	0	0	0	0
05.500,00.000	12.9	5.5	-200	0	4.5	58.4141	23.843	23.4777	10.1647	0.928585	0	0	0	0	0	0	0	0	0	0	0	0	0	0	0	0
05.500,00.000	13	5.5	-200	0	4.5	59.9626	24.586	24.0401	10.165	1.17151	0	0	0	0	0	0	0	0	0	0	0	0	0	0	0	0
05.500,00.000	13.1	5.5	-200	0	4.5	61.517	25.3287	24.6122	10.1676	1.40855	0	0	0	0	0	0	0	0	0	0	0	0	0	0	0	0
05.500,00.000	13.2	5.5	-200	0	4.5	63.1063	26.1054	25.1841	10.1725	1.64427	0	0	0	0	0	0	0	0	0	0	0	0	0	0	0	0
05.500,00.000	13.3	5.5	-200	0	4.5	64.7378	26.8994	25.7785	10.1805	1.87945	0	0	0	0	0	0	0	0	0	0	0	0	0	0	0	0
05.500,00.000	13.4	5.5	-200	0	4.5	66.4111	27.7071	26.3982	10.1913	2.11461	0	0	0	0	0	0	0	0	0	0	0	0	0	0	0	0
05.500,00.000	13.5	5.5	-200	0	4.5	68.2186	28.5694	27.078	10.2078	2.36335	0	0	0	0	0	0	0	0	0	0	0	0	0	0	0	0
05.500,00.000	13.6	5.5	-200	0	4.5	70.3354	29.5721	27.8798	10.2337	2.64983	0	0	0	0	0	0	0	0	0	0	0	0	0	0	0	0
05.500,00.000	13.7	5.5	-200	0	4.5	72.0905	30.393	28.5534	10.2603	2.88384	0	0	0	0	0	0	0	0	0	0	0	0	0	0	0	0
05.500,00.000	13.8	5.5	-200	0	4.5	73.5223	31.0493	29.1142	10.287	3.07182	0	0	0	0	0	0	0	0	0	0	0	0	0	0	0	0
05.500,00.000	13.9	5.5	-200	0	4.5	75.2914	31.8593	29.8099	10.3259	3.29635	0	0	0	0	0	0	0	0	0	0	0	0	0	0	0	0
05.500,00.000	14	5.5	-200	0	4.5	77.3052	32.7816	30.6034	10.3758	3.54438	0	0	0	0	0	0	0	0	0	0	0	0	0	0	0	0
05.500,00.000	14.1	5.5	-200	0	4.5	79.2574	33.6674	31.3791	10.4314	3.77949	0	0	0	0	0	0	0	0	0	0	0	0	0	0	0	0
05.500,00.000	14.2	5.5	-200	0	4.5	81.2069	34.5371	32.1676	10.4924	4.00973	0	0	0	0	0	0	0	0	0	0	0	0	0	0	0	0
05.500,00.000	14.3	5.5	-200	0	4.5	83.1877	35.409	32.978	10.5613	4.23936	0	0	0	0	0	0	0	0	0	0	0	0	0	0	0	0
05.500,00.000	14.4	5.5	-200	0	4.5	85.1104	36.2167	33.7884	10.6372	4.46809	0	0	0	0	0	0	0	0	0	0	0	0	0	0	0	0
05.500,00.000	14.5	5.5	-200	0	4.5	87.7258	37.3303	34.8757	10.7474	4.77245	0	0	0	0	0	0	0	0	0	0	0	0	0	0	0	0
05.500,00.000	14.6	5.5	-200	0	4.5	90.1146	38.3147	35.8898	10.8583	5.05184	0	0	0	0	0	0	0	0	0	0	0	0	0	0	0	0
05.500,00.000	14.7	5.5	-200	0	4.5	92.2101	39.1612	36.7903	10.9638	5.29481	0	0	0	0	0	0	0	0	0	0	0	0	0	0	0	0
05.500,00.000	14.8	5.5	-200	0	4.5	94.1898	39.952	37.6419	11.072	5.52394	0	0	0	0	0	0	0	0	0	0	0	0	0	0	0	0
05.500,00.000	14.9	5.5	-200	0	4.5	95.4359	40.4467	38.1784	11.1442	5.66671	0	0	0	0	0	0	0	0	0	0	0	0	0	0	0	0
05.500,00.000	15	5.5	-200	0	4.5	97.7665	41.3707	39.1683	11.2924	5.93509	0	0	0	0	0	0	0	0	0	0	0	0	0	0	0	0
05.500,00.000	15.1	5.5	-200	0	4.5	99.9478	42.211	40.1222	11.4354	6.17921	0	0	0	0	0	0	0	0	0	0	0	0	0	0	0	0
05.500,00.000	15.2	5.5	-200	0	4.5	101.989	42.9862	41.0233	11.577	6.40301	0	0	0	0	0	0	0	0	0	0	0	0	0	0	0	0
05.500,00.000	15.3	5.5	-200	0	4.5	104.059	43.762	41.9446	11.7267	6.62622	0	0	0	0	0	0	0	0	0	0	0	0	0	0	0	0
05.500,00.000	15.4	5.5	-200	0	4.5	106.162	44.5681	42.858	11.8864	6.84901	0	0	0	0	0	0	0	0	0	0	0	0	0	0	0	0
05.500,00.000	15.5	5.5	-200	0	4.5	110.594	46.272	44.7776	12.237	7.30774	0	0	0	0	0	0	0	0	0	0	0	0	0	0	0	0
05.500,00.000	15.6	5.5	-200	0	4.5	111.489	46.6459	45.1342	12.3092	7.39934	0	0	0	0	0	0	0	0	0	0	0	0	0	0	0	0
05.500,00.000	15.7	5.5	-200	0	4.5	113.445	47.4046	46.0608	12.4902	7.48915	0	0	0	0	0	0	0	0	0	0	0	0	0	0	0	0
05.500,00.000	15.8	5.5	-200	0	4.5	113.901	47.5904	46.2691	12.5339	7.50776	0	0	0	0	0	0	0	0	0	0	0	0	0	0	0	0
05.500,00.000	15.9	5.5	-200	0	4.5	114.698	47.8788	46.6522	12.6143	7.55273	0	0	0	0	0	0	0	0	0	0	0	0	0	0	0	0
05.500,00.000	16	5.5	-200	0	4.5	117.536	48.9039	48.0799	12.9214	7.6309	0	0	0	0	0	0	0	0	0	0	0	0	0	0	0	0
05.500,00.000	16.1	5.5	-200	0	4.5	119.842	49.7258	49.304	13.1812	7.6309	0	0	0	0	0	0	0	0	0	0	0	0	0	0	0	0
05.500,00.000	16.2	5.5	-200	0	4.5	121.907	50.4124	50.4447	13.4189	7.6309	0	0	0	0	0	0	0	0	0	0	0	0	0	0	0	0
05.500,00.000	16.3	5.5	-200	0	4.5	123.973	51.0771	51.583	13.6819	7.6309	0	0	0	0	0	0	0	0	0	0	0	0	0	0	0	0
05.500,00.000	16.4	5.5	-200	0	4.5	126.04	51.72	52.7242	13.9649	7.6309	0	0	0	0	0	0	0	0	0	0	0	0	0	0	0	0
05.500,00.000	16.5	5.5	-200	0	4.5	132.088	53.5538	56.0878	14.8156	7.6309	0	0	0	0	0	0	0	0	0	0	0	0	0	0	0	0
05.500,00.000	16.6	5.5	-200	0	4.5	133.306	53.9244	56.7482	15.002	7.6309	0	0	0	0	0	0	0	0	0	0	0	0	0	0	0	0
05.500,00.000	16.7	5.5	-200	0	4.5	143.042	56.4604	61.8099	16.3919	7.82367	0.556143	0	0	0	0	0	0	0	0	0	0	0	0	0	0	0
05.500,00.000	16.8	5.5	-200	0	4.5	145.383	57.0625	62.9774	16.7429	7.82377	0.776048	0	0	0	0	0	0	0	0	0	0	0	0	0	0	0
05.500,00.000	16.9	5.5	-200	0	4.5	151.605	58.5256	66.1688	17.7101	7.83368	1.36639	0	0	0	0	0	0	0	0	0	0	0	0	0	0	0
05.500,00.000	17	5.5	-200	0	4.5	155.188	59.3452	68.0066	18.2934	7.84	1.70305	0	0	0	0	0	0	0	0	0	0	0	0	0	0	0
05.500,00.000	17.1	5.5	-200	0	4.5	157.453	59.8549	69.163	18.6746	7.84724	1.91338	0	0	0	0	0	0	0	0	0	0	0	0	0	0	0
05.500,00.000	17.2	5.5	-200	0	4.5	159.705	60.3466	70.3418	19.0384	7.85652	2.122	0	0	0	0	0	0	0	0	0	0	0	0	0	0	0
05.500,00.000	17.3	5.5	-200	0	4.5	161.948	60.8233	71.5081	19.4179	7.86941	2.32897	0	0	0	0	0	0	0	0	0	0	0	0	0	0	0
05.500,00.000	17.4	5.5	-200	0	4.5	164.196	61.2907	72.6712	19.8132	7.88497	2.53594	0	0	0	0	0	0	0	0	0	0	0	0	0	0	0
05.500,00.000	17.5	5.5	-200	0	4.5	172.024	62.8684	76.7054	21.2418	7.95321	3.25547	0	0	0	0	0	0	0	0	0	0	0	0	0	0	0
05.500,00.000	17.6	5.5	-200	0	4.5	173.586	63.1771	77.5005	21.5409	7.96837	3.39894	0	0	0	0	0	0	0	0	0	0	0	0	0	0	0
05.500,00.000	17.7	5.5	-200	0	4.5	182.629	64.8859	82.0938	23.3175	8.09586	4.23611	0	0	0	0	0	0	0	0	0	0	0	0	0	0	0
05.500,00.000	17.8	5.5	-200	0	4.5	184.726	65.2812	83.1512	23.7406	8.12706	4.42559	0	0	0	0	0	0	0	0	0	0	0	0	0	0	0
05.500,00.000	17.9	5.5	-200	0	4.5	191.545	66.547	86.5454	25.1435	8.27073	5.0379	0	0	0	0	0	0	0	0	0	0	0	0	0	0	0
05.500,00.000	18	5.5	-200	0	4.5	195.552	67.3315	88.4741	25.99	8.36144	5.3946	0	0	0	0	0	0	0	0	0	0	0	0	0	0	0
05.500,00.000	18.1	5.5	-200	0	4.5	198.169	67.8314	89.7079	26.5678	8.43332	5.62802	0	0	0	0	0	0	0	0	0	0	0	0	0	0	0
05.500,00.000	18.2	5.5	-200	0	4.5	200.839	68.3367	90.9444	27.1762	8.51533	5.8664	0	0	0	0	0	0	0	0	0	0	0	0	0	0	0
05.500,00.000	18.3	5.5	-200	0	4.5	202.953	68.7344	91.9075	27.6841	8.57295	6.05449	0	0	0	0	0	0	0	0	0	0	0	0	0	0	0
05.500,00.000	18.4	5.5	-200	0	4.5	205.126	69.1428	92.8816	28.2137	8.64192	6.24562	0	0	0	0	0	0	0	0	0	0	0	0	0	0	0
05.500,00.000	18.5	5.5	-200	0	4.5	217.23	71.3875	98.2428	31.2293	9.06928	7.30093	0	0	0	0	0	0	0	0	0	0	0	0	0	0	0
05.500,00.000	18.6	5.5	-200	0	4.5	219.663	71.8304	99.3267	31.859	9.13719	7.50922	0	0	0	0	0	0	0	0	0	0	0	0	0	0	0
05.500,00.000	18.7	5.5	-200	0	4.5	246.46	75.942	111.208	39.134	10.2303	9.79049	0.155061	0	0	0	0	0	0	0	0	0	0	0	0	0	0
05.500,00.000	18.8	5.5	-200	0	4.5	252.378	76.8848	113.716	40.7291	10.5304	9.7905	0.727856	0	0	0	0	0	0	0	0	0	0	0	0	0	0
05.500,00.000	18.9	5.5	-200	0	4.5	261.458	78.3704	117.331	43.3368	11.0632	9.79226	1.56441	0	0	0	0	0	0	0	0	0	0	0	0	0	0
05.500,00.000	19	5.5	-200	0	4.5	266.345	79.1046	119.326	44.7078	11.3761	9.79427	2.03686	0	0	0	0	0	0	0	0	0	0	0	0	0	0
05.500,00.000	19.1	5.5	-200	0	4.5	268.324	79.4031	120.144	45.2423	11.5092	9.7978	2.22712	0	0	0	0	0	0	0	0	0	0	0	0	0	0
05.500,00.000	19.2	5.5	-200	0	4.5	270.256	79.6907	120.93	45.7746	11.6477	9.80213	2.41098	0	0	0	0	0	0	0	0	0	0	0	0	0	0
05.500,00.000	19.3	5.5	-200	0	4.5	272.247	79.9784	121.738	46.3278	11.7962	9.80812	2.59854	0	0	0	0	0	0	0	0	0	0	0	0	0	0
05.500,00.000	19.4	5.5	-200	0	4.5	274.229	80.2587	122.547	46.867	11.9536	9.81695	2.78518	0	0	0	0	0	0	0	0	0	0	0	0	0	0
05.500,00.000	19.5	5.5	-200	0	4.5	276.272	80.5412	123.397	47.4115	12.1128	9.82855	2.98105	0	0	0	0	0	0	0	0	0	0	0	0	0	0
05.500,00.000	19.6	5.5	-200	0	4.5	278.138	80.7916	124.182	47.9063	12.2547	9.84149	3.16267	0	0	0	0	0	0	0	0	0	0	0	0	0	0
05.500,00.000	19.7	5.5	-200	0	4.5	280.05	81.0742	124.958	48.4134	12.4042	9.85701	3.34391	0	0	0	0	0	0	0	0	0	0	0	0	0	0
05.500,00.000	19.8	5.5	-200	0	4.5	281.995	81.3547	125.727	48.9438	12.5637	9.87586	3.52975	0	0	0	0	0	0	0	0	0	0	0	0	0	0
05.500,00.000	19.9	5.5	-200	0	4.5	292.026	82.7866	129.578	51.7623	13.4134	9.99231	4.49325	0	0	0	0	0	0	0	0	0	0	0	0	0	0
05.500,00.000	20	5.5	-200	0	4.5	294.104	83.077	130.382	52.3722	13.5623	10.0195	4.69082	0	0	0	0	0	0	0	0	0	0	0	0	0	0
05.500,00.000	20.1	5.5	-200	0	4.5	300.498	83.9912	132.803	54.1666	14.1232	10.1137	5.29957	0	0	0	0	0	0	0	0	0	0	0	0	0	0
05.500,00.000	20.2	5.5	-200	0	4.5	304.079	84.474	134.297	55.1043	14.4091	10.1652	5.62929	0	0	0	0	0	0	0	0	0	0	0	0	0	0
05.500,00.000	20.3	5.5	-200	0	4.5	306.237	84.7543	135.219	55.6657	14.5839	10.2027	5.81172	0	0	0	0	0	0	0	0	0	0	0	0	0	0
05.500,00.000	20.4	5.5	-200	0	4.5	308.446	85.0388	136.151	56.2457	14.7672	10.2456	5.99706	0	0	0	0	0	0	0	0	0	0	0	0	0	0
05.500,00.000	20.5	5.5	-200	0	4.5	310.78	85.3335	137.121	56.8692	14.9656	10.2966	6.19388	0	0	0	0	0	0	0	0	0	0	0	0	0	0
05.500,00.000	20.6	5.5	-200	0	4.5	312.881	85.5936	137.987	57.431	15.1518	10.3476	6.36984	0	0	0	0	0	0	0	0	0	0	0	0	0	0
05.500,00.000	20.7	5.5	-200	0	4.5	326.186	87.1986	142.874	61.5282	16.3558	10.7181	7.5115	0	0	0	0	0	0	0	0	0	0	0	0	0	0
05.500,00.000	20.8	5.5	-200	0	4.5	333.441	88.0554	144.927	64.392	17.0029	10.9396	8.12365	0	0	0	0	0	0	0	0	0	0	0	0	0	0
05.500,00.000	20.9	5.5	-200	0	4.5	333.502	88.0625	144.945	64.4168	17.0078	10.9415	8.12885	0	0	0	0	0	0	0	0	0	0	0	0	0	0
05.500,00.000	21	5.5	-200	0	4.5	335.601	88.3096	145.524	65.2483	17.1948	11.0225	8.30172	0	0	0	0	0	0	0	0	0	0	0	0	0	0
05.500,00.000	21.1	5.5	-200	0	4.5	343.127	89.1955	147.566	68.2343	17.8965	11.328	8.8968	0.0101309	0	0	0	0	0	0	0	0	0	0	0	0	0
05.500,00.000	21.2	5.5	-200	0	4.5	346.752	89.621	148.508	69.7084	18.2307	11.4856	8.8968	0.300709	0	0	0	0	0	0	0	0	0	0	0	0	0
05.500,00.000	21.3	5.5	-200	0	4.5	349.063	89.8929	149.104	70.6369	18.4575	11.5921	8.8968	0.482834	0	0	0	0	0	0	0	0	0	0	0	0	0
05.500,00.000	21.4	5.5	-200	0	4.5	354.292	90.5147	150.446	72.7558	18.9481	11.8343	8.8968	0.896008	0	0	0	0	0	0	0	0	0	0	0	0	0
05.500,00.000	21.5	5.5	-200	0	4.5	355.425	90.6534	150.733	73.2501	19.0238	11.8797	8.8968	0.987704	0	0	0	0	0	0	0	0	0	0	0	0	0
05.500,00.000	21.6	5.5	-200	0	4.5	359.204	91.0961	151.656	74.8291	19.3705	12.0768	8.8968	1.27874	0	0	0	0	0	0	0	0	0	0	0	0	0
05.500,00.000	21.7	5.5	-200	0	4.5	372.954	92.6726	154.902	80.6338	20.674	12.8355	8.89683	2.33892	0	0	0	0	0	0	0	0	0	0	0	0	0
05.500,00.000	21.8	5.5	-200	0	4.5	384.342	94.1418	157.555	85.3263	21.7667	13.4682	8.8986	3.18561	0	0	0	0	0	0	0	0	0	0	0	0	0
05.500,00.000	21.9	5.5	-200	0	4.5	385.267	94.2769	157.769	85.7104	21.8454	13.5116	8.89901	3.25529	0	0	0	0	0	0	0	0	0	0	0	0	0
05.500,00.000	22	5.5	-200	0	4.5	400.493	96.4738	161.121	91.8255	23.3102	14.4981	8.91541	4.34913	0	0	0	0	0	0	0	0	0	0	0	0	0
05.500,00.000	22.1	5.5	-200	0	4.5	407.09	97.4844	162.589	94.5039	23.8163	14.9291	8.92959	4.83738	0	0	0	0	0	0	0	0	0	0	0	0	0
05.500,00.000	22.2	5.5	-200	0	4.5	409.61	97.8675	163.125	95.5024	24.0522	15.1037	8.94181	5.0166	0	0	0	0	0	0	0	0	0	0	0	0	0
05.500,00.000	22.3	5.5	-200	0	4.5	412.104	98.2549	163.643	96.4826	24.2908	15.2824	8.95716	5.19322	0	0	0	0	0	0	0	0	0	0	0	0	0
05.500,00.000	22.4	5.5	-200	0	4.5	417.805	99.1478	164.794	98.6976	24.8658	15.7059	9.00251	5.59179	0	0	0	0	0	0	0	0	0	0	0	0	0
05.500,00.000	22.5	5.5	-200	0	4.5	419.02	99.3492	165.043	99.1274	25.021	15.7847	9.01402	5.68065	0	0	0	0	0	0	0	0	0	0	0	0	0
05.500,00.000	22.6	5.5	-200	0	4.5	423.165	99.9896	165.877	100.388	25.764	16.1141	9.06484	5.96763	0	0	0	0	0	0	0	0	0	0	0	0	0
05.500,00.000	22.7	5.5	-200	0	4.5	426.325	100.518	166.528	101.26	26.3661	16.3617	9.1078	6.18339	0	0	0	0	0	0	0	0	0	0	0	0	0
05.500,00.000	22.8	5.5	-200	0	4.5	429.028	100.976	167.065	102.004	26.8787	16.5877	9.15065	6.36561	0	0	0	0	0	0	0	0	0	0	0	0	0
05.500,00.000	22.9	5.5	-200	0	4.5	439.578	102.783	169.218	104.791	28.9034	17.4817	9.33686	7.06379	0	0	0	0	0	0	0	0	0	0	0	0	0
05.500,00.000	23	5.5	-200	0	4.5	441.807	103.194	169.73	105.375	29.2888	17.6326	9.37877	7.20906	0	0	0	0	0	0	0	0	0	0	0	0	0
05.500,00.000	23.1	5.5	-200	0	4.5	448.714	104.346	171.277	107.112	30.5789	18.2182	9.53074	7.65122	0	0	0	0	0	0	0	0	0	0	0	0	0
05.500,00.000	23.2	5.5	-200	0	4.5	452.935	105.058	172.252	108.139	31.3681	18.5645	9.62992	7.92302	0	0	0	0	0	0	0	0	0	0	0	0	0
05.500,00.000	23.3	5.5	-200	0	4.5	455.734	105.561	172.871	108.798	31.8928	18.8111	9.7011	8.09919	0	0	0	0	0	0	0	0	0	0	0	0	0
05.500,00.000	23.4	5.5	-200	0	4.5	458.756	106.119	173.525	109.499	32.4653	19.0767	9.78339	8.2884	0	0	0	0	0	0	0	0	0	0	0	0	0
05.500,00.000	23.5	5.5	-200	0	4.5	461.374	106.607	174.083	110.099	32.9651	19.3062	9.86064	8.45231	0	0	0	0	0	0	0	0	0	0	0	0	0
05.500,00.000	23.6	5.5	-200	0	4.5	471.292	108.44	176.046	112.373	34.9981	20.1842	10.1741	9.07569	0	0	0	0	0	0	0	0	0	0	0	0	0
05.500,00.000	23.7	5.5	-200	0	4.5	473.405	108.898	176.477	112.848	35.3932	20.3336	10.2454	9.20937	0	0	0	0	0	0	0	0	0	0	0	0	0
05.500,00.000	23.8	5.5	-200	0	4.5	473.66	108.95	176.526	112.905	35.4423	20.357	10.2547	9.225	0	0	0	0	0	0	0	0	0	0	0	0	0
05.500,00.000	23.9	5.5	-200	0	4.5	480.17	110.298	177.735	114.342	36.6946	20.9747	10.5074	9.50522	0.112432	0	0	0	0	0	0	0	0	0	0	0	0
05.500,00.000	24	5.5	-200	0	4.5	481.759	110.631	178.05	114.711	36.9628	21.1074	10.5763	9.50522	0.215799	0	0	0	0	0	0	0	0	0	0	0	0
05.500,00.000	24.1	5.5	-200	0	4.5	487.846	111.923	179.201	116.077	37.9527	21.734	10.8571	9.50522	0.595908	0	0	0	0	0	0	0	0	0	0	0	0
05.500,00.000	24.2	5.5	-200	0	4.5	491.866	112.782	180	116.929	38.6382	22.1153	11.0506	9.50522	0.846677	0	0	0	0	0	0	0	0	0	0	0	0
05.500,00.000	24.3	5.5	-200	0	4.5	494.832	113.405	180.538	117.528	39.2399	22.3961	11.1971	9.50522	1.02264	0	0	0	0	0	0	0	0	0	0	0	0
05.500,00.000	24.4	5.5	-200	0	4.5	497.827	114.034	181.085	118.118	39.8529	22.6796	11.3523	9.50522	1.19909	0	0	0	0	0	0	0	0	0	0	0	0
05.500,00.000	24.5	5.5	-200	0	4.5	500.831	114.655	181.635	118.702	40.4725	22.9697	11.5164	9.50522	1.37536	0	0	0	0	0	0	0	0	0	0	0	0
05.500,00.000	24.6	5.5	-200	0	4.5	503.827	115.268	182.171	119.274	41.099	23.2669	11.6887	9.50532	1.55284	0	0	0	0	0	0	0	0	0	0	0	0
05.500,00.000	24.7	5.5	-200	0	4.5	506.816	115.92	182.685	119.831	41.7147	23.5662	11.8665	9.50564	1.7266	0	0	0	0	0	0	0	0	0	0	0	0
05.500,00.000	24.8	5.5	-200	0	4.5	509.851	116.579	183.19	120.384	42.365	23.8675	12.0543	9.50808	1.9029	0	0	0	0	0	0	0	0	0	0	0	0
05.500,00.000	24.9	5.5	-200	0	4.5	520.499	119.252	184.817	122.163	44.6346	24.9057	12.7109	9.52049	2.4945	0	0	0	0	0	0	0	0	0	0	0	0
05.500,00.000	25	5.5	-200	0	4.5	522.706	119.89	185.171	122.495	45.1053	25.0533	12.8509	9.52432	2.61713	0	0	0	0	0	0	0	0	0	0	0	0
05.500,00.000	25.1	5.5	-200	0	4.5	529.951	121.909	186.248	123.557	46.6288	25.7549	13.3041	9.54728	3.00149	0	0	0	0	0	0	0	0	0	0	0	0
05.500,00.000	25.2	5.5	-200	0	4.5	534.635	123.244	186.935	124.199	47.6355	26.1985	13.6035	9.56552	3.25344	0	0	0	0	0	0	0	0	0	0	0	0
05.500,00.000	25.3	5.5	-200	0	4.5	537.929	124.201	187.391	124.66	48.3105	26.5335	13.823	9.582	3.42769	0	0	0	0	0	0	0	0	0	0	0	0
05.500,00.000	25.4	5.5	-200	0	4.5	545.278	126.327	188.387	125.871	49.7281	27.241	14.2932	9.62636	3.80498	0	0	0	0	0	0	0	0	0	0	0	0
05.500,00.000	25.5	5.5	-200	0	4.5	548.502	127.268	188.801	126.503	50.3416	27.5065	14.4734	9.64652	3.96243	0	0	0	0	0	0	0	0	0	0	0	0
05.500,00.000	25.6	5.5	-200	0	4.5	548.486	127.283	188.798	126.5	50.3418	27.489	14.4662	9.64652	3.96243	0	0	0	0	0	0	0	0	0	0	0	0
05.500,00.000	25.7	5.5	-200	0	4.5	548.533	127.296	188.804	126.509	50.3505	27.4938	14.4693	9.64696	3.96471	0	0	0	0	0	0	0	0	0	0	0	0
05.500,00.000	25.8	5.5	-200	0	4.5	569.649	133.239	191.341	130.688	53.2119	30.4798	15.8484	9.86685	4.97353	0	0	0	0	0	0	0	0	0	0	0	0
05.500,00.000	25.9	5.5	-200	0	4.5	576.806	135.342	192.213	132.131	54.0857	31.5177	16.2507	9.94775	5.31876	0	0	0	0	0	0	0	0	0	0	0	0
05.500,00.000	26	5.5	-200	0	4.5	577.093	135.425	192.246	132.187	54.1199	31.5618	16.27	9.95167	5.33231	0	0	0	0	0	0	0	0	0	0	0	0
05.500,00.000	26.1	5.5	-200	0	4.5	577.692	135.606	192.311	132.303	54.1892	31.6518	16.3096	9.96094	5.36075	0	0	0	0	0	0	0	0	0	0	0	0
05.500,00.000	26.2	5.5	-200	0	4.5	578.271	135.784	192.372	132.415	54.2543	31.7387	16.3483	9.97037	5.38815	0	0	0	0	0	0	0	0	0	0	0	0
05.500,00.000	26.3	5.5	-200	0	4.5	578.584	135.878	192.405	132.475	54.2885	31.7874	16.3711	9.97598	5.40282	0	0	0	0	0	0	0	0	0	0	0	0
05.500,00.000	26.4	5.5	-200	0	4.5	578.634	135.894	192.41	132.485	54.294	31.7947	16.3743	9.97693	5.4052	0	0	0	0	0	0	0	0	0	0	0	0
05.500,00.000	26.5	5.5	-200	0	4.5	578.864	135.962	192.434	132.528	54.318	31.8314	16.3924	9.98176	5.41602	0	0	0	0	0	0	0	0	0	0	0	0
05.500,00.000	26.6	5.5	-200	0	4.5	579.205	136.064	192.468	132.593	54.3529	31.8863	16.4197	9.98937	5.43238	0	0	0	0	0	0	0	0	0	0	0	0
05.500,00.000	26.7	5.5	-200	0	4.5	589.966	139.096	193.989	134.539	55.3653	33.5532	17.2649	10.2358	5.92198	0	0	0	0	0	0	0	0	0	0	0	0
05.500,00.000	26.8	5.5	-200	0	4.5	596.49	140.555	195.495	135.681	55.9465	34.5044	17.712	10.386	6.21043	0	0	0	0	0	0	0	0	0	0	0	0
05.500,00.000	26.9	5.5	-200	0	4.5	606.536	142.742	197.754	137.482	56.8125	36.0166	18.4316	10.6366	6.66124	0	0	0	0	0	0	0	0	0	0	0	0
05.500,00.000	27	5.5	-200	0	4.5	608.741	143.264	198.28	137.89	56.9958	36.3133	18.5447	10.6931	6.75983	0	0	0	0	0	0	0	0	0	0	0	0
05.500,00.000	27.1	5.5	-200	0	4.5	615.722	144.799	199.901	139.154	57.5366	37.3344	19.0466	10.8827	7.0675	0	0	0	0	0	0	0	0	0	0	0	0
05.500,00.000	27.2	5.5	-200	0	4.5	620.881	145.926	201.16	140.13	57.9187	38.0555	19.3737	11.0255	7.29164	0	0	0	0	0	0	0	0	0	0	0	0
05.500,00.000	27.3	5.5	-200	0	4.5	622.404	146.253	201.531	140.419	58.0288	38.2707	19.4744	11.0698	7.35807	0	0	0	0	0	0	0	0	0	0	0	0
05.500,00.000	27.4	5.5	-200	0	4.5	622.477	146.269	201.549	140.433	58.034	38.2807	19.4781	11.0721	7.36133	0	0	0	0	0	0	0	0	0	0	0	0
05.500,00.000	27.5	5.5	-200	0	4.5	649.065	151.252	208.579	145.085	60.0661	42.1367	21.5028	11.9252	8.51885	0	0	0	0	0	0	0	0	0	0	0	0
05.500,00.000	27.6	5.5	-200	0	4.5	657.486	152.892	210.903	146.171	61.1761	43.3063	21.9389	12.2059	8.70549	0.186369	0	0	0	0	0	0	0	0	0	0	0
05.500,00.000	27.7	5.5	-200	0	4.5	657.825	152.954	210.994	146.215	61.2196	43.354	21.9635	12.2182	8.71	0.196495	0	0	0	0	0	0	0	0	0	0	0
05.500,00.000	27.8	5.5	-200	0	4.5	667.732	154.737	213.635	147.499	62.4756	44.7577	22.6852	12.6016	8.7935	0.54706	0	0	0	0	0	0	0	0	0	0	0
05.500,00.000	27.9	5.5	-200	0	4.5	670.703	155.326	214.411	147.891	62.8683	45.1659	22.843	12.7229	8.7935	0.681442	0	0	0	0	0	0	0	0	0	0	0
05.500,00.000	28	5.5	-200	0	4.5	671.048	155.39	214.501	147.936	62.9104	45.2136	22.8691	12.7375	8.7935	0.696335	0	0	0	0	0	0	0	0	0	0	0
05.500,00.000	28.1	5.5	-200	0	4.5	671.42	155.459	214.599	147.985	62.9556	45.2646	22.8973	12.7542	8.7935	0.712443	0	0	0	0	0	0	0	0	0	0	0
05.500,00.000	28.2	5.5	-200	0	4.5	671.746	155.518	214.684	148.028	62.9949	45.3089	22.9225	12.7695	8.7935	0.726579	0	0	0	0	0	0	0	0	0	0	0
05.500,00.000	28.3	5.5	-200	0	4.5	672.031	155.569	214.759	148.066	63.0289	45.3473	22.9451	12.7835	8.7935	0.738932	0	0	0	0	0	0	0	0	0	0	0
05.500,00.000	28.4	5.5	-200	0	4.5	672.074	155.577	214.77	148.072	63.0343	45.3529	22.9476	12.7857	8.7935	0.740869	0	0	0	0	0	0	0	0	0	0	0
05.500,00.000	28.5	5.5	-200	0	4.5	697.609	160.033	221.633	151.622	65.9752	48.622	25.0893	13.9997	8.7935	1.8406	0	0	0	0	0	0	0	0	0	0	0
05.500,00.000	28.6	5.5	-200	0	4.5	708.311	162.067	224.188	153.46	67.2615	49.7856	25.9509	14.4713	8.79413	2.3329	0	0	0	0	0	0	0	0	0	0	0
05.500,00.000	28.7	5.5	-200	0	4.5	736.262	168.674	228.846	159.042	70.2949	52.7449	28.4528	15.862	8.80605	3.53871	0	0	0	0	0	0	0	0	0	0	0
05.500,00.000	28.8	5.5	-200	0	4.5	741.763	170.333	229.74	160.102	70.8874	52.9188	29.1011	16.0988	8.80937	3.77259	0	0	0	0	0	0	0	0	0	0	0
05.500,00.000	28.9	5.5	-200	0	4.5	741.936	170.385	229.766	160.135	70.9048	52.9264	29.122	16.1077	8.80959	3.77953	0	0	0	0	0	0	0	0	0	0	0
05.500,00.000	29	5.5	-200	0	4.5	746.544	171.777	230.472	161.028	71.3708	53.0937	29.6749	16.3454	8.81764	3.96435	0	0	0	0	0	0	0	0	0	0	0
05.500,00.000	29.1	5.5	-200	0	4.5	756.72	174.837	232.036	162.989	72.3954	53.4692	30.899	16.8888	8.83877	4.36811	0	0	0	0	0	0	0	0	0	0	0
05.500,00.000	29.2	5.5	-200	0	4.5	762.356	176.649	232.898	164.003	72.9566	53.6622	31.5548	17.1921	8.85277	4.58706	0	0	0	0	0	0	0	0	0	0	0
05.500,00.000	29.3	5.5	-200	0	4.5	766.696	178.081	233.538	164.789	73.3802	53.8118	32.0436	17.4374	8.86565	4.75002	0	0	0	0	0	0	0	0	0	0	0
05.500,00.000	29.4	5.5	-200	0	4.5	777.603	181.72	235.1	166.816	74.4273	54.1741	33.2518	18.064	8.90361	5.14616	0	0	0	0	0	0	0	0	0	0	0
05.500,00.000	29.5	5.5	-200	0	4.5	784.264	184.002	236.09	168.047	75.0581	54.3685	33.9403	18.4446	8.93128	5.38226	0	0	0	0	0	0	0	0	0	0	0
05.500,00.000	29.6	5.5	-200	0	4.5	788.656	185.597	236.719	168.721	75.3472	54.6424	34.4212	18.7122	8.9542	5.54118	0	0	0	0	0	0	0	0	0	0	0
05.500,00.000	29.7	5.5	-200	0	4.5	807.609	192.127	239.504	171.661	76.3893	56.3043	36.7696	20.0415	9.08328	5.72888	0	0	0	0	0	0	0	0	0	0	0
05.500,00.000	29.8	5.5	-200	0	4.5	823.64	198.702	241.765	173.874	77.2601	57.5215	38.464	21.1278	9.19679	5.72888	0	0	0	0	0	0	0	0	0	0	0
05.500,00.000	29.9	5.5	-200	0	4.5	824.75	199.151	241.927	174.021	77.3225	57.6029	38.5831	21.2087	9.20526	5.72888	0	0	0	0	0	0	0	0	0	0	0
05.500,00.000	30	5.5	-200	0	4.5	848.332	208.378	245.724	177.311	78.559	59.3245	41.0388	22.8418	9.42664	5.72888	0	0	0	0	0	0	0	0	0	0	0
05.500,00.000	30.1	5.5	-200	0	4.5	859.213	212.148	248.11	178.78	79.1318	60.1221	42.0708	23.5838	9.5374	5.72888	0	0	0	0	0	0	0	0	0	0	0
05.500,00.000	30.2	5.5	-200	0	4.5	863.734	213.694	249.093	179.431	79.3704	60.4364	42.4902	23.8998	9.59069	5.72888	0	0	0	0	0	0	0	0	0	0	0
05.500,00.000	30.3	5.5	-200	0	4.5	868.321	215.248	250.098	180.091	79.6189	60.7524	42.907	24.2264	9.65078	5.72888	0	0	0	0	0	0	0	0	0	0	0
05.500,00.000	30.4	5.5	-200	0	4.5	878.914	218.358	252.92	181.618	80.2042	61.468	43.8435	24.9705	9.80292	5.72888	0	0	0	0	0	0	0	0	0	0	0
05.500,00.000	30.5	5.5	-200	0	4.5	885.593	219.86	255.174	182.541	80.5846	61.9352	44.4214	25.4411	9.90643	5.72888	0	0	0	0	0	0	0	0	0	0	0
05.500,00.000	30.6	5.5	-200	0	4.5	890.136	220.91	256.666	183.179	80.8478	62.2403	44.8094	25.7711	9.98236	5.72888	0	0	0	0	0	0	0	0	0	0	0
05.500,00.000	30.7	5.5	-200	0	4.5	905.786	223.726	262.015	185.507	81.8482	63.3771	46.2512	27.0455	10.2879	5.72888	0	0	0	0	0	0	0	0	0	0	0
05.500,00.000	30.8	5.5	-200	0	4.5	930.843	229.129	270.574	188.885	83.412	64.9942	48.3536	28.9874	10.7786	5.72888	0	0	0	0	0	0	0	0	0	0	0
05.500,00.000	30.9	5.5	-200	0	4.5	934.074	229.907	271.795	189.335	83.6305	64.9586	48.6249	29.2466	10.8479	5.72888	0	0	0	0	0	0	0	0	0	0	0
05.500,00.000	31	5.5	-200	0	4.5	959.883	236	280.578	192.899	85.5508	65.6841	50.6814	31.3291	11.4305	5.72991	0	0	0	0	0	0	0	0	0	0	0
05.500,00.000	31.1	5.5	-200	0	4.5	971.249	238.787	284.178	194.471	86.5137	65.9898	51.3904	32.4814	11.7057	5.73207	0	0	0	0	0	0	0	0	0	0	0
05.500,00.000	31.2	5.5	-200	0	4.5	975.813	239.907	285.588	195.12	86.9139	66.1118	51.6144	33.0023	11.8211	5.7346	0	0	0	0	0	0	0	0	0	0	0
05.500,00.000	31.3	5.5	-200	0	4.5	980.554	241.074	287.045	195.799	87.331	66.2399	51.8288	33.5527	11.945	5.7384	0	0	0	0	0	0	0	0	0	0	0
05.500,00.000	31.4	5.5	-200	0	4.5	985.379	242.252	288.529	196.508	87.7549	66.3705	52.0259	34.111	12.0846	5.74339	0	0	0	0	0	0	0	0	0	0	0
05.500,00.000	31.5	5.5	-200	0	4.5	990.271	243.436	290.03	197.219	88.2072	66.5045	52.21	34.6744	12.2396	5.74958	0	0	0	0	0	0	0	0	0	0	0
05.500,00.000	31.6	5.5	-200	0	4.5	995.207	244.55	291.569	197.913	88.6914	66.6487	52.3985	35.2733	12.4056	5.75734	0	0	0	0	0	0	0	0	0	0	0
05.500,00.000	31.7	5.5	-200	0	4.5	999.788	245.649	292.98	198.534	89.1385	66.7839	52.5628	35.813	12.561	5.76545	0	0	0	0	0	0	0	0	0	0	0
05.500,00.000	31.8	5.5	-200	0	4.5	1004.76	246.816	294.508	199.217	89.6309	66.9365	52.7349	36.4079	12.7285	5.77593	0	0	0	0	0	0	0	0	0	0	0
05.500,00.000	31.9	5.5	-200	0	4.5	1009.77	247.894	296.05	199.936	90.1536	67.1017	52.9072	37.0281	12.909	5.78836	0	0	0	0	0	0	0	0	0	0	0
05.500,00.000	32	5.5	-200	0	4.5	1014.57	249.042	297.501	200.595	90.6407	67.2575	53.0584	37.5883	13.0845	5.80108	0	0	0	0	0	0	0	0	0	0	0
05.500,00.000	32.1	5.5	-200	0	4.5	1019.79	250.296	299.08	201.311	91.1771	67.4322	53.2147	38.1846	13.2792	5.81652	0	0	0	0	0	0	0	0	0	0	0
05.500,00.000	32.2	5.5	-200	0	4.5	1025.06	251.573	300.657	202.053	91.7197	67.6117	53.3608	38.7755	13.4787	5.8331	0	0	0	0	0	0	0	0	0	0	0
05.500,00.000	32.3	5.5	-200	0	4.5	1030.41	252.96	302.226	202.768	92.2687	67.7963	53.4968	39.3664	13.6804	5.85107	0	0	0	0	0	0	0	0	0	0	0
05.500,00.000	32.4	5.5	-200	0	4.5	1035.91	254.378	303.828	203.52	92.8363	67.99	53.6263	39.9633	13.8925	5.87071	0	0	0	0	0	0	0	0	0	0	0
05.500,00.000	32.5	5.5	-200	0	4.5	1041.47	255.83	305.445	204.267	93.4162	68.1911	53.7499	40.5627	14.1108	5.89236	0	0	0	0	0	0	0	0	0	0	0
05.500,00.000	32.6	5.5	-200	0	4.5	1047.04	257.273	307.025	205.04	94.0103	68.4	53.8684	41.1695	14.3406	5.91624	0	0	0	0	0	0	0	0	0	0	0
05.500,00.000	32.7	5.5	-200	0	4.5	1052.39	258.751	308.441	205.767	94.5893	68.6063	53.9758	41.7569	14.5664	5.94087	0	0	0	0	0	0	0	0	0	0	0
05.500,00.000	32.8	5.5	-200	0	4.5	1061.44	261.235	310.801	206.959	95.5951	68.9695	54.15	42.7879	14.9593	5.98717	0	0	0	0	0	0	0	0	0	0	0
05.500,00.000	32.9	5.5	-200	0	4.5	1063.51	261.793	311.359	207.215	95.8307	69.0538	54.1881	43.0135	15.0574	5.99814	0	0	0	0	0	0	0	0	0	0	0
05.500,00.000	33	5.5	-200	0	4.5	1070.35	263.699	313.175	208.086	96.5911	69.3422	54.3028	43.7581	15.3579	6.03778	0	0	0	0	0	0	0	0	0	0	0
05.500,00.000	33.1	5.5	-200	0	4.5	1076.76	265.485	314.903	208.868	97.312	69.6226	54.4057	44.4434	15.6455	6.07691	0	0	0	0	0	0	0	0	0	0	0
05.500,00.000	33.2	5.5	-200	0	4.5	1082.54	267.152	316.444	209.534	97.9642	69.8804	54.4956	45.0662	15.8862	6.11417	0	0	0	0	0	0	0	0	0	0	0
05.500,00.000	33.3	5.5	-200	0	4.5	1088.37	268.853	318.008	210.203	98.6027	70.1466	54.5838	45.7171	16.1023	6.15363	0	0	0	0	0	0	0	0	0	0	0
05.500,00.000	33.4	5.5	-200	0	4.5	1121.87	278.93	326.411	214.288	102.347	71.7252	55.0603	49.1607	17.5536	6.39468	0	0	0	0	0	0	0	0	0	0	0
05.500,00.000	33.5	5.5	-200	0	4.5	1135.89	283.409	330.1	215.329	103.971	72.4562	55.2483	50.6465	18.2239	6.50808	0	0	0	0	0	0	0	0	0	0	0
05.500,00.000	33.6	5.5	-200	0	4.5	1141.61	285.176	331.524	215.902	104.629	72.7536	55.3198	51.2468	18.4995	6.55796	0	0	0	0	0	0	0	0	0	0	0
05.500,00.000	33.7	5.5	-200	0	4.5	1160.71	291.139	336.209	217.894	106.805	73.7589	55.5481	53.1975	19.4263	6.73253	0	0	0	0	0	0	0	0	0	0	0
05.500,00.000	33.8	5.5	-200	0	4.5	1166.22	293.001	337.533	218.394	107.417	74.0514	55.6017	53.7444	19.6919	6.78362	0	0	0	0	0	0	0	0	0	0	0
05.500,00.000	33.9	5.5	-200	0	4.5	1166.51	293.099	337.604	218.423	107.449	74.0667	55.6049	53.7717	19.7058	6.78642	0	0	0	0	0	0	0	0	0	0	0
05.500,00.000	34	5.5	-200	0	4.5	1174.45	295.795	339.54	219.192	108.295	74.4893	55.6899	54.4934	20.0859	6.86565	0	0	0	0	0	0	0	0	0	0	0
05.500,00.000	34.1	5.5	-200	0	4.5	1185.45	299.563	342.206	220.241	109.456	75.0894	55.8042	55.4837	20.6216	6.9801	0	0	0	0	0	0	0	0	0	0	0
05.500,00.000	34.2	5.5	-200	0	4.5	1193.16	302.28	344.08	220.934	110.2	75.4869	56.0354	56.112	20.9744	7.05786	0	0	0	0	0	0	0	0	0	0	0
05.500,00.000	34.3	5.5	-200	0	4.5	1200.56	304.796	346.023	221.62	110.863	75.8609	56.2906	56.6645	21.3041	7.13288	0	0	0	0	0	0	0	0	0	0	0
05.500,00.000	34.4	5.5	-200	0	4.5	1208.15	307.338	348.083	222.359	111.519	76.2407	56.5576	57.2035	21.6363	7.2106	0	0	0	0	0	0	0	0	0	0	0
05.500,00.000	34.5	5.5	-200	0	4.5	1216.04	309.954	350.24	223.174	112.207	76.631	56.8326	57.7359	21.9753	7.29208	0	0	0	0	0	0	0	0	0	0	0
05.500,00.000	34.6	5.5	-200	0	4.5	1224.31	312.681	352.503	224.015	112.972	77.0375	57.1154	58.2741	22.3289	7.37983	0	0	0	0	0	0	0	0	0	0	0
05.500,00.000	34.7	5.5	-200	0	4.5	1248.18	320.398	359.066	226.442	115.439	78.2058	57.9017	59.7556	23.3373	7.63689	0	0	0	0	0	0	0	0	0	0	0
05.500,00.000	34.8	5.5	-200	0	4.5	1252.85	321.839	360.45	226.924	115.879	78.4445	57.8657	60.2228	23.5386	7.68883	0	0	0	0	0	0	0	0	0	0	0
05.500,00.000	34.9	5.5	-200	0	4.5	1253.97	322.175	360.766	227.044	116.004	78.5131	57.8724	60.3107	23.5846	7.70119	0	0	0	0	0	0	0	0	0	0	0
05.500,00.000	35	5.5	-200	0	4.5	1268.52	326.565	364.764	228.658	117.651	79.4676	58.034	61.3464	24.1718	7.86184	0	0	0	0	0	0	0	0	0	0	0
05.500,00.000	35.1	5.5	-200	0	4.5	1279.89	329.99	367.901	229.917	118.927	80.2573	58.1353	62.145	24.6322	7.98999	0	0	0	0	0	0	0	0	0	0	0
05.500,00.000	35.2	5.5	-200	0	4.5	1289.47	332.765	370.483	230.979	120.034	80.9736	58.2541	62.8267	25.0462	8.10777	0	0	0	0	0	0	0	0	0	0	0
05.500,00.000	35.3	5.5	-200	0	4.5	1298.25	335.286	372.828	231.954	121.047	81.6496	58.3733	63.4488	25.4381	8.22132	0	0	0	0	0	0	0	0	0	0	0
05.500,00.000	35.4	5.5	-200	0	4.5	1307.05	337.802	375.159	232.936	122.06	82.3458	58.5005	64.0687	25.8404	8.33995	0	0	0	0	0	0	0	0	0	0	0
05.500,00.000	35.5	5.5	-200	0	4.5	1316.02	340.388	377.508	233.93	123.079	83.0661	58.6358	64.6958	26.2557	8.46459	0	0	0	0	0	0	0	0	0	0	0
05.500,00.000	35.6	5.5	-200	0	4.5	1325	343.001	379.828	234.918	124.086	83.7991	58.7774	65.3206	26.6766	8.59367	0	0	0	0	0	0	0	0	0	0	0
05.500,00.000	35.7	5.5	-200	0	4.5	1337.34	346.676	382.912	236.28	125.463	84.8225	58.981	65.9518	27.4734	8.77799	0	0	0	0	0	0	0	0	0	0	0
05.500,00.000	35.8	5.5	-200	0	4.5	1348.86	350.202	385.773	237.542	126.682	85.7851	59.1762	66.5058	28.2388	8.95461	0	0	0	0	0	0	0	0	0	0	0
05.500,00.000	35.9	5.5	-200	0	4.5	1350.84	350.843	386.265	237.755	126.874	85.9455	59.2092	66.5805	28.382	8.98522	0	0	0	0	0	0	0	0	0	0	0
05.500,00.000	36	5.5	-200	0	4.5	1362.84	354.632	389.223	239.059	128.086	86.9181	59.4268	67.1491	29.1652	9.17834	0	0	0	0	0	0	0	0	0	0	0
05.500,00.000	36.1	5.5	-200	0	4.5	1373.43	358.096	391.826	240.203	129.137	87.7681	59.6227	67.6208	29.8081	9.3521	0	0	0	0	0	0	0	0	0	0	0
05.500,00.000	36.2	5.5	-200	0	4.5	1382.6	361.085	394.074	241.192	130.033	88.5194	59.7998	68.0224	30.3658	9.50618	0	0	0	0	0	0	0	0	0	0	0
05.500,00.000	36.3	5.5	-200	0	4.5	1391.92	364.189	396.329	242.189	130.928	89.285	59.9845	68.4176	30.9339	9.66528	0	0	0	0	0	0	0	0	0	0	0
05.500,00.000	36.4	5.5	-200	0	4.5	1401.51	367.495	398.625	243.195	131.819	90.0596	60.1776	68.8044	31.5086	9.82913	0	0	0	0	0	0	0	0	0	0	0
05.500,00.000	36.5	5.5	-200	0	4.5	1411.18	370.812	400.961	244.204	132.704	90.8486	60.3782	69.1825	32.0871	9.99773	0	0	0	0	0	0	0	0	0	0	0
05.500,00.000	36.6	5.5	-200	0	4.5	1427.79	376.501	404.973	245.932	134.196	92.2404	60.7397	69.8192	33.0946	10.2978	0	0	0	0	0	0	0	0	0	0	0
05.500,00.000	36.7	5.5	-200	0	4.5	1432.92	378.24	406.246	246.494	134.63	92.669	60.8528	70.0023	33.3917	10.3919	0	0	0	0	0	0	0	0	0	0	0
05.500,00.000	36.8	5.5	-200	0	4.5	1447.77	383.361	409.853	248.052	135.903	93.9224	61.1918	70.5316	34.2834	10.6697	0	0	0	0	0	0	0	0	0	0	0
05.500,00.000	36.9	5.5	-200	0	4.5	1451.11	384.517	410.693	248.388	136.179	94.2155	61.2703	70.6415	34.4713	10.7345	0	0	0	0	0	0	0	0	0	0	0
05.500,00.000	37	5.5	-200	0	4.5	1465.65	389.577	414.214	249.809	137.323	95.6567	61.6175	71.128	35.312	11.0156	0	0	0	0	0	0	0	0	0	0	0
05.500,00.000	37.1	5.5	-200	0	4.5	1477.76	393.77	417.132	251.004	138.251	96.9248	61.9129	71.5189	35.9925	11.2541	0	0	0	0	0	0	0	0	0	0	0
05.500,00.000	37.2	5.5	-200	0	4.5	1487.98	397.444	419.571	252.006	139.028	97.939	62.1634	71.8381	36.5525	11.4419	0	0	0	0	0	0	0	0	0	0	0
05.500,00.000	37.3	5.5	-200	0	4.5	1498.63	401.388	422.097	253.031	139.794	98.9891	62.4281	72.1599	37.1209	11.6204	0	0	0	0	0	0	0	0	0	0	0
05.500,00.000	37.4	5.5	-200	0	4.5	1509.37	405.388	424.688	254.029	140.552	100.047	62.7002	72.4758	37.6829	11.8034	0	0	0	0	0	0	0	0	0	0	0
05.500,00.000	37.5	5.5	-200	0	4.5	1520.18	409.436	427.309	255.027	141.305	101.11	62.9797	72.7862	38.2377	11.9906	0	0	0	0	0	0	0	0	0	0	0
05.500,00.000	37.6	5.5	-200	0	4.5	1531.09	413.541	429.951	255.997	142.068	102.189	63.2714	73.097	38.7954	12.1845	0	0	0	0	0	0	0	0	0	0	0
05.500,00.000	37.7	5.5	-200	0	4.5	1545.6	419.068	433.462	257.245	143.065	103.624	63.6701	73.5043	39.508	12.4502	0	0	0	0	0	0	0	0	0	0	0
05.500,00.000	37.8	5.5	-200	0	4.5	1556.75	423.402	436.152	258.169	143.796	104.72	63.9886	73.815	40.0457	12.6588	0	0	0	0	0	0	0	0	0	0	0
05.500,00.000	37.9	5.5	-200	0	4.5	1560.22	424.76	436.992	258.462	144.008	105.061	64.0906	73.91	40.2091	12.7235	0	0	0	0	0	0	0	0	0	0	0
05.500,00.000	38	5.5	-200	0	4.5	1572.9	429.705	440.083	259.522	144.775	106.32	64.4747	74.2541	40.7924	12.9776	0	0	0	0	0	0	0	0	0	0	0
05.500,00.000	38.1	5.5	-200	0	4.5	1584.71	434.293	443.009	260.504	145.469	107.458	64.8502	74.5769	41.332	13.2176	0	0	0	0	0	0	0	0	0	0	0
05.500,00.000	38.2	5.5	-200	0	4.5	1595.41	438.406	445.652	261.446	146.1	108.468	65.2096	74.8738	41.8211	13.438	0	0	0	0	0	0	0	0	0	0	0
05.500,00.000	38.3	5.5	-200	0	4.5	1605.72	442.405	448.195	262.337	146.674	109.447	65.5693	75.1606	42.2859	13.6489	0	0	0	0	0	0	0	0	0	0	0
05.500,00.000	38.4	5.5	-200	0	4.5	1615.91	446.323	450.738	263.212	147.211	110.429	65.9404	75.4478	42.7426	13.8644	0	0	0	0	0	0	0	0	0	0	0
05.500,00.000	38.5	5.5	-200	0	4.5	1626.05	450.243	453.278	264.066	147.725	111.406	66.3223	75.7355	43.1916	14.084	0	0	0	0	0	0	0	0	0	0	0
05.500,00.000	38.6	5.5	-200	0	4.5	1636.17	454.16	455.843	264.904	148.203	112.36	66.7191	76.0293	43.6396	14.3106	0	0	0	0	0	0	0	0	0	0	0
05.500,00.000	38.7	5.5	-200	0	4.5	1656.97	461.993	461.449	266.594	149.12	114.283	67.5613	76.645	44.5314	14.7961	0	0	0	0	0	0	0	0	0	0	0
05.500,00.000	38.8	5.5	-200	0	4.5	1660.82	463.285	462.733	266.914	149.26	114.587	67.726	76.7632	44.6865	14.8679	0	0	0	0	0	0	0	0	0	0	0
05.500,00.000	38.9	5.5	-200	0	4.5	1674.49	467.977	467.004	267.993	149.795	115.825	68.3108	77.1795	45.2395	15.1662	0	0	0	0	0	0	0	0	0	0	0
05.500,00.000	39	5.5	-200	0	4.5	1686.3	471.968	470.803	268.927	150.229	116.866	68.8359	77.5484	45.7081	15.4175	0	0	0	0	0	0	0	0	0	0	0
05.500,00.000	39.1	5.5	-200	0	4.5	1695.97	475.227	473.924	269.673	150.573	117.725	69.2786	77.775	46.162	15.6325	0	0	0	0	0	0	0	0	0	0	0
05.500,00.000	39.2	5.5	-200	0	4.5	1705.5	478.402	477.069	270.389	150.896	118.566	69.7271	77.8538	46.7476	15.8467	0	0	0	0	0	0	0	0	0	0	0
05.500,00.000	39.3	5.5	-200	0	4.5	1715.01	481.6	480.214	271.085	151.201	119.403	70.1865	77.9335	47.3257	16.0638	0	0	0	0	0	0	0	0	0	0	0
05.500,00.000	39.4	5.5	-200	0	4.5	1724.5	484.825	483.334	271.762	151.488	120.233	70.6623	78.0147	47.895	16.2834	0	0	0	0	0	0	0	0	0	0	0
05.500,00.000	39.5	5.5	-200	0	4.5	1733.92	487.942	486.553	272.415	151.759	121.049	71.1527	78.0995	48.4529	16.495	0	0	0	0	0	0	0	0	0	0	0
05.500,00.000	39.6	5.5	-200	0	4.5	1743.29	490.889	489.914	273.056	152.02	121.862	71.6359	78.1923	49.0125	16.7052	0	0	0	0	0	0	0	0	0	0	0
05.500,00.000	39.7	5.5	-200	0	4.5	1762.79	496.559	497.402	274.359	152.541	123.148	73.0558	78.4018	50.165	17.154	0	0	0	0	0	0	0	0	0	0	0
05.500,00.000	39.8	5.5	-200	0	4.5	1766.48	497.507	498.963	274.609	152.638	123.372	73.3303	78.4442	50.3805	17.2361	0	0	0	0	0	0	0	0	0	0	0
05.500,00.000	39.9	5.5	-200	0	4.5	1778.88	500.861	504.099	275.343	152.947	124.133	74.2837	78.602	51.0822	17.5241	0	0	0	0	0	0	0	0	0	0	0
05.500,00.000	40	5.5	-200	0	4.5	1790.15	503.902	508.837	275.962	153.219	124.807	75.1662	78.7557	51.7138	17.785	0	0	0	0	0	0	0	0	0	0	0
05.500,00.000	40.1	5.5	-200	0	4.5	1799.32	506.351	512.731	276.462	153.421	125.319	75.925	78.8913	52.221	18.0002	0	0	0	0	0	0	0	0	0	0	0
05.500,00.000	40.2	5.5	-200	0	4.5	1808.12	508.718	516.468	276.92	153.612	125.782	76.6677	79.0332	52.7055	18.2099	0	0	0	0	0	0	0	0	0	0	0
05.500,00.000	40.3	5.5	-200	0	4.5	1816.8	511.032	520.183	277.366	153.796	126.223	77.421	79.1846	53.1792	18.4177	0	0	0	0	0	0	0	0	0	0	0
05.500,00.000	40.4	5.5	-200	0	4.5	1825.4	513.316	523.862	277.801	153.973	126.651	78.1791	79.347	53.644	18.6251	0	0	0	0	0	0	0	0	0	0	0
05.500,00.000	40.5	5.5	-200	0	4.5	1833.9	515.556	527.487	278.244	154.144	127.068	78.9438	79.5216	54.1047	18.8324	0	0	0	0	0	0	0	0	0	0	0
05.500,00.000	40.6	5.5	-200	0	4.5	1845.89	518.711	532.544	278.853	154.381	127.651	80.0556	79.7928	54.7666	19.1335	0	0	0	0	0	0	0	0	0	0	0
05.500,00.000	40.7	5.5	-200	0	4.5	1854.79	521.08	536.255	279.299	154.552	128.074	80.9021	80.0102	55.2618	19.3594	0	0	0	0	0	0	0	0	0	0	0
05.500,00.000	40.8	5.5	-200	0	4.5	1858.45	522.045	537.795	279.478	154.619	128.245	81.2511	80.1052	55.4638	19.4514	0	0	0	0	0	0	0	0	0	0	0
05.500,00.000	40.9	5.5	-200	0	4.5	1862.67	523.148	539.593	279.681	154.692	128.435	81.6521	80.2216	55.6932	19.5548	0	0	0	0	0	0	0	0	0	0	0
05.500,00.000	41	5.5	-200	0	4.5	1872.65	525.732	543.878	280.151	154.849	128.876	82.6116	80.5164	56.0844	19.9498	0	0	0	0	0	0	0	0	0	0	0
05.500,00.000	41.1	5.5	-200	0	4.5	1881.17	527.91	547.568	280.543	154.969	129.243	83.4448	80.7841	56.356	20.351	0	0	0	0	0	0	0	0	0	0	0
05.500,00.000	41.2	5.5	-200	0	4.5	1888.8	529.813	550.902	280.913	155.07	129.566	84.193	81.039	56.5972	20.7086	0	0	0	0	0	0	0	0	0	0	0
05.500,00.000	41.3	5.5	-200	0	4.5	1896.33	531.652	554.173	281.327	155.16	129.879	84.9389	81.3064	56.8346	21.0615	0	0	0	0	0	0	0	0	0	0	0
05.500,00.000	41.4	5.5	-200	0	4.5	1903.77	533.435	557.441	281.73	155.241	130.182	85.6826	81.5861	57.0682	21.4095	0	0	0	0	0	0	0	0	0	0	0
05.500,00.000	41.5	5.5	-200	0	4.5	1911.12	535.156	560.691	282.12	155.312	130.474	86.4363	81.8786	57.2983	21.7521	0	0	0	0	0	0	0	0	0	0	0
05.500,00.000	41.6	5.5	-200	0	4.5	1919.56	537.028	564.475	282.563	155.387	130.812	87.3159	82.2471	57.5728	22.1606	0	0	0	0	0	0	0	0	0	0	0
05.500,00.000	41.7	5.5	-200	0	4.5	1929.41	539.189	568.92	283.069	155.464	131.187	88.3388	82.7049	57.8949	22.6398	0	0	0	0	0	0	0	0	0	0	0
05.500,00.000	41.8	5.5	-200	0	4.5	1931.26	539.566	569.767	283.168	155.478	131.253	88.5404	82.7953	57.9565	22.7311	0	0	0	0	0	0	0	0	0	0	0
05.500,00.000	41.9	5.5	-200	0	4.5	1938.89	541.219	573.271	283.535	155.525	131.524	89.328	83.1868	58.2061	23.0932	0	0	0	0	0	0	0	0	0	0	0
05.500,00.000	42	5.5	-200	0	4.5	1946.68	542.858	576.826	283.954	155.569	131.793	90.1444	83.6065	58.4652	23.463	0	0	0	0	0	0	0	0	0	0	0