
label	time(d)	x	depth	z	radius	total	0-10	10-20	20-30	30-40	40-50	50-60	60-70	70-80	80-90	90-100	100-110	110-120	120-130	130-140	140-150	150-160	160-170	170-180	180-190	190-200
00.000,00.000	0	0	-200	0	4.5	0	0	0	0	0	0	0	0	0	0	0	0	0	0	0	0	0	0	0	0	0
00.000,00.000	0.1	0	-200	0	4.5	0.37949	0.37949	0	0	0	0	0	0	0	0	0	0	0	0	0	0	0	0	0	0	0
00.000,00.000	0.2	0	-200	0	4.5	0.761529	0.761529	0	0	0	0	0	0	0	0	0	0	0	0	0	0	0	0	0	0	0
00.000,00.000	0.3	0	-200	0	4.5	1.14632	1.14632	0	0	0	0	0	0	0	0	0	0	0	0	0	0	0	0	0	0	0
00.000,00.000	0.4	0	-200	0	4.5	1.53371	1.53371	0	0	0	0	0	0	0	0	0	0	0	0	0	0	0	0	0	0	0
00.000,00.000	0.5	0	-200	0	4.5	1.92307	1.92307	0	0	0	0	0	0	0	0	0	0	0	0	0	0	0	0	0	0	0
00.000,00.000	0.6	0	-200	0	4.5	2.31445	2.31445	0	0	0	0	0	0	0	0	0	0	0	0	0	0	0	0	0	0	0
00.000,00.000	0.7	0	-200	0	4.5	2.70815	2.70815	0	0	0	0	0	0	0	0	0	0	0	0	0	0	0	0	0	0	0
00.000,00.000	0.8	0	-200	0	4.5	3.10381	3.10381	0	0	0	0	0	0	0	0	0	0	0	0	0	0	0	0	0	0	0
00.000,00.000	0.9	0	-200	0	4.5	3.50171	3.50171	0	0	0	0	0	0	0	0	0	0	0	0	0	0	0	0	0	0	0
00.000,00.000	1	0	-200	0	4.5	3.90283	3.90283	0	0	0	0	0	0	0	0	0	0	0	0	0	0	0	0	0	0	0
00.000,00.000	1.1	0	-200	0	4.5	4.31435	4.31435	0	0	0	0	0	0	0	0	0	0	0	0	0	0	0	0	0	0	0
00.000,00.000	1.2	0	-200	0	4.5	4.7371	4.7371	0	0	0	0	0	0	0	0	0	0	0	0	0	0	0	0	0	0	0
00.000,00.000	1.3	0	-200	0	4.5	5.17102	5.17102	0	0	0	0	0	0	0	0	0	0	0	0	0	0	0	0	0	0	0
00.000,00.000	1.4	0	-200	0	4.5	5.61589	5.61589	0	0	0	0	0	0	0	0	0	0	0	0	0	0	0	0	0	0	0
00.000,00.000	1.5	0	-200	0	4.5	6.07002	6.07002	0	0	0	0	0	0	0	0	0	0	0	0	0	0	0	0	0	0	0
00.000,00.000	1.6	0	-200	0	4.5	6.53166	6.53166	0	0	0	0	0	0	0	0	0	0	0	0	0	0	0	0	0	0	0
00.000,00.000	1.7	0	-200	0	4.5	7.0043	7.0043	0	0	0	0	0	0	0	0	0	0	0	0	0	0	0	0	0	0	0
00.000,00.000	1.8	0	-200	0	4.5	7.49116	7.37122	0.119937	0	0	0	0	0	0	0	0	0	0	0	0	0	0	0	0	0	0
00.000,00.000	1.9	0	-200	0	4.5	7.99114	7.5982	0.392943	0	0	0	0	0	0	0	0	0	0	0	0	0	0	0	0	0	0
00.000,00.000	2	0	-200	0	4.5	8.50438	7.83996	0.664421	0	0	0	0	0	0	0	0	0	0	0	0	0	0	0	0	0	0
00.000,00.000	2.1	0	-200	0	4.5	9.08321	8.14728	0.935934	0	0	0	0	0	0	0	0	0	0	0	0	0	0	0	0	0	0
00.000,00.000	2.2	0	-200	0	4.5	9.77802	8.57024	1.20778	0	0	0	0	0	0	0	0	0	0	0	0	0	0	0	0	0	0
00.000,00.000	2.3	0	-200	0	4.5	10.5873	9.1089	1.47835	0	0	0	0	0	0	0	0	0	0	0	0	0	0	0	0	0	0
00.000,00.000	2.4	0	-200	0	4.5	11.5111	9.76341	1.74773	0	0	0	0	0	0	0	0	0	0	0	0	0	0	0	0	0	0
00.000,00.000	2.5	0	-200	0	4.5	12.5499	10.5325	2.0174	0	0	0	0	0	0	0	0	0	0	0	0	0	0	0	0	0	0
00.000,00.000	2.6	0	-200	0	4.5	13.7002	11.4135	2.28673	0	0	0	0	0	0	0	0	0	0	0	0	0	0	0	0	0	0
00.000,00.000	2.7	0	-200	0	4.5	14.9707	12.4156	2.55512	0	0	0	0	0	0	0	0	0	0	0	0	0	0	0	0	0	0
00.000,00.000	2.8	0	-200	0	4.5	16.3413	13.5185	2.82278	0	0	0	0	0	0	0	0	0	0	0	0	0	0	0	0	0	0
00.000,00.000	2.9	0	-200	0	4.5	17.8375	14.7473	3.09022	0	0	0	0	0	0	0	0	0	0	0	0	0	0	0	0	0	0
00.000,00.000	3	0	-200	0	4.5	19.4544	16.0971	3.35724	0	0	0	0	0	0	0	0	0	0	0	0	0	0	0	0	0	0
00.000,00.000	3.1	0	-200	0	4.5	21.1289	17.5054	3.62349	0	0	0	0	0	0	0	0	0	0	0	0	0	0	0	0	0	0
00.000,00.000	3.2	0	-200	0	4.5	22.8035	18.9144	3.88914	0	0	0	0	0	0	0	0	0	0	0	0	0	0	0	0	0	0
00.000,00.000	3.3	0	-200	0	4.5	24.4801	20.3254	4.15475	0	0	0	0	0	0	0	0	0	0	0	0	0	0	0	0	0	0
00.000,00.000	3.4	0	-200	0	4.5	26.1571	21.7372	4.41984	0	0	0	0	0	0	0	0	0	0	0	0	0	0	0	0	0	0
00.000,00.000	3.5	0	-200	0	4.5	27.8268	23.143	4.68386	0	0	0	0	0	0	0	0	0	0	0	0	0	0	0	0	0	0
00.000,00.000	3.6	0	-200	0	4.5	29.4806	24.5337	4.94685	0	0	0	0	0	0	0	0	0	0	0	0	0	0	0	0	0	0
00.000,00.000	3.7	0	-200	0	4.5	31.126	25.9161	5.20993	0	0	0	0	0	0	0	0	0	0	0	0	0	0	0	0	0	0
00.000,00.000	3.8	0	-200	0	4.5	32.7652	27.2928	5.47245	0	0	0	0	0	0	0	0	0	0	0	0	0	0	0	0	0	0
00.000,00.000	3.9	0	-200	0	4.5	34.4014	28.6673	5.73415	0	0	0	0	0	0	0	0	0	0	0	0	0	0	0	0	0	0
00.000,00.000	4	0	-200	0	4.5	35.9858	29.9902	5.99559	0	0	0	0	0	0	0	0	0	0	0	0	0	0	0	0	0	0
00.000,00.000	4.1	0	-200	0	4.5	37.3298	31.0732	6.2566	0	0	0	0	0	0	0	0	0	0	0	0	0	0	0	0	0	0
00.000,00.000	4.2	0	-200	0	4.5	38.4395	31.9225	6.51699	0	0	0	0	0	0	0	0	0	0	0	0	0	0	0	0	0	0
00.000,00.000	4.3	0	-200	0	4.5	39.4987	32.722	6.77679	0	0	0	0	0	0	0	0	0	0	0	0	0	0	0	0	0	0
00.000,00.000	4.4	0	-200	0	4.5	40.4503	33.4142	7.03611	0	0	0	0	0	0	0	0	0	0	0	0	0	0	0	0	0	0
00.000,00.000	4.5	0	-200	0	4.5	40.9885	33.6938	7.29475	0	0	0	0	0	0	0	0	0	0	0	0	0	0	0	0	0	0
00.000,00.000	4.6	0	-200	0	4.5	41.5168	33.9641	7.55272	0	0	0	0	0	0	0	0	0	0	0	0	0	0	0	0	0	0
00.000,00.000	4.7	0	-200	0	4.5	41.8571	34.047	7.8101	0	0	0	0	0	0	0	0	0	0	0	0	0	0	0	0	0	0
00.000,00.000	4.8	0	-200	0	4.5	42.1415	34.0746	8.06698	0	0	0	0	0	0	0	0	0	0	0	0	0	0	0	0	0	0
00.000,00.000	4.9	0	-200	0	4.5	42.423	34.0996	8.32342	0	0	0	0	0	0	0	0	0	0	0	0	0	0	0	0	0	0
00.000,00.000	5	0	-200	0	4.5	42.7022	34.1229	8.57935	0	0	0	0	0	0	0	0	0	0	0	0	0	0	0	0	0	0
00.000,00.000	5.1	0	-200	0	4.5	42.9818	34.1472	8.83457	0	0	0	0	0	0	0	0	0	0	0	0	0	0	0	0	0	0
00.000,00.000	5.2	0	-200	0	4.5	43.2654	34.1763	9.08912	0	0	0	0	0	0	0	0	0	0	0	0	0	0	0	0	0	0
00.000,00.000	5.3	0	-200	0	4.5	43.5542	34.2108	9.34333	0	0	0	0	0	0	0	0	0	0	0	0	0	0	0	0	0	0
00.000,00.000	5.4	0	-200	0	4.5	43.8491	34.2521	9.59702	0	0	0	0	0	0	0	0	0	0	0	0	0	0	0	0	0	0
00.000,00.000	5.5	0	-200	0	4.5	44.1457	34.2964	9.8493	0	0	0	0	0	0	0	0	0	0	0	0	0	0	0	0	0	0
00.000,00.000	5.6	0	-200	0	4.5	44.4496	34.3484	10.1012	0	0	0	0	0	0	0	0	0	0	0	0	0	0	0	0	0	0
00.000,00.000	5.7	0	-200	0	4.5	44.7594	34.4067	10.3417	0.0110158	0	0	0	0	0	0	0	0	0	0	0	0	0	0	0	0	0
00.000,00.000	5.8	0	-200	0	4.5	45.0766	34.4729	10.3407	0.263095	0	0	0	0	0	0	0	0	0	0	0	0	0	0	0	0	0
00.000,00.000	5.9	0	-200	0	4.5	45.4008	34.5468	10.3407	0.513405	0	0	0	0	0	0	0	0	0	0	0	0	0	0	0	0	0
00.000,00.000	6	0	-200	0	4.5	45.7322	34.6286	10.3407	0.762986	0	0	0	0	0	0	0	0	0	0	0	0	0	0	0	0	0
00.000,00.000	6.1	0	-200	0	4.5	46.0712	34.7181	10.3408	1.01227	0	0	0	0	0	0	0	0	0	0	0	0	0	0	0	0	0
00.000,00.000	6.2	0	-200	0	4.5	46.4186	34.8156	10.3419	1.26099	0	0	0	0	0	0	0	0	0	0	0	0	0	0	0	0	0
00.000,00.000	6.3	0	-200	0	4.5	46.7771	34.9229	10.3453	1.50896	0	0	0	0	0	0	0	0	0	0	0	0	0	0	0	0	0
00.000,00.000	6.4	0	-200	0	4.5	47.1503	35.0426	10.3514	1.75627	0	0	0	0	0	0	0	0	0	0	0	0	0	0	0	0	0
00.000,00.000	6.5	0	-200	0	4.5	47.5323	35.1702	10.3593	2.00277	0	0	0	0	0	0	0	0	0	0	0	0	0	0	0	0	0
00.000,00.000	6.6	0	-200	0	4.5	47.9336	35.3145	10.3703	2.24883	0	0	0	0	0	0	0	0	0	0	0	0	0	0	0	0	0
00.000,00.000	6.7	0	-200	0	4.5	48.3546	35.4756	10.3849	2.49407	0	0	0	0	0	0	0	0	0	0	0	0	0	0	0	0	0
00.000,00.000	6.8	0	-200	0	4.5	48.7996	35.6571	10.4038	2.73876	0	0	0	0	0	0	0	0	0	0	0	0	0	0	0	0	0
00.000,00.000	6.9	0	-200	0	4.5	49.2778	35.8679	10.4269	2.98308	0	0	0	0	0	0	0	0	0	0	0	0	0	0	0	0	0
00.000,00.000	7	0	-200	0	4.5	49.7917	36.1094	10.4555	3.22688	0	0	0	0	0	0	0	0	0	0	0	0	0	0	0	0	0
00.000,00.000	7.1	0	-200	0	4.5	50.3481	36.3882	10.4898	3.47011	0	0	0	0	0	0	0	0	0	0	0	0	0	0	0	0	0
00.000,00.000	7.2	0	-200	0	4.5	50.952	36.7098	10.5294	3.71274	0	0	0	0	0	0	0	0	0	0	0	0	0	0	0	0	0
00.000,00.000	7.3	0	-200	0	4.5	51.6149	37.0852	10.5749	3.95471	0	0	0	0	0	0	0	0	0	0	0	0	0	0	0	0	0
00.000,00.000	7.4	0	-200	0	4.5	52.3361	37.5143	10.6257	4.19607	0	0	0	0	0	0	0	0	0	0	0	0	0	0	0	0	0
00.000,00.000	7.5	0	-200	0	4.5	53.1055	37.9877	10.6813	4.43652	0	0	0	0	0	0	0	0	0	0	0	0	0	0	0	0	0
00.000,00.000	7.6	0	-200	0	4.5	53.9453	38.5253	10.7435	4.67656	0	0	0	0	0	0	0	0	0	0	0	0	0	0	0	0	0
00.000,00.000	7.7	0	-200	0	4.5	54.8533	39.1256	10.8118	4.91598	0	0	0	0	0	0	0	0	0	0	0	0	0	0	0	0	0
00.000,00.000	7.8	0	-200	0	4.5	55.8403	39.7984	10.8869	5.15498	0	0	0	0	0	0	0	0	0	0	0	0	0	0	0	0	0
00.000,00.000	7.9	0	-200	0	4.5	56.9185	40.555	10.97	5.39345	0	0	0	0	0	0	0	0	0	0	0	0	0	0	0	0	0
00.000,00.000	8	0	-200	0	4.5	58.0867	41.3951	11.0601	5.63153	0	0	0	0	0	0	0	0	0	0	0	0	0	0	0	0	0
00.000,00.000	8.1	0	-200	0	4.5	59.3535	42.3265	11.1579	5.86902	0	0	0	0	0	0	0	0	0	0	0	0	0	0	0	0	0
00.000,00.000	8.2	0	-200	0	4.5	60.7144	43.3435	11.2649	6.10594	0	0	0	0	0	0	0	0	0	0	0	0	0	0	0	0	0
00.000,00.000	8.3	0	-200	0	4.5	62.169	44.4457	11.3811	6.34223	0	0	0	0	0	0	0	0	0	0	0	0	0	0	0	0	0
00.000,00.000	8.4	0	-200	0	4.5	63.7168	45.6319	11.5068	6.57809	0	0	0	0	0	0	0	0	0	0	0	0	0	0	0	0	0
00.000,00.000	8.5	0	-200	0	4.5	65.3447	46.8891	11.6425	6.81322	0	0	0	0	0	0	0	0	0	0	0	0	0	0	0	0	0
00.000,00.000	8.6	0	-200	0	4.5	67.0423	48.2067	11.7879	7.0477	0	0	0	0	0	0	0	0	0	0	0	0	0	0	0	0	0
00.000,00.000	8.7	0	-200	0	4.5	68.812	49.5877	11.9425	7.28175	0	0	0	0	0	0	0	0	0	0	0	0	0	0	0	0	0
00.000,00.000	8.8	0	-200	0	4.5	70.6563	51.0336	12.1077	7.51504	0	0	0	0	0	0	0	0	0	0	0	0	0	0	0	0	0
00.000,00.000	8.9	0	-200	0	4.5	72.6154	52.5835	12.2841	7.74775	0	0	0	0	0	0	0	0	0	0	0	0	0	0	0	0	0
00.000,00.000	9	0	-200	0	4.5	74.6703	54.2194	12.4707	7.98015	0	0	0	0	0	0	0	0	0	0	0	0	0	0	0	0	0
00.000,00.000	9.1	0	-200	0	4.5	76.8267	55.9462	12.6684	8.21209	0	0	0	0	0	0	0	0	0	0	0	0	0	0	0	0	0
00.000,00.000	9.2	0	-200	0	4.5	79.0998	57.7802	12.8763	8.44333	0	0	0	0	0	0	0	0	0	0	0	0	0	0	0	0	0
00.000,00.000	9.3	0	-200	0	4.5	81.4945	59.7249	13.0957	8.67394	0	0	0	0	0	0	0	0	0	0	0	0	0	0	0	0	0
00.000,00.000	9.4	0	-200	0	4.5	84.0078	61.7775	13.3263	8.90407	0	0	0	0	0	0	0	0	0	0	0	0	0	0	0	0	0
00.000,00.000	9.5	0	-200	0	4.5	86.6152	63.9135	13.568	9.1337	0	0	0	0	0	0	0	0	0	0	0	0	0	0	0	0	0
00.000,00.000	9.6	0	-200	0	4.5	89.2828	66.101	13.8192	9.36259	0	0	0	0	0	0	0	0	0	0	0	0	0	0	0	0	0
00.000,00.000	9.7	0	-200	0	4.5	92.0494	68.376	14.0827	9.59074	0	0	0	0	0	0	0	0	0	0	0	0	0	0	0	0	0
00.000,00.000	9.8	0	-200	0	4.5	94.9111	70.7353	14.3575	9.81831	0	0	0	0	0	0	0	0	0	0	0	0	0	0	0	0	0
00.000,00.000	9.9	0	-200	0	4.5	97.912	73.2195	14.6469	10.0456	0	0	0	0	0	0	0	0	0	0	0	0	0	0	0	0	0
00.000,00.000	10	0	-200	0	4.5	101.036	75.8135	14.9497	10.1311	0.141244	0	0	0	0	0	0	0	0	0	0	0	0	0	0	0	0
00.000,00.000	10.1	0	-200	0	4.5	104.288	78.5246	15.265	10.1311	0.36743	0	0	0	0	0	0	0	0	0	0	0	0	0	0	0	0
00.000,00.000	10.2	0	-200	0	4.5	107.682	81.364	15.5942	10.1311	0.593023	0	0	0	0	0	0	0	0	0	0	0	0	0	0	0	0
00.000,00.000	10.3	0	-200	0	4.5	111.224	84.3374	15.9376	10.1311	0.818031	0	0	0	0	0	0	0	0	0	0	0	0	0	0	0	0
00.000,00.000	10.4	0	-200	0	4.5	114.92	87.4521	16.2946	10.1313	1.04253	0	0	0	0	0	0	0	0	0	0	0	0	0	0	0	0
00.000,00.000	10.5	0	-200	0	4.5	118.724	90.6606	16.6649	10.1322	1.26644	0	0	0	0	0	0	0	0	0	0	0	0	0	0	0	0
00.000,00.000	10.6	0	-200	0	4.5	122.582	93.9121	17.0463	10.1341	1.48962	0	0	0	0	0	0	0	0	0	0	0	0	0	0	0	0
00.000,00.000	10.7	0	-200	0	4.5	126.55	97.2598	17.4414	10.1369	1.71227	0	0	0	0	0	0	0	0	0	0	0	0	0	0	0	0
00.000,00.000	10.8	0	-200	0	4.5	130.638	100.696	17.8661	10.1421	1.93435	0	0	0	0	0	0	0	0	0	0	0	0	0	0	0	0
00.000,00.000	10.9	0	-200	0	4.5	134.911	104.333	18.2739	10.1484	2.15596	0	0	0	0	0	0	0	0	0	0	0	0	0	0	0	0
00.000,00.000	11	0	-200	0	4.5	139.325	108.096	18.6951	10.1574	2.37709	0	0	0	0	0	0	0	0	0	0	0	0	0	0	0	0
00.000,00.000	11.1	0	-200	0	4.5	143.897	112	19.1301	10.169	2.5976	0	0	0	0	0	0	0	0	0	0	0	0	0	0	0	0
00.000,00.000	11.2	0	-200	0	4.5	148.716	116.136	19.5794	10.1829	2.81762	0	0	0	0	0	0	0	0	0	0	0	0	0	0	0	0
00.000,00.000	11.3	0	-200	0	4.5	153.783	120.501	20.0441	10.2005	3.03713	0	0	0	0	0	0	0	0	0	0	0	0	0	0	0	0
00.000,00.000	11.4	0	-200	0	4.5	159.065	125.064	20.5245	10.2212	3.25602	0	0	0	0	0	0	0	0	0	0	0	0	0	0	0	0
00.000,00.000	11.5	0	-200	0	4.5	164.482	129.741	21.0197	10.2469	3.47428	0	0	0	0	0	0	0	0	0	0	0	0	0	0	0	0
00.000,00.000	11.6	0	-200	0	4.5	169.967	134.471	21.5272	10.2769	3.69179	0	0	0	0	0	0	0	0	0	0	0	0	0	0	0	0
00.000,00.000	11.7	0	-200	0	4.5	175.574	139.301	22.0538	10.3109	3.90888	0	0	0	0	0	0	0	0	0	0	0	0	0	0	0	0
00.000,00.000	11.8	0	-200	0	4.5	181.328	144.257	22.5952	10.3502	4.12561	0	0	0	0	0	0	0	0	0	0	0	0	0	0	0	0
00.000,00.000	11.9	0	-200	0	4.5	187.3	149.408	23.1544	10.3952	4.34173	0	0	0	0	0	0	0	0	0	0	0	0	0	0	0	0
00.000,00.000	12	0	-200	0	4.5	193.507	154.777	23.7281	10.4453	4.55718	0	0	0	0	0	0	0	0	0	0	0	0	0	0	0	0
00.000,00.000	12.1	0	-200	0	4.5	199.924	160.334	24.3169	10.5013	4.7724	0	0	0	0	0	0	0	0	0	0	0	0	0	0	0	0
00.000,00.000	12.2	0	-200	0	4.5	206.268	166.001	24.9224	10.5641	4.78061	0	0	0	0	0	0	0	0	0	0	0	0	0	0	0	0
00.000,00.000	12.3	0	-200	0	4.5	212.709	171.768	25.5443	10.6329	4.76432	0	0	0	0	0	0	0	0	0	0	0	0	0	0	0	0
00.000,00.000	12.4	0	-200	0	4.5	219.304	177.645	26.1846	10.709	4.76566	0	0	0	0	0	0	0	0	0	0	0	0	0	0	0	0
00.000,00.000	12.5	0	-200	0	4.5	225.964	183.567	26.8404	10.7914	4.76566	0	0	0	0	0	0	0	0	0	0	0	0	0	0	0	0
00.000,00.000	12.6	0	-200	0	4.5	232.973	189.484	27.838	10.8854	4.76566	0	0	0	0	0	0	0	0	0	0	0	0	0	0	0	0
00.000,00.000	12.7	0	-200	0	4.5	239.896	195.26	28.8855	10.9843	4.76566	0	0	0	0	0	0	0	0	0	0	0	0	0	0	0	0
00.000,00.000	12.8	0	-200	0	4.5	246.457	200.725	29.8815	11.0846	4.76566	0	0	0	0	0	0	0	0	0	0	0	0	0	0	0	0
00.000,00.000	12.9	0	-200	0	4.5	253.437	206.54	30.9344	11.1967	4.76566	0	0	0	0	0	0	0	0	0	0	0	0	0	0	0	0
00.000,00.000	13	0	-200	0	4.5	260.512	212.433	31.9979	11.3153	4.76566	0	0	0	0	0	0	0	0	0	0	0	0	0	0	0	0
00.000,00.000	13.1	0	-200	0	4.5	267.685	218.224	33.2553	11.4407	4.76566	0	0	0	0	0	0	0	0	0	0	0	0	0	0	0	0
00.000,00.000	13.2	0	-200	0	4.5	275.005	223.874	34.7927	11.5727	4.76566	0	0	0	0	0	0	0	0	0	0	0	0	0	0	0	0
00.000,00.000	13.3	0	-200	0	4.5	282.444	229.576	36.3905	11.7119	4.76566	0	0	0	0	0	0	0	0	0	0	0	0	0	0	0	0
00.000,00.000	13.4	0	-200	0	4.5	289.986	235.359	38.004	11.858	4.76566	0	0	0	0	0	0	0	0	0	0	0	0	0	0	0	0
00.000,00.000	13.5	0	-200	0	4.5	297.629	241.217	39.6334	12.0121	4.76566	0	0	0	0	0	0	0	0	0	0	0	0	0	0	0	0
00.000,00.000	13.6	0	-200	0	4.5	306.131	247.729	41.4454	12.1903	4.76566	0	0	0	0	0	0	0	0	0	0	0	0	0	0	0	0
00.000,00.000	13.7	0	-200	0	4.5	313.958	253.717	43.1138	12.3617	4.76566	0	0	0	0	0	0	0	0	0	0	0	0	0	0	0	0
00.000,00.000	13.8	0	-200	0	4.5	320.855	258.999	44.572	12.5181	4.76566	0	0	0	0	0	0	0	0	0	0	0	0	0	0	0	0
00.000,00.000	13.9	0	-200	0	4.5	328.967	265.218	46.272	12.7106	4.76566	0	0	0	0	0	0	0	0	0	0	0	0	0	0	0	0
00.000,00.000	14	0	-200	0	4.5	337.063	271.441	47.9478	12.9089	4.76566	0	0	0	0	0	0	0	0	0	0	0	0	0	0	0	0
00.000,00.000	14.1	0	-200	0	4.5	345.104	277.629	49.5967	13.1133	4.76566	0	0	0	0	0	0	0	0	0	0	0	0	0	0	0	0
00.000,00.000	14.2	0	-200	0	4.5	353.195	283.85	51.2515	13.3274	4.76566	0	0	0	0	0	0	0	0	0	0	0	0	0	0	0	0
00.000,00.000	14.3	0	-200	0	4.5	361.283	290.056	52.9097	13.5523	4.76566	0	0	0	0	0	0	0	0	0	0	0	0	0	0	0	0
00.000,00.000	14.4	0	-200	0	4.5	369.314	296.176	54.5842	13.7874	4.76566	0	0	0	0	0	0	0	0	0	0	0	0	0	0	0	0
00.000,00.000	14.5	0	-200	0	4.5	377.613	302.451	56.3494	14.0467	4.76566	0	0	0	0	0	0	0	0	0	0	0	0	0	0	0	0
00.000,00.000	14.6	0	-200	0	4.5	387.335	309.764	58.4383	14.3666	4.76566	0	0	0	0	0	0	0	0	0	0	0	0	0	0	0	0
00.000,00.000	14.7	0	-200	0	4.5	394.926	315.453	60.0745	14.6328	4.76566	0	0	0	0	0	0	0	0	0	0	0	0	0	0	0	0
00.000,00.000	14.8	0	-200	0	4.5	400.972	319.948	61.3999	14.8587	4.76566	0	0	0	0	0	0	0	0	0	0	0	0	0	0	0	0
00.000,00.000	14.9	0	-200	0	4.5	407.99	325.141	62.9479	15.1357	4.76566	0	0	0	0	0	0	0	0	0	0	0	0	0	0	0	0
00.000,00.000	15	0	-200	0	4.5	415.914	330.982	64.7032	15.4631	4.76566	0	0	0	0	0	0	0	0	0	0	0	0	0	0	0	0
00.000,00.000	15.1	0	-200	0	4.5	423.369	336.459	66.3582	15.7861	4.7657	0	0	0	0	0	0	0	0	0	0	0	0	0	0	0	0
00.000,00.000	15.2	0	-200	0	4.5	430.497	341.733	67.8842	16.1132	4.76637	0	0	0	0	0	0	0	0	0	0	0	0	0	0	0	0
00.000,00.000	15.3	0	-200	0	4.5	437.525	346.907	69.3977	16.4523	4.76743	0	0	0	0	0	0	0	0	0	0	0	0	0	0	0	0
00.000,00.000	15.4	0	-200	0	4.5	444.46	351.987	70.8999	16.8031	4.76999	0	0	0	0	0	0	0	0	0	0	0	0	0	0	0	0
00.000,00.000	15.5	0	-200	0	4.5	454.041	358.939	73.0114	17.3158	4.77445	0	0	0	0	0	0	0	0	0	0	0	0	0	0	0	0
00.000,00.000	15.6	0	-200	0	4.5	460.442	363.609	74.3715	17.6824	4.77891	0	0	0	0	0	0	0	0	0	0	0	0	0	0	0	0
00.000,00.000	15.7	0	-200	0	4.5	467.27	368.701	75.6717	18.1117	4.78546	0	0	0	0	0	0	0	0	0	0	0	0	0	0	0	0
00.000,00.000	15.8	0	-200	0	4.5	474.789	374.259	77.119	18.6155	4.7955	0	0	0	0	0	0	0	0	0	0	0	0	0	0	0	0
00.000,00.000	15.9	0	-200	0	4.5	477.569	376.31	77.6513	18.8079	4.80003	0	0	0	0	0	0	0	0	0	0	0	0	0	0	0	0
00.000,00.000	16	0	-200	0	4.5	484.363	381.286	78.9588	19.3039	4.8144	0	0	0	0	0	0	0	0	0	0	0	0	0	0	0	0
00.000,00.000	16.1	0	-200	0	4.5	490.578	385.802	80.1667	19.7781	4.83103	0	0	0	0	0	0	0	0	0	0	0	0	0	0	0	0
00.000,00.000	16.2	0	-200	0	4.5	496.116	389.796	81.25	20.2206	4.84917	0	0	0	0	0	0	0	0	0	0	0	0	0	0	0	0
00.000,00.000	16.3	0	-200	0	4.5	501.586	393.719	82.3221	20.6751	4.8699	0	0	0	0	0	0	0	0	0	0	0	0	0	0	0	0
00.000,00.000	16.4	0	-200	0	4.5	506.968	397.553	83.3801	21.1411	4.89398	0	0	0	0	0	0	0	0	0	0	0	0	0	0	0	0
00.000,00.000	16.5	0	-200	0	4.5	516.589	404.333	85.2964	22.0161	4.94356	0	0	0	0	0	0	0	0	0	0	0	0	0	0	0	0
00.000,00.000	16.6	0	-200	0	4.5	519.576	406.409	85.9055	22.2998	4.96106	0	0	0	0	0	0	0	0	0	0	0	0	0	0	0	0
00.000,00.000	16.7	0	-200	0	4.5	525.541	410.488	87.1464	22.9021	5.00435	0	0	0	0	0	0	0	0	0	0	0	0	0	0	0	0
00.000,00.000	16.8	0	-200	0	4.5	528.393	412.422	87.7449	23.1993	5.02679	0	0	0	0	0	0	0	0	0	0	0	0	0	0	0	0
00.000,00.000	16.9	0	-200	0	4.5	529.722	413.313	88.0258	23.344	5.03901	0	0	0	0	0	0	0	0	0	0	0	0	0	0	0	0
00.000,00.000	17	0	-200	0	4.5	536.209	417.64	89.3944	24.0696	5.10417	0	0	0	0	0	0	0	0	0	0	0	0	0	0	0	0
00.000,00.000	17.1	0	-200	0	4.5	541.663	421.25	90.5302	24.7185	5.16405	0	0	0	0	0	0	0	0	0	0	0	0	0	0	0	0
00.000,00.000	17.2	0	-200	0	4.5	546.403	424.373	91.3213	25.4878	5.22049	0	0	0	0	0	0	0	0	0	0	0	0	0	0	0	0
00.000,00.000	17.3	0	-200	0	4.5	551.119	427.456	92.101	26.2794	5.28235	0	0	0	0	0	0	0	0	0	0	0	0	0	0	0	0
00.000,00.000	17.4	0	-200	0	4.5	555.805	430.496	92.8417	27.1187	5.34881	0	0	0	0	0	0	0	0	0	0	0	0	0	0	0	0
00.000,00.000	17.5	0	-200	0	4.5	565.847	436.92	94.0482	29.3733	5.50601	0	0	0	0	0	0	0	0	0	0	0	0	0	0	0	0
00.000,00.000	17.6	0	-200	0	4.5	570.29	439.719	94.5825	30.4081	5.58043	0	0	0	0	0	0	0	0	0	0	0	0	0	0	0	0
00.000,00.000	17.7	0	-200	0	4.5	571.695	440.592	94.7527	30.7442	5.60605	0	0	0	0	0	0	0	0	0	0	0	0	0	0	0	0
00.000,00.000	17.8	0	-200	0	4.5	576.264	443.321	95.3305	31.9131	5.69957	0	0	0	0	0	0	0	0	0	0	0	0	0	0	0	0
00.000,00.000	17.9	0	-200	0	4.5	577.481	444.072	95.4771	32.2074	5.72365	0	0	0	0	0	0	0	0	0	0	0	0	0	0	0	0
00.000,00.000	18	0	-200	0	4.5	585.782	449.163	96.4955	34.2243	5.89933	0	0	0	0	0	0	0	0	0	0	0	0	0	0	0	0
00.000,00.000	18.1	0	-200	0	4.5	591.517	452.654	97.2115	35.6262	6.02487	0	0	0	0	0	0	0	0	0	0	0	0	0	0	0	0
00.000,00.000	18.2	0	-200	0	4.5	595.94	455.335	97.7775	36.7027	6.12516	0	0	0	0	0	0	0	0	0	0	0	0	0	0	0	0
00.000,00.000	18.3	0	-200	0	4.5	600.455	458.062	98.3628	37.7995	6.23072	0	0	0	0	0	0	0	0	0	0	0	0	0	0	0	0
00.000,00.000	18.4	0	-200	0	4.5	605.027	460.812	98.9726	38.9022	6.34024	0	0	0	0	0	0	0	0	0	0	0	0	0	0	0	0
00.000,00.000	18.5	0	-200	0	4.5	620.011	469.641	101.062	42.589	6.71883	0	0	0	0	0	0	0	0	0	0	0	0	0	0	0	0
00.000,00.000	18.6	0	-200	0	4.5	622.864	471.457	101.51	43.1143	6.78248	0	0	0	0	0	0	0	0	0	0	0	0	0	0	0	0
00.000,00.000	18.7	0	-200	0	4.5	648.098	485.042	106.188	49.3278	7.53987	0	0	0	0	0	0	0	0	0	0	0	0	0	0	0	0
00.000,00.000	18.8	0	-200	0	4.5	654.657	488.844	107.442	50.7073	7.66272	0	0	0	0	0	0	0	0	0	0	0	0	0	0	0	0
00.000,00.000	18.9	0	-200	0	4.5	666.509	495.26	109.888	53.3792	7.98197	0	0	0	0	0	0	0	0	0	0	0	0	0	0	0	0
00.000,00.000	19	0	-200	0	4.5	674.853	499.818	111.666	55.1833	8.18642	0	0	0	0	0	0	0	0	0	0	0	0	0	0	0	0
00.000,00.000	19.1	0	-200	0	4.5	679.43	502.303	112.706	56.1235	8.29808	0	0	0	0	0	0	0	0	0	0	0	0	0	0	0	0
00.000,00.000	19.2	0	-200	0	4.5	684.246	504.992	113.895	56.954	8.4046	0	0	0	0	0	0	0	0	0	0	0	0	0	0	0	0
00.000,00.000	19.3	0	-200	0	4.5	689.325	507.813	115.19	57.8059	8.51675	0	0	0	0	0	0	0	0	0	0	0	0	0	0	0	0
00.000,00.000	19.4	0	-200	0	4.5	694.282	510.226	116.801	58.6318	8.62349	0	0	0	0	0	0	0	0	0	0	0	0	0	0	0	0
00.000,00.000	19.5	0	-200	0	4.5	699.172	512.404	118.611	59.4315	8.72582	0	0	0	0	0	0	0	0	0	0	0	0	0	0	0	0
00.000,00.000	19.6	0	-200	0	4.5	704.511	514.494	120.849	60.333	8.83586	0	0	0	0	0	0	0	0	0	0	0	0	0	0	0	0
00.000,00.000	19.7	0	-200	0	4.5	727.517	522.525	131.15	64.4837	9.35794	0	0	0	0	0	0	0	0	0	0	0	0	0	0	0	0
00.000,00.000	19.8	0	-200	0	4.5	732.172	524.357	133.151	65.2702	9.39418	0	0	0	0	0	0	0	0	0	0	0	0	0	0	0	0
00.000,00.000	19.9	0	-200	0	4.5	734.832	525.446	134.21	65.7286	9.44723	0	0	0	0	0	0	0	0	0	0	0	0	0	0	0	0
00.000,00.000	20	0	-200	0	4.5	736.231	526.053	134.741	65.9719	9.46514	0	0	0	0	0	0	0	0	0	0	0	0	0	0	0	0
00.000,00.000	20.1	0	-200	0	4.5	745.464	530.257	138.129	67.4143	9.66409	0	0	0	0	0	0	0	0	0	0	0	0	0	0	0	0
00.000,00.000	20.2	0	-200	0	4.5	751.913	533.258	140.47	68.4077	9.77685	0	0	0	0	0	0	0	0	0	0	0	0	0	0	0	0
00.000,00.000	20.3	0	-200	0	4.5	756.791	535.649	142.115	69.0432	9.98435	0	0	0	0	0	0	0	0	0	0	0	0	0	0	0	0
00.000,00.000	20.4	0	-200	0	4.5	762.552	538.565	143.992	69.6816	10.3135	0	0	0	0	0	0	0	0	0	0	0	0	0	0	0	0
00.000,00.000	20.5	0	-200	0	4.5	766.625	540.632	145.336	70.1031	10.5542	0	0	0	0	0	0	0	0	0	0	0	0	0	0	0	0
00.000,00.000	20.6	0	-200	0	4.5	775.493	545.033	148.33	71.0166	11.1134	0	0	0	0	0	0	0	0	0	0	0	0	0	0	0	0
00.000,00.000	20.7	0	-200	0	4.5	794.948	554.561	155.094	72.91	12.3838	0	0	0	0	0	0	0	0	0	0	0	0	0	0	0	0
00.000,00.000	20.8	0	-200	0	4.5	798.537	556.451	156.335	73.1685	12.5829	0	0	0	0	0	0	0	0	0	0	0	0	0	0	0	0
00.000,00.000	20.9	0	-200	0	4.5	798.809	556.594	156.426	73.1905	12.5987	0	0	0	0	0	0	0	0	0	0	0	0	0	0	0	0
00.000,00.000	21	0	-200	0	4.5	800.252	557.386	156.907	73.2876	12.6712	0	0	0	0	0	0	0	0	0	0	0	0	0	0	0	0
00.000,00.000	21.1	0	-200	0	4.5	813.111	564.385	161.172	74.202	13.3524	0	0	0	0	0	0	0	0	0	0	0	0	0	0	0	0
00.000,00.000	21.2	0	-200	0	4.5	821.609	569.033	164.016	74.7757	13.7843	0	0	0	0	0	0	0	0	0	0	0	0	0	0	0	0
00.000,00.000	21.3	0	-200	0	4.5	828.193	572.651	166.211	75.2138	14.1182	0	0	0	0	0	0	0	0	0	0	0	0	0	0	0	0
00.000,00.000	21.4	0	-200	0	4.5	835.004	576.417	168.478	75.6509	14.4588	0	0	0	0	0	0	0	0	0	0	0	0	0	0	0	0
00.000,00.000	21.5	0	-200	0	4.5	841.954	580.27	170.793	76.0894	14.802	0	0	0	0	0	0	0	0	0	0	0	0	0	0	0	0
00.000,00.000	21.6	0	-200	0	4.5	848.919	584.069	173.166	76.5315	15.152	0	0	0	0	0	0	0	0	0	0	0	0	0	0	0	0
00.000,00.000	21.7	0	-200	0	4.5	855.92	587.963	175.505	76.9618	15.49	0	0	0	0	0	0	0	0	0	0	0	0	0	0	0	0
00.000,00.000	21.8	0	-200	0	4.5	863.257	592	177.999	77.412	15.845	0	0	0	0	0	0	0	0	0	0	0	0	0	0	0	0
00.000,00.000	21.9	0	-200	0	4.5	884.67	603.63	185.409	78.7338	16.897	0	0	0	0	0	0	0	0	0	0	0	0	0	0	0	0
00.000,00.000	22	0	-200	0	4.5	889.379	606.262	186.982	79.0298	17.1052	0	0	0	0	0	0	0	0	0	0	0	0	0	0	0	0
00.000,00.000	22.1	0	-200	0	4.5	905.1	615.194	192.204	79.9445	17.7572	0	0	0	0	0	0	0	0	0	0	0	0	0	0	0	0
00.000,00.000	22.2	0	-200	0	4.5	916.065	621.452	195.842	80.5949	18.1761	0	0	0	0	0	0	0	0	0	0	0	0	0	0	0	0
00.000,00.000	22.3	0	-200	0	4.5	924.263	626.209	198.496	81.0633	18.4945	0	0	0	0	0	0	0	0	0	0	0	0	0	0	0	0
00.000,00.000	22.4	0	-200	0	4.5	933.777	631.753	201.569	81.6009	18.8553	0	0	0	0	0	0	0	0	0	0	0	0	0	0	0	0
00.000,00.000	22.5	0	-200	0	4.5	941.102	636.096	203.996	82.0258	18.9849	0	0	0	0	0	0	0	0	0	0	0	0	0	0	0	0
00.000,00.000	22.6	0	-200	0	4.5	949.765	640.958	207.087	82.5576	19.1633	0	0	0	0	0	0	0	0	0	0	0	0	0	0	0	0
00.000,00.000	22.7	0	-200	0	4.5	964.602	649.72	212.023	83.4071	19.4522	0	0	0	0	0	0	0	0	0	0	0	0	0	0	0	0
00.000,00.000	22.8	0	-200	0	4.5	967.715	651.562	213.042	83.5963	19.5149	0	0	0	0	0	0	0	0	0	0	0	0	0	0	0	0
00.000,00.000	22.9	0	-200	0	4.5	980.088	658.313	217.602	84.3885	19.7843	0	0	0	0	0	0	0	0	0	0	0	0	0	0	0	0
00.000,00.000	23	0	-200	0	4.5	983.862	660.582	218.811	84.6096	19.8593	0	0	0	0	0	0	0	0	0	0	0	0	0	0	0	0
00.000,00.000	23.1	0	-200	0	4.5	996.086	667.758	222.953	85.2882	20.0872	0	0	0	0	0	0	0	0	0	0	0	0	0	0	0	0
00.000,00.000	23.2	0	-200	0	4.5	1006.56	673.843	226.551	85.8813	20.2841	0	0	0	0	0	0	0	0	0	0	0	0	0	0	0	0
00.000,00.000	23.3	0	-200	0	4.5	1016.24	679.661	229.784	86.4118	20.3861	0	0	0	0	0	0	0	0	0	0	0	0	0	0	0	0
00.000,00.000	23.4	0	-200	0	4.5	1026.64	685.866	233.276	86.9859	20.5084	0	0	0	0	0	0	0	0	0	0	0	0	0	0	0	0
00.000,00.000	23.5	0	-200	0	4.5	1036.99	691.916	236.878	87.5685	20.6316	0	0	0	0	0	0	0	0	0	0	0	0	0	0	0	0
00.000,00.000	23.6	0	-200	0	4.5	1061.94	705.297	246.47	89.1715	21.0009	0	0	0	0	0	0	0	0	0	0	0	0	0	0	0	0
00.000,00.000	23.7	0	-200	0	4.5	1079.31	714.931	252.902	90.2752	21.1993	0	0	0	0	0	0	0	0	0	0	0	0	0	0	0	0
00.000,00.000	23.8	0	-200	0	4.5	1080.9	715.796	253.495	90.3819	21.2237	0	0	0	0	0	0	0	0	0	0	0	0	0	0	0	0
00.000,00.000	23.9	0	-200	0	4.5	1081.65	716.217	253.771	90.4297	21.2339	0	0	0	0	0	0	0	0	0	0	0	0	0	0	0	0
00.000,00.000	24	0	-200	0	4.5	1084.93	718.051	254.963	90.638	21.2777	0	0	0	0	0	0	0	0	0	0	0	0	0	0	0	0
00.000,00.000	24.1	0	-200	0	4.5	1104.52	728.366	262.754	91.8754	21.5258	0	0	0	0	0	0	0	0	0	0	0	0	0	0	0	0
00.000,00.000	24.2	0	-200	0	4.5	1118.32	735.342	268.479	92.8013	21.7025	0	0	0	0	0	0	0	0	0	0	0	0	0	0	0	0
00.000,00.000	24.3	0	-200	0	4.5	1129.5	740.859	273.226	93.5761	21.8399	0	0	0	0	0	0	0	0	0	0	0	0	0	0	0	0
00.000,00.000	24.4	0	-200	0	4.5	1140.78	746.279	278.155	94.3731	21.975	0	0	0	0	0	0	0	0	0	0	0	0	0	0	0	0
00.000,00.000	24.5	0	-200	0	4.5	1152.18	751.737	283.137	95.196	22.1075	0	0	0	0	0	0	0	0	0	0	0	0	0	0	0	0
00.000,00.000	24.6	0	-200	0	4.5	1170.95	760.663	291.398	96.5681	22.3238	0	0	0	0	0	0	0	0	0	0	0	0	0	0	0	0
00.000,00.000	24.7	0	-200	0	4.5	1175.26	762.738	293.263	96.8837	22.3741	0	0	0	0	0	0	0	0	0	0	0	0	0	0	0	0
00.000,00.000	24.8	0	-200	0	4.5	1235.45	791.826	318.934	101.628	23.0634	0	0	0	0	0	0	0	0	0	0	0	0	0	0	0	0
00.000,00.000	24.9	0	-200	0	4.5	1248.5	798.535	324.124	102.623	23.2147	0	0	0	0	0	0	0	0	0	0	0	0	0	0	0	0
00.000,00.000	25	0	-200	0	4.5	1255.14	801.983	326.747	103.126	23.2843	0	0	0	0	0	0	0	0	0	0	0	0	0	0	0	0
00.000,00.000	25.1	0	-200	0	4.5	1280.43	815.042	336.747	105.104	23.5396	0	0	0	0	0	0	0	0	0	0	0	0	0	0	0	0
00.000,00.000	25.2	0	-200	0	4.5	1296.28	823.305	342.925	106.354	23.6963	0	0	0	0	0	0	0	0	0	0	0	0	0	0	0	0
00.000,00.000	25.3	0	-200	0	4.5	1308.53	829.756	347.612	107.348	23.8132	0	0	0	0	0	0	0	0	0	0	0	0	0	0	0	0
00.000,00.000	25.4	0	-200	0	4.5	1320.96	836.377	352.302	108.356	23.9272	0	0	0	0	0	0	0	0	0	0	0	0	0	0	0	0
00.000,00.000	25.5	0	-200	0	4.5	1333.45	843.106	356.933	109.373	24.0401	0	0	0	0	0	0	0	0	0	0	0	0	0	0	0	0
00.000,00.000	25.6	0	-200	0	4.5	1345.77	849.707	361.461	110.445	24.1536	0	0	0	0	0	0	0	0	0	0	0	0	0	0	0	0
00.000,00.000	25.7	0	-200	0	4.5	1358.05	856.481	365.769	111.539	24.2628	0	0	0	0	0	0	0	0	0	0	0	0	0	0	0	0
00.000,00.000	25.8	0	-200	0	4.5	1370.54	863.398	370.139	112.628	24.3768	0	0	0	0	0	0	0	0	0	0	0	0	0	0	0	0
00.000,00.000	25.9	0	-200	0	4.5	1399.18	879.312	380.023	115.175	24.6428	0.0258658	0	0	0	0	0	0	0	0	0	0	0	0	0	0	0
00.000,00.000	26	0	-200	0	4.5	1405.4	882.944	382.039	115.682	24.7008	0.03711	0	0	0	0	0	0	0	0	0	0	0	0	0	0	0
00.000,00.000	26.1	0	-200	0	4.5	1426.24	894.918	388.801	117.547	24.8978	0.0747068	0	0	0	0	0	0	0	0	0	0	0	0	0	0	0
00.000,00.000	26.2	0	-200	0	4.5	1441.05	903.139	393.715	119.041	25.0519	0.103982	0	0	0	0	0	0	0	0	0	0	0	0	0	0	0
00.000,00.000	26.3	0	-200	0	4.5	1452.89	909.654	397.674	120.257	25.1792	0.127733	0	0	0	0	0	0	0	0	0	0	0	0	0	0	0
00.000,00.000	26.4	0	-200	0	4.5	1478.81	924.076	406.172	122.922	25.4648	0.179682	0	0	0	0	0	0	0	0	0	0	0	0	0	0	0
00.000,00.000	26.5	0	-200	0	4.5	1495.31	933.183	411.547	124.703	25.6611	0.214234	0	0	0	0	0	0	0	0	0	0	0	0	0	0	0
00.000,00.000	26.6	0	-200	0	4.5	1525.52	949.141	421.857	128.179	26.0633	0.280434	0	0	0	0	0	0	0	0	0	0	0	0	0	0	0
00.000,00.000	26.7	0	-200	0	4.5	1537.84	956.052	425.792	129.465	26.225	0.305648	0	0	0	0	0	0	0	0	0	0	0	0	0	0	0
00.000,00.000	26.8	0	-200	0	4.5	1546.45	960.8	428.516	130.448	26.346	0.338948	0	0	0	0	0	0	0	0	0	0	0	0	0	0	0
00.000,00.000	26.9	0	-200	0	4.5	1548.33	961.898	429.075	130.639	26.3723	0.345922	0	0	0	0	0	0	0	0	0	0	0	0	0	0	0
00.000,00.000	27	0	-200	0	4.5	1560.77	969.259	432.601	131.973	26.5497	0.389851	0	0	0	0	0	0	0	0	0	0	0	0	0	0	0
00.000,00.000	27.1	0	-200	0	4.5	1582.37	982.251	438.47	134.312	26.8681	0.465682	0	0	0	0	0	0	0	0	0	0	0	0	0	0	0
00.000,00.000	27.2	0	-200	0	4.5	1597.48	991.48	442.446	135.944	27.0959	0.517469	0	0	0	0	0	0	0	0	0	0	0	0	0	0	0
00.000,00.000	27.3	0	-200	0	4.5	1610.57	999.536	445.87	137.307	27.2977	0.56113	0	0	0	0	0	0	0	0	0	0	0	0	0	0	0
00.000,00.000	27.4	0	-200	0	4.5	1623.87	1007.78	449.293	138.686	27.5093	0.604622	0	0	0	0	0	0	0	0	0	0	0	0	0	0	0
00.000,00.000	27.5	0	-200	0	4.5	1637.36	1016.16	452.723	140.087	27.7304	0.659044	0	0	0	0	0	0	0	0	0	0	0	0	0	0	0
00.000,00.000	27.6	0	-200	0	4.5	1660.35	1030.26	458.631	142.544	28.1349	0.774956	0	0	0	0	0	0	0	0	0	0	0	0	0	0	0
00.000,00.000	27.7	0	-200	0	4.5	1728.25	1071.62	476.047	150.037	29.4165	1.12419	0	0	0	0	0	0	0	0	0	0	0	0	0	0	0
00.000,00.000	27.8	0	-200	0	4.5	1741.09	1079.74	479.153	151.355	29.654	1.18693	0	0	0	0	0	0	0	0	0	0	0	0	0	0	0
00.000,00.000	27.9	0	-200	0	4.5	1749	1084.87	480.96	152.145	29.8014	1.22341	0	0	0	0	0	0	0	0	0	0	0	0	0	0	0
00.000,00.000	28	0	-200	0	4.5	1774.29	1101.45	486.593	154.633	30.2496	1.36743	0	0	0	0	0	0	0	0	0	0	0	0	0	0	0
00.000,00.000	28.1	0	-200	0	4.5	1796.34	1115.95	491.419	156.771	30.6263	1.57411	0	0	0	0	0	0	0	0	0	0	0	0	0	0	0
00.000,00.000	28.2	0	-200	0	4.5	1812.01	1126.23	494.908	158.254	30.8952	1.71678	0	0	0	0	0	0	0	0	0	0	0	0	0	0	0
00.000,00.000	28.3	0	-200	0	4.5	1826.62	1135.91	498.103	159.609	31.1527	1.84491	0	0	0	0	0	0	0	0	0	0	0	0	0	0	0
00.000,00.000	28.4	0	-200	0	4.5	1841.47	1145.81	501.3	160.966	31.4191	1.97042	0	0	0	0	0	0	0	0	0	0	0	0	0	0	0
00.000,00.000	28.5	0	-200	0	4.5	1856.31	1155.8	504.448	162.275	31.6933	2.09471	0	0	0	0	0	0	0	0	0	0	0	0	0	0	0
00.000,00.000	28.6	0	-200	0	4.5	1895.55	1180.18	513.814	166.457	32.5786	2.52413	0	0	0	0	0	0	0	0	0	0	0	0	0	0	0
00.000,00.000	28.7	0	-200	0	4.5	1956.85	1222.1	525.796	172.044	33.7631	3.15099	0	0	0	0	0	0	0	0	0	0	0	0	0	0	0
00.000,00.000	28.8	0	-200	0	4.5	1963.84	1226.58	527.321	172.802	33.8871	3.24189	0	0	0	0	0	0	0	0	0	0	0	0	0	0	0
00.000,00.000	28.9	0	-200	0	4.5	1964.66	1227.16	527.474	172.874	33.903	3.24968	0	0	0	0	0	0	0	0	0	0	0	0	0	0	0
00.000,00.000	29	0	-200	0	4.5	1989.35	1244.18	532.202	175.086	34.3965	3.49136	0	0	0	0	0	0	0	0	0	0	0	0	0	0	0
00.000,00.000	29.1	0	-200	0	4.5	2017.34	1263.31	537.646	177.638	34.973	3.77317	0	0	0	0	0	0	0	0	0	0	0	0	0	0	0
00.000,00.000	29.2	0	-200	0	4.5	2034.78	1275.58	540.851	179.091	35.3219	3.93459	0	0	0	0	0	0	0	0	0	0	0	0	0	0	0
00.000,00.000	29.3	0	-200	0	4.5	2050.33	1286.64	543.623	180.353	35.6436	4.07088	0	0	0	0	0	0	0	0	0	0	0	0	0	0	0
00.000,00.000	29.4	0	-200	0	4.5	2065.85	1297.68	546.384	181.604	35.9761	4.20389	0	0	0	0	0	0	0	0	0	0	0	0	0	0	0
00.000,00.000	29.5	0	-200	0	4.5	2080.86	1308.31	549.066	182.833	36.3214	4.33555	0	0	0	0	0	0	0	0	0	0	0	0	0	0	0
00.000,00.000	29.6	0	-200	0	4.5	2165.25	1366.95	564.561	190.098	38.5114	5.13204	0	0	0	0	0	0	0	0	0	0	0	0	0	0	0
00.000,00.000	29.7	0	-200	0	4.5	2182.74	1379.53	567.572	191.45	38.8995	5.28898	0	0	0	0	0	0	0	0	0	0	0	0	0	0	0
00.000,00.000	29.8	0	-200	0	4.5	2183.27	1379.92	567.656	191.489	38.9125	5.29324	0	0	0	0	0	0	0	0	0	0	0	0	0	0	0
00.000,00.000	29.9	0	-200	0	4.5	2187.45	1382.88	568.4	191.813	39.0236	5.32994	0	0	0	0	0	0	0	0	0	0	0	0	0	0	0
00.000,00.000	30	0	-200	0	4.5	2221.94	1408.57	573.781	194.131	39.8725	5.58102	0	0	0	0	0	0	0	0	0	0	0	0	0	0	0
00.000,00.000	30.1	0	-200	0	4.5	2241.97	1423.12	577.215	195.491	40.4045	5.73404	0	0	0	0	0	0	0	0	0	0	0	0	0	0	0
00.000,00.000	30.2	0	-200	0	4.5	2256.17	1433.36	579.681	196.476	40.8144	5.83914	0	0	0	0	0	0	0	0	0	0	0	0	0	0	0
00.000,00.000	30.3	0	-200	0	4.5	2270.88	1444.17	582.123	197.418	41.2269	5.93794	0	0	0	0	0	0	0	0	0	0	0	0	0	0	0
00.000,00.000	30.4	0	-200	0	4.5	2285.95	1455.27	584.553	198.375	41.7201	6.03319	0	0	0	0	0	0	0	0	0	0	0	0	0	0	0
00.000,00.000	30.5	0	-200	0	4.5	2301.07	1466.31	586.924	199.337	42.3744	6.12467	0	0	0	0	0	0	0	0	0	0	0	0	0	0	0
00.000,00.000	30.6	0	-200	0	4.5	2322.31	1481.28	590.464	200.859	43.4398	6.26565	0	0	0	0	0	0	0	0	0	0	0	0	0	0	0
00.000,00.000	30.7	0	-200	0	4.5	2380.54	1522.48	599.842	205.087	46.4799	6.65161	0	0	0	0	0	0	0	0	0	0	0	0	0	0	0
00.000,00.000	30.8	0	-200	0	4.5	2391.71	1530.62	601.518	205.814	47.0306	6.72026	0	0	0	0	0	0	0	0	0	0	0	0	0	0	0
00.000,00.000	30.9	0	-200	0	4.5	2392.21	1531	601.591	205.846	47.0548	6.72292	0	0	0	0	0	0	0	0	0	0	0	0	0	0	0
00.000,00.000	31	0	-200	0	4.5	2441.29	1568.01	608.29	208.669	49.2918	6.95541	0.0745685	0	0	0	0	0	0	0	0	0	0	0	0	0	0
00.000,00.000	31.1	0	-200	0	4.5	2467.79	1588.03	611.869	210.172	50.5071	7.07818	0.139802	0	0	0	0	0	0	0	0	0	0	0	0	0	0
00.000,00.000	31.2	0	-200	0	4.5	2482.59	1599.26	613.81	210.992	51.2275	7.14094	0.166426	0	0	0	0	0	0	0	0	0	0	0	0	0	0
00.000,00.000	31.3	0	-200	0	4.5	2497.92	1611.04	615.732	211.797	51.9611	7.20004	0.19376	0	0	0	0	0	0	0	0	0	0	0	0	0	0
00.000,00.000	31.4	0	-200	0	4.5	2513.46	1623.01	617.671	212.559	52.7334	7.25524	0.222198	0	0	0	0	0	0	0	0	0	0	0	0	0	0
00.000,00.000	31.5	0	-200	0	4.5	2528.07	1634.08	619.569	213.316	53.5403	7.30813	0.251956	0	0	0	0	0	0	0	0	0	0	0	0	0	0
00.000,00.000	31.6	0	-200	0	4.5	2573.17	1668.43	625.183	215.644	56.1021	7.46396	0.34279	0	0	0	0	0	0	0	0	0	0	0	0	0	0
00.000,00.000	31.7	0	-200	0	4.5	2593.22	1683.31	627.854	216.748	57.3756	7.53671	0.393971	0	0	0	0	0	0	0	0	0	0	0	0	0	0
00.000,00.000	31.8	0	-200	0	4.5	2593.83	1683.79	627.923	216.773	57.4087	7.53842	0.39533	0	0	0	0	0	0	0	0	0	0	0	0	0	0
00.000,00.000	31.9	0	-200	0	4.5	2594.49	1684.32	627.995	216.799	57.4447	7.54007	0.396677	0	0	0	0	0	0	0	0	0	0	0	0	0	0
00.000,00.000	32	0	-200	0	4.5	2637.42	1718.02	632.854	218.494	59.9162	7.64076	0.490746	0	0	0	0	0	0	0	0	0	0	0	0	0	0
00.000,00.000	32.1	0	-200	0	4.5	2661.87	1737.31	635.667	219.353	61.29	7.6933	0.553064	0	0	0	0	0	0	0	0	0	0	0	0	0	0
00.000,00.000	32.2	0	-200	0	4.5	2677.89	1750.26	637.358	219.859	62.1115	7.72077	0.584785	0	0	0	0	0	0	0	0	0	0	0	0	0	0
00.000,00.000	32.3	0	-200	0	4.5	2694.64	1763.84	639.113	220.349	62.9666	7.7464	0.618201	0	0	0	0	0	0	0	0	0	0	0	0	0	0
00.000,00.000	32.4	0	-200	0	4.5	2711.53	1777.66	640.826	220.809	63.8099	7.769	0.651326	0	0	0	0	0	0	0	0	0	0	0	0	0	0
00.000,00.000	32.5	0	-200	0	4.5	2728.87	1791.95	642.542	221.245	64.6639	7.78953	0.684175	0	0	0	0	0	0	0	0	0	0	0	0	0	0
00.000,00.000	32.6	0	-200	0	4.5	2789.03	1839.63	649.193	223.057	68.4499	7.87132	0.826566	0	0	0	0	0	0	0	0	0	0	0	0	0	0
00.000,00.000	32.7	0	-200	0	4.5	2804.9	1852.72	650.762	223.382	69.2873	7.88842	0.857634	0	0	0	0	0	0	0	0	0	0	0	0	0	0
00.000,00.000	32.8	0	-200	0	4.5	2805.3	1853.05	650.8	223.391	69.3082	7.88877	0.858373	0	0	0	0	0	0	0	0	0	0	0	0	0	0
00.000,00.000	32.9	0	-200	0	4.5	2817.73	1863.52	651.891	223.64	69.9054	7.89721	0.878829	0	0	0	0	0	0	0	0	0	0	0	0	0	0
00.000,00.000	33	0	-200	0	4.5	2822.23	1867.32	652.292	223.715	70.1228	7.90007	0.886202	0	0	0	0	0	0	0	0	0	0	0	0	0	0
00.000,00.000	33.1	0	-200	0	4.5	2862.31	1901.02	655.88	224.47	71.8382	8.10224	0.9477	0	0	0.0508924	0	0	0	0	0	0	0	0	0	0	0
00.000,00.000	33.2	0	-200	0	4.5	2888.96	1923.41	658.277	224.92	72.7591	8.41727	0.986617	0	0	0.196446	0	0	0	0	0	0	0	0	0	0	0
00.000,00.000	33.3	0	-200	0	4.5	2907.79	1939.35	659.912	225.238	73.3937	8.63387	1.01263	0	0	0.24868	0	0	0	0	0	0	0	0	0	0	0
00.000,00.000	33.4	0	-200	0	4.5	2926.64	1955.38	661.478	225.561	74.0258	8.84947	1.0378	0	0	0.302532	0	0	0	0	0	0	0	0	0	0	0
00.000,00.000	33.5	0	-200	0	4.5	2945.7	1971.56	663.12	225.887	74.6529	9.06338	1.0621	0	0	0.357031	0	0	0	0	0	0	0	0	0	0	0
00.000,00.000	33.6	0	-200	0	4.5	2990.88	2009.7	667.085	226.647	76.1982	9.59579	1.12079	0	0	0.533675	0	0	0	0	0	0	0	0	0	0	0
00.000,00.000	33.7	0	-200	0	4.5	3011.35	2027.13	668.778	226.97	76.8867	9.83201	1.14638	0	0	0.61147	0	0	0	0	0	0	0	0	0	0	0
00.000,00.000	33.8	0	-200	0	4.5	3012.27	2027.91	668.849	226.984	76.9165	9.84229	1.14745	0	0	0.614777	0	0	0	0	0	0	0	0	0	0	0
00.000,00.000	33.9	0	-200	0	4.5	3013.28	2028.79	668.929	226.998	76.9483	9.85337	1.14856	0	0	0.618267	0	0	0	0	0	0	0	0	0	0	0
00.000,00.000	34	0	-200	0	4.5	3048.04	2058.83	671.614	227.451	78.009	10.2244	1.18435	0	0	0.732759	0	0	0	0	0	0	0	0	0	0	0
00.000,00.000	34.1	0	-200	0	4.5	3073.33	2080.72	673.548	227.763	78.7795	10.4943	1.20977	0	0	0.815032	0	0	0	0	0	0	0	0	0	0	0
00.000,00.000	34.2	0	-200	0	4.5	3093.91	2098.72	675.076	227.981	79.3333	10.6897	1.24028	0	0	0.873169	0	0	0	0	0	0	0	0	0	0	0
00.000,00.000	34.3	0	-200	0	4.5	3116.41	2118.38	676.794	228.205	79.9182	10.8979	1.28508	0	0	0.93358	0	0	0	0	0	0	0	0	0	0	0
00.000,00.000	34.4	0	-200	0	4.5	3139.16	2138.3	678.505	228.434	80.4959	11.1051	1.32811	0	0	0.992198	0	0	0	0	0	0	0	0	0	0	0
00.000,00.000	34.5	0	-200	0	4.5	3162.23	2158.43	680.302	228.674	81.0909	11.3102	1.36915	0	0	1.04873	0	0	0	0	0	0	0	0	0	0	0
00.000,00.000	34.6	0	-200	0	4.5	3185.75	2178.89	682.207	228.924	81.7018	11.5185	1.40918	0	0	1.10464	0	0	0	0	0	0	0	0	0	0	0
00.000,00.000	34.7	0	-200	0	4.5	3212.09	2201.8	684.295	229.193	82.4408	11.7468	1.45132	0	0	1.16433	0	0	0	0	0	0	0	0	0	0	0
00.000,00.000	34.8	0	-200	0	4.5	3241.32	2227.09	686.677	229.488	83.3446	11.9944	1.49512	0	0	1.22724	0	0	0	0	0	0	0	0	0	0	0
00.000,00.000	34.9	0	-200	0	4.5	3252.34	2236.58	687.6	229.609	83.7019	12.0877	1.51096	0	0	1.25026	0	0	0	0	0	0	0	0	0	0	0
00.000,00.000	35	0	-200	0	4.5	3279.02	2259.65	689.675	229.877	84.6123	12.3398	1.56307	0	0	1.30312	0	0	0	0	0	0	0	0	0	0	0
00.000,00.000	35.1	0	-200	0	4.5	3305.11	2282.15	691.682	230.13	85.5091	12.6296	1.62651	0.0294909	0	1.35306	0	0	0	0	0	0	0	0	0	0	0
00.000,00.000	35.2	0	-200	0	4.5	3328.98	2302.76	693.453	230.349	86.3639	12.9101	1.68689	0.06224	0	1.40097	0	0	0	0	0	0	0	0	0	0	0
00.000,00.000	35.3	0	-200	0	4.5	3350.42	2321.27	695.027	230.534	87.1479	13.1676	1.74054	0.092856	0	1.44359	0	0	0	0	0	0	0	0	0	0	0
00.000,00.000	35.4	0	-200	0	4.5	3371.8	2339.75	696.587	230.704	87.932	13.4256	1.79341	0.123664	0	1.48486	0	0	0	0	0	0	0	0	0	0	0
00.000,00.000	35.5	0	-200	0	4.5	3393.26	2358.3	698.148	230.863	88.7084	13.7211	1.84653	0.156301	0	1.52521	0	0	0	0	0	0	0	0	0	0	0
00.000,00.000	35.6	0	-200	0	4.5	3414.28	2376.52	699.62	231.011	89.4645	14.0161	1.89882	0.191139	0	1.56406	0	0	0	0	0	0	0	0	0	0	0
00.000,00.000	35.7	0	-200	0	4.5	3436.15	2395.47	701.177	231.155	90.2365	14.323	1.95175	0.228669	0	1.60306	0	0	0	0	0	0	0	0	0	0	0
00.000,00.000	35.8	0	-200	0	4.5	3455	2411.81	702.531	231.271	90.8867	14.5868	1.99559	0.28916	0	1.63534	0	0	0	0	0	0	0	0	0	0	0
00.000,00.000	35.9	0	-200	0	4.5	3475.72	2429.8	703.97	231.39	91.5912	14.8957	2.04147	0.358309	0	1.66932	0	0	0	0	0	0	0	0	0	0	0
00.000,00.000	36	0	-200	0	4.5	3496.37	2447.79	705.356	231.503	92.2837	15.2271	2.08501	0.429597	0	1.7019	0	0	0	0	0	0	0	0	0	0	0
00.000,00.000	36.1	0	-200	0	4.5	3516.51	2465.41	706.668	231.609	92.8977	15.5554	2.12542	0.513843	0	1.73255	0	0	0	0	0	0	0	0	0	0	0
00.000,00.000	36.2	0	-200	0	4.5	3536.42	2483.03	707.918	231.708	93.4636	15.7743	2.16289	0.60841	0	1.7615	0	0	0	0	0	0	0	0	0	0	0
00.000,00.000	36.3	0	-200	0	4.5	3556.1	2500.59	709.125	231.803	94.0293	15.8565	2.19767	0.707305	0	1.78898	0	0	0	0	0	0	0	0	0	0	0
00.000,00.000	36.4	0	-200	0	4.5	3575.71	2518.12	710.285	231.891	94.5883	15.9678	2.22978	0.81639	0	1.81491	0	0	0	0	0	0	0	0	0	0	0
00.000,00.000	36.5	0	-200	0	4.5	3595.29	2535.58	711.481	231.974	95.1419	16.0808	2.25964	0.932304	0	1.83927	0	0	0	0	0	0	0	0	0	0	0
00.000,00.000	36.6	0	-200	0	4.5	3614.55	2552.76	712.621	232.052	95.6992	16.2215	2.28807	1.04937	0	1.86247	0	0	0	0	0	0	0	0	0	0	0
00.000,00.000	36.7	0	-200	0	4.5	3647.89	2582.54	714.502	232.176	96.6626	16.5247	2.33408	1.25011	0	1.90003	0	0	0	0	0	0	0	0	0	0	0
00.000,00.000	36.8	0	-200	0	4.5	3657.18	2590.76	715.042	232.266	96.9269	16.6157	2.34632	1.31426	0	1.91004	0	0	0	0	0	0	0	0	0	0	0
00.000,00.000	36.9	0	-200	0	4.5	3665.5	2598.2	715.478	232.334	97.1621	16.6889	2.35584	1.36186	0	1.91783	0	0	0	0	0	0	0	0	0	0	0
00.000,00.000	37	0	-200	0	4.5	3689.31	2619.54	716.664	232.543	97.8386	16.9012	2.3809	1.50039	0	1.9384	0	0	0	0	0	0	0	0	0	0	0
00.000,00.000	37.1	0	-200	0	4.5	3710.25	2638.29	717.705	232.732	98.4366	17.1002	2.40109	1.6386	0	1.95501	0	0	0	0	0	0	0	0	0	0	0
00.000,00.000	37.2	0	-200	0	4.5	3729.46	2655.53	718.606	232.896	98.9801	17.2948	2.41704	1.76838	0	1.96819	0	0	0	0	0	0	0	0	0	0	0
00.000,00.000	37.3	0	-200	0	4.5	3749.3	2673.37	719.506	233.061	99.5576	17.4938	2.4314	1.89935	0	1.98012	0	0	0	0	0	0	0	0	0	0	0
00.000,00.000	37.4	0	-200	0	4.5	3769.15	2691.25	720.385	233.222	100.142	17.6924	2.44375	2.02844	0	1.99043	0	0	0	0	0	0	0	0	0	0	0
00.000,00.000	37.5	0	-200	0	4.5	3788.98	2709.15	721.208	233.378	100.743	17.8919	2.45417	2.15515	0	1.99921	0	0	0	0	0	0	0	0	0	0	0
00.000,00.000	37.6	0	-200	0	4.5	3808.64	2726.96	721.959	233.529	101.356	18.0914	2.46282	2.27798	0	2.00641	0	0	0	0	0	0	0	0	0	0	0
00.000,00.000	37.7	0	-200	0	4.5	3834.26	2750.24	722.867	233.718	102.168	18.3487	2.47236	2.43031	0	2.01364	0	0	0	0	0	0	0	0	0	0	0
00.000,00.000	37.8	0	-200	0	4.5	3845.3	2760.29	723.246	233.797	102.524	18.459	2.47601	2.49891	0	2.01602	0	0	0	0	0	0	0	0	0	0	0
00.000,00.000	37.9	0	-200	0	4.5	3866.22	2779.41	723.886	233.94	103.21	18.6628	2.48152	2.6117	0	2.0184	0	0	0	0	0	0	0	0	0	0	0
00.000,00.000	38	0	-200	0	4.5	3887.31	2798.7	724.515	234.079	103.914	18.8688	2.48612	2.73392	0	2.01929	0	0	0	0	0	0	0	0	0	0	0
00.000,00.000	38.1	0	-200	0	4.5	3907.33	2817.04	725.063	234.205	104.599	19.0674	2.48943	2.84436	0	2.01929	0	0	0	0	0	0	0	0	0	0	0
00.000,00.000	38.2	0	-200	0	4.5	3926.88	2834.94	725.555	234.327	105.308	19.2914	2.49177	2.9531	0	2.01929	0	0	0	0	0	0	0	0	0	0	0
00.000,00.000	38.3	0	-200	0	4.5	3945.58	2852.07	725.996	234.438	106.003	19.5082	2.493	3.05441	0	2.01929	0	0	0	0	0	0	0	0	0	0	0
00.000,00.000	38.4	0	-200	0	4.5	3963.95	2868.93	726.399	234.544	106.694	19.7266	2.49336	3.15127	0	2.01929	0	0	0	0	0	0	0	0	0	0	0
00.000,00.000	38.5	0	-200	0	4.5	3982.08	2885.54	726.787	234.644	107.41	19.9464	2.49336	3.24424	0	2.01929	0	0	0	0	0	0	0	0	0	0	0
00.000,00.000	38.6	0	-200	0	4.5	3999.84	2901.78	727.135	234.741	108.16	20.1729	2.49336	3.33544	0	2.01929	0	0	0	0	0	0	0	0	0	0	0
00.000,00.000	38.7	0	-200	0	4.5	4023.26	2923.19	727.568	234.866	109.19	20.4829	2.49336	3.45194	0	2.01929	0	0	0	0	0	0	0	0	0	0	0
00.000,00.000	38.8	0	-200	0	4.5	4030.43	2929.71	727.712	234.904	109.518	20.583	2.49336	3.48996	0	2.01929	0	0	0	0	0	0	0	0	0	0	0
00.000,00.000	38.9	0	-200	0	4.5	4046.54	2944.41	727.988	234.984	110.276	20.8067	2.49336	3.56097	0	2.01929	0	0	0	0	0	0	0	0	0	0	0
00.000,00.000	39	0	-200	0	4.5	4063.98	2960.3	728.289	235.069	111.105	21.0601	2.49336	3.63801	0	2.01929	0	0	0	0	0	0	0	0	0	0	0
00.000,00.000	39.1	0	-200	0	4.5	4079.37	2974.3	728.543	235.144	111.865	21.2962	2.49336	3.70337	0	2.01929	0	0	0	0	0	0	0	0	0	0	0
00.000,00.000	39.2	0	-200	0	4.5	4094.13	2987.65	728.836	235.213	112.623	21.5328	2.49336	3.76278	0	2.01929	0	0	0	0	0	0	0	0	0	0	0
00.000,00.000	39.3	0	-200	0	4.5	4108.69	3000.25	729.663	235.279	113.389	21.7735	2.49336	3.81828	0	2.01929	0	0	0	0	0	0	0	0	0	0	0
00.000,00.000	39.4	0	-200	0	4.5	4122.61	3012.22	730.479	235.341	114.163	22.0185	2.49336	3.8694	0	2.01929	0	0	0	0	0	0	0	0	0	0	0
00.000,00.000	39.5	0	-200	0	4.5	4136.24	3023.84	731.359	235.4	114.947	22.2684	2.49336	3.91647	0	2.01929	0	0	0	0	0	0	0	0	0	0	0
00.000,00.000	39.6	0	-200	0	4.5	4149.99	3035.45	732.236	235.458	115.807	22.5449	2.49336	3.97952	0	2.01929	0	0	0	0	0	0	0	0	0	0	0
00.000,00.000	39.7	0	-200	0	4.5	4165.89	3048.7	733.332	235.523	116.858	22.8859	2.49336	4.07351	0	2.01929	0	0	0	0	0	0	0	0	0	0	0
00.000,00.000	39.8	0	-200	0	4.5	4170.71	3052.68	733.679	235.542	117.185	22.9932	2.49336	4.11579	0	2.01929	0	0	0	0	0	0	0	0	0	0	0
00.000,00.000	39.9	0	-200	0	4.5	4183.49	3063.31	734.495	235.588	118.091	23.2895	2.49336	4.20281	0	2.01929	0	0	0	0	0	0	0	0	0	0	0
00.000,00.000	40	0	-200	0	4.5	4195.34	3073.45	734.855	235.63	119.002	23.5902	2.49336	4.2963	0	2.01929	0	0	0	0	0	0	0	0	0	0	0
00.000,00.000	40.1	0	-200	0	4.5	4205.91	3082.39	735.232	235.666	119.863	23.8753	2.49336	4.37435	0	2.01929	0	0	0	0	0	0	0	0	0	0	0
00.000,00.000	40.2	0	-200	0	4.5	4216.01	3090.92	735.54	235.698	120.733	24.1647	2.49336	4.44004	0	2.01929	0	0	0	0	0	0	0	0	0	0	0
00.000,00.000	40.3	0	-200	0	4.5	4225.69	3099.04	735.841	235.727	121.616	24.4596	2.49336	4.49704	0	2.01929	0	0	0	0	0	0	0	0	0	0	0
00.000,00.000	40.4	0	-200	0	4.5	4235.13	3106.89	736.137	235.767	122.513	24.7609	2.49336	4.54576	0	2.01929	0	0	0	0	0	0	0	0	0	0	0
00.000,00.000	40.5	0	-200	0	4.5	4244.32	3114.43	736.47	235.821	123.428	25.07	2.49336	4.58988	0	2.01929	0	0	0	0	0	0	0	0	0	0	0
00.000,00.000	40.6	0	-200	0	4.5	4253.1	3121.55	736.789	235.87	124.354	25.3858	2.49336	4.63665	0	2.01929	0	0	0	0	0	0	0	0	0	0	0
00.000,00.000	40.7	0	-200	0	4.5	4263.24	3129.73	737.148	235.922	125.469	25.7713	2.49336	4.68771	0	2.01929	0	0	0	0	0	0	0	0	0	0	0
00.000,00.000	40.8	0	-200	0	4.5	4268.94	3134.29	737.351	235.952	126.116	25.9982	2.49336	4.7131	0	2.01929	0	0	0	0	0	0	0	0	0	0	0
00.000,00.000	40.9	0	-200	0	4.5	4277.34	3141.01	737.626	235.987	127.108	26.3517	2.49336	4.74561	0	2.01929	0	0	0	0	0	0	0	0	0	0	0
00.000,00.000	41	0	-200	0	4.5	4285.53	3147.48	737.898	236.022	128.086	26.7521	2.49336	4.77666	0	2.01929	0	0	0	0	0	0	0	0	0	0	0
00.000,00.000	41.1	0	-200	0	4.5	4293.14	3153.45	738.141	236.051	129.033	27.1524	2.49336	4.80352	0	2.01929	0	0	0	0	0	0	0	0	0	0	0
00.000,00.000	41.2	0	-200	0	4.5	4300.47	3159.13	738.364	236.076	129.993	27.5626	2.49336	4.83266	0	2.01929	0	0	0	0	0	0	0	0	0	0	0
00.000,00.000	41.3	0	-200	0	4.5	4307.56	3164.56	738.58	236.098	130.965	27.9831	2.49336	4.86532	0	2.01929	0	0	0	0	0	0	0	0	0	0	0
00.000,00.000	41.4	0	-200	0	4.5	4314.39	3169.71	738.783	236.12	131.949	28.4144	2.49336	4.89531	0	2.01929	0	0	0	0	0	0	0	0	0	0	0
00.000,00.000	41.5	0	-200	0	4.5	4320.97	3174.62	738.974	236.141	132.941	28.8629	2.49336	4.92248	0	2.01929	0	0	0	0	0	0	0	0	0	0	0
00.000,00.000	41.6	0	-200	0	4.5	4327.22	3179.16	739.149	236.16	133.949	29.3375	2.49336	4.9492	0	2.01929	0	0	0	0	0	0	0	0	0	0	0
00.000,00.000	41.7	0	-200	0	4.5	4334.5	3184.37	739.348	236.182	135.187	29.9232	2.49336	4.97865	0	2.01929	0	0	0	0	0	0	0	0	0	0	0
00.000,00.000	41.8	0	-200	0	4.5	4338.18	3186.96	739.447	236.193	135.831	30.2365	2.49336	4.99496	0	2.01929	0	0	0	0	0	0	0	0	0	0	0
00.000,00.000	41.9	0	-200	0	4.5	4344.05	3191.05	739.602	236.209	136.902	30.7537	2.49336	5.01475	0	2.01929	0	0	0	0	0	0	0	0	0	0	0
00.000,00.000	42	0	-200	0	4.5	4349.76	3194.97	739.742	236.225	137.984	31.2866	2.49336	5.03448	0	2.01929	0	0	0	0	0	0	0	0	0	0	0