
label	time(d)	x	depth	z	radius	total	0-10	10-20	20-30	30-40	40-50	50-60	60-70	70-80	80-90	90-100	100-110	110-120	120-130	130-140	140-150	150-160	160-170	170-180	180-190	190-200
05.500,00.000	0	5.5	-200	0	4.5	0	0	0	0	0	0	0	0	0	0	0	0	0	0	0	0	0	0	0	0	0
05.500,00.000	0.1	5.5	-200	0	4.5	0	0	0	0	0	0	0	0	0	0	0	0	0	0	0	0	0	0	0	0	0
05.500,00.000	0.2	5.5	-200	0	4.5	0	0	0	0	0	0	0	0	0	0	0	0	0	0	0	0	0	0	0	0	0
05.500,00.000	0.3	5.5	-200	0	4.5	0	0	0	0	0	0	0	0	0	0	0	0	0	0	0	0	0	0	0	0	0
05.500,00.000	0.4	5.5	-200	0	4.5	0	0	0	0	0	0	0	0	0	0	0	0	0	0	0	0	0	0	0	0	0
05.500,00.000	0.5	5.5	-200	0	4.5	0	0	0	0	0	0	0	0	0	0	0	0	0	0	0	0	0	0	0	0	0
05.500,00.000	0.6	5.5	-200	0	4.5	0	0	0	0	0	0	0	0	0	0	0	0	0	0	0	0	0	0	0	0	0
05.500,00.000	0.7	5.5	-200	0	4.5	0	0	0	0	0	0	0	0	0	0	0	0	0	0	0	0	0	0	0	0	0
05.500,00.000	0.8	5.5	-200	0	4.5	0	0	0	0	0	0	0	0	0	0	0	0	0	0	0	0	0	0	0	0	0
05.500,00.000	0.9	5.5	-200	0	4.5	0	0	0	0	0	0	0	0	0	0	0	0	0	0	0	0	0	0	0	0	0
05.500,00.000	1	5.5	-200	0	4.5	0	0	0	0	0	0	0	0	0	0	0	0	0	0	0	0	0	0	0	0	0
05.500,00.000	1.1	5.5	-200	0	4.5	0	0	0	0	0	0	0	0	0	0	0	0	0	0	0	0	0	0	0	0	0
05.500,00.000	1.2	5.5	-200	0	4.5	0	0	0	0	0	0	0	0	0	0	0	0	0	0	0	0	0	0	0	0	0
05.500,00.000	1.3	5.5	-200	0	4.5	0	0	0	0	0	0	0	0	0	0	0	0	0	0	0	0	0	0	0	0	0
05.500,00.000	1.4	5.5	-200	0	4.5	0	0	0	0	0	0	0	0	0	0	0	0	0	0	0	0	0	0	0	0	0
05.500,00.000	1.5	5.5	-200	0	4.5	0	0	0	0	0	0	0	0	0	0	0	0	0	0	0	0	0	0	0	0	0
05.500,00.000	1.6	5.5	-200	0	4.5	0	0	0	0	0	0	0	0	0	0	0	0	0	0	0	0	0	0	0	0	0
05.500,00.000	1.7	5.5	-200	0	4.5	0	0	0	0	0	0	0	0	0	0	0	0	0	0	0	0	0	0	0	0	0
05.500,00.000	1.8	5.5	-200	0	4.5	0	0	0	0	0	0	0	0	0	0	0	0	0	0	0	0	0	0	0	0	0
05.500,00.000	1.9	5.5	-200	0	4.5	0	0	0	0	0	0	0	0	0	0	0	0	0	0	0	0	0	0	0	0	0
05.500,00.000	2	5.5	-200	0	4.5	0	0	0	0	0	0	0	0	0	0	0	0	0	0	0	0	0	0	0	0	0
05.500,00.000	2.1	5.5	-200	0	4.5	0	0	0	0	0	0	0	0	0	0	0	0	0	0	0	0	0	0	0	0	0
05.500,00.000	2.2	5.5	-200	0	4.5	0	0	0	0	0	0	0	0	0	0	0	0	0	0	0	0	0	0	0	0	0
05.500,00.000	2.3	5.5	-200	0	4.5	0	0	0	0	0	0	0	0	0	0	0	0	0	0	0	0	0	0	0	0	0
05.500,00.000	2.4	5.5	-200	0	4.5	0	0	0	0	0	0	0	0	0	0	0	0	0	0	0	0	0	0	0	0	0
05.500,00.000	2.5	5.5	-200	0	4.5	0	0	0	0	0	0	0	0	0	0	0	0	0	0	0	0	0	0	0	0	0
05.500,00.000	2.6	5.5	-200	0	4.5	0	0	0	0	0	0	0	0	0	0	0	0	0	0	0	0	0	0	0	0	0
05.500,00.000	2.7	5.5	-200	0	4.5	0	0	0	0	0	0	0	0	0	0	0	0	0	0	0	0	0	0	0	0	0
05.500,00.000	2.8	5.5	-200	0	4.5	0.143784	0.143784	0	0	0	0	0	0	0	0	0	0	0	0	0	0	0	0	0	0	0
05.500,00.000	2.9	5.5	-200	0	4.5	0.393178	0.393178	0	0	0	0	0	0	0	0	0	0	0	0	0	0	0	0	0	0	0
05.500,00.000	3	5.5	-200	0	4.5	0.674195	0.674195	0	0	0	0	0	0	0	0	0	0	0	0	0	0	0	0	0	0	0
05.500,00.000	3.1	5.5	-200	0	4.5	0.973642	0.973642	0	0	0	0	0	0	0	0	0	0	0	0	0	0	0	0	0	0	0
05.500,00.000	3.2	5.5	-200	0	4.5	1.26705	1.26705	0	0	0	0	0	0	0	0	0	0	0	0	0	0	0	0	0	0	0
05.500,00.000	3.3	5.5	-200	0	4.5	1.5598	1.5598	0	0	0	0	0	0	0	0	0	0	0	0	0	0	0	0	0	0	0
05.500,00.000	3.4	5.5	-200	0	4.5	1.8505	1.8505	0	0	0	0	0	0	0	0	0	0	0	0	0	0	0	0	0	0	0
05.500,00.000	3.5	5.5	-200	0	4.5	2.13559	2.13559	0	0	0	0	0	0	0	0	0	0	0	0	0	0	0	0	0	0	0
05.500,00.000	3.6	5.5	-200	0	4.5	2.41495	2.41495	0	0	0	0	0	0	0	0	0	0	0	0	0	0	0	0	0	0	0
05.500,00.000	3.7	5.5	-200	0	4.5	2.69102	2.69102	0	0	0	0	0	0	0	0	0	0	0	0	0	0	0	0	0	0	0
05.500,00.000	3.8	5.5	-200	0	4.5	2.96541	2.96541	0	0	0	0	0	0	0	0	0	0	0	0	0	0	0	0	0	0	0
05.500,00.000	3.9	5.5	-200	0	4.5	3.24153	3.24153	0	0	0	0	0	0	0	0	0	0	0	0	0	0	0	0	0	0	0
05.500,00.000	4	5.5	-200	0	4.5	3.52113	3.52113	0	0	0	0	0	0	0	0	0	0	0	0	0	0	0	0	0	0	0
05.500,00.000	4.1	5.5	-200	0	4.5	3.80309	3.80309	0	0	0	0	0	0	0	0	0	0	0	0	0	0	0	0	0	0	0
05.500,00.000	4.2	5.5	-200	0	4.5	4.08697	4.08697	0	0	0	0	0	0	0	0	0	0	0	0	0	0	0	0	0	0	0
05.500,00.000	4.3	5.5	-200	0	4.5	4.3725	4.3725	0	0	0	0	0	0	0	0	0	0	0	0	0	0	0	0	0	0	0
05.500,00.000	4.4	5.5	-200	0	4.5	4.65823	4.65823	0	0	0	0	0	0	0	0	0	0	0	0	0	0	0	0	0	0	0
05.500,00.000	4.5	5.5	-200	0	4.5	4.94054	4.94054	0	0	0	0	0	0	0	0	0	0	0	0	0	0	0	0	0	0	0
05.500,00.000	4.6	5.5	-200	0	4.5	5.21932	5.21932	0	0	0	0	0	0	0	0	0	0	0	0	0	0	0	0	0	0	0
05.500,00.000	4.7	5.5	-200	0	4.5	5.49509	5.49509	0	0	0	0	0	0	0	0	0	0	0	0	0	0	0	0	0	0	0
05.500,00.000	4.8	5.5	-200	0	4.5	5.76876	5.76876	0	0	0	0	0	0	0	0	0	0	0	0	0	0	0	0	0	0	0
05.500,00.000	4.9	5.5	-200	0	4.5	6.04106	6.04106	0	0	0	0	0	0	0	0	0	0	0	0	0	0	0	0	0	0	0
05.500,00.000	5	5.5	-200	0	4.5	6.31243	6.31243	0	0	0	0	0	0	0	0	0	0	0	0	0	0	0	0	0	0	0
05.500,00.000	5.1	5.5	-200	0	4.5	6.58402	6.58402	0	0	0	0	0	0	0	0	0	0	0	0	0	0	0	0	0	0	0
05.500,00.000	5.2	5.5	-200	0	4.5	6.857	6.857	0	0	0	0	0	0	0	0	0	0	0	0	0	0	0	0	0	0	0
05.500,00.000	5.3	5.5	-200	0	4.5	7.13147	7.13147	0	0	0	0	0	0	0	0	0	0	0	0	0	0	0	0	0	0	0
05.500,00.000	5.4	5.5	-200	0	4.5	7.40734	7.40734	0	0	0	0	0	0	0	0	0	0	0	0	0	0	0	0	0	0	0
05.500,00.000	5.5	5.5	-200	0	4.5	7.68287	7.68287	0	0	0	0	0	0	0	0	0	0	0	0	0	0	0	0	0	0	0
05.500,00.000	5.6	5.5	-200	0	4.5	7.95776	7.95776	0	0	0	0	0	0	0	0	0	0	0	0	0	0	0	0	0	0	0
05.500,00.000	5.7	5.5	-200	0	4.5	8.23149	8.02173	0.20976	0	0	0	0	0	0	0	0	0	0	0	0	0	0	0	0	0	0
05.500,00.000	5.8	5.5	-200	0	4.5	8.50375	8.02173	0.482017	0	0	0	0	0	0	0	0	0	0	0	0	0	0	0	0	0	0
05.500,00.000	5.9	5.5	-200	0	4.5	8.77503	8.02173	0.753293	0	0	0	0	0	0	0	0	0	0	0	0	0	0	0	0	0	0
05.500,00.000	6	5.5	-200	0	4.5	9.04661	8.02173	1.02487	0	0	0	0	0	0	0	0	0	0	0	0	0	0	0	0	0	0
05.500,00.000	6.1	5.5	-200	0	4.5	9.31926	8.02173	1.29753	0	0	0	0	0	0	0	0	0	0	0	0	0	0	0	0	0	0
05.500,00.000	6.2	5.5	-200	0	4.5	9.59297	8.02173	1.57123	0	0	0	0	0	0	0	0	0	0	0	0	0	0	0	0	0	0
05.500,00.000	6.3	5.5	-200	0	4.5	9.86756	8.02173	1.84582	0	0	0	0	0	0	0	0	0	0	0	0	0	0	0	0	0	0
05.500,00.000	6.4	5.5	-200	0	4.5	10.1428	8.02173	2.12102	0	0	0	0	0	0	0	0	0	0	0	0	0	0	0	0	0	0
05.500,00.000	6.5	5.5	-200	0	4.5	10.4174	8.02173	2.39565	0	0	0	0	0	0	0	0	0	0	0	0	0	0	0	0	0	0
05.500,00.000	6.6	5.5	-200	0	4.5	10.6913	8.02173	2.6696	0	0	0	0	0	0	0	0	0	0	0	0	0	0	0	0	0	0
05.500,00.000	6.7	5.5	-200	0	4.5	10.9642	8.02173	2.94242	0	0	0	0	0	0	0	0	0	0	0	0	0	0	0	0	0	0
05.500,00.000	6.8	5.5	-200	0	4.5	11.2365	8.02207	3.2144	0	0	0	0	0	0	0	0	0	0	0	0	0	0	0	0	0	0
05.500,00.000	6.9	5.5	-200	0	4.5	11.5097	8.02399	3.48574	0	0	0	0	0	0	0	0	0	0	0	0	0	0	0	0	0	0
05.500,00.000	7	5.5	-200	0	4.5	11.785	8.02853	3.7565	0	0	0	0	0	0	0	0	0	0	0	0	0	0	0	0	0	0
05.500,00.000	7.1	5.5	-200	0	4.5	12.0632	8.03609	4.0271	0	0	0	0	0	0	0	0	0	0	0	0	0	0	0	0	0	0
05.500,00.000	7.2	5.5	-200	0	4.5	12.3454	8.04792	4.29744	0	0	0	0	0	0	0	0	0	0	0	0	0	0	0	0	0	0
05.500,00.000	7.3	5.5	-200	0	4.5	12.631	8.0632	4.56784	0	0	0	0	0	0	0	0	0	0	0	0	0	0	0	0	0	0
05.500,00.000	7.4	5.5	-200	0	4.5	12.9233	8.0847	4.83857	0	0	0	0	0	0	0	0	0	0	0	0	0	0	0	0	0	0
05.500,00.000	7.5	5.5	-200	0	4.5	13.2206	8.11161	5.10896	0	0	0	0	0	0	0	0	0	0	0	0	0	0	0	0	0	0
05.500,00.000	7.6	5.5	-200	0	4.5	13.3571	8.14466	5.21242	0	0	0	0	0	0	0	0	0	0	0	0	0	0	0	0	0	0
05.500,00.000	7.7	5.5	-200	0	4.5	13.3955	8.18306	5.21241	0	0	0	0	0	0	0	0	0	0	0	0	0	0	0	0	0	0
05.500,00.000	7.8	5.5	-200	0	4.5	13.4387	8.22767	5.21104	0	0	0	0	0	0	0	0	0	0	0	0	0	0	0	0	0	0
05.500,00.000	7.9	5.5	-200	0	4.5	13.4901	8.27904	5.21104	0	0	0	0	0	0	0	0	0	0	0	0	0	0	0	0	0	0
05.500,00.000	8	5.5	-200	0	4.5	13.5485	8.33744	5.21104	0	0	0	0	0	0	0	0	0	0	0	0	0	0	0	0	0	0
05.500,00.000	8.1	5.5	-200	0	4.5	13.6147	8.40365	5.21104	0	0	0	0	0	0	0	0	0	0	0	0	0	0	0	0	0	0
05.500,00.000	8.2	5.5	-200	0	4.5	13.6923	8.48129	5.21104	0	0	0	0	0	0	0	0	0	0	0	0	0	0	0	0	0	0
05.500,00.000	8.3	5.5	-200	0	4.5	13.7813	8.57031	5.21104	0	0	0	0	0	0	0	0	0	0	0	0	0	0	0	0	0	0
05.500,00.000	8.4	5.5	-200	0	4.5	13.8812	8.67021	5.21104	0	0	0	0	0	0	0	0	0	0	0	0	0	0	0	0	0	0
05.500,00.000	8.5	5.5	-200	0	4.5	13.9895	8.77846	5.21104	0	0	0	0	0	0	0	0	0	0	0	0	0	0	0	0	0	0
05.500,00.000	8.6	5.5	-200	0	4.5	14.1149	8.9039	5.21104	0	0	0	0	0	0	0	0	0	0	0	0	0	0	0	0	0	0
05.500,00.000	8.7	5.5	-200	0	4.5	14.2588	9.04775	5.21104	0	0	0	0	0	0	0	0	0	0	0	0	0	0	0	0	0	0
05.500,00.000	8.8	5.5	-200	0	4.5	14.4136	9.20251	5.21104	0	0	0	0	0	0	0	0	0	0	0	0	0	0	0	0	0	0
05.500,00.000	8.9	5.5	-200	0	4.5	14.5843	9.37329	5.21104	0	0	0	0	0	0	0	0	0	0	0	0	0	0	0	0	0	0
05.500,00.000	9	5.5	-200	0	4.5	14.7711	9.56006	5.21104	0	0	0	0	0	0	0	0	0	0	0	0	0	0	0	0	0	0
05.500,00.000	9.1	5.5	-200	0	4.5	14.976	9.76496	5.21104	0	0	0	0	0	0	0	0	0	0	0	0	0	0	0	0	0	0
05.500,00.000	9.2	5.5	-200	0	4.5	15.1978	9.9868	5.21104	0	0	0	0	0	0	0	0	0	0	0	0	0	0	0	0	0	0
05.500,00.000	9.3	5.5	-200	0	4.5	15.4372	10.2262	5.21104	0	0	0	0	0	0	0	0	0	0	0	0	0	0	0	0	0	0
05.500,00.000	9.4	5.5	-200	0	4.5	15.6921	10.4811	5.21104	0	0	0	0	0	0	0	0	0	0	0	0	0	0	0	0	0	0
05.500,00.000	9.5	5.5	-200	0	4.5	15.9604	10.7493	5.21104	0	0	0	0	0	0	0	0	0	0	0	0	0	0	0	0	0	0
05.500,00.000	9.6	5.5	-200	0	4.5	16.2288	11.0177	5.21104	0	0	0	0	0	0	0	0	0	0	0	0	0	0	0	0	0	0
05.500,00.000	9.7	5.5	-200	0	4.5	16.4956	11.2843	5.21123	0	0	0	0	0	0	0	0	0	0	0	0	0	0	0	0	0	0
05.500,00.000	9.8	5.5	-200	0	4.5	16.7797	11.5671	5.21269	0	0	0	0	0	0	0	0	0	0	0	0	0	0	0	0	0	0
05.500,00.000	9.9	5.5	-200	0	4.5	17.0851	11.8683	5.21673	0	0	0	0	0	0	0	0	0	0	0	0	0	0	0	0	0	0
05.500,00.000	10	5.5	-200	0	4.5	17.4202	12.1962	5.22405	0	0	0	0	0	0	0	0	0	0	0	0	0	0	0	0	0	0
05.500,00.000	10.1	5.5	-200	0	4.5	17.7717	12.5376	5.23417	0	0	0	0	0	0	0	0	0	0	0	0	0	0	0	0	0	0
05.500,00.000	10.2	5.5	-200	0	4.5	18.1421	12.8937	5.24839	0	0	0	0	0	0	0	0	0	0	0	0	0	0	0	0	0	0
05.500,00.000	10.3	5.5	-200	0	4.5	18.534	13.2669	5.26712	0	0	0	0	0	0	0	0	0	0	0	0	0	0	0	0	0	0
05.500,00.000	10.4	5.5	-200	0	4.5	18.9452	13.6529	5.29223	0	0	0	0	0	0	0	0	0	0	0	0	0	0	0	0	0	0
05.500,00.000	10.5	5.5	-200	0	4.5	19.3692	14.0465	5.32269	0	0	0	0	0	0	0	0	0	0	0	0	0	0	0	0	0	0
05.500,00.000	10.6	5.5	-200	0	4.5	19.8043	14.4438	5.36045	0	0	0	0	0	0	0	0	0	0	0	0	0	0	0	0	0	0
05.500,00.000	10.7	5.5	-200	0	4.5	20.2546	14.8486	5.406	0	0	0	0	0	0	0	0	0	0	0	0	0	0	0	0	0	0
05.500,00.000	10.8	5.5	-200	0	4.5	20.7273	15.2679	5.45944	0	0	0	0	0	0	0	0	0	0	0	0	0	0	0	0	0	0
05.500,00.000	10.9	5.5	-200	0	4.5	21.2413	15.7196	5.52171	0	0	0	0	0	0	0	0	0	0	0	0	0	0	0	0	0	0
05.500,00.000	11	5.5	-200	0	4.5	21.7902	16.1958	5.59439	0	0	0	0	0	0	0	0	0	0	0	0	0	0	0	0	0	0
05.500,00.000	11.1	5.5	-200	0	4.5	22.3724	16.6948	5.67755	0	0	0	0	0	0	0	0	0	0	0	0	0	0	0	0	0	0
05.500,00.000	11.2	5.5	-200	0	4.5	22.9925	17.2199	5.7727	0	0	0	0	0	0	0	0	0	0	0	0	0	0	0	0	0	0
05.500,00.000	11.3	5.5	-200	0	4.5	23.6469	17.7676	5.87933	0	0	0	0	0	0	0	0	0	0	0	0	0	0	0	0	0	0
05.500,00.000	11.4	5.5	-200	0	4.5	24.337	18.3389	5.99814	0	0	0	0	0	0	0	0	0	0	0	0	0	0	0	0	0	0
05.500,00.000	11.5	5.5	-200	0	4.5	25.0444	18.917	6.12737	0	0	0	0	0	0	0	0	0	0	0	0	0	0	0	0	0	0
05.500,00.000	11.6	5.5	-200	0	4.5	25.7723	19.5041	6.26827	0	0	0	0	0	0	0	0	0	0	0	0	0	0	0	0	0	0
05.500,00.000	11.7	5.5	-200	0	4.5	26.5165	20.0969	6.41959	0	0	0	0	0	0	0	0	0	0	0	0	0	0	0	0	0	0
05.500,00.000	11.8	5.5	-200	0	4.5	27.2867	20.7053	6.58139	0	0	0	0	0	0	0	0	0	0	0	0	0	0	0	0	0	0
05.500,00.000	11.9	5.5	-200	0	4.5	28.0942	21.3396	6.75459	0	0	0	0	0	0	0	0	0	0	0	0	0	0	0	0	0	0
05.500,00.000	12	5.5	-200	0	4.5	28.9126	21.9726	6.94005	0	0	0	0	0	0	0	0	0	0	0	0	0	0	0	0	0	0
05.500,00.000	12.1	5.5	-200	0	4.5	29.7831	22.6533	7.12979	0	0	0	0	0	0	0	0	0	0	0	0	0	0	0	0	0	0
05.500,00.000	12.2	5.5	-200	0	4.5	30.693	23.3681	7.32487	0	0	0	0	0	0	0	0	0	0	0	0	0	0	0	0	0	0
05.500,00.000	12.3	5.5	-200	0	4.5	31.6179	24.0926	7.52525	0	0	0	0	0	0	0	0	0	0	0	0	0	0	0	0	0	0
05.500,00.000	12.4	5.5	-200	0	4.5	32.56	24.8283	7.73174	0	0	0	0	0	0	0	0	0	0	0	0	0	0	0	0	0	0
05.500,00.000	12.5	5.5	-200	0	4.5	33.5928	25.6482	7.94463	0	0	0	0	0	0	0	0	0	0	0	0	0	0	0	0	0	0
05.500,00.000	12.6	5.5	-200	0	4.5	34.8971	26.7318	8.16531	0	0	0	0	0	0	0	0	0	0	0	0	0	0	0	0	0	0
05.500,00.000	12.7	5.5	-200	0	4.5	36.2899	27.6897	8.60025	0	0	0	0	0	0	0	0	0	0	0	0	0	0	0	0	0	0
05.500,00.000	12.8	5.5	-200	0	4.5	37.5942	28.4534	9.14082	0	0	0	0	0	0	0	0	0	0	0	0	0	0	0	0	0	0
05.500,00.000	12.9	5.5	-200	0	4.5	38.9286	29.2392	9.68941	0	0	0	0	0	0	0	0	0	0	0	0	0	0	0	0	0	0
05.500,00.000	13	5.5	-200	0	4.5	40.2933	30.0461	10.2472	0	0	0	0	0	0	0	0	0	0	0	0	0	0	0	0	0	0
05.500,00.000	13.1	5.5	-200	0	4.5	41.6971	30.8829	10.8142	0	0	0	0	0	0	0	0	0	0	0	0	0	0	0	0	0	0
05.500,00.000	13.2	5.5	-200	0	4.5	43.1384	31.7473	11.3911	0	0	0	0	0	0	0	0	0	0	0	0	0	0	0	0	0	0
05.500,00.000	13.3	5.5	-200	0	4.5	44.619	32.639	11.98	0	0	0	0	0	0	0	0	0	0	0	0	0	0	0	0	0	0
05.500,00.000	13.4	5.5	-200	0	4.5	46.1337	33.5525	12.5812	0	0	0	0	0	0	0	0	0	0	0	0	0	0	0	0	0	0
05.500,00.000	13.5	5.5	-200	0	4.5	47.6492	34.4562	13.1931	0	0	0	0	0	0	0	0	0	0	0	0	0	0	0	0	0	0
05.500,00.000	13.6	5.5	-200	0	4.5	49.3473	35.4667	13.8806	0	0	0	0	0	0	0	0	0	0	0	0	0	0	0	0	0	0
05.500,00.000	13.7	5.5	-200	0	4.5	51.0116	36.4559	14.5558	0	0	0	0	0	0	0	0	0	0	0	0	0	0	0	0	0	0
05.500,00.000	13.8	5.5	-200	0	4.5	52.3686	37.2624	15.1062	0	0	0	0	0	0	0	0	0	0	0	0	0	0	0	0	0	0
05.500,00.000	13.9	5.5	-200	0	4.5	54.0237	38.2521	15.7716	0	0	0	0	0	0	0	0	0	0	0	0	0	0	0	0	0	0
05.500,00.000	14	5.5	-200	0	4.5	55.6775	39.2455	16.432	0	0	0	0	0	0	0	0	0	0	0	0	0	0	0	0	0	0
05.500,00.000	14.1	5.5	-200	0	4.5	57.3369	40.2445	17.0924	0	0	0	0	0	0	0	0	0	0	0	0	0	0	0	0	0	0
05.500,00.000	14.2	5.5	-200	0	4.5	59.0264	41.2598	17.7666	0	0	0	0	0	0	0	0	0	0	0	0	0	0	0	0	0	0
05.500,00.000	14.3	5.5	-200	0	4.5	60.7413	42.288	18.4533	0	0	0	0	0	0	0	0	0	0	0	0	0	0	0	0	0	0
05.500,00.000	14.4	5.5	-200	0	4.5	62.4741	43.3225	19.1516	0	0	0	0	0	0	0	0	0	0	0	0	0	0	0	0	0	0
05.500,00.000	14.5	5.5	-200	0	4.5	64.2105	44.316	19.8945	0	0	0	0	0	0	0	0	0	0	0	0	0	0	0	0	0	0
05.500,00.000	14.6	5.5	-200	0	4.5	66.3866	45.5952	20.7913	0	0	0	0	0	0	0	0	0	0	0	0	0	0	0	0	0	0
05.500,00.000	14.7	5.5	-200	0	4.5	68.3138	46.7188	21.5949	0	0	0	0	0	0	0	0	0	0	0	0	0	0	0	0	0	0
05.500,00.000	14.8	5.5	-200	0	4.5	69.6376	47.4848	22.1528	0	0	0	0	0	0	0	0	0	0	0	0	0	0	0	0	0	0
05.500,00.000	14.9	5.5	-200	0	4.5	71.5299	48.5735	22.9564	0	0	0	0	0	0	0	0	0	0	0	0	0	0	0	0	0	0
05.500,00.000	15	5.5	-200	0	4.5	73.3491	49.6172	23.7319	0	0	0	0	0	0	0	0	0	0	0	0	0	0	0	0	0	0
05.500,00.000	15.1	5.5	-200	0	4.5	75.0962	50.6138	24.4824	0	0	0	0	0	0	0	0	0	0	0	0	0	0	0	0	0	0
05.500,00.000	15.2	5.5	-200	0	4.5	76.851	51.6078	25.2432	0	0	0	0	0	0	0	0	0	0	0	0	0	0	0	0	0	0
05.500,00.000	15.3	5.5	-200	0	4.5	78.6048	52.5886	26.0162	0	0	0	0	0	0	0	0	0	0	0	0	0	0	0	0	0	0
05.500,00.000	15.4	5.5	-200	0	4.5	80.3437	53.541	26.8027	0	0	0	0	0	0	0	0	0	0	0	0	0	0	0	0	0	0
05.500,00.000	15.5	5.5	-200	0	4.5	82.663	54.7921	27.8708	0	0	0	0	0	0	0	0	0	0	0	0	0	0	0	0	0	0
05.500,00.000	15.6	5.5	-200	0	4.5	85.1174	56.099	29.0184	0	0	0	0	0	0	0	0	0	0	0	0	0	0	0	0	0	0
05.500,00.000	15.7	5.5	-200	0	4.5	87.0323	57.104	29.9283	0	0	0	0	0	0	0	0	0	0	0	0	0	0	0	0	0	0
05.500,00.000	15.8	5.5	-200	0	4.5	88.0147	57.6102	30.3159	0.0886932	0	0	0	0	0	0	0	0	0	0	0	0	0	0	0	0	0
05.500,00.000	15.9	5.5	-200	0	4.5	89.6068	58.42	30.8133	0.373487	0	0	0	0	0	0	0	0	0	0	0	0	0	0	0	0	0
05.500,00.000	16	5.5	-200	0	4.5	91.621	59.3728	31.4909	0.757291	0	0	0	0	0	0	0	0	0	0	0	0	0	0	0	0	0
05.500,00.000	16.1	5.5	-200	0	4.5	93.3598	60.1805	32.0901	1.08918	0	0	0	0	0	0	0	0	0	0	0	0	0	0	0	0	0
05.500,00.000	16.2	5.5	-200	0	4.5	95.0015	60.9201	32.6767	1.40477	0	0	0	0	0	0	0	0	0	0	0	0	0	0	0	0	0
05.500,00.000	16.3	5.5	-200	0	4.5	96.6785	61.6425	33.3161	1.71991	0	0	0	0	0	0	0	0	0	0	0	0	0	0	0	0	0
05.500,00.000	16.4	5.5	-200	0	4.5	98.3438	62.3447	33.9647	2.03435	0	0	0	0	0	0	0	0	0	0	0	0	0	0	0	0	0
05.500,00.000	16.5	5.5	-200	0	4.5	101.796	63.7725	35.3349	2.68896	0	0	0	0	0	0	0	0	0	0	0	0	0	0	0	0	0
05.500,00.000	16.6	5.5	-200	0	4.5	103.431	64.4276	36.0005	3.00294	0	0	0	0	0	0	0	0	0	0	0	0	0	0	0	0	0
05.500,00.000	16.7	5.5	-200	0	4.5	104.111	64.6943	36.2815	3.13541	0	0	0	0	0	0	0	0	0	0	0	0	0	0	0	0	0
05.500,00.000	16.8	5.5	-200	0	4.5	105.064	65.0557	36.6845	3.3239	0	0	0	0	0	0	0	0	0	0	0	0	0	0	0	0	0
05.500,00.000	16.9	5.5	-200	0	4.5	105.37	65.1673	36.819	3.38416	0	0	0	0	0	0	0	0	0	0	0	0	0	0	0	0	0
05.500,00.000	17	5.5	-200	0	4.5	107.639	65.9755	37.8241	3.83894	0	0	0	0	0	0	0	0	0	0	0	0	0	0	0	0	0
05.500,00.000	17.1	5.5	-200	0	4.5	109.47	66.5985	38.6644	4.20765	0	0	0	0	0	0	0	0	0	0	0	0	0	0	0	0	0
05.500,00.000	17.2	5.5	-200	0	4.5	110.993	67.0964	39.3819	4.51463	0	0	0	0	0	0	0	0	0	0	0	0	0	0	0	0	0
05.500,00.000	17.3	5.5	-200	0	4.5	112.229	67.5639	40.1099	4.55558	0	0	0	0	0	0	0	0	0	0	0	0	0	0	0	0	0
05.500,00.000	17.4	5.5	-200	0	4.5	113.313	67.9625	40.797	4.5536	0	0	0	0	0	0	0	0	0	0	0	0	0	0	0	0	0
05.500,00.000	17.5	5.5	-200	0	4.5	116.576	69.1028	42.9196	4.5536	0	0	0	0	0	0	0	0	0	0	0	0	0	0	0	0	0
05.500,00.000	17.6	5.5	-200	0	4.5	117.626	69.4079	43.6643	4.5536	0	0	0	0	0	0	0	0	0	0	0	0	0	0	0	0	0
05.500,00.000	17.7	5.5	-200	0	4.5	117.664	69.4192	43.6917	4.5536	0	0	0	0	0	0	0	0	0	0	0	0	0	0	0	0	0
05.500,00.000	17.8	5.5	-200	0	4.5	118.827	69.7409	44.5327	4.5536	0	0	0	0	0	0	0	0	0	0	0	0	0	0	0	0	0
05.500,00.000	17.9	5.5	-200	0	4.5	119.16	69.8201	44.7867	4.5536	0	0	0	0	0	0	0	0	0	0	0	0	0	0	0	0	0
05.500,00.000	18	5.5	-200	0	4.5	121.016	70.2771	46.1852	4.5536	0	0	0	0	0	0	0	0	0	0	0	0	0	0	0	0	0
05.500,00.000	18.1	5.5	-200	0	4.5	122.347	70.5672	47.2263	4.5536	0	0	0	0	0	0	0	0	0	0	0	0	0	0	0	0	0
05.500,00.000	18.2	5.5	-200	0	4.5	123.314	70.7708	47.9892	4.5536	0	0	0	0	0	0	0	0	0	0	0	0	0	0	0	0	0
05.500,00.000	18.3	5.5	-200	0	4.5	124.268	70.9519	48.7622	4.5536	0	0	0	0	0	0	0	0	0	0	0	0	0	0	0	0	0
05.500,00.000	18.4	5.5	-200	0	4.5	125.209	71.107	49.5483	4.5536	0	0	0	0	0	0	0	0	0	0	0	0	0	0	0	0	0
05.500,00.000	18.5	5.5	-200	0	4.5	128.557	71.6162	52.387	4.5536	0	0	0	0	0	0	0	0	0	0	0	0	0	0	0	0	0
05.500,00.000	18.6	5.5	-200	0	4.5	129.16	71.6987	52.9082	4.5536	0	0	0	0	0	0	0	0	0	0	0	0	0	0	0	0	0
05.500,00.000	18.7	5.5	-200	0	4.5	130.817	71.9195	54.3439	4.5536	0	0	0	0	0	0	0	0	0	0	0	0	0	0	0	0	0
05.500,00.000	18.8	5.5	-200	0	4.5	131.194	71.9615	54.6792	4.5536	0	0	0	0	0	0	0	0	0	0	0	0	0	0	0	0	0
05.500,00.000	18.9	5.5	-200	0	4.5	131.875	72.0316	55.2897	4.5536	0	0	0	0	0	0	0	0	0	0	0	0	0	0	0	0	0
05.500,00.000	19	5.5	-200	0	4.5	133.445	72.299	56.5926	4.55389	0	0	0	0	0	0	0	0	0	0	0	0	0	0	0	0	0
05.500,00.000	19.1	5.5	-200	0	4.5	134.685	72.6769	57.4521	4.55596	0	0	0	0	0	0	0	0	0	0	0	0	0	0	0	0	0
05.500,00.000	19.2	5.5	-200	0	4.5	135.682	72.9736	58.1487	4.55991	0	0	0	0	0	0	0	0	0	0	0	0	0	0	0	0	0
05.500,00.000	19.3	5.5	-200	0	4.5	136.668	73.2628	58.8397	4.56571	0	0	0	0	0	0	0	0	0	0	0	0	0	0	0	0	0
05.500,00.000	19.4	5.5	-200	0	4.5	137.646	73.5456	59.5258	4.57438	0	0	0	0	0	0	0	0	0	0	0	0	0	0	0	0	0
05.500,00.000	19.5	5.5	-200	0	4.5	138.61	73.8197	60.2035	4.58665	0	0	0	0	0	0	0	0	0	0	0	0	0	0	0	0	0
05.500,00.000	19.6	5.5	-200	0	4.5	140.471	74.3296	61.5233	4.61795	0	0	0	0	0	0	0	0	0	0	0	0	0	0	0	0	0
05.500,00.000	19.7	5.5	-200	0	4.5	140.876	74.4412	61.8087	4.62596	0	0	0	0	0	0	0	0	0	0	0	0	0	0	0	0	0
05.500,00.000	19.8	5.5	-200	0	4.5	143.524	75.1558	63.6692	4.69932	0	0	0	0	0	0	0	0	0	0	0	0	0	0	0	0	0
05.500,00.000	19.9	5.5	-200	0	4.5	144.166	75.1779	64.2678	4.71997	0	0	0	0	0	0	0	0	0	0	0	0	0	0	0	0	0
05.500,00.000	20	5.5	-200	0	4.5	145.617	75.2534	65.5821	4.7814	0	0	0	0	0	0	0	0	0	0	0	0	0	0	0	0	0
05.500,00.000	20.1	5.5	-200	0	4.5	146.788	75.2614	66.6887	4.83745	0	0	0	0	0	0	0	0	0	0	0	0	0	0	0	0	0
05.500,00.000	20.2	5.5	-200	0	4.5	147.712	75.266	67.5561	4.88954	0	0	0	0	0	0	0	0	0	0	0	0	0	0	0	0	0
05.500,00.000	20.3	5.5	-200	0	4.5	148.625	75.2688	68.4091	4.9472	0	0	0	0	0	0	0	0	0	0	0	0	0	0	0	0	0
05.500,00.000	20.4	5.5	-200	0	4.5	149.545	75.2702	69.2628	5.01173	0	0	0	0	0	0	0	0	0	0	0	0	0	0	0	0	0
05.500,00.000	20.5	5.5	-200	0	4.5	150.455	75.2705	70.1029	5.08177	0	0	0	0	0	0	0	0	0	0	0	0	0	0	0	0	0
05.500,00.000	20.6	5.5	-200	0	4.5	151.361	75.2705	70.9332	5.15705	0	0	0	0	0	0	0	0	0	0	0	0	0	0	0	0	0
05.500,00.000	20.7	5.5	-200	0	4.5	161.069	75.3274	79.7283	6.01299	0	0	0	0	0	0	0	0	0	0	0	0	0	0	0	0	0
05.500,00.000	20.8	5.5	-200	0	4.5	163.041	75.3902	81.4601	6.19025	0	0	0	0	0	0	0	0	0	0	0	0	0	0	0	0	0
05.500,00.000	20.9	5.5	-200	0	4.5	169.655	75.5518	87.2566	6.8462	0	0	0	0	0	0	0	0	0	0	0	0	0	0	0	0	0
05.500,00.000	21	5.5	-200	0	4.5	171.754	75.6558	88.9539	7.14442	0	0	0	0	0	0	0	0	0	0	0	0	0	0	0	0	0
05.500,00.000	21.1	5.5	-200	0	4.5	172.939	75.7143	89.9026	7.32164	0	0	0	0	0	0	0	0	0	0	0	0	0	0	0	0	0
05.500,00.000	21.2	5.5	-200	0	4.5	174.001	75.7687	90.7434	7.48861	0	0	0	0	0	0	0	0	0	0	0	0	0	0	0	0	0
05.500,00.000	21.3	5.5	-200	0	4.5	174.951	75.8186	91.4956	7.63685	0	0	0	0	0	0	0	0	0	0	0	0	0	0	0	0	0
05.500,00.000	21.4	5.5	-200	0	4.5	176.079	75.8795	92.3912	7.80815	0	0	0	0	0	0	0	0	0	0	0	0	0	0	0	0	0
05.500,00.000	21.5	5.5	-200	0	4.5	176.801	75.917	92.9625	7.92181	0	0	0	0	0	0	0	0	0	0	0	0	0	0	0	0	0
05.500,00.000	21.6	5.5	-200	0	4.5	177.799	75.9687	93.7465	8.08362	0	0	0	0	0	0	0	0	0	0	0	0	0	0	0	0	0
05.500,00.000	21.7	5.5	-200	0	4.5	183.116	76.2479	97.5612	9.30725	0	0	0	0	0	0	0	0	0	0	0	0	0	0	0	0	0
05.500,00.000	21.8	5.5	-200	0	4.5	184.264	76.3629	98.1533	9.748	0	0	0	0	0	0	0	0	0	0	0	0	0	0	0	0	0
05.500,00.000	21.9	5.5	-200	0	4.5	189.184	76.8526	100.752	11.5789	0	0	0	0	0	0	0	0	0	0	0	0	0	0	0	0	0
05.500,00.000	22	5.5	-200	0	4.5	190.655	77.0105	101.568	12.0761	0	0	0	0	0	0	0	0	0	0	0	0	0	0	0	0	0
05.500,00.000	22.1	5.5	-200	0	4.5	192.325	77.2035	102.458	12.6635	0	0	0	0	0	0	0	0	0	0	0	0	0	0	0	0	0
05.500,00.000	22.2	5.5	-200	0	4.5	193.766	77.521	103.141	13.1045	0	0	0	0	0	0	0	0	0	0	0	0	0	0	0	0	0
05.500,00.000	22.3	5.5	-200	0	4.5	195.031	77.8175	103.731	13.4832	0	0	0	0	0	0	0	0	0	0	0	0	0	0	0	0	0
05.500,00.000	22.4	5.5	-200	0	4.5	197.229	78.3455	104.749	14.134	0	0	0	0	0	0	0	0	0	0	0	0	0	0	0	0	0
05.500,00.000	22.5	5.5	-200	0	4.5	197.725	78.4786	104.976	14.2709	0	0	0	0	0	0	0	0	0	0	0	0	0	0	0	0	0
05.500,00.000	22.6	5.5	-200	0	4.5	203.404	79.8562	107.642	15.9063	0	0	0	0	0	0	0	0	0	0	0	0	0	0	0	0	0
05.500,00.000	22.7	5.5	-200	0	4.5	206.825	80.6631	109.297	16.8648	0	0	0	0	0	0	0	0	0	0	0	0	0	0	0	0	0
05.500,00.000	22.8	5.5	-200	0	4.5	207.109	80.7396	109.428	16.9407	0	0	0	0	0	0	0	0	0	0	0	0	0	0	0	0	0
05.500,00.000	22.9	5.5	-200	0	4.5	207.18	80.759	109.461	16.9597	0	0	0	0	0	0	0	0	0	0	0	0	0	0	0	0	0
05.500,00.000	23	5.5	-200	0	4.5	211.625	82.002	111.494	18.1281	0	0	0	0	0	0	0	0	0	0	0	0	0	0	0	0	0
05.500,00.000	23.1	5.5	-200	0	4.5	215.062	82.9699	113.051	19.041	0	0	0	0	0	0	0	0	0	0	0	0	0	0	0	0	0
05.500,00.000	23.2	5.5	-200	0	4.5	216.869	83.4718	113.87	19.5279	0	0	0	0	0	0	0	0	0	0	0	0	0	0	0	0	0
05.500,00.000	23.3	5.5	-200	0	4.5	218.473	83.9101	114.603	19.9593	0	0	0	0	0	0	0	0	0	0	0	0	0	0	0	0	0
05.500,00.000	23.4	5.5	-200	0	4.5	221.802	84.8084	116.143	20.8503	0	0	0	0	0	0	0	0	0	0	0	0	0	0	0	0	0
05.500,00.000	23.5	5.5	-200	0	4.5	222.542	85.0084	116.481	21.0526	0	0	0	0	0	0	0	0	0	0	0	0	0	0	0	0	0
05.500,00.000	23.6	5.5	-200	0	4.5	230.076	86.3964	120.495	23.1843	0	0	0	0	0	0	0	0	0	0	0	0	0	0	0	0	0
05.500,00.000	23.7	5.5	-200	0	4.5	238.152	87.0219	125.536	25.5941	0	0	0	0	0	0	0	0	0	0	0	0	0	0	0	0	0
05.500,00.000	23.8	5.5	-200	0	4.5	239.047	87.0763	126.1	25.8706	0	0	0	0	0	0	0	0	0	0	0	0	0	0	0	0	0
05.500,00.000	23.9	5.5	-200	0	4.5	242.015	87.3044	127.957	26.4159	0.337939	0	0	0	0	0	0	0	0	0	0	0	0	0	0	0	0
05.500,00.000	24	5.5	-200	0	4.5	244.565	87.5024	129.549	26.8061	0.707382	0	0	0	0	0	0	0	0	0	0	0	0	0	0	0	0
05.500,00.000	24.1	5.5	-200	0	4.5	247.569	87.745	131.4	27.3138	1.11033	0	0	0	0	0	0	0	0	0	0	0	0	0	0	0	0
05.500,00.000	24.2	5.5	-200	0	4.5	249.575	87.8849	132.651	27.6598	1.37868	0	0	0	0	0	0	0	0	0	0	0	0	0	0	0	0
05.500,00.000	24.3	5.5	-200	0	4.5	251.237	88.0066	133.684	27.9502	1.59655	0	0	0	0	0	0	0	0	0	0	0	0	0	0	0	0
05.500,00.000	24.4	5.5	-200	0	4.5	254.003	88.2087	135.413	28.4115	1.97051	0	0	0	0	0	0	0	0	0	0	0	0	0	0	0	0
05.500,00.000	24.5	5.5	-200	0	4.5	254.651	88.2604	135.816	28.5134	2.06142	0	0	0	0	0	0	0	0	0	0	0	0	0	0	0	0
05.500,00.000	24.6	5.5	-200	0	4.5	256.797	88.4303	137.132	28.8803	2.35443	0	0	0	0	0	0	0	0	0	0	0	0	0	0	0	0
05.500,00.000	24.7	5.5	-200	0	4.5	258.667	88.5613	138.296	29.1995	2.60994	0	0	0	0	0	0	0	0	0	0	0	0	0	0	0	0
05.500,00.000	24.8	5.5	-200	0	4.5	260.502	88.6804	139.435	29.5266	2.85986	0	0	0	0	0	0	0	0	0	0	0	0	0	0	0	0
05.500,00.000	24.9	5.5	-200	0	4.5	263.298	88.8612	141.16	30.0367	3.23957	0	0	0	0	0	0	0	0	0	0	0	0	0	0	0	0
05.500,00.000	25	5.5	-200	0	4.5	263.939	88.8963	141.562	30.1551	3.32641	0	0	0	0	0	0	0	0	0	0	0	0	0	0	0	0
05.500,00.000	25.1	5.5	-200	0	4.5	266.195	89.0461	142.94	30.5866	3.62189	0	0	0	0	0	0	0	0	0	0	0	0	0	0	0	0
05.500,00.000	25.2	5.5	-200	0	4.5	268.351	89.3427	144.157	30.9722	3.8787	0	0	0	0	0	0	0	0	0	0	0	0	0	0	0	0
05.500,00.000	25.3	5.5	-200	0	4.5	270.276	89.6216	145.233	31.3201	4.10136	0	0	0	0	0	0	0	0	0	0	0	0	0	0	0	0
05.500,00.000	25.4	5.5	-200	0	4.5	271.265	89.7301	145.81	31.5078	4.2173	0	0	0	0	0	0	0	0	0	0	0	0	0	0	0	0
05.500,00.000	25.5	5.5	-200	0	4.5	271.874	89.789	146.172	31.6241	4.28814	0	0	0	0	0	0	0	0	0	0	0	0	0	0	0	0
05.500,00.000	25.6	5.5	-200	0	4.5	271.887	89.7904	146.18	31.6267	4.28967	0	0	0	0	0	0	0	0	0	0	0	0	0	0	0	0
05.500,00.000	25.7	5.5	-200	0	4.5	273.231	89.9887	146.924	31.8831	4.43539	0	0	0	0	0	0	0	0	0	0	0	0	0	0	0	0
05.500,00.000	25.8	5.5	-200	0	4.5	279.961	91.1613	150.483	33.1774	5.13922	0	0	0	0	0	0	0	0	0	0	0	0	0	0	0	0
05.500,00.000	25.9	5.5	-200	0	4.5	281.956	91.6569	151.46	33.5201	5.3196	0	0	0	0	0	0	0	0	0	0	0	0	0	0	0	0
05.500,00.000	26	5.5	-200	0	4.5	282.129	91.7001	151.542	33.5519	5.33511	0	0	0	0	0	0	0	0	0	0	0	0	0	0	0	0
05.500,00.000	26.1	5.5	-200	0	4.5	282.326	91.7501	151.635	33.5885	5.35257	0	0	0	0	0	0	0	0	0	0	0	0	0	0	0	0
05.500,00.000	26.2	5.5	-200	0	4.5	282.51	91.7974	151.721	33.623	5.36857	0	0	0	0	0	0	0	0	0	0	0	0	0	0	0	0
05.500,00.000	26.3	5.5	-200	0	4.5	282.684	91.8424	151.802	33.6555	5.38333	0	0	0	0	0	0	0	0	0	0	0	0	0	0	0	0
05.500,00.000	26.4	5.5	-200	0	4.5	282.713	91.8499	151.816	33.6608	5.3857	0	0	0	0	0	0	0	0	0	0	0	0	0	0	0	0
05.500,00.000	26.5	5.5	-200	0	4.5	283.714	92.1053	152.294	33.8479	5.46707	0	0	0	0	0	0	0	0	0	0	0	0	0	0	0	0
05.500,00.000	26.6	5.5	-200	0	4.5	295.315	95.1392	157.643	36.1221	6.41047	0	0	0	0	0	0	0	0	0	0	0	0	0	0	0	0
05.500,00.000	26.7	5.5	-200	0	4.5	308.94	98.8351	163.268	39.5235	7.31395	0	0	0	0	0	0	0	0	0	0	0	0	0	0	0	0
05.500,00.000	26.8	5.5	-200	0	4.5	310.946	99.4216	164.032	40.178	7.31395	0	0	0	0	0	0	0	0	0	0	0	0	0	0	0	0
05.500,00.000	26.9	5.5	-200	0	4.5	311.081	99.4618	164.082	40.2226	7.31395	0	0	0	0	0	0	0	0	0	0	0	0	0	0	0	0
05.500,00.000	27	5.5	-200	0	4.5	320.233	102.251	167.399	43.2694	7.31395	0	0	0	0	0	0	0	0	0	0	0	0	0	0	0	0
05.500,00.000	27.1	5.5	-200	0	4.5	325.27	103.914	169.146	44.8959	7.31395	0	0	0	0	0	0	0	0	0	0	0	0	0	0	0	0
05.500,00.000	27.2	5.5	-200	0	4.5	327.956	104.785	170.073	45.785	7.31395	0	0	0	0	0	0	0	0	0	0	0	0	0	0	0	0
05.500,00.000	27.3	5.5	-200	0	4.5	330.71	105.576	171.118	46.7009	7.31395	0	0	0	0	0	0	0	0	0	0	0	0	0	0	0	0
05.500,00.000	27.4	5.5	-200	0	4.5	340.751	107.055	176.134	50.2473	7.31395	0	0	0	0	0	0	0	0	0	0	0	0	0	0	0	0
05.500,00.000	27.5	5.5	-200	0	4.5	345.86	107.9	178.53	52.0594	7.37001	0	0	0	0	0	0	0	0	0	0	0	0	0	0	0	0
05.500,00.000	27.6	5.5	-200	0	4.5	348.558	108.33	179.797	53.0205	7.40996	0	0	0	0	0	0	0	0	0	0	0	0	0	0	0	0
05.500,00.000	27.7	5.5	-200	0	4.5	351.262	108.772	181.06	53.9778	7.4524	0	0	0	0	0	0	0	0	0	0	0	0	0	0	0	0
05.500,00.000	27.8	5.5	-200	0	4.5	364.498	110.846	187.283	58.7044	7.66513	0	0	0	0	0	0	0	0	0	0	0	0	0	0	0	0
05.500,00.000	27.9	5.5	-200	0	4.5	367.199	111.341	188.478	59.6645	7.71527	0	0	0	0	0	0	0	0	0	0	0	0	0	0	0	0
05.500,00.000	28	5.5	-200	0	4.5	375.341	112.864	191.924	62.6826	7.86997	0	0	0	0	0	0	0	0	0	0	0	0	0	0	0	0
05.500,00.000	28.1	5.5	-200	0	4.5	379.985	113.79	193.825	64.405	7.9649	0	0	0	0	0	0	0	0	0	0	0	0	0	0	0	0
05.500,00.000	28.2	5.5	-200	0	4.5	382.796	114.343	194.979	65.4451	8.02816	0	0	0	0	0	0	0	0	0	0	0	0	0	0	0	0
05.500,00.000	28.3	5.5	-200	0	4.5	385.679	114.979	196.127	66.4776	8.09573	0	0	0	0	0	0	0	0	0	0	0	0	0	0	0	0
05.500,00.000	28.4	5.5	-200	0	4.5	400.949	118.211	202.016	72.228	8.49293	0	0	0	0	0	0	0	0	0	0	0	0	0	0	0	0
05.500,00.000	28.5	5.5	-200	0	4.5	408.203	120.411	204.615	74.309	8.86909	0	0	0	0	0	0	0	0	0	0	0	0	0	0	0	0
05.500,00.000	28.6	5.5	-200	0	4.5	418.345	123.407	208.167	77.0733	9.40376	0.294591	0	6.61693e-14	0	0	0	0	0	0	0	0	0	0	0	0	0
05.500,00.000	28.7	5.5	-200	0	4.5	421.615	124.357	209.2	77.9082	9.58077	0.519046	0	0.0490391	0	0	0	0	0	0	0	0	0	0	0	0	0
05.500,00.000	28.8	5.5	-200	0	4.5	423.132	124.804	209.686	78.2957	9.66152	0.612132	0	0.0720086	0	0	0	0	0	0	0	0	0	0	0	0	0
05.500,00.000	28.9	5.5	-200	0	4.5	423.452	124.904	209.782	78.3769	9.6796	0.632578	0	0.0768173	0	0	0	0	0	0	0	0	0	0	0	0	0
05.500,00.000	29	5.5	-200	0	4.5	432.315	127.716	212.45	80.5906	10.1778	1.17175	0	0.209359	0	0	0	0	0	0	0	0	0	0	0	0	0
05.500,00.000	29.1	5.5	-200	0	4.5	437.886	129.478	214.047	81.9817	10.5736	1.51294	0	0.292791	0	0	0	0	0	0	0	0	0	0	0	0	0
05.500,00.000	29.2	5.5	-200	0	4.5	441.693	130.716	215.086	82.9249	10.8355	1.78171	0	0.348693	0	0	0	0	0	0	0	0	0	0	0	0	0
05.500,00.000	29.3	5.5	-200	0	4.5	445.624	132.012	216.103	83.9126	11.1388	2.05172	0	0.405798	0	0	0	0	0	0	0	0	0	0	0	0	0
05.500,00.000	29.4	5.5	-200	0	4.5	453.636	134.729	218.086	85.943	11.7591	2.5966	0	0.522211	0	0	0	0	0	0	0	0	0	0	0	0	0
05.500,00.000	29.5	5.5	-200	0	4.5	459.09	136.635	219.388	87.3233	12.1821	2.96075	0	0.600828	0	0	0	0	0	0	0	0	0	0	0	0	0
05.500,00.000	29.6	5.5	-200	0	4.5	466.956	139.364	221.335	89.2597	12.7945	3.08521	0.400806	0.716605	0	0	0	0	0	0	0	0	0	0	0	0	0
05.500,00.000	29.7	5.5	-200	0	4.5	468.679	139.984	221.742	89.6653	12.9313	3.08132	0.532139	0.741982	0	0	0	0	0	0	0	0	0	0	0	0	0
05.500,00.000	29.8	5.5	-200	0	4.5	480.612	144.296	224.631	92.4349	13.8554	3.24977	1.22673	0.918136	0	0	0	0	0	0	0	0	0	0	0	0	0
05.500,00.000	29.9	5.5	-200	0	4.5	483.544	145.359	225.316	93.1094	14.0855	3.28545	1.40351	0.985365	0	0	0	0	0	0	0	0	0	0	0	0	0
05.500,00.000	30	5.5	-200	0	4.5	490.805	148.031	227.032	94.7554	14.6435	3.37284	1.82124	1.14914	0	0	0	0	0	0	0	0	0	0	0	0	0
05.500,00.000	30.1	5.5	-200	0	4.5	496.352	150.063	228.34	96.019	15.0738	3.44073	2.14078	1.2748	0	0	0	0	0	0	0	0	0	0	0	0	0
05.500,00.000	30.2	5.5	-200	0	4.5	500.8	151.703	229.399	97.0246	15.4146	3.49526	2.39157	1.37295	0	0	0	0	0	0	0	0	0	0	0	0	0
05.500,00.000	30.3	5.5	-200	0	4.5	505.563	153.354	230.752	98.0378	15.7568	3.55072	2.6415	1.47026	0	0	0	0	0	0	0	0	0	0	0	0	0
05.500,00.000	30.4	5.5	-200	0	4.5	524.21	159.349	235.716	102.669	17.1928	3.77841	3.64622	1.85863	0	0	0	0	0	0	0	0	0	0	0	0	0
05.500,00.000	30.5	5.5	-200	0	4.5	532.714	161.489	237.901	105.314	17.922	3.893	4.14525	2.05036	0	0	0	0	0	0	0	0	0	0	0	0	0
05.500,00.000	30.6	5.5	-200	0	4.5	544.591	164.484	240.889	109.054	18.9442	4.05879	4.84786	2.31359	0	0	0	0	0	0	0	0	0	0	0	0	0
05.500,00.000	30.7	5.5	-200	0	4.5	548.862	165.55	241.971	110.404	19.307	4.11872	5.09826	2.40615	0.00715193	0	0	0	0	0	0	0	0	0	0	0	0
05.500,00.000	30.8	5.5	-200	0	4.5	550.406	165.943	242.356	110.891	19.4383	4.14069	5.1879	2.43829	0.0111014	0	0	0	0	0	0	0	0	0	0	0	0
05.500,00.000	30.9	5.5	-200	0	4.5	550.726	166.025	242.436	110.991	19.4648	4.1452	5.20597	2.44463	0.0127756	0	0	0	0	0	0	0	0	0	0	0	0
05.500,00.000	31	5.5	-200	0	4.5	560.902	168.689	244.974	114.177	20.2987	4.29011	5.77424	2.63775	0.060577	0	0	0	0	0	0	0	0	0	0	0	0
05.500,00.000	31.1	5.5	-200	0	4.5	567.254	170.322	246.567	116.162	20.8107	4.3805	6.12443	2.7546	0.13219	0	0	0	0	0	0	0	0	0	0	0	0
05.500,00.000	31.2	5.5	-200	0	4.5	571.762	171.448	247.651	117.516	21.1597	4.4415	6.35964	2.83057	0.355071	0	0	0	0	0	0	0	0	0	0	0	0
05.500,00.000	31.3	5.5	-200	0	4.5	576.41	172.607	248.766	118.915	21.5312	4.50246	6.59883	2.90577	0.583792	0	0	0	0	0	0	0	0	0	0	0	0
05.500,00.000	31.4	5.5	-200	0	4.5	581.067	173.77	249.882	120.325	21.9001	4.56165	6.83667	2.97828	0.81278	0	0	0	0	0	0	0	0	0	0	0	0
05.500,00.000	31.5	5.5	-200	0	4.5	585.717	174.925	250.995	121.745	22.2686	4.6191	7.07319	3.04816	1.04192	0	0	0	0	0	0	0	0	0	0	0	0
05.500,00.000	31.6	5.5	-200	0	4.5	595.456	176.979	253.601	124.745	23.0642	4.73971	7.58318	3.20695	1.5366	0	0	0	0	0	0	0	0	0	0	0	0
05.500,00.000	31.7	5.5	-200	0	4.5	597.519	177.369	254.218	125.379	23.2381	4.76505	7.6467	3.25605	1.64714	0	0	0	0	0	0	0	0	0	0	0	0
05.500,00.000	31.8	5.5	-200	0	4.5	610.022	179.818	258.03	129.399	24.3045	4.9163	7.75464	3.48727	1.88825	0.422636	0	0	0	0	0	0	0	0	0	0	0
05.500,00.000	31.9	5.5	-200	0	4.5	613.006	180.453	258.834	130.369	24.5834	4.95453	7.76564	3.55828	1.91475	0.573412	0	0	0	0	0	0	0	0	0	0	0
05.500,00.000	32	5.5	-200	0	4.5	618.884	181.796	260.397	132.291	25.1121	5.02414	7.78493	3.66307	1.95379	0.862167	0	0	0	0	0	0	0	0	0	0	0
05.500,00.000	32.1	5.5	-200	0	4.5	624.476	183.088	261.9	134.073	25.6239	5.0893	7.80258	3.76455	1.99478	1.1399	0	0	0	0	0	0	0	0	0	0	0
05.500,00.000	32.2	5.5	-200	0	4.5	628.579	184.034	262.999	135.384	25.997	5.13507	7.81457	3.83484	2.03932	1.34125	0	0	0	0	0	0	0	0	0	0	0
05.500,00.000	32.3	5.5	-200	0	4.5	632.667	185.011	264.083	136.64	26.3589	5.21931	7.82535	3.89705	2.09617	1.53575	0	0	0	0	0	0	0	0	0	0	0
05.500,00.000	32.4	5.5	-200	0	4.5	642.1	187.337	266.593	139.403	27.1934	5.47041	7.84814	4.03239	2.2409	1.98164	0	0	0	0	0	0	0	0	0	0	0
05.500,00.000	32.5	5.5	-200	0	4.5	648.121	188.827	268.202	141.097	27.7278	5.65809	7.8618	4.11814	2.36306	2.2658	0	0	0	0	0	0	0	0	0	0	0
05.500,00.000	32.6	5.5	-200	0	4.5	656.906	190.683	270.499	143.646	28.5166	6.23845	7.88001	4.2339	2.5224	2.68673	0	0	0	0	0	0	0	0	0	0	0
05.500,00.000	32.7	5.5	-200	0	4.5	674.045	194.038	274.996	148.34	30.1081	7.72702	7.9143	4.48584	2.87565	3.56046	0	0	0	0	0	0	0	0	0	0	0
05.500,00.000	32.8	5.5	-200	0	4.5	676.79	194.63	275.767	148.918	30.3504	7.98278	7.91986	4.53621	2.97894	3.70665	0	0	0	0	0	0	0	0	0	0	0
05.500,00.000	32.9	5.5	-200	0	4.5	686.292	196.972	278.389	150.963	31.2025	8.78039	7.93663	4.66641	3.21076	4.1713	0	0	0	0	0	0	0	0	0	0	0
05.500,00.000	33	5.5	-200	0	4.5	688.769	197.551	279.12	151.464	31.4233	8.98996	7.94113	4.70302	3.28591	4.29108	0	0	0	0	0	0	0	0	0	0	0
05.500,00.000	33.1	5.5	-200	0	4.5	699.185	200.325	282.006	153.539	32.3605	9.82338	7.96214	4.83167	3.52554	4.81088	0	0	0	0	0	0	0	0	0	0	0
05.500,00.000	33.2	5.5	-200	0	4.5	705.535	202.057	283.763	154.72	32.9292	10.3467	7.97636	4.91427	3.68128	5.14718	0	0	0	0	0	0	0	0	0	0	0
05.500,00.000	33.3	5.5	-200	0	4.5	710.091	203.331	285.018	155.579	33.3364	10.7101	7.98935	4.96434	3.78101	5.38263	0	0	0	0	0	0	0	0	0	0	0
05.500,00.000	33.4	5.5	-200	0	4.5	714.702	204.68	286.285	156.438	33.718	11.0718	8.00439	5.00958	3.87884	5.61704	0	0	0	0	0	0	0	0	0	0	0
05.500,00.000	33.5	5.5	-200	0	4.5	719.385	206.053	287.58	157.319	34.091	11.438	8.02222	5.05067	3.97614	5.8554	0	0	0	0	0	0	0	0	0	0	0
05.500,00.000	33.6	5.5	-200	0	4.5	724.225	207.218	288.986	158.302	34.5192	11.8514	8.04537	5.09226	4.08425	6.12695	0	0	0	0	0	0	0	0	0	0	0
05.500,00.000	33.7	5.5	-200	0	4.5	760.101	214.554	299.393	165.889	37.9779	15.1337	8.27265	5.37539	4.95211	8.55439	0	0	0	0	0	0	0	0	0	0	0
05.500,00.000	33.8	5.5	-200	0	4.5	767.783	216.283	301.619	167.297	38.6998	15.7471	8.38545	5.43304	5.28601	9.03224	0	0	0	0	0	0	0	0	0	0	0
05.500,00.000	33.9	5.5	-200	0	4.5	770.314	216.975	302.315	167.761	38.9072	15.9315	8.43012	5.44513	5.37	9.17966	0	0	0	0	0	0	0	0	0	0	0
05.500,00.000	34	5.5	-200	0	4.5	784.862	220.609	306.494	170.489	40.1737	17.0272	8.71076	5.54738	5.76303	10.0486	0	0	0	0	0	0	0	0	0	0	0
05.500,00.000	34.1	5.5	-200	0	4.5	792.39	222.585	308.645	171.803	40.8206	17.5685	8.86225	5.614	6.0058	10.4671	0.0184103	0	0	0	0	0	0	0	0	0	0
05.500,00.000	34.2	5.5	-200	0	4.5	797.062	223.861	309.965	172.622	41.2066	17.8961	8.96546	5.65141	6.14144	10.5766	0.176607	0	0	0	0	0	0	0	0	0	0
05.500,00.000	34.3	5.5	-200	0	4.5	802.125	225.174	311.294	173.775	41.5983	18.2197	9.07798	5.68681	6.27573	10.6453	0.378259	0	0	0	0	0	0	0	0	0	0
05.500,00.000	34.4	5.5	-200	0	4.5	807.276	226.541	312.627	174.945	42.004	18.5366	9.20007	5.7201	6.40676	10.7154	0.579962	0	0	0	0	0	0	0	0	0	0
05.500,00.000	34.5	5.5	-200	0	4.5	812.484	227.929	313.971	176.134	42.4106	18.85	9.33167	5.75198	6.53633	10.787	0.781688	0	0	0	0	0	0	0	0	0	0
05.500,00.000	34.6	5.5	-200	0	4.5	817.521	229.052	315.323	177.377	42.8	19.1684	9.47876	5.79684	6.66611	10.8637	0.99376	0	0	0	0	0	0	0	0	0	0
05.500,00.000	34.7	5.5	-200	0	4.5	822.447	230.293	316.604	178.548	43.1612	19.4512	9.62377	5.84982	6.79027	10.936	1.18982	0	0	0	0	0	0	0	0	0	0
05.500,00.000	34.8	5.5	-200	0	4.5	836.754	233.65	320.311	181.965	44.2859	20.0737	10.3804	6.00817	7.15798	11.1537	1.768	0	0	0	0	0	0	0	0	0	0
05.500,00.000	34.9	5.5	-200	0	4.5	850.411	237.012	323.79	185.123	45.3344	20.2913	11.4372	6.1627	7.51373	11.445	2.30161	0	0	0	0	0	0	0	0	0	0
05.500,00.000	35	5.5	-200	0	4.5	851.92	237.41	324.194	185.489	45.4555	20.3087	11.4728	6.18206	7.55825	11.4854	2.36358	0	0	0	0	0	0	0	0	0	0
05.500,00.000	35.1	5.5	-200	0	4.5	868.931	241.945	328.516	189.556	46.7884	20.5401	12.2451	6.3848	7.99123	11.9386	3.02629	0	0	0	0	0	0	0	0	0	0
05.500,00.000	35.2	5.5	-200	0	4.5	878.075	244.577	330.678	191.745	47.483	20.6211	12.6356	6.50009	8.23355	12.2107	3.39195	0	0	0	0	0	0	0	0	0	0
05.500,00.000	35.3	5.5	-200	0	4.5	883.136	246.01	331.891	192.973	47.8498	20.6797	12.852	6.56232	8.3581	12.372	3.58867	0	0	0	0	0	0	0	0	0	0
05.500,00.000	35.4	5.5	-200	0	4.5	888.7	247.597	333.218	194.333	48.2503	20.7417	13.0842	6.63113	8.49119	12.5519	3.80261	0	0	0	0	0	0	0	0	0	0
05.500,00.000	35.5	5.5	-200	0	4.5	894.115	249.145	334.499	195.671	48.6386	20.7991	13.3037	6.69901	8.6182	12.7307	4.0103	0	0	0	0	0	0	0	0	0	0
05.500,00.000	35.6	5.5	-200	0	4.5	899.401	250.406	335.79	197.071	49.0543	20.8586	13.5396	6.77229	8.75038	12.9266	4.23235	0	0	0	0	0	0	0	0	0	0
05.500,00.000	35.7	5.5	-200	0	4.5	928.489	256.943	342.504	203.158	53.0298	21.2181	15.035	7.27748	9.58303	14.0728	5.66677	0	0	0	0	0	0	0	0	0	0
05.500,00.000	35.8	5.5	-200	0	4.5	937.263	258.931	344.497	204.798	54.2806	21.2849	15.5206	7.49968	9.88503	14.3951	6.17247	0	0	0	0	0	0	0	0	0	0
05.500,00.000	35.9	5.5	-200	0	4.5	937.263	258.931	344.497	204.798	54.2806	21.2849	15.5206	7.49968	9.88503	14.3951	6.17247	0	0	0	0	0	0	0	0	0	0
05.500,00.000	36	5.5	-200	0	4.5	963.979	264.981	350.427	210.219	57.89	21.6033	17.0216	8.13679	10.6436	15.5008	7.55614	0	0	0	0	0	0	0	0	0	0
05.500,00.000	36.1	5.5	-200	0	4.5	976.322	267.748	353.142	212.607	59.5083	21.7715	17.6835	8.47204	11.0355	16.1278	8.22677	0	0	0	0	0	0	0	0	0	0
05.500,00.000	36.2	5.5	-200	0	4.5	981.395	268.926	354.228	213.615	60.1727	21.8571	17.9603	8.61368	11.1728	16.3664	8.48151	0	0	0	0	0	0	0	0	0	0
05.500,00.000	36.3	5.5	-200	0	4.5	986.607	270.145	355.31	214.671	60.8514	21.9527	18.2406	8.76109	11.3182	16.616	8.74121	0	0	0	0	0	0	0	0	0	0
05.500,00.000	36.4	5.5	-200	0	4.5	999.84	273.195	358.075	217.356	62.5543	22.2105	18.9442	9.14785	11.6725	17.2479	9.43634	0	0	0	0	0	0	0	0	0	0
05.500,00.000	36.5	5.5	-200	0	4.5	1002.45	273.782	358.644	217.881	62.8185	22.2654	19.0765	9.24054	11.7647	17.3789	9.59953	0	0	0	0	0	0	0	0	0	0
05.500,00.000	36.6	5.5	-200	0	4.5	1010.73	275.554	360.456	219.643	63.5348	22.4613	19.5526	9.55947	12.0013	17.8383	10.1261	0	0	0	0	0	0	0	0	0	0
05.500,00.000	36.7	5.5	-200	0	4.5	1035.65	280.665	365.898	224.379	65.5526	23.0749	21.0044	10.9418	12.7718	19.3873	11.6118	0.362591	0	0	0	0	0	0	0	0	0
05.500,00.000	36.8	5.5	-200	0	4.5	1045.97	282.973	368.096	226.354	66.3254	23.3312	21.5516	11.5671	13.0794	19.9842	11.8835	0.823279	0	0	0	0	0	0	0	0	0
05.500,00.000	36.9	5.5	-200	0	4.5	1045.92	282.958	368.095	226.336	66.3202	23.3338	21.5398	11.5719	13.0847	19.9774	11.8853	0.823279	0	0	0	0	0	0	0	0	0
05.500,00.000	37	5.5	-200	0	4.5	1070.3	288.272	372.922	231.191	68.1601	24.2334	22.8092	13.0483	13.8803	21.4089	12.5262	1.85079	0	0	0	0	0	0	0	0	0
05.500,00.000	37.1	5.5	-200	0	4.5	1081.42	290.827	375.02	233.355	68.8559	24.7423	23.3116	13.7749	14.2764	22.084	12.8397	2.33581	0	0	0	0	0	0	0	0	0
05.500,00.000	37.2	5.5	-200	0	4.5	1086.18	291.897	375.924	234.287	69.1845	24.9436	23.5469	14.0794	14.4314	22.3757	12.9729	2.53454	0	0	0	0	0	0	0	0	0
05.500,00.000	37.3	5.5	-200	0	4.5	1091.07	292.971	376.834	235.258	69.5333	25.1624	23.7881	14.3949	14.5976	22.6766	13.1138	2.73575	0	0	0	0	0	0	0	0	0
05.500,00.000	37.4	5.5	-200	0	4.5	1095.86	294.038	377.723	236.177	69.8616	25.3807	24.0273	14.7108	14.7705	22.9756	13.2578	2.93346	0	0	0	0	0	0	0	0	0
05.500,00.000	37.5	5.5	-200	0	4.5	1100.68	295.106	378.594	237.128	70.2053	25.6042	24.2669	15.0255	14.9446	23.2741	13.4052	3.12848	0	0	0	0	0	0	0	0	0
05.500,00.000	37.6	5.5	-200	0	4.5	1107.76	296.665	379.898	238.395	70.6758	25.9438	24.6311	15.5026	15.2066	23.7321	13.6843	3.42465	0	0	0	0	0	0	0	0	0
05.500,00.000	37.7	5.5	-200	0	4.5	1127.23	300.826	383.509	241.748	71.9581	26.8942	25.6536	16.9133	15.9148	25.0148	14.5515	4.24847	0	0	0	0	0	0	0	0	0
05.500,00.000	37.8	5.5	-200	0	4.5	1131.41	301.666	384.267	242.489	72.2604	27.0928	25.8558	17.2394	16.0718	25.2785	14.7612	4.42795	0	0	0	0	0	0	0	0	0
05.500,00.000	37.9	5.5	-200	0	4.5	1131.48	301.681	384.278	242.501	72.265	27.0963	25.8594	17.2444	16.0744	25.283	14.7647	4.43075	0	0	0	0	0	0	0	0	0
05.500,00.000	38	5.5	-200	0	4.5	1142.81	304.085	386.21	244.445	72.9773	27.7653	26.4541	18.0689	16.5128	26.0306	15.3683	4.89366	0	0	0	0	0	0	0	0	0
05.500,00.000	38.1	5.5	-200	0	4.5	1154.36	306.499	388.123	246.454	73.7652	28.3728	27.1155	18.9036	16.9703	26.8043	15.9902	5.36647	0	0	0	0	0	0	0	0	0
05.500,00.000	38.2	5.5	-200	0	4.5	1156.73	307.003	388.51	246.849	73.9203	28.4848	27.2569	19.0777	17.0685	26.9645	16.1247	5.46598	0	0	0	0	0	0	0	0	0
05.500,00.000	38.3	5.5	-200	0	4.5	1163.18	308.455	389.464	247.929	74.3176	28.8728	27.6306	19.5287	17.3369	27.4132	16.4986	5.72882	0	0	0	0	0	0	0	0	0
05.500,00.000	38.4	5.5	-200	0	4.5	1166.21	309.124	389.911	248.439	74.5175	29.0284	27.8126	19.7425	17.4686	27.6265	16.6808	5.85456	0	0	0	0	0	0	0	0	0
05.500,00.000	38.5	5.5	-200	0	4.5	1171.35	310.323	390.652	249.269	74.8111	29.3092	28.1231	20.098	17.6985	27.9958	17.0026	6.06706	0	0	0	0	0	0	0	0	0
05.500,00.000	38.6	5.5	-200	0	4.5	1188.33	314.164	393.222	251.857	75.7026	30.1498	29.0497	21.3693	18.5194	29.2744	18.1809	6.84012	0	0	0	0	0	0	0	0	0
05.500,00.000	38.7	5.5	-200	0	4.5	1192.72	315.12	393.852	252.525	75.9642	30.4107	29.2906	21.7029	18.7396	29.5811	18.4949	7.03853	0	0	0	0	0	0	0	0	0
05.500,00.000	38.8	5.5	-200	0	4.5	1192.73	315.121	393.853	252.526	75.9645	30.411	29.2909	21.7032	18.7398	29.5816	18.4953	7.03877	0	0	0	0	0	0	0	0	0
05.500,00.000	38.9	5.5	-200	0	4.5	1192.79	315.137	393.861	252.536	75.9681	30.4147	29.2948	21.7077	18.7433	29.5866	18.5002	7.0416	0	0	0	0	0	0	0	0	0
05.500,00.000	39	5.5	-200	0	4.5	1197.38	316.224	394.441	253.249	76.2252	30.6909	29.5702	22.0043	18.9825	29.918	18.8395	7.23529	0	0	0	0	0	0	0	0	0
05.500,00.000	39.1	5.5	-200	0	4.5	1205.52	318.206	395.434	254.563	76.6641	31.1085	30.0349	22.5239	19.4258	30.5175	19.4572	7.58335	0	0	0	0	0	0	0	0	0
05.500,00.000	39.2	5.5	-200	0	4.5	1211.65	319.833	396.156	255.492	76.9929	31.3975	30.3733	22.9024	19.7713	30.9696	19.9201	7.84411	0	0	0	0	0	0	0	0	0
05.500,00.000	39.3	5.5	-200	0	4.5	1214.75	320.663	396.505	255.951	77.1515	31.5678	30.5582	23.0765	19.9491	31.2	20.1478	7.97611	0	0	0	0	0	0	0	0	0
05.500,00.000	39.4	5.5	-200	0	4.5	1217.54	321.435	396.801	256.394	77.2933	31.7165	30.7106	23.2211	20.1146	31.4135	20.3494	8.09414	0	0	0	0	0	0	0	0	0
05.500,00.000	39.5	5.5	-200	0	4.5	1223.72	323.134	397.447	257.336	77.5984	32.0427	31.0809	23.5305	20.4906	31.8932	20.8115	8.35535	0	0	0	0	0	0	0	0	0
05.500,00.000	39.6	5.5	-200	0	4.5	1228.74	324.501	397.966	258.03	77.8516	32.3157	31.4249	23.8124	20.8026	32.2665	21.1949	8.57132	0	0	0	0	0	0	0	0	0
05.500,00.000	39.7	5.5	-200	0	4.5	1230.7	325.047	398.163	258.315	77.9499	32.4195	31.5424	23.9193	20.9259	32.4156	21.345	8.655	0	0	0	0	0	0	0	0	0
05.500,00.000	39.8	5.5	-200	0	4.5	1233.73	325.905	398.447	258.753	78.1002	32.5988	31.7542	24.0782	21.1136	32.6319	21.5701	8.78155	0	0	0	0	0	0	0	0	0
05.500,00.000	39.9	5.5	-200	0	4.5	1237.17	326.874	398.761	259.228	78.2729	32.8243	31.9724	24.2478	21.3378	32.8917	21.8355	8.92537	0	0	0	0	0	0	0	0	0
05.500,00.000	40	5.5	-200	0	4.5	1238.94	327.397	398.924	259.479	78.3672	32.9218	32.0492	24.3347	21.4605	33.0305	21.9774	9.00219	0	0	0	0	0	0	0	0	0
05.500,00.000	40.1	5.5	-200	0	4.5	1244.39	329.017	399.425	260.241	78.6407	33.2127	32.3358	24.588	21.8534	33.451	22.394	9.23133	0	0	0	0	0	0	0	0	0
05.500,00.000	40.2	5.5	-200	0	4.5	1247.67	329.988	399.719	260.688	78.8011	33.419	32.5348	24.7308	22.1121	33.6832	22.6292	9.36805	0	0	0	0	0	0	0	0	0
05.500,00.000	40.3	5.5	-200	0	4.5	1250.55	330.815	399.959	261.095	78.9356	33.604	32.7285	24.8531	22.3411	33.8967	22.8389	9.48764	0	0	0	0	0	0	0	0	0
05.500,00.000	40.4	5.5	-200	0	4.5	1252.74	331.473	400.129	261.422	79.0398	33.7308	32.836	24.9402	22.521	34.0679	23.0009	9.51552	0.0643779	0	0	0	0	0	0	0	0
05.500,00.000	40.5	5.5	-200	0	4.5	1257.4	332.868	400.468	262.125	79.2631	34.0034	33.0795	25.1117	22.9054	34.4528	23.3534	9.53437	0.238066	0	0	0	0	0	0	0	0
05.500,00.000	40.6	5.5	-200	0	4.5	1260.16	333.721	400.666	262.534	79.4071	34.1947	33.2715	25.2148	23.0874	34.626	23.5445	9.52406	0.369035	0	0	0	0	0	0	0	0
05.500,00.000	40.7	5.5	-200	0	4.5	1262.93	334.574	400.855	262.945	79.5472	34.3704	33.4071	25.3046	23.2731	34.8798	23.7606	9.53044	0.480063	0	0	0	0	0	0	0	0
05.500,00.000	40.8	5.5	-200	0	4.5	1265.76	335.455	401.045	263.378	79.698	34.5677	33.6133	25.3982	23.4669	35.0578	23.9414	9.53044	0.604168	0	0	0	0	0	0	0	0
05.500,00.000	40.9	5.5	-200	0	4.5	1268.59	336.313	401.221	263.782	79.844	34.7902	33.8256	25.4845	23.6724	35.262	24.1364	9.53044	0.72659	0	0	0	0	0	0	0	0
05.500,00.000	41	5.5	-200	0	4.5	1271.48	337.195	401.387	264.194	79.9965	34.9885	33.9737	25.5584	23.8833	35.547	24.3707	9.53044	0.851408	0	0	0	0	0	0	0	0
05.500,00.000	41.1	5.5	-200	0	4.5	1274.17	338.04	401.543	264.601	80.1422	35.1733	34.1375	25.6237	24.0682	35.7894	24.5525	9.53044	0.970981	0	0	0	0	0	0	0	0
05.500,00.000	41.2	5.5	-200	0	4.5	1276.81	338.867	401.685	264.995	80.3028	35.3747	34.3448	25.684	24.2504	35.968	24.7174	9.53044	1.08745	0	0	0	0	0	0	0	0
05.500,00.000	41.3	5.5	-200	0	4.5	1279.56	339.67	401.822	265.379	80.4724	35.5924	34.5606	25.7385	24.4434	36.2068	24.9399	9.53044	1.20161	0	0	0	0	0	0	0	0
05.500,00.000	41.4	5.5	-200	0	4.5	1282.19	340.501	401.97	265.761	80.6502	35.7994	34.7199	25.7819	24.6116	36.4499	25.0935	9.53044	1.31822	0	0	0	0	0	0	0	0
05.500,00.000	41.5	5.5	-200	0	4.5	1284.75	341.272	402.108	266.118	80.8175	36.0017	34.9176	25.8234	24.7802	36.6471	25.3069	9.53044	1.42435	0	0	0	0	0	0	0	0
05.500,00.000	41.6	5.5	-200	0	4.5	1287.25	342.061	402.248	266.473	80.9874	36.2035	35.0683	25.8571	24.933	36.9009	25.453	9.53052	1.5344	0	0	0	0	0	0	0	0
05.500,00.000	41.7	5.5	-200	0	4.5	1289.71	342.801	402.374	266.814	81.1492	36.4151	35.256	25.8928	25.0883	37.092	25.6607	9.53097	1.6356	0	0	0	0	0	0	0	0
05.500,00.000	41.8	5.5	-200	0	4.5	1292.26	343.544	402.492	267.163	81.3174	36.6603	35.451	25.928	25.2512	37.3022	25.8762	9.53173	1.73785	0	0	0	0	0	0	0	0
05.500,00.000	41.9	5.5	-200	0	4.5	1294.71	344.307	402.608	267.513	81.4928	36.8838	35.5967	25.954	25.3976	37.5695	26.0114	9.53234	1.84482	0	0	0	0	0	0	0	0
05.500,00.000	42	5.5	-200	0	4.5	1297.03	345.028	402.711	267.85	81.6611	37.0865	35.7392	25.9773	25.5257	37.8286	26.1476	9.53309	1.94503	0	0	0	0	0	0	0	0