
label	time(d)	x	depth	z	radius	total	0-10	10-20	20-30	30-40	40-50	50-60	60-70	70-80	80-90	90-100	100-110	110-120	120-130	130-140	140-150	150-160	160-170	170-180	180-190	190-200
05.500,00.000	0	5.5	-200	0	4.5	0	0	0	0	0	0	0	0	0	0	0	0	0	0	0	0	0	0	0	0	0
05.500,00.000	0.1	5.5	-200	0	4.5	0	0	0	0	0	0	0	0	0	0	0	0	0	0	0	0	0	0	0	0	0
05.500,00.000	0.2	5.5	-200	0	4.5	0	0	0	0	0	0	0	0	0	0	0	0	0	0	0	0	0	0	0	0	0
05.500,00.000	0.3	5.5	-200	0	4.5	0	0	0	0	0	0	0	0	0	0	0	0	0	0	0	0	0	0	0	0	0
05.500,00.000	0.4	5.5	-200	0	4.5	0	0	0	0	0	0	0	0	0	0	0	0	0	0	0	0	0	0	0	0	0
05.500,00.000	0.5	5.5	-200	0	4.5	0	0	0	0	0	0	0	0	0	0	0	0	0	0	0	0	0	0	0	0	0
05.500,00.000	0.6	5.5	-200	0	4.5	0	0	0	0	0	0	0	0	0	0	0	0	0	0	0	0	0	0	0	0	0
05.500,00.000	0.7	5.5	-200	0	4.5	0	0	0	0	0	0	0	0	0	0	0	0	0	0	0	0	0	0	0	0	0
05.500,00.000	0.8	5.5	-200	0	4.5	0	0	0	0	0	0	0	0	0	0	0	0	0	0	0	0	0	0	0	0	0
05.500,00.000	0.9	5.5	-200	0	4.5	0	0	0	0	0	0	0	0	0	0	0	0	0	0	0	0	0	0	0	0	0
05.500,00.000	1	5.5	-200	0	4.5	0	0	0	0	0	0	0	0	0	0	0	0	0	0	0	0	0	0	0	0	0
05.500,00.000	1.1	5.5	-200	0	4.5	0	0	0	0	0	0	0	0	0	0	0	0	0	0	0	0	0	0	0	0	0
05.500,00.000	1.2	5.5	-200	0	4.5	0	0	0	0	0	0	0	0	0	0	0	0	0	0	0	0	0	0	0	0	0
05.500,00.000	1.3	5.5	-200	0	4.5	0	0	0	0	0	0	0	0	0	0	0	0	0	0	0	0	0	0	0	0	0
05.500,00.000	1.4	5.5	-200	0	4.5	0	0	0	0	0	0	0	0	0	0	0	0	0	0	0	0	0	0	0	0	0
05.500,00.000	1.5	5.5	-200	0	4.5	0	0	0	0	0	0	0	0	0	0	0	0	0	0	0	0	0	0	0	0	0
05.500,00.000	1.6	5.5	-200	0	4.5	0	0	0	0	0	0	0	0	0	0	0	0	0	0	0	0	0	0	0	0	0
05.500,00.000	1.7	5.5	-200	0	4.5	0	0	0	0	0	0	0	0	0	0	0	0	0	0	0	0	0	0	0	0	0
05.500,00.000	1.8	5.5	-200	0	4.5	0	0	0	0	0	0	0	0	0	0	0	0	0	0	0	0	0	0	0	0	0
05.500,00.000	1.9	5.5	-200	0	4.5	0	0	0	0	0	0	0	0	0	0	0	0	0	0	0	0	0	0	0	0	0
05.500,00.000	2	5.5	-200	0	4.5	0	0	0	0	0	0	0	0	0	0	0	0	0	0	0	0	0	0	0	0	0
05.500,00.000	2.1	5.5	-200	0	4.5	0	0	0	0	0	0	0	0	0	0	0	0	0	0	0	0	0	0	0	0	0
05.500,00.000	2.2	5.5	-200	0	4.5	0	0	0	0	0	0	0	0	0	0	0	0	0	0	0	0	0	0	0	0	0
05.500,00.000	2.3	5.5	-200	0	4.5	0	0	0	0	0	0	0	0	0	0	0	0	0	0	0	0	0	0	0	0	0
05.500,00.000	2.4	5.5	-200	0	4.5	0	0	0	0	0	0	0	0	0	0	0	0	0	0	0	0	0	0	0	0	0
05.500,00.000	2.5	5.5	-200	0	4.5	0	0	0	0	0	0	0	0	0	0	0	0	0	0	0	0	0	0	0	0	0
05.500,00.000	2.6	5.5	-200	0	4.5	0	0	0	0	0	0	0	0	0	0	0	0	0	0	0	0	0	0	0	0	0
05.500,00.000	2.7	5.5	-200	0	4.5	0	0	0	0	0	0	0	0	0	0	0	0	0	0	0	0	0	0	0	0	0
05.500,00.000	2.8	5.5	-200	0	4.5	0	0	0	0	0	0	0	0	0	0	0	0	0	0	0	0	0	0	0	0	0
05.500,00.000	2.9	5.5	-200	0	4.5	0	0	0	0	0	0	0	0	0	0	0	0	0	0	0	0	0	0	0	0	0
05.500,00.000	3	5.5	-200	0	4.5	0	0	0	0	0	0	0	0	0	0	0	0	0	0	0	0	0	0	0	0	0
05.500,00.000	3.1	5.5	-200	0	4.5	0	0	0	0	0	0	0	0	0	0	0	0	0	0	0	0	0	0	0	0	0
05.500,00.000	3.2	5.5	-200	0	4.5	0	0	0	0	0	0	0	0	0	0	0	0	0	0	0	0	0	0	0	0	0
05.500,00.000	3.3	5.5	-200	0	4.5	3.55271e-15	3.55271e-15	0	0	0	0	0	0	0	0	0	0	0	0	0	0	0	0	0	0	0
05.500,00.000	3.4	5.5	-200	0	4.5	0.271577	0.271577	0	0	0	0	0	0	0	0	0	0	0	0	0	0	0	0	0	0	0
05.500,00.000	3.5	5.5	-200	0	4.5	0.54312	0.54312	0	0	0	0	0	0	0	0	0	0	0	0	0	0	0	0	0	0	0
05.500,00.000	3.6	5.5	-200	0	4.5	0.812792	0.812792	0	0	0	0	0	0	0	0	0	0	0	0	0	0	0	0	0	0	0
05.500,00.000	3.7	5.5	-200	0	4.5	1.08202	1.08202	0	0	0	0	0	0	0	0	0	0	0	0	0	0	0	0	0	0	0
05.500,00.000	3.8	5.5	-200	0	4.5	1.35152	1.35152	0	0	0	0	0	0	0	0	0	0	0	0	0	0	0	0	0	0	0
05.500,00.000	3.9	5.5	-200	0	4.5	1.62176	1.62176	0	0	0	0	0	0	0	0	0	0	0	0	0	0	0	0	0	0	0
05.500,00.000	4	5.5	-200	0	4.5	1.89313	1.89313	0	0	0	0	0	0	0	0	0	0	0	0	0	0	0	0	0	0	0
05.500,00.000	4.1	5.5	-200	0	4.5	2.16457	2.16457	0	0	0	0	0	0	0	0	0	0	0	0	0	0	0	0	0	0	0
05.500,00.000	4.2	5.5	-200	0	4.5	2.436	2.436	0	0	0	0	0	0	0	0	0	0	0	0	0	0	0	0	0	0	0
05.500,00.000	4.3	5.5	-200	0	4.5	2.708	2.708	0	0	0	0	0	0	0	0	0	0	0	0	0	0	0	0	0	0	0
05.500,00.000	4.4	5.5	-200	0	4.5	2.98089	2.98089	0	0	0	0	0	0	0	0	0	0	0	0	0	0	0	0	0	0	0
05.500,00.000	4.5	5.5	-200	0	4.5	3.25248	3.25248	0	0	0	0	0	0	0	0	0	0	0	0	0	0	0	0	0	0	0
05.500,00.000	4.6	5.5	-200	0	4.5	3.5231	3.5231	0	0	0	0	0	0	0	0	0	0	0	0	0	0	0	0	0	0	0
05.500,00.000	4.7	5.5	-200	0	4.5	3.79329	3.79329	0	0	0	0	0	0	0	0	0	0	0	0	0	0	0	0	0	0	0
05.500,00.000	4.8	5.5	-200	0	4.5	4.06331	4.05271	0.0105927	0	0	0	0	0	0	0	0	0	0	0	0	0	0	0	0	0	0
05.500,00.000	4.9	5.5	-200	0	4.5	4.33326	4.05142	0.281835	0	0	0	0	0	0	0	0	0	0	0	0	0	0	0	0	0	0
05.500,00.000	5	5.5	-200	0	4.5	4.60299	4.05142	0.551568	0	0	0	0	0	0	0	0	0	0	0	0	0	0	0	0	0	0
05.500,00.000	5.1	5.5	-200	0	4.5	4.87249	4.05142	0.82107	0	0	0	0	0	0	0	0	0	0	0	0	0	0	0	0	0	0
05.500,00.000	5.2	5.5	-200	0	4.5	5.14225	4.05142	1.09083	0	0	0	0	0	0	0	0	0	0	0	0	0	0	0	0	0	0
05.500,00.000	5.3	5.5	-200	0	4.5	5.41236	4.05142	1.36094	0	0	0	0	0	0	0	0	0	0	0	0	0	0	0	0	0	0
05.500,00.000	5.4	5.5	-200	0	4.5	5.68143	4.05142	1.63001	0	0	0	0	0	0	0	0	0	0	0	0	0	0	0	0	0	0
05.500,00.000	5.5	5.5	-200	0	4.5	5.94772	4.05142	1.8963	0	0	0	0	0	0	0	0	0	0	0	0	0	0	0	0	0	0
05.500,00.000	5.6	5.5	-200	0	4.5	6.21583	4.05142	2.16441	0	0	0	0	0	0	0	0	0	0	0	0	0	0	0	0	0	0
05.500,00.000	5.7	5.5	-200	0	4.5	6.48333	4.05142	2.43191	0	0	0	0	0	0	0	0	0	0	0	0	0	0	0	0	0	0
05.500,00.000	5.8	5.5	-200	0	4.5	6.75051	4.05142	2.69909	0	0	0	0	0	0	0	0	0	0	0	0	0	0	0	0	0	0
05.500,00.000	5.9	5.5	-200	0	4.5	7.01816	4.05142	2.96674	0	0	0	0	0	0	0	0	0	0	0	0	0	0	0	0	0	0
05.500,00.000	6	5.5	-200	0	4.5	7.28512	4.05142	3.2337	0	0	0	0	0	0	0	0	0	0	0	0	0	0	0	0	0	0
05.500,00.000	6.1	5.5	-200	0	4.5	7.55182	4.05142	3.50039	0	0	0	0	0	0	0	0	0	0	0	0	0	0	0	0	0	0
05.500,00.000	6.2	5.5	-200	0	4.5	7.81837	4.05142	3.76695	0	0	0	0	0	0	0	0	0	0	0	0	0	0	0	0	0	0
05.500,00.000	6.3	5.5	-200	0	4.5	8.08423	4.05142	4.03281	0	0	0	0	0	0	0	0	0	0	0	0	0	0	0	0	0	0
05.500,00.000	6.4	5.5	-200	0	4.5	8.34996	4.05142	4.29854	0	0	0	0	0	0	0	0	0	0	0	0	0	0	0	0	0	0
05.500,00.000	6.5	5.5	-200	0	4.5	8.61492	4.05142	4.56349	0	0	0	0	0	0	0	0	0	0	0	0	0	0	0	0	0	0
05.500,00.000	6.6	5.5	-200	0	4.5	8.87961	4.05142	4.82819	0	0	0	0	0	0	0	0	0	0	0	0	0	0	0	0	0	0
05.500,00.000	6.7	5.5	-200	0	4.5	9.14279	4.05142	5.09137	0	0	0	0	0	0	0	0	0	0	0	0	0	0	0	0	0	0
05.500,00.000	6.8	5.5	-200	0	4.5	9.40631	4.05142	5.35489	0	0	0	0	0	0	0	0	0	0	0	0	0	0	0	0	0	0
05.500,00.000	6.9	5.5	-200	0	4.5	9.67016	4.05142	5.61874	0	0	0	0	0	0	0	0	0	0	0	0	0	0	0	0	0	0
05.500,00.000	7	5.5	-200	0	4.5	9.93313	4.05142	5.88171	0	0	0	0	0	0	0	0	0	0	0	0	0	0	0	0	0	0
05.500,00.000	7.1	5.5	-200	0	4.5	10.1956	4.05142	6.14416	0	0	0	0	0	0	0	0	0	0	0	0	0	0	0	0	0	0
05.500,00.000	7.2	5.5	-200	0	4.5	10.4578	4.05142	6.40641	0	0	0	0	0	0	0	0	0	0	0	0	0	0	0	0	0	0
05.500,00.000	7.3	5.5	-200	0	4.5	10.7197	4.05142	6.66831	0	0	0	0	0	0	0	0	0	0	0	0	0	0	0	0	0	0
05.500,00.000	7.4	5.5	-200	0	4.5	10.9813	4.05142	6.92989	0	0	0	0	0	0	0	0	0	0	0	0	0	0	0	0	0	0
05.500,00.000	7.5	5.5	-200	0	4.5	11.2419	4.05157	7.1903	0	0	0	0	0	0	0	0	0	0	0	0	0	0	0	0	0	0
05.500,00.000	7.6	5.5	-200	0	4.5	11.5041	4.05338	7.45072	0	0	0	0	0	0	0	0	0	0	0	0	0	0	0	0	0	0
05.500,00.000	7.7	5.5	-200	0	4.5	11.7665	4.05568	7.71079	0	0	0	0	0	0	0	0	0	0	0	0	0	0	0	0	0	0
05.500,00.000	7.8	5.5	-200	0	4.5	12.0303	4.05964	7.97066	0	0	0	0	0	0	0	0	0	0	0	0	0	0	0	0	0	0
05.500,00.000	7.9	5.5	-200	0	4.5	12.2959	4.06585	8.23004	0	0	0	0	0	0	0	0	0	0	0	0	0	0	0	0	0	0
05.500,00.000	8	5.5	-200	0	4.5	12.4752	4.07467	8.40054	0	0	0	0	0	0	0	0	0	0	0	0	0	0	0	0	0	0
05.500,00.000	8.1	5.5	-200	0	4.5	12.479	4.08655	8.39248	0	0	0	0	0	0	0	0	0	0	0	0	0	0	0	0	0	0
05.500,00.000	8.2	5.5	-200	0	4.5	12.4911	4.10534	8.38576	0	0	0	0	0	0	0	0	0	0	0	0	0	0	0	0	0	0
05.500,00.000	8.3	5.5	-200	0	4.5	12.5143	4.12857	8.38576	0	0	0	0	0	0	0	0	0	0	0	0	0	0	0	0	0	0
05.500,00.000	8.4	5.5	-200	0	4.5	12.5433	4.15758	8.38576	0	0	0	0	0	0	0	0	0	0	0	0	0	0	0	0	0	0
05.500,00.000	8.5	5.5	-200	0	4.5	12.5778	4.192	8.38576	0	0	0	0	0	0	0	0	0	0	0	0	0	0	0	0	0	0
05.500,00.000	8.6	5.5	-200	0	4.5	12.6188	4.23308	8.38576	0	0	0	0	0	0	0	0	0	0	0	0	0	0	0	0	0	0
05.500,00.000	8.7	5.5	-200	0	4.5	12.6651	4.27936	8.38576	0	0	0	0	0	0	0	0	0	0	0	0	0	0	0	0	0	0
05.500,00.000	8.8	5.5	-200	0	4.5	12.7186	4.33282	8.38576	0	0	0	0	0	0	0	0	0	0	0	0	0	0	0	0	0	0
05.500,00.000	8.9	5.5	-200	0	4.5	12.7791	4.39329	8.38576	0	0	0	0	0	0	0	0	0	0	0	0	0	0	0	0	0	0
05.500,00.000	9	5.5	-200	0	4.5	12.8479	4.46214	8.38576	0	0	0	0	0	0	0	0	0	0	0	0	0	0	0	0	0	0
05.500,00.000	9.1	5.5	-200	0	4.5	12.9247	4.53894	8.38576	0	0	0	0	0	0	0	0	0	0	0	0	0	0	0	0	0	0
05.500,00.000	9.2	5.5	-200	0	4.5	13.0093	4.62311	8.38616	0	0	0	0	0	0	0	0	0	0	0	0	0	0	0	0	0	0
05.500,00.000	9.3	5.5	-200	0	4.5	13.0946	4.70687	8.38775	0	0	0	0	0	0	0	0	0	0	0	0	0	0	0	0	0	0
05.500,00.000	9.4	5.5	-200	0	4.5	13.1831	4.79219	8.39095	0	0	0	0	0	0	0	0	0	0	0	0	0	0	0	0	0	0
05.500,00.000	9.5	5.5	-200	0	4.5	13.2779	4.88158	8.39635	0	0	0	0	0	0	0	0	0	0	0	0	0	0	0	0	0	0
05.500,00.000	9.6	5.5	-200	0	4.5	13.3822	4.97723	8.40501	0	0	0	0	0	0	0	0	0	0	0	0	0	0	0	0	0	0
05.500,00.000	9.7	5.5	-200	0	4.5	13.4951	5.07875	8.41636	0	0	0	0	0	0	0	0	0	0	0	0	0	0	0	0	0	0
05.500,00.000	9.8	5.5	-200	0	4.5	13.6169	5.18547	8.43138	0	0	0	0	0	0	0	0	0	0	0	0	0	0	0	0	0	0
05.500,00.000	9.9	5.5	-200	0	4.5	13.7492	5.29803	8.45116	0	0	0	0	0	0	0	0	0	0	0	0	0	0	0	0	0	0
05.500,00.000	10	5.5	-200	0	4.5	13.8909	5.41551	8.4754	0	0	0	0	0	0	0	0	0	0	0	0	0	0	0	0	0	0
05.500,00.000	10.1	5.5	-200	0	4.5	14.0432	5.53746	8.50576	0	0	0	0	0	0	0	0	0	0	0	0	0	0	0	0	0	0
05.500,00.000	10.2	5.5	-200	0	4.5	14.2062	5.66423	8.54199	0	0	0	0	0	0	0	0	0	0	0	0	0	0	0	0	0	0
05.500,00.000	10.3	5.5	-200	0	4.5	14.3803	5.79592	8.58434	0	0	0	0	0	0	0	0	0	0	0	0	0	0	0	0	0	0
05.500,00.000	10.4	5.5	-200	0	4.5	14.5657	5.9326	8.63313	0	0	0	0	0	0	0	0	0	0	0	0	0	0	0	0	0	0
05.500,00.000	10.5	5.5	-200	0	4.5	14.7579	6.07075	8.68718	0	0	0	0	0	0	0	0	0	0	0	0	0	0	0	0	0	0
05.500,00.000	10.6	5.5	-200	0	4.5	14.9625	6.21429	8.74825	0	0	0	0	0	0	0	0	0	0	0	0	0	0	0	0	0	0
05.500,00.000	10.7	5.5	-200	0	4.5	15.1772	6.36147	8.81575	0	0	0	0	0	0	0	0	0	0	0	0	0	0	0	0	0	0
05.500,00.000	10.8	5.5	-200	0	4.5	15.403	6.5133	8.88972	0	0	0	0	0	0	0	0	0	0	0	0	0	0	0	0	0	0
05.500,00.000	10.9	5.5	-200	0	4.5	15.6437	6.67094	8.97276	0	0	0	0	0	0	0	0	0	0	0	0	0	0	0	0	0	0
05.500,00.000	11	5.5	-200	0	4.5	15.8958	6.83327	9.06256	0	0	0	0	0	0	0	0	0	0	0	0	0	0	0	0	0	0
05.500,00.000	11.1	5.5	-200	0	4.5	16.1238	6.9609	9.16289	0	0	0	0	0	0	0	0	0	0	0	0	0	0	0	0	0	0
05.500,00.000	11.2	5.5	-200	0	4.5	16.3664	7.09441	9.27195	0	0	0	0	0	0	0	0	0	0	0	0	0	0	0	0	0	0
05.500,00.000	11.3	5.5	-200	0	4.5	16.6246	7.23364	9.39096	0	0	0	0	0	0	0	0	0	0	0	0	0	0	0	0	0	0
05.500,00.000	11.4	5.5	-200	0	4.5	16.901	7.38065	9.52036	0	0	0	0	0	0	0	0	0	0	0	0	0	0	0	0	0	0
05.500,00.000	11.5	5.5	-200	0	4.5	17.1844	7.52702	9.65739	0	0	0	0	0	0	0	0	0	0	0	0	0	0	0	0	0	0
05.500,00.000	11.6	5.5	-200	0	4.5	17.4848	7.67886	9.80594	0	0	0	0	0	0	0	0	0	0	0	0	0	0	0	0	0	0
05.500,00.000	11.7	5.5	-200	0	4.5	17.8001	7.83486	9.96523	0	0	0	0	0	0	0	0	0	0	0	0	0	0	0	0	0	0
05.500,00.000	11.8	5.5	-200	0	4.5	18.1308	7.99551	10.1352	0	0	0	0	0	0	0	0	0	0	0	0	0	0	0	0	0	0
05.500,00.000	11.9	5.5	-200	0	4.5	18.4788	8.16249	10.3163	0	0	0	0	0	0	0	0	0	0	0	0	0	0	0	0	0	0
05.500,00.000	12	5.5	-200	0	4.5	18.9093	8.38757	10.5217	0	0	0	0	0	0	0	0	0	0	0	0	0	0	0	0	0	0
05.500,00.000	12.1	5.5	-200	0	4.5	19.3597	8.62109	10.7387	0	0	0	0	0	0	0	0	0	0	0	0	0	0	0	0	0	0
05.500,00.000	12.2	5.5	-200	0	4.5	19.8012	8.84809	10.9531	0	0	0	0	0	0	0	0	0	0	0	0	0	0	0	0	0	0
05.500,00.000	12.3	5.5	-200	0	4.5	20.2617	9.08237	11.1794	0	0	0	0	0	0	0	0	0	0	0	0	0	0	0	0	0	0
05.500,00.000	12.4	5.5	-200	0	4.5	20.7421	9.3238	11.4183	0	0	0	0	0	0	0	0	0	0	0	0	0	0	0	0	0	0
05.500,00.000	12.5	5.5	-200	0	4.5	21.5164	9.70809	11.8083	0	0	0	0	0	0	0	0	0	0	0	0	0	0	0	0	0	0
05.500,00.000	12.6	5.5	-200	0	4.5	21.8992	9.89535	12.0039	0	0	0	0	0	0	0	0	0	0	0	0	0	0	0	0	0	0
05.500,00.000	12.7	5.5	-200	0	4.5	22.4386	10.163	12.2756	0	0	0	0	0	0	0	0	0	0	0	0	0	0	0	0	0	0
05.500,00.000	12.8	5.5	-200	0	4.5	22.8443	10.3684	12.4759	0	0	0	0	0	0	0	0	0	0	0	0	0	0	0	0	0	0
05.500,00.000	12.9	5.5	-200	0	4.5	23.1876	10.5411	12.6466	0	0	0	0	0	0	0	0	0	0	0	0	0	0	0	0	0	0
05.500,00.000	13	5.5	-200	0	4.5	23.9408	10.9176	13.0232	0	0	0	0	0	0	0	0	0	0	0	0	0	0	0	0	0	0
05.500,00.000	13.1	5.5	-200	0	4.5	24.6268	11.2589	13.3678	0	0	0	0	0	0	0	0	0	0	0	0	0	0	0	0	0	0
05.500,00.000	13.2	5.5	-200	0	4.5	25.2761	11.5805	13.6956	0	0	0	0	0	0	0	0	0	0	0	0	0	0	0	0	0	0
05.500,00.000	13.3	5.5	-200	0	4.5	25.9467	11.9113	14.0353	0	0	0	0	0	0	0	0	0	0	0	0	0	0	0	0	0	0
05.500,00.000	13.4	5.5	-200	0	4.5	26.6265	12.2389	14.3876	0	0	0	0	0	0	0	0	0	0	0	0	0	0	0	0	0	0
05.500,00.000	13.5	5.5	-200	0	4.5	28.0201	12.9017	15.1184	0	0	0	0	0	0	0	0	0	0	0	0	0	0	0	0	0	0
05.500,00.000	13.6	5.5	-200	0	4.5	28.4687	13.1101	15.3585	0	0	0	0	0	0	0	0	0	0	0	0	0	0	0	0	0	0
05.500,00.000	13.7	5.5	-200	0	4.5	29.2551	13.4778	15.7772	0	0	0	0	0	0	0	0	0	0	0	0	0	0	0	0	0	0
05.500,00.000	13.8	5.5	-200	0	4.5	29.9254	13.7551	16.1703	0	0	0	0	0	0	0	0	0	0	0	0	0	0	0	0	0	0
05.500,00.000	13.9	5.5	-200	0	4.5	30.048	13.807	16.241	0	0	0	0	0	0	0	0	0	0	0	0	0	0	0	0	0	0
05.500,00.000	14	5.5	-200	0	4.5	31.1815	14.287	16.8945	0	0	0	0	0	0	0	0	0	0	0	0	0	0	0	0	0	0
05.500,00.000	14.1	5.5	-200	0	4.5	32.135	14.6958	17.4391	0	0	0	0	0	0	0	0	0	0	0	0	0	0	0	0	0	0
05.500,00.000	14.2	5.5	-200	0	4.5	32.9581	15.0439	17.9143	0	0	0	0	0	0	0	0	0	0	0	0	0	0	0	0	0	0
05.500,00.000	14.3	5.5	-200	0	4.5	33.7889	15.396	18.393	0	0	0	0	0	0	0	0	0	0	0	0	0	0	0	0	0	0
05.500,00.000	14.4	5.5	-200	0	4.5	34.6232	15.7525	18.8707	0	0	0	0	0	0	0	0	0	0	0	0	0	0	0	0	0	0
05.500,00.000	14.5	5.5	-200	0	4.5	37.2342	16.8468	20.3874	0	0	0	0	0	0	0	0	0	0	0	0	0	0	0	0	0	0
05.500,00.000	14.6	5.5	-200	0	4.5	37.7394	17.0776	20.6618	0	0	0	0	0	0	0	0	0	0	0	0	0	0	0	0	0	0
05.500,00.000	14.7	5.5	-200	0	4.5	38.3185	17.3094	21.0091	0	0	0	0	0	0	0	0	0	0	0	0	0	0	0	0	0	0
05.500,00.000	14.8	5.5	-200	0	4.5	38.3853	17.3397	21.0456	0	0	0	0	0	0	0	0	0	0	0	0	0	0	0	0	0	0
05.500,00.000	14.9	5.5	-200	0	4.5	40.8266	18.3444	22.4822	0	0	0	0	0	0	0	0	0	0	0	0	0	0	0	0	0	0
05.500,00.000	15	5.5	-200	0	4.5	42.278	19.018	23.2601	0	0	0	0	0	0	0	0	0	0	0	0	0	0	0	0	0	0
05.500,00.000	15.1	5.5	-200	0	4.5	43.1474	19.405	23.7424	0	0	0	0	0	0	0	0	0	0	0	0	0	0	0	0	0	0
05.500,00.000	15.2	5.5	-200	0	4.5	43.9915	19.7938	24.1976	0	0	0	0	0	0	0	0	0	0	0	0	0	0	0	0	0	0
05.500,00.000	15.3	5.5	-200	0	4.5	44.861	20.2033	24.6577	0	0	0	0	0	0	0	0	0	0	0	0	0	0	0	0	0	0
05.500,00.000	15.4	5.5	-200	0	4.5	45.747	20.6208	25.1262	0	0	0	0	0	0	0	0	0	0	0	0	0	0	0	0	0	0
05.500,00.000	15.5	5.5	-200	0	4.5	50.3238	22.6957	27.6281	0	0	0	0	0	0	0	0	0	0	0	0	0	0	0	0	0	0
05.500,00.000	15.6	5.5	-200	0	4.5	51.245	23.0989	28.1461	0	0	0	0	0	0	0	0	0	0	0	0	0	0	0	0	0	0
05.500,00.000	15.7	5.5	-200	0	4.5	51.3078	23.1263	28.1815	0	0	0	0	0	0	0	0	0	0	0	0	0	0	0	0	0	0
05.500,00.000	15.8	5.5	-200	0	4.5	51.3078	23.1263	28.1815	0	0	0	0	0	0	0	0	0	0	0	0	0	0	0	0	0	0
05.500,00.000	15.9	5.5	-200	0	4.5	55.6153	24.9834	30.632	0	0	0	0	0	0	0	0	0	0	0	0	0	0	0	0	0	0
05.500,00.000	16	5.5	-200	0	4.5	57.5772	25.6564	31.9208	0	0	0	0	0	0	0	0	0	0	0	0	0	0	0	0	0	0
05.500,00.000	16.1	5.5	-200	0	4.5	58.4443	25.9781	32.4661	0	0	0	0	0	0	0	0	0	0	0	0	0	0	0	0	0	0
05.500,00.000	16.2	5.5	-200	0	4.5	59.3368	26.3063	33.0305	0	0	0	0	0	0	0	0	0	0	0	0	0	0	0	0	0	0
05.500,00.000	16.3	5.5	-200	0	4.5	60.2189	26.6245	33.5944	0	0	0	0	0	0	0	0	0	0	0	0	0	0	0	0	0	0
05.500,00.000	16.4	5.5	-200	0	4.5	61.0982	26.9299	34.1682	0	0	0	0	0	0	0	0	0	0	0	0	0	0	0	0	0	0
05.500,00.000	16.5	5.5	-200	0	4.5	66.9393	28.9955	37.9438	0	0	0	0	0	0	0	0	0	0	0	0	0	0	0	0	0	0
05.500,00.000	16.6	5.5	-200	0	4.5	68.0673	29.39	38.6224	0	0	0.054849	0	0	0	0	0	0	0	0	0	0	0	0	0	0	0
05.500,00.000	16.7	5.5	-200	0	4.5	79.9977	32.887	45.1906	0	0	1.92006	0	0	0	0	0	0	0	0	0	0	0	0	0	0	0
05.500,00.000	16.8	5.5	-200	0	4.5	83.0945	33.8518	46.7576	0	0	2.14814	0.337019	0	0	0	0	0	0	0	0	0	0	0	0	0	0
05.500,00.000	16.9	5.5	-200	0	4.5	88.6424	35.7002	49.4047	0	0	2.28456	1.25299	0	0	0	0	0	0	0	0	0	0	0	0	0	0
05.500,00.000	17	5.5	-200	0	4.5	90.7646	36.3348	50.5143	0	0	2.28456	1.63096	0	0	0	0	0	0	0	0	0	0	0	0	0	0
05.500,00.000	17.1	5.5	-200	0	4.5	91.5369	36.6084	50.9533	0	0	2.28456	1.69068	0	0	0	0	0	0	0	0	0	0	0	0	0	0
05.500,00.000	17.2	5.5	-200	0	4.5	92.3025	36.8808	51.3931	0	0	2.28456	1.74407	0	0	0	0	0	0	0	0	0	0	0	0	0	0
05.500,00.000	17.3	5.5	-200	0	4.5	93.0372	37.1539	51.8322	0	0	2.28456	1.76645	0	0	0	0	0	0	0	0	0	0	0	0	0	0
05.500,00.000	17.4	5.5	-200	0	4.5	93.7537	37.4268	52.2759	0	0	2.28456	1.76645	0	0	0	0	0	0	0	0	0	0	0	0	0	0
05.500,00.000	17.5	5.5	-200	0	4.5	99.1915	39.5343	55.6063	0	0	2.28456	1.76645	0	0	0	0	0	0	0	0	0	0	0	0	0	0
05.500,00.000	17.6	5.5	-200	0	4.5	100.187	39.9108	56.1764	0.0488617	0	2.28456	1.76645	0	0	0	0	0	0	0	0	0	0	0	0	0	0
05.500,00.000	17.7	5.5	-200	0	4.5	111.247	44.2306	62.3933	0.572207	0	2.28456	1.76645	0	0	0	0	0	0	0	0	0	0	0	0	0	0
05.500,00.000	17.8	5.5	-200	0	4.5	113.916	45.1936	63.9688	0.702269	0	2.28458	1.76645	0	0	0	0	0	0	0	0	0	0	0	0	0	0
05.500,00.000	17.9	5.5	-200	0	4.5	119.427	46.9954	67.4128	0.961887	0	2.29039	1.76645	0	0	0	0	0	0	0	0	0	0	0	0	0	0
05.500,00.000	18	5.5	-200	0	4.5	121.607	47.6582	68.8273	1.06361	0	2.29194	1.76645	0	0	0	0	0	0	0	0	0	0	0	0	0	0
05.500,00.000	18.1	5.5	-200	0	4.5	122.534	47.9487	69.4195	1.10529	0	2.29399	1.76645	0	0	0	0	0	0	0	0	0	0	0	0	0	0
05.500,00.000	18.2	5.5	-200	0	4.5	123.424	48.224	69.9923	1.14501	0	2.29601	1.76645	0	0	0	0	0	0	0	0	0	0	0	0	0	0
05.500,00.000	18.3	5.5	-200	0	4.5	124.303	48.4958	70.5583	1.18359	0	2.29858	1.76645	0	0	0	0	0	0	0	0	0	0	0	0	0	0
05.500,00.000	18.4	5.5	-200	0	4.5	125.224	48.7802	71.1521	1.22345	0	2.30201	1.76645	0	0	0	0	0	0	0	0	0	0	0	0	0	0
05.500,00.000	18.5	5.5	-200	0	4.5	134.931	51.7426	77.2979	1.77968	0	2.34408	1.76712	0	0	0	0	0	0	0	0	0	0	0	0	0	0
05.500,00.000	18.6	5.5	-200	0	4.5	136.966	52.2194	78.7031	1.92155	0	2.35307	1.76851	0	0	0	0	0	0	0	0	0	0	0	0	0	0
05.500,00.000	18.7	5.5	-200	0	4.5	157.258	56.668	92.5333	3.77963	0	2.46829	1.80909	0	0	0	0	0	0	0	0	0	0	0	0	0	0
05.500,00.000	18.8	5.5	-200	0	4.5	162.672	57.6202	96.3499	4.38975	0	2.50064	1.81194	0	0	0	0	0	0	0	0	0	0	0	0	0	0
05.500,00.000	18.9	5.5	-200	0	4.5	169.328	58.6902	101.141	5.11606	0	2.55925	1.82168	0	0	0	0	0	0	0	0	0	0	0	0	0	0
05.500,00.000	19	5.5	-200	0	4.5	173.091	59.3271	103.748	5.59227	0	2.60401	1.81915	0	0	0	0	0	0	0	0	0	0	0	0	0	0
05.500,00.000	19.1	5.5	-200	0	4.5	174.57	59.6127	104.74	5.77664	0	2.62109	1.81932	0	0	0	0	0	0	0	0	0	0	0	0	0	0
05.500,00.000	19.2	5.5	-200	0	4.5	175.844	59.8611	105.593	5.93373	0	2.63573	1.82008	0	0	0	0	0	0	0	0	0	0	0	0	0	0
05.500,00.000	19.3	5.5	-200	0	4.5	177.15	60.1058	106.479	6.09325	0	2.6513	1.82083	0	0	0	0	0	0	0	0	0	0	0	0	0	0
05.500,00.000	19.4	5.5	-200	0	4.5	178.526	60.3775	107.393	6.25419	0.011589	2.66769	1.82165	0	0	0	0	0	0	0	0	0	0	0	0	0	0
05.500,00.000	19.5	5.5	-200	0	4.5	180.029	60.6634	108.393	6.42707	0.0368541	2.68577	1.82249	0	0	0	0	0	0	0	0	0	0	0	0	0	0
05.500,00.000	19.6	5.5	-200	0	4.5	189.755	62.4861	114.801	7.6337	0.202691	2.80166	1.82953	0	0	0	0	0	0	0	0	0	0	0	0	0	0
05.500,00.000	19.7	5.5	-200	0	4.5	191.919	62.9178	116.215	7.89477	0.236854	2.82981	1.82514	0	0	0	0	0	0	0	0	0	0	0	0	0	0
05.500,00.000	19.8	5.5	-200	0	4.5	192.138	62.961	116.357	7.92164	0.240479	2.83257	1.82511	0	0	0	0	0	0	0	0	0	0	0	0	0	0
05.500,00.000	19.9	5.5	-200	0	4.5	201.009	64.775	121.965	9.10917	0.389025	2.94075	1.82956	0	0	0	0	0	0	0	0	0	0	0	0	0	0
05.500,00.000	20	5.5	-200	0	4.5	203.301	65.2446	123.406	9.42723	0.425671	2.97133	1.82647	0	0	0	0	0	0	0	0	0	0	0	0	0	0
05.500,00.000	20.1	5.5	-200	0	4.5	209.484	66.5815	127.234	10.2605	0.529706	3.0498	1.82816	0	0	0	0	0	0	0	0	0	0	0	0	0	0
05.500,00.000	20.2	5.5	-200	0	4.5	212.669	67.3182	129.149	10.6977	0.584249	3.09335	1.82637	0	0	0	0	0	0	0	0	0	0	0	0	0	0
05.500,00.000	20.3	5.5	-200	0	4.5	214.37	67.7092	130.179	10.9254	0.613522	3.1157	1.82668	0	0	0	0	0	0	0	0	0	0	0	0	0	0
05.500,00.000	20.4	5.5	-200	0	4.5	220.489	69.1301	133.87	11.7414	0.720546	3.19749	1.82858	0	0	0	0	0	0	0	0	0	0	0	0	0	0
05.500,00.000	20.5	5.5	-200	0	4.5	221.814	69.4515	134.654	11.9186	0.745674	3.21716	1.8272	0	0	0	0	0	0	0	0	0	0	0	0	0	0
05.500,00.000	20.6	5.5	-200	0	4.5	226.006	70.4139	137.138	12.5032	0.848236	3.27477	1.82803	0	0	0	0	0	0	0	0	0	0	0	0	0	0
05.500,00.000	20.7	5.5	-200	0	4.5	239.773	73.5064	145.098	14.5004	1.19064	3.46122	1.83092	0	0.185403	0	0	0	0	0	0	0	0	0	0	0	0
05.500,00.000	20.8	5.5	-200	0	4.5	250.238	75.8224	150.672	15.793	1.49879	3.59465	1.83345	0	1.02384	0	0	0	0	0	0	0	0	0	0	0	0
05.500,00.000	20.9	5.5	-200	0	4.5	250.818	75.9679	150.954	15.8591	1.52426	3.60265	1.84048	0	1.07032	0	0	0	0	0	0	0	0	0	0	0	0
05.500,00.000	21	5.5	-200	0	4.5	267.469	79.9485	159.418	17.8932	2.08576	3.82461	1.939	0	2.35939	0	0	0	0	0	0	0	0	0	0	0	0
05.500,00.000	21.1	5.5	-200	0	4.5	274.367	81.5856	162.879	18.7398	2.35434	3.9215	1.99934	0	2.88722	0	0	0	0	0	0	0	0	0	0	0	0
05.500,00.000	21.2	5.5	-200	0	4.5	276.455	82.0795	163.929	19.0066	2.42468	3.9617	2.01005	0	3.04388	0	0	0	0	0	0	0	0	0	0	0	0
05.500,00.000	21.3	5.5	-200	0	4.5	278.613	82.5899	165.01	19.2832	2.49908	4.0044	2.02162	0	3.20519	0	0	0	0	0	0	0	0	0	0	0	0
05.500,00.000	21.4	5.5	-200	0	4.5	288.381	84.9851	169.802	20.5569	2.83021	4.22497	2.07206	0	3.41718	0.493206	0	0	0	0	0	0	0	0	0	0	0
05.500,00.000	21.5	5.5	-200	0	4.5	290.535	85.554	170.822	20.8177	2.91346	4.27945	2.09013	0	3.41718	0.640678	0	0	0	0	0	0	0	0	0	0	0
05.500,00.000	21.6	5.5	-200	0	4.5	308.969	90.2128	179.681	23.2581	3.53065	4.75066	2.19268	0	3.41718	1.92646	0	0	0	0	0	0	0	0	0	0	0
05.500,00.000	21.7	5.5	-200	0	4.5	313.667	91.4776	181.889	23.8545	3.68932	4.87192	2.231	0	3.41718	2.23711	0	0	0	0	0	0	0	0	0	0	0
05.500,00.000	21.8	5.5	-200	0	4.5	314.781	91.7728	182.408	24.0063	3.72604	4.90168	2.23722	0	3.41718	2.31192	0	0	0	0	0	0	0	0	0	0	0
05.500,00.000	21.9	5.5	-200	0	4.5	315.309	91.9149	182.65	24.0779	3.74411	4.9162	2.24137	0	3.41718	2.34734	0	0	0	0	0	0	0	0	0	0	0
05.500,00.000	22	5.5	-200	0	4.5	322.446	93.8439	185.892	25.0666	3.98417	5.11596	2.30479	0	3.41718	2.82097	0	0	0	0	0	0	0	0	0	0	0
05.500,00.000	22.1	5.5	-200	0	4.5	326.616	95.048	187.704	25.6298	4.12162	5.23211	2.3744	0	3.41718	3.08842	0	0	0	0	0	0	0	0	0	0	0
05.500,00.000	22.2	5.5	-200	0	4.5	329.046	95.7164	188.774	25.9639	4.20349	5.31965	2.40498	0	3.41718	3.2459	0	0	0	0	0	0	0	0	0	0	0
05.500,00.000	22.3	5.5	-200	0	4.5	331.487	96.3866	189.837	26.3014	4.28659	5.41722	2.43671	0	3.41718	3.40435	0	0	0	0	0	0	0	0	0	0	0
05.500,00.000	22.4	5.5	-200	0	4.5	342.483	99.3986	194.614	27.8758	4.66114	5.83504	2.57036	0	3.41718	4.11138	0	0	0	0	0	0	0	0	0	0	0
05.500,00.000	22.5	5.5	-200	0	4.5	344.878	100.05	195.598	28.2603	4.73971	5.9396	2.61389	0	3.41718	4.25894	0	0	0	0	0	0	0	0	0	0	0
05.500,00.000	22.6	5.5	-200	0	4.5	358.623	103.676	201.211	30.7775	5.22464	6.35009	2.80338	0	3.41718	5.16245	0	0	0	0	0	0	0	0	0	0	0
05.500,00.000	22.7	5.5	-200	0	4.5	375.888	108.037	207.997	34.2496	5.81034	7.0807	3.04993	0	3.41718	6.24582	0	0	0	0	0	0	0	0	0	0	0
05.500,00.000	22.8	5.5	-200	0	4.5	378.268	108.64	208.913	34.7828	5.90986	7.14075	3.07873	0	3.41718	6.38564	0	0	0	0	0	0	0	0	0	0	0
05.500,00.000	22.9	5.5	-200	0	4.5	378.419	108.68	208.969	34.8159	5.91628	7.14605	3.0807	0	3.41718	6.39453	0	0	0	0	0	0	0	0	0	0	0
05.500,00.000	23	5.5	-200	0	4.5	379.357	108.944	209.307	35.023	5.95459	7.17095	3.09264	0	3.41718	6.44761	0	0	0	0	0	0	0	0	0	0	0
05.500,00.000	23.1	5.5	-200	0	4.5	387.754	111.15	212.358	36.9176	6.30711	7.46082	3.20631	0	3.41718	6.93664	0	0	0	0	0	0	0	0	0	0	0
05.500,00.000	23.2	5.5	-200	0	4.5	392.359	112.331	214.034	38.0147	6.49273	7.60824	3.26696	0	3.41718	7.19448	0	0	0	0	0	0	0	0	0	0	0
05.500,00.000	23.3	5.5	-200	0	4.5	395.231	113.14	215.023	38.6884	6.60338	7.70608	3.30469	0	3.41718	7.34874	0	0	0	0	0	0	0	0	0	0	0
05.500,00.000	23.4	5.5	-200	0	4.5	402.346	115.214	217.394	40.3834	6.86918	7.94988	3.39818	0	3.41718	7.72079	0	0	0	0	0	0	0	0	0	0	0
05.500,00.000	23.5	5.5	-200	0	4.5	404.071	115.73	217.948	40.8037	6.94546	8.00118	3.41982	0	3.41718	7.80588	0	0	0	0	0	0	0	0	0	0	0
05.500,00.000	23.6	5.5	-200	0	4.5	413.93	118.656	221.035	43.1937	7.40365	8.3453	3.55486	0	3.41736	8.3239	0	0	0	0	0	0	0	0	0	0	0
05.500,00.000	23.7	5.5	-200	0	4.5	416.687	119.497	221.902	43.8665	7.52536	8.42585	3.59131	0	3.41765	8.46133	0	0	0	0	0	0	0	0	0	0	0
05.500,00.000	23.8	5.5	-200	0	4.5	422.152	121.171	223.615	45.1497	7.77261	8.61796	3.6673	0	3.42137	8.73777	0	0	0	0	0	0	0	0	0	0	0
05.500,00.000	23.9	5.5	-200	0	4.5	431.714	124.152	226.565	47.3842	8.19746	8.96358	3.80231	0	3.42935	9.22011	0	0	0	0	0	0	0	0	0	0	0
05.500,00.000	24	5.5	-200	0	4.5	433.71	124.768	227.193	47.8502	8.28568	9.03335	3.83	0	3.43131	9.31753	0	0	0	0	0	0	0	0	0	0	0
05.500,00.000	24.1	5.5	-200	0	4.5	439.729	126.726	228.99	49.22	8.57795	9.25134	3.9154	0	3.44012	9.47299	0.135199	0	0	0	0	0	0	0	0	0	0
05.500,00.000	24.2	5.5	-200	0	4.5	444.061	128.148	230.273	50.2012	8.81956	9.38198	3.97674	0	3.44727	9.47099	0.342517	0	0	0	0	0	0	0	0	0	0
05.500,00.000	24.3	5.5	-200	0	4.5	447.355	129.27	231.229	50.9343	8.9931	9.48378	4.02363	0	3.45371	9.47228	0.494547	0	0	0	0	0	0	0	0	0	0
05.500,00.000	24.4	5.5	-200	0	4.5	454.521	131.762	233.289	52.5116	9.35548	9.71015	4.12652	0	3.47	9.47476	0.821376	0	0	0	0	0	0	0	0	0	0
05.500,00.000	24.5	5.5	-200	0	4.5	456.209	132.34	233.78	52.8806	9.45086	9.75846	4.15078	0	3.47426	9.47476	0.898139	0	0	0	0	0	0	0	0	0	0
05.500,00.000	24.6	5.5	-200	0	4.5	461.354	134.136	235.255	54.011	9.70941	9.91885	4.22684	0	3.49019	9.47476	1.13236	0	0	0	0	0	0	0	0	0	0
05.500,00.000	24.7	5.5	-200	0	4.5	472.636	137.876	238.36	56.8125	10.2856	10.2639	4.39349	0	3.52903	9.47476	1.64021	0	0	0	0	0	0	0	0	0	0
05.500,00.000	24.8	5.5	-200	0	4.5	475.16	138.669	239.039	57.511	10.4236	10.3316	4.42833	0	3.53758	9.4748	1.74494	0	0	0	0	0	0	0	0	0	0
05.500,00.000	24.9	5.5	-200	0	4.5	490.986	143.876	243.199	61.7379	11.2324	10.7859	4.65779	0	3.60041	9.47947	2.4168	0	0	0	0	0	0	0	0	0	0
05.500,00.000	25	5.5	-200	0	4.5	495.435	145.411	244.365	62.8397	11.5192	10.8957	4.71719	0	3.61721	9.4809	2.58888	0	0	0	0	0	0	0	0	0	0
05.500,00.000	25.1	5.5	-200	0	4.5	503.941	148.426	246.577	64.8955	12.0323	11.1132	4.83551	2.35367e-14	3.65387	9.48636	2.92151	0	0	0	0	0	0	0	0	0	0
05.500,00.000	25.2	5.5	-200	0	4.5	509.585	150.447	248.103	66.1546	12.3773	11.252	4.91408	0.0275937	3.67911	9.49081	3.13936	0	0	0	0	0	0	0	0	0	0
05.500,00.000	25.3	5.5	-200	0	4.5	513.525	151.89	249.144	67.0232	12.6198	11.3472	4.96965	0.0472834	3.69797	9.49517	3.29035	0	0	0	0	0	0	0	0	0	0
05.500,00.000	25.4	5.5	-200	0	4.5	524.35	155.935	251.989	69.3428	13.3003	11.6039	5.12459	0.102603	3.73832	9.50981	3.70353	0	0	0	0	0	0	0	0	0	0
05.500,00.000	25.5	5.5	-200	0	4.5	526.772	156.846	252.644	69.8373	13.4602	11.6587	5.15956	0.11513	3.74097	9.51342	3.79597	0	0	0	0	0	0	0	0	0	0
05.500,00.000	25.6	5.5	-200	0	4.5	545.194	163.816	257.38	73.737	14.6242	12.086	5.44266	0.216708	3.80748	9.55341	4.53095	0	0	0	0	0	0	0	0	0	0
05.500,00.000	25.7	5.5	-200	0	4.5	549.903	165.618	258.607	74.7101	14.9308	12.188	5.51397	0.242597	3.81378	9.56424	4.71414	0	0	0	0	0	0	0	0	0	0
05.500,00.000	25.8	5.5	-200	0	4.5	559.82	169.525	261.15	76.716	15.5265	12.3978	5.66467	0.29884	3.84989	9.59397	5.09712	0	0	0	0	0	0	0	0	0	0
05.500,00.000	25.9	5.5	-200	0	4.5	574.893	175.326	264.95	79.8485	16.4214	12.8415	5.89095	0.386037	3.90346	9.6443	5.68093	0	0	0	0	0	0	0	0	0	0
05.500,00.000	26	5.5	-200	0	4.5	577.786	176.437	265.67	80.456	16.5929	12.9396	5.9328	0.402645	3.90973	9.65484	5.79035	0	0	0	0	0	0	0	0	0	0
05.500,00.000	26.1	5.5	-200	0	4.5	586.596	179.688	268.105	82.2224	17.114	13.1918	6.05584	0.455191	3.94445	9.69377	6.12504	0	0	0	0	0	0	0	0	0	0
05.500,00.000	26.2	5.5	-200	0	4.5	592.344	181.586	269.907	83.3385	17.498	13.3636	6.13409	0.489734	3.96448	9.72134	6.34158	0	0	0	0	0	0	0	0	0	0
05.500,00.000	26.3	5.5	-200	0	4.5	596.271	182.93	271.136	84.0739	17.7427	13.4744	6.18612	0.514003	3.98077	9.74262	6.49017	0	0	0	0	0	0	0	0	0	0
05.500,00.000	26.4	5.5	-200	0	4.5	608.447	187.156	274.927	86.3412	18.4829	13.8077	6.34226	0.590641	4.03558	9.81564	6.9494	0	0	0	0	0	0	0	0	0	0
05.500,00.000	26.5	5.5	-200	0	4.5	611.204	188.114	275.782	86.8316	18.6722	13.8893	6.37686	0.608058	4.04447	9.83308	7.05265	0	0	0	0	0	0	0	0	0	0
05.500,00.000	26.6	5.5	-200	0	4.5	619.536	191.07	278.379	87.9957	19.487	14.1136	6.47857	0.663216	4.08407	9.89429	7.37049	0	0	0	0	0	0	0	0	0	0
05.500,00.000	26.7	5.5	-200	0	4.5	635.597	196.651	283.316	89.9075	21.4439	14.546	6.67358	0.875128	4.16167	10.0242	7.9984	0	0	0	0	0	0	0	0	0	0
05.500,00.000	26.8	5.5	-200	0	4.5	638.943	197.833	284.321	90.2813	21.8681	14.6307	6.71191	0.945939	4.17454	10.0519	8.12394	0	0	0	0	0	0	0	0	0	0
05.500,00.000	26.9	5.5	-200	0	4.5	650.957	202.13	287.949	91.6106	23.3326	14.9283	6.84603	1.16915	4.23774	10.1671	8.58674	0	0	0	0	0	0	0	0	0	0
05.500,00.000	27	5.5	-200	0	4.5	654.85	203.519	289.081	92.079	23.8002	15.0197	6.88761	1.25434	4.27212	10.2049	8.73235	0	0	0	0	0	0	0	0	0	0
05.500,00.000	27.1	5.5	-200	0	4.5	659.967	205.383	290.611	92.6369	24.3919	15.1353	6.94016	1.35589	4.32616	10.2608	8.9264	0	0	0	0	0	0	0	0	0	0
05.500,00.000	27.2	5.5	-200	0	4.5	664.252	206.984	291.792	93.1337	24.899	15.2323	6.98467	1.44479	4.37326	10.3124	9.09575	0	0	0	0	0	0	0	0	0	0
05.500,00.000	27.3	5.5	-200	0	4.5	667.854	208.354	292.743	93.5543	25.3266	15.3127	7.02179	1.52261	4.41594	10.3606	9.24282	0	0	0	0	0	0	0	0	0	0
05.500,00.000	27.4	5.5	-200	0	4.5	673.385	210.434	294.227	94.1875	25.9722	15.4457	7.07723	1.64504	4.48484	10.44	9.41148	0.0602408	0	0	0	0	0	0	0	0	0
05.500,00.000	27.5	5.5	-200	0	4.5	674.855	210.966	294.628	94.361	26.1448	15.484	7.09185	1.68041	4.50251	10.4624	9.41148	0.122295	0	0	0	0	0	0	0	0	0
05.500,00.000	27.6	5.5	-200	0	4.5	678.924	212.45	295.74	94.8401	26.6088	15.5844	7.13064	1.77216	4.55787	10.5302	9.41148	0.297473	0	0	0	0	0	0	0	0	0
05.500,00.000	27.7	5.5	-200	0	4.5	682.662	213.768	296.769	95.3267	27.0277	15.6728	7.16508	1.85783	4.60898	10.5956	9.41148	0.459187	0	0	0	0	0	0	0	0	0
05.500,00.000	27.8	5.5	-200	0	4.5	686	214.95	297.689	95.7561	27.3966	15.7479	7.19472	1.93437	4.65699	10.6576	9.41148	0.605683	0	0	0	0	0	0	0	0	0
05.500,00.000	27.9	5.5	-200	0	4.5	693.741	217.723	299.805	96.7387	28.2412	15.9132	7.26089	2.11202	4.77415	10.8102	9.41148	0.951085	0	0	0	0	0	0	0	0	0
05.500,00.000	28	5.5	-200	0	4.5	695.616	218.358	300.327	97.0082	28.4456	15.9519	7.27655	2.15225	4.80051	10.8488	9.41148	1.03536	0	0	0	0	0	0	0	0	0
05.500,00.000	28.1	5.5	-200	0	4.5	700.897	220.233	301.773	97.7258	29.0002	16.05	7.31705	2.26634	4.88495	10.9645	9.41148	1.27094	0	0	0	0	0	0	0	0	0
05.500,00.000	28.2	5.5	-200	0	4.5	704.891	221.632	302.874	98.2855	29.4213	16.1212	7.34691	2.34125	4.94951	11.057	9.41148	1.45144	0	0	0	0	0	0	0	0	0
05.500,00.000	28.3	5.5	-200	0	4.5	708.024	222.74	303.74	98.7089	29.749	16.173	7.36913	2.39986	5.00352	11.1346	9.41148	1.59397	0	0	0	0	0	0	0	0	0
05.500,00.000	28.4	5.5	-200	0	4.5	708.707	222.975	303.932	98.8065	29.8212	16.1839	7.37388	2.40875	5.0157	11.1524	9.41148	1.62558	0	0	0	0	0	0	0	0	0
05.500,00.000	28.5	5.5	-200	0	4.5	727.751	229.591	309.348	101.207	31.8406	16.4481	7.49473	2.83654	5.37375	11.6883	9.41178	2.51015	0	0	0	0	0	0	0	0	0
05.500,00.000	28.6	5.5	-200	0	4.5	750.351	237.228	315.726	104.202	34.284	16.7326	7.63632	3.33575	5.82237	12.3656	9.41594	3.60266	0	0	0	0	0	0	0	0	0
05.500,00.000	28.7	5.5	-200	0	4.5	776.878	246.709	323.23	107.649	35.9577	17.9938	7.78165	3.80023	6.33782	13.1669	9.43143	4.82084	0	0	0	0	0	0	0	0	0
05.500,00.000	28.8	5.5	-200	0	4.5	780.561	248.086	324.249	108.149	36.0714	18.2604	7.79999	3.84845	6.40626	13.2758	9.43418	4.98082	0	0	0	0	0	0	0	0	0
05.500,00.000	28.9	5.5	-200	0	4.5	780.697	248.137	324.288	108.166	36.0748	18.2697	7.80054	3.85052	6.40914	13.2799	9.43441	4.98641	0	0	0	0	0	0	0	0	0
05.500,00.000	29	5.5	-200	0	4.5	781.05	248.271	324.395	108.208	36.0829	18.2932	7.80179	3.85562	6.41647	13.2908	9.43513	5.00055	0	0	0	0	0	0	0	0	0
05.500,00.000	29.1	5.5	-200	0	4.5	797.67	254.973	329.271	110.141	36.4043	19.3228	7.84864	4.07272	6.7479	13.7907	9.47607	5.62157	0	0	0	0	0	0	0	0	0
05.500,00.000	29.2	5.5	-200	0	4.5	806.015	258.478	331.616	111.218	36.5494	19.8024	7.85347	4.16533	6.89032	14.0313	9.49845	5.91287	0	0	0	0	0	0	0	0	0
05.500,00.000	29.3	5.5	-200	0	4.5	809.727	260.022	332.724	111.655	36.6061	20.0074	7.85749	4.20678	6.95959	14.1404	9.51113	6.03785	0	0	0	0	0	0	0	0	0
05.500,00.000	29.4	5.5	-200	0	4.5	834.252	270.266	340.021	114.688	36.9259	21.295	7.88014	4.46259	7.41525	14.8624	9.6082	6.82718	0	0	0	0	0	0	0	0	0
05.500,00.000	29.5	5.5	-200	0	4.5	841.719	273.447	342.196	115.684	37.0158	21.6649	7.88182	4.52832	7.53306	15.0751	9.63836	7.05554	0	0	0	0	0	0	0	0	0
05.500,00.000	29.6	5.5	-200	0	4.5	848.973	276.416	344.446	116.616	37.1005	22.0165	7.88504	4.59455	7.66025	15.2905	9.67484	7.27282	0	0	0	0	0	0	0	0	0
05.500,00.000	29.7	5.5	-200	0	4.5	869.083	284.212	350.75	119.263	37.3805	23.0523	7.95133	4.78365	8.03566	15.9442	9.79318	7.91704	0	0	0	0	0	0	0	0	0
05.500,00.000	29.8	5.5	-200	0	4.5	904.268	295.658	364.252	123.624	38.0252	24.7211	8.23344	5.07794	8.63851	17.0626	10.0116	8.96452	0	0	0	0	0	0	0	0	0
05.500,00.000	29.9	5.5	-200	0	4.5	909.456	297.19	366.413	124.274	38.1266	24.9561	8.28545	5.11857	8.71065	17.2246	10.0446	9.11231	0	0	0	0	0	0	0	0	0
05.500,00.000	30	5.5	-200	0	4.5	945.031	307.257	381.717	128.521	39.0162	26.5025	8.61447	5.36879	9.27697	18.3653	10.3081	9.73297	0.350701	0	0	0	0	0	0	0	0
05.500,00.000	30.1	5.5	-200	0	4.5	960.114	311.322	388.214	130.245	39.5688	26.8646	9.16943	5.46917	9.51745	18.8412	10.4225	9.73297	0.747419	0	0	0	0	0	0	0	0
05.500,00.000	30.2	5.5	-200	0	4.5	964.479	312.484	390.114	130.725	39.7331	26.8695	9.41407	5.49509	9.61484	18.9794	10.4595	9.73297	0.856464	0	0	0	0	0	0	0	0
05.500,00.000	30.3	5.5	-200	0	4.5	968.964	313.656	392.087	131.206	39.9073	26.8732	9.65867	5.51977	9.73362	19.1233	10.5005	9.73297	0.965644	0	0	0	0	0	0	0	0
05.500,00.000	30.4	5.5	-200	0	4.5	977.842	315.968	396.034	132.125	40.264	26.8782	10.1305	5.56483	9.96626	19.4129	10.5877	9.73297	1.17675	0	0	0	0	0	0	0	0
05.500,00.000	30.5	5.5	-200	0	4.5	980.021	316.536	397.013	132.336	40.354	26.879	10.2452	5.57542	10.0257	19.485	10.6102	9.73297	1.22817	0	0	0	0	0	0	0	0
05.500,00.000	30.6	5.5	-200	0	4.5	986.444	318.142	399.936	132.968	40.6344	26.8795	10.5794	5.60359	10.1972	19.7077	10.6837	9.73297	1.3787	0	0	0	0	0	0	0	0
05.500,00.000	30.7	5.5	-200	0	4.5	1012.71	324.411	412.022	135.569	41.9183	26.8803	12.0216	5.71776	10.9552	20.7027	11.0237	9.7347	1.75374	0	0	0	0	0	0	0	0
05.500,00.000	30.8	5.5	-200	0	4.5	1028.13	328.364	419.103	137.031	42.7192	26.8851	12.8397	5.77873	11.3939	21.2895	11.2302	9.73895	1.75374	0	0	0	0	0	0	0	0
05.500,00.000	30.9	5.5	-200	0	4.5	1028.56	328.475	419.305	137.069	42.7435	26.8854	12.8627	5.78034	11.4064	21.3065	11.2363	9.73915	1.75374	0	0	0	0	0	0	0	0
05.500,00.000	31	5.5	-200	0	4.5	1055.9	335.539	431.154	140.16	44.2509	26.9146	14.259	5.86413	12.1901	22.4073	11.6463	9.76083	1.75374	0	0	0	0	0	0	0	0
05.500,00.000	31.1	5.5	-200	0	4.5	1068.13	338.738	435.813	142.153	44.941	26.934	14.8665	5.89864	12.5354	22.8971	11.8305	9.77214	1.75374	0	0	0	0	0	0	0	0
05.500,00.000	31.2	5.5	-200	0	4.5	1072.42	339.868	437.326	142.965	45.1801	26.9454	15.0723	5.90845	12.6545	23.072	11.8975	9.77822	1.75374	0	0	0	0	0	0	0	0
05.500,00.000	31.3	5.5	-200	0	4.5	1076.77	341.022	438.854	143.78	45.4269	26.9604	15.2769	5.91676	12.7732	23.2529	11.9677	9.78592	1.75374	0	0	0	0	0	0	0	0
05.500,00.000	31.4	5.5	-200	0	4.5	1081.13	342.194	440.376	144.588	45.6779	26.979	15.4776	5.92344	12.8894	23.4375	12.0403	9.79519	1.75374	0	0	0	0	0	0	0	0
05.500,00.000	31.5	5.5	-200	0	4.5	1085.49	343.366	441.884	145.387	45.9327	27.0114	15.6742	5.92848	13.0028	23.6257	12.115	9.80599	1.75374	0	0	0	0	0	0	0	0
05.500,00.000	31.6	5.5	-200	0	4.5	1089.81	344.51	443.358	146.179	46.1912	27.0706	15.8686	5.93191	13.114	23.8189	12.1926	9.81844	1.75374	0	0	0	0	0	0	0	0
05.500,00.000	31.7	5.5	-200	0	4.5	1093.9	345.543	444.704	146.964	46.4536	27.1333	16.064	5.93384	13.2244	24.0197	12.2739	9.8326	1.75374	0	0	0	0	0	0	0	0
05.500,00.000	31.8	5.5	-200	0	4.5	1154.55	362.998	463.906	157.555	50.0945	28.05	18.702	6.50571	14.6751	26.8266	13.4388	10.0489	1.75374	0	0	0	0	0	0	0	0
05.500,00.000	31.9	5.5	-200	0	4.5	1165.94	365.947	467.662	159.469	50.8717	28.2621	19.2371	6.63417	14.9565	27.3824	13.671	10.095	1.75374	0	0	0	0	0	0	0	0
05.500,00.000	32	5.5	-200	0	4.5	1169.47	366.878	468.851	159.998	51.1444	28.3353	19.3905	6.67333	15.0352	27.5533	13.7452	10.1129	1.75374	0	0	0	0	0	0	0	0
05.500,00.000	32.1	5.5	-200	0	4.5	1189.37	372.239	475.495	163.102	52.5715	28.7527	20.2223	6.89175	15.4604	28.5036	14.1626	10.2184	1.75374	0	0	0	0	0	0	0	0
05.500,00.000	32.2	5.5	-200	0	4.5	1197.95	374.546	478.359	164.42	53.1904	28.9407	20.2268	7.33804	15.6967	28.8606	14.3472	10.2671	1.75374	0	0	0	0	0	0	0	0
05.500,00.000	32.3	5.5	-200	0	4.5	1202.35	375.778	479.808	165.095	53.4984	29.0417	20.2583	7.52874	15.8056	29.0457	14.4431	10.2942	1.75374	0	0	0	0	0	0	0	0
05.500,00.000	32.4	5.5	-200	0	4.5	1206.86	377.067	481.287	165.773	53.8123	29.1487	20.2642	7.74431	15.9108	29.2347	14.5424	10.3237	1.75374	0	0	0	0	0	0	0	0
05.500,00.000	32.5	5.5	-200	0	4.5	1211.43	378.407	482.765	166.45	54.1279	29.2615	20.2678	7.95935	16.0112	29.4262	14.6446	10.3554	1.75374	0	0	0	0	0	0	0	0
05.500,00.000	32.6	5.5	-200	0	4.5	1216.01	379.775	484.222	167.124	54.4489	29.379	20.2694	8.1743	16.1076	29.6204	14.7501	10.3898	1.75374	0	0	0	0	0	0	0	0
05.500,00.000	32.7	5.5	-200	0	4.5	1248.98	389.625	494.143	170.818	58.1641	30.2841	20.2717	9.78815	16.7832	31.1097	15.5661	10.6699	1.75374	0	0	0	0	0	0	0	0
05.500,00.000	32.8	5.5	-200	0	4.5	1266.62	395.289	499.516	172.532	60.1584	30.7598	20.2744	10.5799	17.1059	31.8521	15.9819	10.8176	1.75374	0	0	0	0	0	0	0	0
05.500,00.000	32.9	5.5	-200	0	4.5	1266.62	395.29	499.517	172.533	60.1591	30.7599	20.2744	10.5801	17.106	31.8523	15.982	10.8176	1.75374	0	0	0	0	0	0	0	0
05.500,00.000	33	5.5	-200	0	4.5	1270.41	396.507	500.704	172.754	60.7133	30.8676	20.2777	10.7374	17.1657	31.9999	16.0727	10.8523	1.75374	0	0	0	0	0	0	0	0
05.500,00.000	33.1	5.5	-200	0	4.5	1290.64	402.798	507.262	173.996	63.6369	31.4545	20.2996	11.5712	17.4596	32.8003	16.5648	11.0426	1.75374	0	0	0	0	0	0	0	0
05.500,00.000	33.2	5.5	-200	0	4.5	1299.94	405.667	510.293	174.554	64.9633	31.7734	20.3127	11.9466	17.5904	33.1588	16.7924	11.1324	1.75374	0	0	0	0	0	0	0	0
05.500,00.000	33.3	5.5	-200	0	4.5	1305.14	407.317	511.961	174.881	65.6867	31.9513	20.3231	12.1488	17.6551	33.3536	16.92	11.184	1.75374	0	0	0	0	0	0	0	0
05.500,00.000	33.4	5.5	-200	0	4.5	1310.45	409.01	513.666	175.225	66.4193	32.134	20.3361	12.3503	17.7166	33.5476	17.0517	11.2384	1.75374	0	0	0	0	0	0	0	0
05.500,00.000	33.5	5.5	-200	0	4.5	1315.85	410.739	515.394	175.587	67.158	32.3206	20.3526	12.5505	17.7745	33.7401	17.1868	11.2953	1.75374	0	0	0	0	0	0	0	0
05.500,00.000	33.6	5.5	-200	0	4.5	1339.61	418.341	522.843	177.254	70.4235	33.1474	20.4394	13.4394	18.0187	34.587	17.8027	11.5593	1.75374	0	0	0	0	0	0	0	0
05.500,00.000	33.7	5.5	-200	0	4.5	1351.87	422.303	526.718	178.135	72.0844	33.5751	20.4912	13.8866	18.1399	34.9681	18.1217	11.6976	1.75374	0	0	0	0	0	0	0	0
05.500,00.000	33.8	5.5	-200	0	4.5	1352.18	422.404	526.816	178.158	72.1254	33.5858	20.4928	13.8975	18.1427	34.9774	18.1298	11.7012	1.75374	0	0	0	0	0	0	0	0
05.500,00.000	33.9	5.5	-200	0	4.5	1352.77	422.594	526.997	178.204	72.2018	33.606	20.4961	13.9172	18.1474	34.9942	18.145	11.7082	1.75374	0	0	0	0	0	0	0	0
05.500,00.000	34	5.5	-200	0	4.5	1369.68	428.215	532.383	179.396	74.4321	34.2003	20.6042	14.4831	18.2735	35.422	18.5943	11.9187	1.75374	0	0	0	0	0	0	0	0
05.500,00.000	34.1	5.5	-200	0	4.5	1379.26	431.4	535.461	180.031	75.7192	34.5401	20.6715	14.8058	18.3456	35.6327	18.8557	12.0429	1.75374	0	0	0	0	0	0	0	0
05.500,00.000	34.2	5.5	-200	0	4.5	1385.17	433.458	537.337	180.471	76.4607	34.7182	20.7151	14.9879	18.3813	35.7647	19.0086	12.1172	1.75374	0	0	0	0	0	0	0	0
05.500,00.000	34.3	5.5	-200	0	4.5	1391.74	435.685	539.491	180.991	77.2644	34.9155	20.7663	15.1819	18.417	35.9024	19.176	12.2001	1.75374	0	0	0	0	0	0	0	0
05.500,00.000	34.4	5.5	-200	0	4.5	1398.41	437.885	541.695	181.592	78.0644	35.1137	20.8215	15.371	18.4492	36.0338	19.344	12.2846	1.75374	0	0	0	0	0	0	0	0
05.500,00.000	34.5	5.5	-200	0	4.5	1405.26	440.129	543.954	182.253	78.8857	35.3177	20.8809	15.5578	18.4781	36.1614	19.5145	12.3718	1.75374	0	0	0	0	0	0	0	0
05.500,00.000	34.6	5.5	-200	0	4.5	1422.18	445.772	549.583	183.944	80.7152	35.8248	21.0337	16.0085	18.5416	36.471	19.9368	12.5914	1.75374	0	0	0	0	0	0	0	0
05.500,00.000	34.7	5.5	-200	0	4.5	1433.99	449.698	553.458	185.221	82.0032	36.1758	21.1449	16.3122	18.5825	36.6657	20.229	12.745	1.75374	0	0	0	0	0	0	0	0
05.500,00.000	34.8	5.5	-200	0	4.5	1435.37	450.153	553.9	185.383	82.1591	36.2157	21.1584	16.3472	18.5872	36.6832	20.2633	12.7633	1.75374	0	0	0	0	0	0	0	0
05.500,00.000	34.9	5.5	-200	0	4.5	1436.06	450.376	554.12	185.464	82.2423	36.2402	21.1653	16.3636	18.589	36.693	20.28	12.7723	1.75374	0	0	0	0	0	0	0	0
05.500,00.000	35	5.5	-200	0	4.5	1450.47	454.96	558.704	187.159	83.9458	36.844	21.3155	16.6941	18.622	36.8858	20.6265	12.9619	1.75374	0	0	0	0	0	0	0	0
05.500,00.000	35.1	5.5	-200	0	4.5	1460.69	458.214	562.012	188.303	85.1206	37.2934	21.4313	16.9281	18.6443	37.0077	20.8769	13.1007	1.75374	0	0	0	0	0	0	0	0
05.500,00.000	35.2	5.5	-200	0	4.5	1468.4	460.566	564.404	189.209	86.0638	37.6709	21.5514	17.1139	18.6606	37.1073	21.0815	13.2161	1.75374	0	0	0	0	0	0	0	0
05.500,00.000	35.3	5.5	-200	0	4.5	1475.6	462.743	566.629	190.068	86.9426	38.0299	21.6707	17.2864	18.6752	37.1962	21.2762	13.3274	1.75374	0	0	0	0	0	0	0	0
05.500,00.000	35.4	5.5	-200	0	4.5	1482.77	464.851	568.849	190.943	87.8293	38.4007	21.7982	17.4588	18.6895	37.2819	21.4756	13.4431	1.75374	0	0	0	0	0	0	0	0
05.500,00.000	35.5	5.5	-200	0	4.5	1489.96	466.895	571.08	191.842	88.7259	38.783	21.9353	17.6317	18.7035	37.3639	21.6804	13.5635	1.75374	0	0	0	0	0	0	0	0
05.500,00.000	35.6	5.5	-200	0	4.5	1497.34	469.057	573.317	192.766	89.6358	39.166	22.0942	17.8067	18.7168	37.443	21.8912	13.6894	1.75374	0	0	0	0	0	0	0	0
05.500,00.000	35.7	5.5	-200	0	4.5	1515.39	474.273	578.809	195.058	91.8626	40.1195	22.494	18.2305	18.7464	37.6181	22.4189	14.0054	1.75374	0	0	0	0	0	0	0	0
05.500,00.000	35.8	5.5	-200	0	4.5	1523.85	476.627	581.434	196.216	92.8575	40.5684	22.693	18.429	18.7597	37.6824	22.6767	14.1571	1.75374	0	0	0	0	0	0	0	0
05.500,00.000	35.9	5.5	-200	0	4.5	1524.43	476.783	581.621	196.297	92.9156	40.5999	22.7074	18.4426	18.7606	37.6864	22.6945	14.1679	1.75374	0	0	0	0	0	0	0	0
05.500,00.000	36	5.5	-200	0	4.5	1539.89	481.131	586.416	198.481	94.5577	41.4544	23.1007	18.5695	19.0146	37.7913	23.1576	14.46	1.75374	0	0	0	0	0	0	0	0
05.500,00.000	36.1	5.5	-200	0	4.5	1550.28	484.135	589.649	199.975	95.5274	42.034	23.3788	18.5763	19.265	37.847	23.4746	14.6608	1.75374	0	0	0	0	0	0	0	0
05.500,00.000	36.2	5.5	-200	0	4.5	1557.68	486.247	591.933	201.053	96.2436	42.4542	23.5802	18.5795	19.443	37.8896	23.6926	14.806	1.75374	0	0	0	0	0	0	0	0
05.500,00.000	36.3	5.5	-200	0	4.5	1565.17	488.372	594.247	202.16	96.8112	43.0402	23.7905	18.5814	19.6219	37.928	23.9117	14.9557	1.75374	0	0	0	0	0	0	0	0
05.500,00.000	36.4	5.5	-200	0	4.5	1572.73	490.504	596.574	203.287	97.3219	43.6958	24.0084	18.5819	19.8028	37.9627	24.1298	15.1091	1.75374	0	0	0	0	0	0	0	0
05.500,00.000	36.5	5.5	-200	0	4.5	1580.33	492.645	598.905	204.427	97.8247	44.3694	24.2351	18.5819	19.9849	37.9944	24.3458	15.2663	1.75374	0	0	0	0	0	0	0	0
05.500,00.000	36.6	5.5	-200	0	4.5	1588.02	494.804	601.244	205.592	98.3147	45.0628	24.4729	18.5819	20.172	38.0241	24.5633	15.4297	1.75374	0	0	0	0	0	0	0	0
05.500,00.000	36.7	5.5	-200	0	4.5	1608.13	500.472	607.366	208.685	99.5175	46.8903	25.1179	18.5822	20.6603	38.0981	25.1216	15.8667	1.75374	0	0	0	0	0	0	0	0
05.500,00.000	36.8	5.5	-200	0	4.5	1617.39	503.05	610.218	210.11	100.067	47.7311	25.4206	18.5838	20.8827	38.1268	25.3759	16.0699	1.75374	0	0	0	0	0	0	0	0
05.500,00.000	36.9	5.5	-200	0	4.5	1617.79	503.163	610.339	210.173	100.092	47.7683	25.4344	18.5839	20.8924	38.1279	25.3867	16.0791	1.75374	0	0	0	0	0	0	0	0
05.500,00.000	37	5.5	-200	0	4.5	1630.87	506.795	614.243	212.263	100.875	48.9809	25.8981	18.5926	21.2044	38.1637	25.7239	16.3806	1.75374	0	0	0	0	0	0	0	0
05.500,00.000	37.1	5.5	-200	0	4.5	1642.64	510.117	617.691	214.166	101.525	50.0907	26.3331	18.6029	21.4882	38.1915	26.0258	16.6598	1.75374	0	0	0	0	0	0	0	0
05.500,00.000	37.2	5.5	-200	0	4.5	1650.88	512.464	620.121	215.492	101.969	50.8559	26.6424	18.6123	21.6815	38.2099	26.2646	16.814	1.75374	0	0	0	0	0	0	0	0
05.500,00.000	37.3	5.5	-200	0	4.5	1658.87	514.731	622.483	216.797	102.397	51.5962	26.9492	18.6243	21.8657	38.2258	26.4973	16.9549	1.75374	0	0	0	0	0	0	0	0
05.500,00.000	37.4	5.5	-200	0	4.5	1666.94	516.993	624.873	218.132	102.827	52.3468	27.2654	18.6392	22.0498	38.2399	26.7097	17.1131	1.75374	0	0	0	0	0	0	0	0
05.500,00.000	37.5	5.5	-200	0	4.5	1675.08	519.246	627.29	219.491	103.261	53.1097	27.5909	18.6571	22.2334	38.2523	26.916	17.2746	1.75374	0	0	0	0	0	0	0	0
05.500,00.000	37.6	5.5	-200	0	4.5	1683.34	521.51	629.74	220.882	103.703	53.8945	27.9326	18.679	22.42	38.2633	27.1196	17.4418	1.75374	0	0	0	0	0	0	0	0
05.500,00.000	37.7	5.5	-200	0	4.5	1700.95	526.273	634.963	223.884	104.642	55.5862	28.6756	18.7331	22.8139	38.2834	27.5359	17.8041	1.75374	0	0	0	0	0	0	0	0
05.500,00.000	37.8	5.5	-200	0	4.5	1709.44	528.554	637.489	225.367	105.063	56.4053	29.0424	18.762	23.0019	38.2912	27.7305	17.9806	1.75374	0	0	0	0	0	0	0	0
05.500,00.000	37.9	5.5	-200	0	4.5	1710.08	528.723	637.681	225.48	105.095	56.4675	29.0708	18.7644	23.016	38.2917	27.7445	17.994	1.75374	0	0	0	0	0	0	0	0
05.500,00.000	38	5.5	-200	0	4.5	1725	532.552	642.158	228.143	105.881	57.936	29.7512	18.8276	23.3386	38.3011	28.0492	18.3102	1.75374	0	0	0	0	0	0	0	0
05.500,00.000	38.1	5.5	-200	0	4.5	1736.07	535.338	645.501	230.13	106.465	59.0296	30.2709	18.8783	23.5778	38.3063	28.2686	18.5468	1.75374	0	0	0	0	0	0	0	0
05.500,00.000	38.2	5.5	-200	0	4.5	1744.57	537.42	648.061	231.675	106.911	59.8932	30.6894	18.9221	23.7647	38.3096	28.4318	18.7342	1.75374	0	0	0	0	0	0	0	0
05.500,00.000	38.3	5.5	-200	0	4.5	1752.78	539.398	650.538	233.174	107.351	60.7329	31.1076	18.9689	23.9466	38.312	28.5837	18.918	1.75374	0	0	0	0	0	0	0	0
05.500,00.000	38.4	5.5	-200	0	4.5	1760.97	541.328	653.001	234.677	107.804	61.5734	31.5379	19.0198	24.1296	38.3138	28.7289	19.1043	1.75374	0	0	0	0	0	0	0	0
05.500,00.000	38.5	5.5	-200	0	4.5	1769.12	543.219	655.437	236.184	108.271	62.4133	31.9803	19.0752	24.3138	38.3151	28.8676	19.2931	1.75374	0	0	0	0	0	0	0	0
05.500,00.000	38.6	5.5	-200	0	4.5	1777.31	545.076	657.892	237.698	108.753	63.2581	32.4384	19.1354	24.5015	38.3161	29.0012	19.4862	1.75374	0	0	0	0	0	0	0	0
05.500,00.000	38.7	5.5	-200	0	4.5	1785.16	546.826	660.233	239.16	109.233	64.0677	32.8893	19.197	24.6824	38.3166	29.1231	19.6743	1.75374	0	0	0	0	0	0	0	0
05.500,00.000	38.8	5.5	-200	0	4.5	1807.59	551.857	666.954	243.38	110.679	66.1386	34.23	19.3887	25.2102	38.3175	29.4565	20.227	1.75374	0	0	0	0	0	0	0	0
05.500,00.000	38.9	5.5	-200	0	4.5	1811.97	552.867	668.295	244.224	110.957	66.4453	34.5055	19.4288	25.3164	38.3173	29.5222	20.3388	1.75374	0	0	0	0	0	0	0	0
05.500,00.000	39	5.5	-200	0	4.5	1824.93	555.835	672.295	246.69	111.844	67.3583	35.3153	19.5566	25.6206	38.3172	29.6908	20.657	1.75374	0	0	0	0	0	0	0	0
05.500,00.000	39.1	5.5	-200	0	4.5	1835.94	558.177	675.847	248.796	112.611	68.1118	36.0191	19.671	25.8803	38.3171	29.8274	20.9278	1.75374	0	0	0	0	0	0	0	0
05.500,00.000	39.2	5.5	-200	0	4.5	1844.03	559.861	678.457	250.357	113.197	68.6565	36.5476	19.7611	26.071	38.3171	29.9202	21.126	1.75374	0	0	0	0	0	0	0	0
05.500,00.000	39.3	5.5	-200	0	4.5	1851.78	561.455	680.952	251.869	113.775	69.1664	37.069	19.8529	26.2547	38.3171	30.0027	21.3161	1.75374	0	0	0	0	0	0	0	0
05.500,00.000	39.4	5.5	-200	0	4.5	1859.5	563.018	683.423	253.39	114.363	69.6626	37.6009	19.9503	26.4383	38.3171	30.0786	21.5052	1.75374	0	0	0	0	0	0	0	0
05.500,00.000	39.5	5.5	-200	0	4.5	1867.15	564.528	685.876	254.908	114.963	70.1448	38.1422	20.0526	26.6215	38.3171	30.1477	21.6933	1.75374	0	0	0	0	0	0	0	0
05.500,00.000	39.6	5.5	-200	0	4.5	1874.73	565.948	688.31	256.443	115.577	70.6191	38.7011	20.1621	26.8077	38.3171	30.2116	21.8829	1.75374	0	0	0	0	0	0	0	0
05.500,00.000	39.7	5.5	-200	0	4.5	1905.68	571.7	698.075	262.813	118.145	72.5089	41.0484	20.6382	27.5745	38.3171	30.4498	22.659	1.75374	0	0	0	0	0	0	0	0
05.500,00.000	39.8	5.5	-200	0	4.5	1911.67	572.748	699.994	264.056	118.65	72.8717	41.514	20.7346	27.7249	38.3171	30.4947	22.8112	1.75374	0	0	0	0	0	0	0	0
05.500,00.000	39.9	5.5	-200	0	4.5	1916.47	573.628	701.496	265.063	119.065	73.1426	41.8876	20.818	27.8425	38.3171	30.5249	22.9287	1.75374	0	0	0	0	0	0	0	0
05.500,00.000	40	5.5	-200	0	4.5	1928.62	575.843	705.277	267.641	120.132	73.8096	42.8441	21.039	28.1409	38.3171	30.5953	23.2237	1.75374	0	0	0	0	0	0	0	0
05.500,00.000	40.1	5.5	-200	0	4.5	1938.4	577.577	708.327	269.739	121.01	74.3306	43.6255	21.2267	28.382	38.3171	30.6467	23.4601	1.75374	0	0	0	0	0	0	0	0
05.500,00.000	40.2	5.5	-200	0	4.5	1945.97	578.915	710.676	271.375	121.705	74.7188	44.2369	21.3803	28.5688	38.3171	30.6819	23.641	1.75374	0	0	0	0	0	0	0	0
05.500,00.000	40.3	5.5	-200	0	4.5	1953.18	580.185	712.896	272.95	122.378	75.0747	44.825	21.5348	28.7471	38.3171	30.7116	23.8114	1.75374	0	0	0	0	0	0	0	0
05.500,00.000	40.4	5.5	-200	0	4.5	1960.31	581.427	715.086	274.495	123.066	75.4152	45.4152	21.6967	28.7717	38.4704	30.7374	23.9791	1.75374	0	0	0	0	0	0	0	0
05.500,00.000	40.5	5.5	-200	0	4.5	1967.36	582.626	717.234	276.041	123.766	75.7398	46.0062	21.8657	28.7718	38.648	30.7595	24.144	1.75374	0	0	0	0	0	0	0	0
05.500,00.000	40.6	5.5	-200	0	4.5	1982	585.086	721.585	279.307	125.275	76.3966	47.2628	22.243	28.7718	39.0272	30.7988	24.4897	1.75374	0	0	0	0	0	0	0	0
05.500,00.000	40.7	5.5	-200	0	4.5	1992.32	586.8	724.598	281.633	126.371	76.8484	48.1616	22.5237	28.7718	39.2988	30.8225	24.7339	1.75374	0	0	0	0	0	0	0	0
05.500,00.000	40.8	5.5	-200	0	4.5	1993.54	586.995	724.955	281.908	126.509	76.9011	48.27	22.5588	28.7718	39.3316	30.8249	24.763	1.75374	0	0	0	0	0	0	0	0
05.500,00.000	40.9	5.5	-200	0	4.5	1994.22	587.102	725.151	282.062	126.586	76.9281	48.329	22.5791	28.7718	39.3496	30.8258	24.7783	1.75374	0	0	0	0	0	0	0	0
05.500,00.000	41	5.5	-200	0	4.5	2005.65	588.901	728.417	284.707	127.924	77.3686	49.3333	22.9413	28.7718	39.6573	30.8383	25.033	1.75374	0	0	0	0	0	0	0	0
05.500,00.000	41.1	5.5	-200	0	4.5	2013.93	590.178	730.741	286.636	128.932	77.6824	50.0725	23.2179	28.7718	39.8848	30.8459	25.2174	1.75374	0	0	0	0	0	0	0	0
05.500,00.000	41.2	5.5	-200	0	4.5	2020.31	591.157	732.527	288.119	129.724	77.9116	50.6375	23.4406	28.7719	40.0603	30.8506	25.3551	1.75374	0	0	0	0	0	0	0	0
05.500,00.000	41.3	5.5	-200	0	4.5	2026.61	592.113	734.278	289.585	130.53	78.1287	51.1973	23.6718	28.7728	40.2357	30.8544	25.4886	1.75374	0	0	0	0	0	0	0	0
05.500,00.000	41.4	5.5	-200	0	4.5	2032.84	593.048	735.997	291.038	131.35	78.3337	51.7506	23.9111	28.7744	40.4109	30.8571	25.6178	1.75374	0	0	0	0	0	0	0	0
05.500,00.000	41.5	5.5	-200	0	4.5	2038.98	593.968	737.655	292.475	132.182	78.5268	52.2968	24.1586	28.7778	40.586	30.8589	25.7426	1.75374	0	0	0	0	0	0	0	0
05.500,00.000	41.6	5.5	-200	0	4.5	2047.24	595.169	739.841	294.421	133.342	78.776	53.0409	24.5125	28.7866	40.8289	30.86	25.9096	1.75374	0	0	0	0	0	0	0	0
05.500,00.000	41.7	5.5	-200	0	4.5	2061.84	597.269	743.711	297.782	135.464	79.1948	54.3599	25.1696	28.8084	41.2654	30.8603	26.1998	1.75374	0	0	0	0	0	0	0	0
05.500,00.000	41.8	5.5	-200	0	4.5	2064.61	597.675	744.43	298.4	135.875	79.2743	54.6167	25.3008	28.8137	41.351	30.8603	26.2556	1.75374	0	0	0	0	0	0	0	0
05.500,00.000	41.9	5.5	-200	0	4.5	2065.15	597.752	744.57	298.524	135.956	79.2886	54.6653	25.3273	28.8152	41.3675	30.8603	26.2659	1.75374	0	0	0	0	0	0	0	0
05.500,00.000	42	5.5	-200	0	4.5	2076.64	599.357	747.506	301.168	137.747	79.5773	55.6967	25.9181	28.8548	41.7242	30.8603	26.4767	1.75374	0	0	0	0	0	0	0	0