
label	time(d)	x	depth	z	radius	total	0-10	10-20	20-30	30-40	40-50	50-60	60-70	70-80	80-90	90-100	100-110	110-120	120-130	130-140	140-150	150-160	160-170	170-180	180-190	190-200
05.500,00.000	0	5.5	-200	0	4.5	0	0	0	0	0	0	0	0	0	0	0	0	0	0	0	0	0	0	0	0	0
05.500,00.000	0.1	5.5	-200	0	4.5	0	0	0	0	0	0	0	0	0	0	0	0	0	0	0	0	0	0	0	0	0
05.500,00.000	0.2	5.5	-200	0	4.5	0	0	0	0	0	0	0	0	0	0	0	0	0	0	0	0	0	0	0	0	0
05.500,00.000	0.3	5.5	-200	0	4.5	0	0	0	0	0	0	0	0	0	0	0	0	0	0	0	0	0	0	0	0	0
05.500,00.000	0.4	5.5	-200	0	4.5	0	0	0	0	0	0	0	0	0	0	0	0	0	0	0	0	0	0	0	0	0
05.500,00.000	0.5	5.5	-200	0	4.5	0	0	0	0	0	0	0	0	0	0	0	0	0	0	0	0	0	0	0	0	0
05.500,00.000	0.6	5.5	-200	0	4.5	0	0	0	0	0	0	0	0	0	0	0	0	0	0	0	0	0	0	0	0	0
05.500,00.000	0.7	5.5	-200	0	4.5	0	0	0	0	0	0	0	0	0	0	0	0	0	0	0	0	0	0	0	0	0
05.500,00.000	0.8	5.5	-200	0	4.5	0	0	0	0	0	0	0	0	0	0	0	0	0	0	0	0	0	0	0	0	0
05.500,00.000	0.9	5.5	-200	0	4.5	0	0	0	0	0	0	0	0	0	0	0	0	0	0	0	0	0	0	0	0	0
05.500,00.000	1	5.5	-200	0	4.5	0	0	0	0	0	0	0	0	0	0	0	0	0	0	0	0	0	0	0	0	0
05.500,00.000	1.1	5.5	-200	0	4.5	0	0	0	0	0	0	0	0	0	0	0	0	0	0	0	0	0	0	0	0	0
05.500,00.000	1.2	5.5	-200	0	4.5	0	0	0	0	0	0	0	0	0	0	0	0	0	0	0	0	0	0	0	0	0
05.500,00.000	1.3	5.5	-200	0	4.5	0	0	0	0	0	0	0	0	0	0	0	0	0	0	0	0	0	0	0	0	0
05.500,00.000	1.4	5.5	-200	0	4.5	0	0	0	0	0	0	0	0	0	0	0	0	0	0	0	0	0	0	0	0	0
05.500,00.000	1.5	5.5	-200	0	4.5	0	0	0	0	0	0	0	0	0	0	0	0	0	0	0	0	0	0	0	0	0
05.500,00.000	1.6	5.5	-200	0	4.5	0	0	0	0	0	0	0	0	0	0	0	0	0	0	0	0	0	0	0	0	0
05.500,00.000	1.7	5.5	-200	0	4.5	0	0	0	0	0	0	0	0	0	0	0	0	0	0	0	0	0	0	0	0	0
05.500,00.000	1.8	5.5	-200	0	4.5	0	0	0	0	0	0	0	0	0	0	0	0	0	0	0	0	0	0	0	0	0
05.500,00.000	1.9	5.5	-200	0	4.5	0	0	0	0	0	0	0	0	0	0	0	0	0	0	0	0	0	0	0	0	0
05.500,00.000	2	5.5	-200	0	4.5	0	0	0	0	0	0	0	0	0	0	0	0	0	0	0	0	0	0	0	0	0
05.500,00.000	2.1	5.5	-200	0	4.5	0	0	0	0	0	0	0	0	0	0	0	0	0	0	0	0	0	0	0	0	0
05.500,00.000	2.2	5.5	-200	0	4.5	0	0	0	0	0	0	0	0	0	0	0	0	0	0	0	0	0	0	0	0	0
05.500,00.000	2.3	5.5	-200	0	4.5	0	0	0	0	0	0	0	0	0	0	0	0	0	0	0	0	0	0	0	0	0
05.500,00.000	2.4	5.5	-200	0	4.5	0	0	0	0	0	0	0	0	0	0	0	0	0	0	0	0	0	0	0	0	0
05.500,00.000	2.5	5.5	-200	0	4.5	0.0638238	0	0.0638238	0	0	0	0	0	0	0	0	0	0	0	0	0	0	0	0	0	0
05.500,00.000	2.6	5.5	-200	0	4.5	0.354602	0	0.354602	0	0	0	0	0	0	0	0	0	0	0	0	0	0	0	0	0	0
05.500,00.000	2.7	5.5	-200	0	4.5	0.62805	0	0.62805	0	0	0	0	0	0	0	0	0	0	0	0	0	0	0	0	0	0
05.500,00.000	2.8	5.5	-200	0	4.5	1.03941	0.143686	0.895726	0	0	0	0	0	0	0	0	0	0	0	0	0	0	0	0	0	0
05.500,00.000	2.9	5.5	-200	0	4.5	1.54168	0.378497	1.16318	0	0	0	0	0	0	0	0	0	0	0	0	0	0	0	0	0	0
05.500,00.000	3	5.5	-200	0	4.5	2.07041	0.639693	1.43071	0	0	0	0	0	0	0	0	0	0	0	0	0	0	0	0	0	0
05.500,00.000	3.1	5.5	-200	0	4.5	2.61186	0.91464	1.69722	0	0	0	0	0	0	0	0	0	0	0	0	0	0	0	0	0	0
05.500,00.000	3.2	5.5	-200	0	4.5	3.24144	1.27863	1.96281	0	0	0	0	0	0	0	0	0	0	0	0	0	0	0	0	0	0
05.500,00.000	3.3	5.5	-200	0	4.5	4.01632	1.78802	2.2283	0	0	0	0	0	0	0	0	0	0	0	0	0	0	0	0	0	0
05.500,00.000	3.4	5.5	-200	0	4.5	4.83041	2.33678	2.49363	0	0	0	0	0	0	0	0	0	0	0	0	0	0	0	0	0	0
05.500,00.000	3.5	5.5	-200	0	4.5	5.64414	2.8862	2.75794	0	0	0	0	0	0	0	0	0	0	0	0	0	0	0	0	0	0
05.500,00.000	3.6	5.5	-200	0	4.5	6.4538	3.43264	3.02117	0	0	0	0	0	0	0	0	0	0	0	0	0	0	0	0	0	0
05.500,00.000	3.7	5.5	-200	0	4.5	7.26231	3.97814	3.28417	0	0	0	0	0	0	0	0	0	0	0	0	0	0	0	0	0	0
05.500,00.000	3.8	5.5	-200	0	4.5	8.07018	4.52327	3.5469	0	0	0	0	0	0	0	0	0	0	0	0	0	0	0	0	0	0
05.500,00.000	3.9	5.5	-200	0	4.5	8.87799	5.06889	3.8091	0	0	0	0	0	0	0	0	0	0	0	0	0	0	0	0	0	0
05.500,00.000	4	5.5	-200	0	4.5	9.68817	5.61743	4.07074	0	0	0	0	0	0	0	0	0	0	0	0	0	0	0	0	0	0
05.500,00.000	4.1	5.5	-200	0	4.5	10.5	6.16799	4.33204	0	0	0	0	0	0	0	0	0	0	0	0	0	0	0	0	0	0
05.500,00.000	4.2	5.5	-200	0	4.5	11.1977	6.6048	4.59294	0	0	0	0	0	0	0	0	0	0	0	0	0	0	0	0	0	0
05.500,00.000	4.3	5.5	-200	0	4.5	11.7393	6.88633	4.85299	0	0	0	0	0	0	0	0	0	0	0	0	0	0	0	0	0	0
05.500,00.000	4.4	5.5	-200	0	4.5	12.28	7.16772	5.1123	0	0	0	0	0	0	0	0	0	0	0	0	0	0	0	0	0	0
05.500,00.000	4.5	5.5	-200	0	4.5	12.8198	7.44856	5.37119	0	0	0	0	0	0	0	0	0	0	0	0	0	0	0	0	0	0
05.500,00.000	4.6	5.5	-200	0	4.5	13.3581	7.72862	5.62947	0	0	0	0	0	0	0	0	0	0	0	0	0	0	0	0	0	0
05.500,00.000	4.7	5.5	-200	0	4.5	13.8946	8.00759	5.88704	0	0	0	0	0	0	0	0	0	0	0	0	0	0	0	0	0	0
05.500,00.000	4.8	5.5	-200	0	4.5	14.4302	8.28611	6.14406	0	0	0	0	0	0	0	0	0	0	0	0	0	0	0	0	0	0
05.500,00.000	4.9	5.5	-200	0	4.5	14.9648	8.56411	6.40066	0	0	0	0	0	0	0	0	0	0	0	0	0	0	0	0	0	0
05.500,00.000	5	5.5	-200	0	4.5	15.4983	8.84158	6.65674	0	0	0	0	0	0	0	0	0	0	0	0	0	0	0	0	0	0
05.500,00.000	5.1	5.5	-200	0	4.5	16.0313	9.1189	6.91239	0	0	0	0	0	0	0	0	0	0	0	0	0	0	0	0	0	0
05.500,00.000	5.2	5.5	-200	0	4.5	16.563	9.39552	7.1675	0	0	0	0	0	0	0	0	0	0	0	0	0	0	0	0	0	0
05.500,00.000	5.3	5.5	-200	0	4.5	17.0942	9.67224	7.42191	0	0	0	0	0	0	0	0	0	0	0	0	0	0	0	0	0	0
05.500,00.000	5.4	5.5	-200	0	4.5	17.6253	9.94958	7.67576	0	0	0	0	0	0	0	0	0	0	0	0	0	0	0	0	0	0
05.500,00.000	5.5	5.5	-200	0	4.5	18.1546	10.2259	7.92866	0	0	0	0	0	0	0	0	0	0	0	0	0	0	0	0	0	0
05.500,00.000	5.6	5.5	-200	0	4.5	18.6832	10.5022	8.18104	0	0	0	0	0	0	0	0	0	0	0	0	0	0	0	0	0	0
05.500,00.000	5.7	5.5	-200	0	4.5	19.21	10.7773	8.43271	0	0	0	0	0	0	0	0	0	0	0	0	0	0	0	0	0	0
05.500,00.000	5.8	5.5	-200	0	4.5	19.7364	11.0523	8.57097	0.113113	0	0	0	0	0	0	0	0	0	0	0	0	0	0	0	0	0
05.500,00.000	5.9	5.5	-200	0	4.5	20.2633	11.3284	8.57097	0.363934	0	0	0	0	0	0	0	0	0	0	0	0	0	0	0	0	0
05.500,00.000	6	5.5	-200	0	4.5	20.7885	11.4262	8.74829	0.613952	0	0	0	0	0	0	0	0	0	0	0	0	0	0	0	0	0
05.500,00.000	6.1	5.5	-200	0	4.5	21.3133	11.4262	9.02362	0.863406	0	0	0	0	0	0	0	0	0	0	0	0	0	0	0	0	0
05.500,00.000	6.2	5.5	-200	0	4.5	21.8371	11.4262	9.29818	1.11264	0	0	0	0	0	0	0	0	0	0	0	0	0	0	0	0	0
05.500,00.000	6.3	5.5	-200	0	4.5	22.3602	11.4262	9.57282	1.3611	0	0	0	0	0	0	0	0	0	0	0	0	0	0	0	0	0
05.500,00.000	6.4	5.5	-200	0	4.5	22.8831	11.4262	9.84819	1.60866	0	0	0	0	0	0	0	0	0	0	0	0	0	0	0	0	0
05.500,00.000	6.5	5.5	-200	0	4.5	23.4043	11.4262	10.1229	1.85513	0	0	0	0	0	0	0	0	0	0	0	0	0	0	0	0	0
05.500,00.000	6.6	5.5	-200	0	4.5	23.9256	11.4262	10.3978	2.10162	0	0	0	0	0	0	0	0	0	0	0	0	0	0	0	0	0
05.500,00.000	6.7	5.5	-200	0	4.5	24.4465	11.4262	10.673	2.34735	0	0	0	0	0	0	0	0	0	0	0	0	0	0	0	0	0
05.500,00.000	6.8	5.5	-200	0	4.5	24.8869	11.4262	10.8685	2.59213	0	0	0	0	0	0	0	0	0	0	0	0	0	0	0	0	0
05.500,00.000	6.9	5.5	-200	0	4.5	25.1331	11.4265	10.8699	2.83665	0	0	0	0	0	0	0	0	0	0	0	0	0	0	0	0	0
05.500,00.000	7	5.5	-200	0	4.5	25.3797	11.4286	10.8704	3.08081	0	0	0	0	0	0	0	0	0	0	0	0	0	0	0	0	0
05.500,00.000	7.1	5.5	-200	0	4.5	25.628	11.4324	10.8712	3.32442	0	0	0	0	0	0	0	0	0	0	0	0	0	0	0	0	0
05.500,00.000	7.2	5.5	-200	0	4.5	25.8773	11.4379	10.8723	3.5672	0	0	0	0	0	0	0	0	0	0	0	0	0	0	0	0	0
05.500,00.000	7.3	5.5	-200	0	4.5	26.1296	11.4462	10.8741	3.80934	0	0	0	0	0	0	0	0	0	0	0	0	0	0	0	0	0
05.500,00.000	7.4	5.5	-200	0	4.5	26.3869	11.4587	10.877	4.05116	0	0	0	0	0	0	0	0	0	0	0	0	0	0	0	0	0
05.500,00.000	7.5	5.5	-200	0	4.5	26.6499	11.4771	10.8808	4.29198	0	0	0	0	0	0	0	0	0	0	0	0	0	0	0	0	0
05.500,00.000	7.6	5.5	-200	0	4.5	26.9193	11.5014	10.8858	4.53213	0	0	0	0	0	0	0	0	0	0	0	0	0	0	0	0	0
05.500,00.000	7.7	5.5	-200	0	4.5	27.1975	11.5332	10.8926	4.77164	0	0	0	0	0	0	0	0	0	0	0	0	0	0	0	0	0
05.500,00.000	7.8	5.5	-200	0	4.5	27.4848	11.5727	10.9012	5.0109	0	0	0	0	0	0	0	0	0	0	0	0	0	0	0	0	0
05.500,00.000	7.9	5.5	-200	0	4.5	27.7839	11.6225	10.9116	5.24981	0	0	0	0	0	0	0	0	0	0	0	0	0	0	0	0	0
05.500,00.000	8	5.5	-200	0	4.5	28.0944	11.6823	10.9242	5.48791	0	0	0	0	0	0	0	0	0	0	0	0	0	0	0	0	0
05.500,00.000	8.1	5.5	-200	0	4.5	28.4182	11.7539	10.9388	5.72553	0	0	0	0	0	0	0	0	0	0	0	0	0	0	0	0	0
05.500,00.000	8.2	5.5	-200	0	4.5	28.756	11.838	10.9554	5.96264	0	0	0	0	0	0	0	0	0	0	0	0	0	0	0	0	0
05.500,00.000	8.3	5.5	-200	0	4.5	29.1106	11.9361	10.9753	6.19923	0	0	0	0	0	0	0	0	0	0	0	0	0	0	0	0	0
05.500,00.000	8.4	5.5	-200	0	4.5	29.4804	12.0478	10.9973	6.43529	0	0	0	0	0	0	0	0	0	0	0	0	0	0	0	0	0
05.500,00.000	8.5	5.5	-200	0	4.5	29.8728	12.1728	11.0294	6.67062	0	0	0	0	0	0	0	0	0	0	0	0	0	0	0	0	0
05.500,00.000	8.6	5.5	-200	0	4.5	30.2853	12.3095	11.0705	6.90526	0	0	0	0	0	0	0	0	0	0	0	0	0	0	0	0	0
05.500,00.000	8.7	5.5	-200	0	4.5	30.7134	12.4593	11.1146	7.13955	0	0	0	0	0	0	0	0	0	0	0	0	0	0	0	0	0
05.500,00.000	8.8	5.5	-200	0	4.5	31.1587	12.6208	11.1647	7.37312	0	0	0	0	0	0	0	0	0	0	0	0	0	0	0	0	0
05.500,00.000	8.9	5.5	-200	0	4.5	31.6241	12.7991	11.2189	7.6061	0	0	0	0	0	0	0	0	0	0	0	0	0	0	0	0	0
05.500,00.000	9	5.5	-200	0	4.5	32.1092	12.9925	11.278	7.83867	0	0	0	0	0	0	0	0	0	0	0	0	0	0	0	0	0
05.500,00.000	9.1	5.5	-200	0	4.5	32.6128	13.1996	11.3423	8.07088	0	0	0	0	0	0	0	0	0	0	0	0	0	0	0	0	0
05.500,00.000	9.2	5.5	-200	0	4.5	33.137	13.4236	11.4108	8.30254	0	0	0	0	0	0	0	0	0	0	0	0	0	0	0	0	0
05.500,00.000	9.3	5.5	-200	0	4.5	33.6828	13.6653	11.4841	8.53344	0	0	0	0	0	0	0	0	0	0	0	0	0	0	0	0	0
05.500,00.000	9.4	5.5	-200	0	4.5	34.2481	13.9231	11.5612	8.7638	0	0	0	0	0	0	0	0	0	0	0	0	0	0	0	0	0
05.500,00.000	9.5	5.5	-200	0	4.5	34.8348	14.1963	11.6449	8.99355	0	0	0	0	0	0	0	0	0	0	0	0	0	0	0	0	0
05.500,00.000	9.6	5.5	-200	0	4.5	35.4324	14.4822	11.7275	9.22269	0	0	0	0	0	0	0	0	0	0	0	0	0	0	0	0	0
05.500,00.000	9.7	5.5	-200	0	4.5	36.049	14.7834	11.8144	9.45121	0	0	0	0	0	0	0	0	0	0	0	0	0	0	0	0	0
05.500,00.000	9.8	5.5	-200	0	4.5	36.6897	15.1038	11.9068	9.67906	0	0	0	0	0	0	0	0	0	0	0	0	0	0	0	0	0
05.500,00.000	9.9	5.5	-200	0	4.5	37.3609	15.4501	12.0044	9.90645	0	0	0	0	0	0	0	0	0	0	0	0	0	0	0	0	0
05.500,00.000	10	5.5	-200	0	4.5	38.0591	15.8164	12.1092	10.101	0.0324402	0	0	0	0	0	0	0	0	0	0	0	0	0	0	0	0
05.500,00.000	10.1	5.5	-200	0	4.5	38.7836	16.2029	12.2207	10.101	0.258922	0	0	0	0	0	0	0	0	0	0	0	0	0	0	0	0
05.500,00.000	10.2	5.5	-200	0	4.5	39.5359	16.6093	12.3408	10.101	0.484784	0	0	0	0	0	0	0	0	0	0	0	0	0	0	0	0
05.500,00.000	10.3	5.5	-200	0	4.5	40.3145	17.0352	12.4682	10.101	0.710095	0	0	0	0	0	0	0	0	0	0	0	0	0	0	0	0
05.500,00.000	10.4	5.5	-200	0	4.5	41.1182	17.4792	12.6031	10.101	0.934895	0	0	0	0	0	0	0	0	0	0	0	0	0	0	0	0
05.500,00.000	10.5	5.5	-200	0	4.5	41.9453	17.9387	12.7464	10.1011	1.15908	0	0	0	0	0	0	0	0	0	0	0	0	0	0	0	0
05.500,00.000	10.6	5.5	-200	0	4.5	42.791	18.4092	12.8973	10.1019	1.38252	0	0	0	0	0	0	0	0	0	0	0	0	0	0	0	0
05.500,00.000	10.7	5.5	-200	0	4.5	43.6594	18.8948	13.0564	10.1028	1.60536	0	0	0	0	0	0	0	0	0	0	0	0	0	0	0	0
05.500,00.000	10.8	5.5	-200	0	4.5	44.5505	19.3948	13.2238	10.1041	1.82777	0	0	0	0	0	0	0	0	0	0	0	0	0	0	0	0
05.500,00.000	10.9	5.5	-200	0	4.5	45.4742	19.9146	13.4027	10.1073	2.04966	0	0	0	0	0	0	0	0	0	0	0	0	0	0	0	0
05.500,00.000	11	5.5	-200	0	4.5	46.4287	20.4538	13.5927	10.1112	2.27098	0	0	0	0	0	0	0	0	0	0	0	0	0	0	0	0
05.500,00.000	11.1	5.5	-200	0	4.5	47.4129	21.0137	13.791	10.1163	2.49178	0	0	0	0	0	0	0	0	0	0	0	0	0	0	0	0
05.500,00.000	11.2	5.5	-200	0	4.5	48.4354	21.6011	13.9987	10.1236	2.7121	0	0	0	0	0	0	0	0	0	0	0	0	0	0	0	0
05.500,00.000	11.3	5.5	-200	0	4.5	49.4999	22.2196	14.2163	10.1322	2.9319	0	0	0	0	0	0	0	0	0	0	0	0	0	0	0	0
05.500,00.000	11.4	5.5	-200	0	4.5	50.6034	22.8667	14.4429	10.1426	3.15122	0	0	0	0	0	0	0	0	0	0	0	0	0	0	0	0
05.500,00.000	11.5	5.5	-200	0	4.5	51.767	23.5633	14.679	10.1548	3.36987	0	0	0	0	0	0	0	0	0	0	0	0	0	0	0	0
05.500,00.000	11.6	5.5	-200	0	4.5	52.9536	24.2722	14.9247	10.169	3.58771	0	0	0	0	0	0	0	0	0	0	0	0	0	0	0	0
05.500,00.000	11.7	5.5	-200	0	4.5	54.1546	24.9974	15.1671	10.1851	3.80502	0	0	0	0	0	0	0	0	0	0	0	0	0	0	0	0
05.500,00.000	11.8	5.5	-200	0	4.5	55.3821	25.7423	15.4123	10.2055	4.02187	0	0	0	0	0	0	0	0	0	0	0	0	0	0	0	0
05.500,00.000	11.9	5.5	-200	0	4.5	56.6519	26.5183	15.6673	10.2281	4.23831	0	0	0	0	0	0	0	0	0	0	0	0	0	0	0	0
05.500,00.000	12	5.5	-200	0	4.5	57.9655	27.3266	15.9309	10.2536	4.45432	0	0	0	0	0	0	0	0	0	0	0	0	0	0	0	0
05.500,00.000	12.1	5.5	-200	0	4.5	59.4034	28.2445	16.205	10.2829	4.67104	0	0	0	0	0	0	0	0	0	0	0	0	0	0	0	0
05.500,00.000	12.2	5.5	-200	0	4.5	60.8744	29.1852	16.488	10.3148	4.8864	0	0	0	0	0	0	0	0	0	0	0	0	0	0	0	0
05.500,00.000	12.3	5.5	-200	0	4.5	62.3827	30.1511	16.7811	10.3496	5.10093	0	0	0	0	0	0	0	0	0	0	0	0	0	0	0	0
05.500,00.000	12.4	5.5	-200	0	4.5	63.9583	31.178	17.0779	10.3875	5.31486	0	0	0	0	0	0	0	0	0	0	0	0	0	0	0	0
05.500,00.000	12.5	5.5	-200	0	4.5	65.5559	32.2201	17.3786	10.4292	5.52806	0	0	0	0	0	0	0	0	0	0	0	0	0	0	0	0
05.500,00.000	12.6	5.5	-200	0	4.5	67.4402	33.465	17.7285	10.4793	5.76736	0	0	0	0	0	0	0	0	0	0	0	0	0	0	0	0
05.500,00.000	12.7	5.5	-200	0	4.5	69.1896	34.6263	18.052	10.528	5.98332	0	0	0	0	0	0	0	0	0	0	0	0	0	0	0	0
05.500,00.000	12.8	5.5	-200	0	4.5	70.7352	35.6483	18.3407	10.5738	6.17243	0	0	0	0	0	0	0	0	0	0	0	0	0	0	0	0
05.500,00.000	12.9	5.5	-200	0	4.5	72.5862	36.8724	18.6905	10.6311	6.39214	0	0	0	0	0	0	0	0	0	0	0	0	0	0	0	0
05.500,00.000	13	5.5	-200	0	4.5	74.4446	38.1057	19.0411	10.6907	6.60712	0	0	0	0	0	0	0	0	0	0	0	0	0	0	0	0
05.500,00.000	13.1	5.5	-200	0	4.5	76.3077	39.3422	19.3943	10.7539	6.8173	0	0	0	0	0	0	0	0	0	0	0	0	0	0	0	0
05.500,00.000	13.2	5.5	-200	0	4.5	78.1964	40.5936	19.7554	10.8206	7.02673	0	0	0	0	0	0	0	0	0	0	0	0	0	0	0	0
05.500,00.000	13.3	5.5	-200	0	4.5	80.1364	41.8826	20.1265	10.8914	7.23592	0	0	0	0	0	0	0	0	0	0	0	0	0	0	0	0
05.500,00.000	13.4	5.5	-200	0	4.5	82.1251	43.2114	20.5026	10.9664	7.44479	0	0	0	0	0	0	0	0	0	0	0	0	0	0	0	0
05.500,00.000	13.5	5.5	-200	0	4.5	84.1771	44.6121	20.8556	11.0491	7.66019	0	0	0	0	0	0	0	0	0	0	0	0	0	0	0	0
05.500,00.000	13.6	5.5	-200	0	4.5	86.6375	46.2952	21.2817	11.1513	7.90926	0	0	0	0	0	0	0	0	0	0	0	0	0	0	0	0
05.500,00.000	13.7	5.5	-200	0	4.5	88.6903	47.6954	21.6361	11.2411	8.11769	0	0	0	0	0	0	0	0	0	0	0	0	0	0	0	0
05.500,00.000	13.8	5.5	-200	0	4.5	90.3833	48.8468	21.9316	11.318	8.28699	0	0	0	0	0	0	0	0	0	0	0	0	0	0	0	0
05.500,00.000	13.9	5.5	-200	0	4.5	92.4802	50.272	22.2995	11.4168	8.49181	0	0	0	0	0	0	0	0	0	0	0	0	0	0	0	0
05.500,00.000	14	5.5	-200	0	4.5	94.7508	51.8149	22.6973	11.5274	8.71122	0	0	0	0	0	0	0	0	0	0	0	0	0	0	0	0
05.500,00.000	14.1	5.5	-200	0	4.5	96.9604	53.316	23.086	11.6393	8.91908	0	0	0	0	0	0	0	0	0	0	0	0	0	0	0	0
05.500,00.000	14.2	5.5	-200	0	4.5	99.188	54.8334	23.4759	11.7548	9.12385	0	0	0	0	0	0	0	0	0	0	0	0	0	0	0	0
05.500,00.000	14.3	5.5	-200	0	4.5	101.458	56.3802	23.8736	11.8758	9.32814	0	0	0	0	0	0	0	0	0	0	0	0	0	0	0	0
05.500,00.000	14.4	5.5	-200	0	4.5	103.741	57.9288	24.2778	12.0024	9.53164	0	0	0	0	0	0	0	0	0	0	0	0	0	0	0	0
05.500,00.000	14.5	5.5	-200	0	4.5	106.656	59.8882	24.8048	12.1726	9.7908	0	0	0	0	0	0	0	0	0	0	0	0	0	0	0	0
05.500,00.000	14.6	5.5	-200	0	4.5	109.463	61.7568	25.3224	12.3431	10.0408	0	0	0	0	0	0	0	0	0	0	0	0	0	0	0	0
05.500,00.000	14.7	5.5	-200	0	4.5	111.824	63.3386	25.7355	12.4957	10.2001	0.0543072	0	0	0	0	0	0	0	0	0	0	0	0	0	0	0
05.500,00.000	14.8	5.5	-200	0	4.5	113.965	64.7662	26.1079	12.6414	10.2001	0.249209	0	0	0	0	0	0	0	0	0	0	0	0	0	0	0
05.500,00.000	14.9	5.5	-200	0	4.5	115.523	65.8014	26.3786	12.7518	10.2001	0.390561	0	0	0	0	0	0	0	0	0	0	0	0	0	0	0
05.500,00.000	15	5.5	-200	0	4.5	118.13	67.5139	26.847	12.9437	10.2001	0.624884	0	0	0	0	0	0	0	0	0	0	0	0	0	0	0
05.500,00.000	15.1	5.5	-200	0	4.5	120.521	69.0791	27.2745	13.1277	10.2001	0.839566	0	0	0	0	0	0	0	0	0	0	0	0	0	0	0
05.500,00.000	15.2	5.5	-200	0	4.5	122.751	70.5233	27.683	13.3057	10.2001	1.03893	0	0	0	0	0	0	0	0	0	0	0	0	0	0	0
05.500,00.000	15.3	5.5	-200	0	4.5	124.978	71.9519	28.0968	13.4908	10.2001	1.2379	0	0	0	0	0	0	0	0	0	0	0	0	0	0	0
05.500,00.000	15.4	5.5	-200	0	4.5	127.201	73.363	28.5179	13.6831	10.2001	1.43666	0	0	0	0	0	0	0	0	0	0	0	0	0	0	0
05.500,00.000	15.5	5.5	-200	0	4.5	131.482	76.0492	29.3548	14.0709	10.2028	1.80431	0	0	0	0	0	0	0	0	0	0	0	0	0	0	0
05.500,00.000	15.6	5.5	-200	0	4.5	132.319	76.5791	29.5059	14.1498	10.2034	1.88126	0	0	0	0	0	0	0	0	0	0	0	0	0	0	0
05.500,00.000	15.7	5.5	-200	0	4.5	134.457	77.8731	29.9397	14.3608	10.206	2.07791	0	0	0	0	0	0	0	0	0	0	0	0	0	0	0
05.500,00.000	15.8	5.5	-200	0	4.5	135.056	78.2356	30.0582	14.4219	10.2069	2.13364	0	0	0	0	0	0	0	0	0	0	0	0	0	0	0
05.500,00.000	15.9	5.5	-200	0	4.5	135.94	78.7574	30.2398	14.5175	10.2088	2.21669	0	0	0	0	0	0	0	0	0	0	0	0	0	0	0
05.500,00.000	16	5.5	-200	0	4.5	138.749	80.3958	30.8225	14.8325	10.2159	2.48172	0	0	0	0	0	0	0	0	0	0	0	0	0	0	0
05.500,00.000	16.1	5.5	-200	0	4.5	141.096	81.7622	31.3067	15.1015	10.2237	2.70213	0	0	0	0	0	0	0	0	0	0	0	0	0	0	0
05.500,00.000	16.2	5.5	-200	0	4.5	143.173	82.9627	31.7348	15.3467	10.2318	2.89685	0	0	0	0	0	0	0	0	0	0	0	0	0	0	0
05.500,00.000	16.3	5.5	-200	0	4.5	145.226	84.1315	32.1625	15.5987	10.2419	3.09139	0	0	0	0	0	0	0	0	0	0	0	0	0	0	0
05.500,00.000	16.4	5.5	-200	0	4.5	147.252	85.2661	32.5893	15.8572	10.2535	3.28551	0	0	0	0	0	0	0	0	0	0	0	0	0	0	0
05.500,00.000	16.5	5.5	-200	0	4.5	152.605	88.2587	33.642	16.5924	10.2907	3.82106	0	0	0	0	0	0	0	0	0	0	0	0	0	0	0
05.500,00.000	16.6	5.5	-200	0	4.5	153.631	88.8446	33.819	16.7414	10.2987	3.92782	0	0	0	0	0	0	0	0	0	0	0	0	0	0	0
05.500,00.000	16.7	5.5	-200	0	4.5	160.891	92.7231	35.3483	17.8299	10.3666	4.62356	0	0	0	0	0	0	0	0	0	0	0	0	0	0	0
05.500,00.000	16.8	5.5	-200	0	4.5	162.601	93.5939	35.737	18.0882	10.3836	4.7986	0	0	0	0	0	0	0	0	0	0	0	0	0	0	0
05.500,00.000	16.9	5.5	-200	0	4.5	167.256	95.9865	36.7149	18.8389	10.4444	5.27159	0	0	0	0	0	0	0	0	0	0	0	0	0	0	0
05.500,00.000	17	5.5	-200	0	4.5	170.023	97.3596	37.3175	19.2991	10.4833	5.56325	0	0	0	0	0	0	0	0	0	0	0	0	0	0	0
05.500,00.000	17.1	5.5	-200	0	4.5	171.774	98.2152	37.6914	19.605	10.5117	5.75109	0	0	0	0	0	0	0	0	0	0	0	0	0	0	0
05.500,00.000	17.2	5.5	-200	0	4.5	173.491	99.0327	38.0584	19.9179	10.5428	5.93896	0	0	0	0	0	0	0	0	0	0	0	0	0	0	0
05.500,00.000	17.3	5.5	-200	0	4.5	175.165	99.8088	38.4163	20.237	10.5768	6.12569	0	0	0	0	0	0	0	0	0	0	0	0	0	0	0
05.500,00.000	17.4	5.5	-200	0	4.5	176.82	100.566	38.7649	20.5636	10.6133	6.31218	0	0	0	0	0	0	0	0	0	0	0	0	0	0	0
05.500,00.000	17.5	5.5	-200	0	4.5	182.216	103.009	39.8919	21.6796	10.7451	6.89003	0	0	0	0	0	0	0	0	0	0	0	0	0	0	0
05.500,00.000	17.6	5.5	-200	0	4.5	183.288	103.482	40.1146	21.9054	10.7726	7.01415	0	0	0	0	0	0	0	0	0	0	0	0	0	0	0
05.500,00.000	17.7	5.5	-200	0	4.5	188.397	105.56	41.2336	23.0845	10.9272	7.59181	0	0	0	0	0	0	0	0	0	0	0	0	0	0	0
05.500,00.000	17.8	5.5	-200	0	4.5	189.541	105.923	41.5619	23.3571	10.964	7.73505	0	0	0	0	0	0	0	0	0	0	0	0	0	0	0
05.500,00.000	17.9	5.5	-200	0	4.5	192.169	106.811	42.2128	24.0123	11.0632	8.07005	0	0	0	0	0	0	0	0	0	0	0	0	0	0	0
05.500,00.000	18	5.5	-200	0	4.5	194.551	107.579	42.8122	24.6243	11.1586	8.3773	0	0	0	0	0	0	0	0	0	0	0	0	0	0	0
05.500,00.000	18.1	5.5	-200	0	4.5	196.427	108.193	43.2581	25.1163	11.2401	8.6198	0	0	0	0	0	0	0	0	0	0	0	0	0	0	0
05.500,00.000	18.2	5.5	-200	0	4.5	197.781	108.623	43.5732	25.4823	11.3048	8.7977	0	0	0	0	0	0	0	0	0	0	0	0	0	0	0
05.500,00.000	18.3	5.5	-200	0	4.5	199.201	109.141	43.8712	25.8463	11.3727	8.96974	0	0	0	0	0	0	0	0	0	0	0	0	0	0	0
05.500,00.000	18.4	5.5	-200	0	4.5	200.718	109.731	44.167	26.2241	11.4469	9.14875	0	0	0	0	0	0	0	0	0	0	0	0	0	0	0
05.500,00.000	18.5	5.5	-200	0	4.5	208.313	112.616	45.643	28.1987	11.857	9.64658	0.352241	0	0	0	0	0	0	0	0	0	0	0	0	0	0
05.500,00.000	18.6	5.5	-200	0	4.5	209.875	113.228	45.9319	28.5922	11.9414	9.64658	0.534869	0	0	0	0	0	0	0	0	0	0	0	0	0	0
05.500,00.000	18.7	5.5	-200	0	4.5	225.667	119.078	48.7851	32.8118	12.954	9.64875	2.38945	0	0	0	0	0	0	0	0	0	0	0	0	0	0
05.500,00.000	18.8	5.5	-200	0	4.5	229.872	120.746	49.6982	33.7101	13.2036	9.65149	2.86234	0	0	0	0	0	0	0	0	0	0	0	0	0	0
05.500,00.000	18.9	5.5	-200	0	4.5	237.074	122.475	52.3198	35.3038	13.6552	9.67416	3.64617	0	0	0	0	0	0	0	0	0	0	0	0	0	0
05.500,00.000	19	5.5	-200	0	4.5	241.097	123.13	54.0761	36.1922	13.9205	9.68779	4.08995	0	0	0	0	0	0	0	0	0	0	0	0	0	0
05.500,00.000	19.1	5.5	-200	0	4.5	242.837	123.387	54.8485	36.5841	14.0407	9.69708	4.27966	0	0	0	0	0	0	0	0	0	0	0	0	0	0
05.500,00.000	19.2	5.5	-200	0	4.5	244.485	123.648	55.5646	36.9511	14.1575	9.7079	4.4559	0	0	0	0	0	0	0	0	0	0	0	0	0	0
05.500,00.000	19.3	5.5	-200	0	4.5	246.001	123.906	56.1326	37.3268	14.2806	9.72125	4.63384	0	0	0	0	0	0	0	0	0	0	0	0	0	0
05.500,00.000	19.4	5.5	-200	0	4.5	247.397	124.154	56.5915	37.6999	14.4064	9.7367	4.8085	0	0	0	0	0	0	0	0	0	0	0	0	0	0
05.500,00.000	19.5	5.5	-200	0	4.5	248.855	124.402	57.0701	38.0936	14.5429	9.75532	4.99118	0	0	0	0	0	0	0	0	0	0	0	0	0	0
05.500,00.000	19.6	5.5	-200	0	4.5	250.228	124.644	57.5129	38.4615	14.6738	9.77493	5.161	0	0	0	0	0	0	0	0	0	0	0	0	0	0
05.500,00.000	19.7	5.5	-200	0	4.5	251.558	124.882	57.953	38.7828	14.8104	9.79805	5.33184	0	0	0	0	0	0	0	0	0	0	0	0	0	0
05.500,00.000	19.8	5.5	-200	0	4.5	259.441	126.132	60.5675	40.7593	15.6609	9.95113	6.36996	0	0	0	0	0	0	0	0	0	0	0	0	0	0
05.500,00.000	19.9	5.5	-200	0	4.5	261.037	126.388	61.1012	41.1459	15.8378	9.98417	6.58062	0	0	0	0	0	0	0	0	0	0	0	0	0	0
05.500,00.000	20	5.5	-200	0	4.5	261.087	126.396	61.1172	41.1585	15.8434	9.98535	6.58703	0	0	0	0	0	0	0	0	0	0	0	0	0	0
05.500,00.000	20.1	5.5	-200	0	4.5	267.371	127.486	63.0744	42.7151	16.5702	10.1447	7.38104	0	0	0	0	0	0	0	0	0	0	0	0	0	0
05.500,00.000	20.2	5.5	-200	0	4.5	270.423	128.057	64.0032	43.4529	16.9238	10.226	7.76007	0	0	0	0	0	0	0	0	0	0	0	0	0	0
05.500,00.000	20.3	5.5	-200	0	4.5	271.826	128.326	64.4167	43.7926	17.0891	10.2714	7.93063	0	0	0	0	0	0	0	0	0	0	0	0	0	0
05.500,00.000	20.4	5.5	-200	0	4.5	274.212	128.783	65.1106	44.3683	17.3768	10.3544	8.21879	0	0	0	0	0	0	0	0	0	0	0	0	0	0
05.500,00.000	20.5	5.5	-200	0	4.5	274.782	128.891	65.2757	44.5057	17.4467	10.3754	8.28762	0	0	0	0	0	0	0	0	0	0	0	0	0	0
05.500,00.000	20.6	5.5	-200	0	4.5	287.953	131.416	69.0559	47.6188	19.0845	10.9176	9.20433	0.655865	0	0	0	0	0	0	0	0	0	0	0	0	0
05.500,00.000	20.7	5.5	-200	0	4.5	290.579	132.012	69.5396	48.3745	19.4307	11.0367	9.20433	0.981458	0	0	0	0	0	0	0	0	0	0	0	0	0
05.500,00.000	20.8	5.5	-200	0	4.5	290.656	132.031	69.5522	48.3963	19.4412	11.0407	9.20433	0.990879	0	0	0	0	0	0	0	0	0	0	0	0	0
05.500,00.000	20.9	5.5	-200	0	4.5	300.916	135.013	71.1707	50.757	20.8889	11.6263	9.20513	2.25514	0	0	0	0	0	0	0	0	0	0	0	0	0
05.500,00.000	21	5.5	-200	0	4.5	303.708	136.083	71.603	51.1434	21.2858	11.7902	9.20616	2.59622	0	0	0	0	0	0	0	0	0	0	0	0	0
05.500,00.000	21.1	5.5	-200	0	4.5	307.56	137.468	72.1882	51.7743	21.8351	12.0333	9.214	3.04757	0	0	0	0	0	0	0	0	0	0	0	0	0
05.500,00.000	21.2	5.5	-200	0	4.5	309.919	138.372	72.5285	52.1275	22.1697	12.1849	9.21909	3.31735	0	0	0	0	0	0	0	0	0	0	0	0	0
05.500,00.000	21.3	5.5	-200	0	4.5	311.432	138.935	72.7556	52.3571	22.387	12.2862	9.22364	3.48719	0	0	0	0	0	0	0	0	0	0	0	0	0
05.500,00.000	21.4	5.5	-200	0	4.5	314.025	139.901	73.1488	52.7462	22.7604	12.4642	9.23343	3.77134	0	0	0	0	0	0	0	0	0	0	0	0	0
05.500,00.000	21.5	5.5	-200	0	4.5	314.653	140.147	73.2392	52.8353	22.8497	12.5073	9.23621	3.83836	0	0	0	0	0	0	0	0	0	0	0	0	0
05.500,00.000	21.6	5.5	-200	0	4.5	316.657	140.875	73.5552	53.1331	23.1427	12.6519	9.24789	4.05095	0	0	0	0	0	0	0	0	0	0	0	0	0
05.500,00.000	21.7	5.5	-200	0	4.5	325.54	144.016	75.057	54.4262	24.4489	13.3006	9.30735	4.98401	0	0	0	0	0	0	0	0	0	0	0	0	0
05.500,00.000	21.8	5.5	-200	0	4.5	330.724	146.123	75.9625	55.0772	25.1238	13.6411	9.34351	5.45324	0	0	0	0	0	0	0	0	0	0	0	0	0
05.500,00.000	21.9	5.5	-200	0	4.5	330.794	146.151	75.9747	55.0858	25.133	13.6458	9.34405	5.45948	0	0	0	0	0	0	0	0	0	0	0	0	0
05.500,00.000	22	5.5	-200	0	4.5	332.049	146.681	76.1951	55.2288	25.2942	13.7299	9.35552	5.56469	0	0	0	0	0	0	0	0	0	0	0	0	0
05.500,00.000	22.1	5.5	-200	0	4.5	338.157	149.306	77.2984	55.8963	26.0573	14.1309	9.41303	6.05489	0	0	0	0	0	0	0	0	0	0	0	0	0
05.500,00.000	22.2	5.5	-200	0	4.5	341.598	150.889	77.9046	56.2385	26.4632	14.3463	9.44632	6.31049	0	0	0	0	0	0	0	0	0	0	0	0	0
05.500,00.000	22.3	5.5	-200	0	4.5	343.91	151.963	78.3157	56.4581	26.7341	14.4918	9.47041	6.47679	0	0	0	0	0	0	0	0	0	0	0	0	0
05.500,00.000	22.4	5.5	-200	0	4.5	348.123	153.935	79.0814	56.8385	27.2236	14.7576	9.51717	6.77033	0	0	0	0	0	0	0	0	0	0	0	0	0
05.500,00.000	22.5	5.5	-200	0	4.5	349.136	154.414	79.269	56.9254	27.3392	14.8207	9.52871	6.83886	0	0	0	0	0	0	0	0	0	0	0	0	0
05.500,00.000	22.6	5.5	-200	0	4.5	352.408	155.92	79.9118	57.1986	27.7174	15.0313	9.56987	7.05904	0	0	0	0	0	0	0	0	0	0	0	0	0
05.500,00.000	22.7	5.5	-200	0	4.5	355.315	157.282	80.4874	57.4279	28.0457	15.2171	9.60736	7.24743	0	0	0	0	0	0	0	0	0	0	0	0	0
05.500,00.000	22.8	5.5	-200	0	4.5	357.978	158.531	81.0225	57.6284	28.3457	15.3893	9.64386	7.41706	0	0	0	0	0	0	0	0	0	0	0	0	0
05.500,00.000	22.9	5.5	-200	0	4.5	367.418	162.922	83.1093	58.3158	29.4251	16.0184	9.78151	7.84627	0	0	0	0	0	0	0	0	0	0	0	0	0
05.500,00.000	23	5.5	-200	0	4.5	369.353	163.921	83.5453	58.4565	29.6543	16.1534	9.81161	7.81129	0	0	0	0	0	0	0	0	0	0	0	0	0
05.500,00.000	23.1	5.5	-200	0	4.5	375.585	167.032	84.9896	58.8723	30.3676	16.5846	9.91282	7.8262	0	0	0	0	0	0	0	0	0	0	0	0	0
05.500,00.000	23.2	5.5	-200	0	4.5	379.597	169.056	85.9149	59.1304	30.8245	16.8643	9.98014	7.8262	0	0	0	0	0	0	0	0	0	0	0	0	0
05.500,00.000	23.3	5.5	-200	0	4.5	382.401	170.473	86.5719	59.3027	31.1377	17.0608	10.0288	7.8262	0	0	0	0	0	0	0	0	0	0	0	0	0
05.500,00.000	23.4	5.5	-200	0	4.5	385.28	171.929	87.2552	59.4699	31.455	17.2642	10.0805	7.8262	0	0	0	0	0	0	0	0	0	0	0	0	0
05.500,00.000	23.5	5.5	-200	0	4.5	388.202	173.4	87.9606	59.6317	31.7746	17.4734	10.1349	7.8262	0	0	0	0	0	0	0	0	0	0	0	0	0
05.500,00.000	23.6	5.5	-200	0	4.5	397.777	177.363	91.0765	60.1742	32.8343	18.1781	10.3241	7.8262	0	0	0	0	0	0	0	0	0	0	0	0	0
05.500,00.000	23.7	5.5	-200	0	4.5	399.884	178.064	91.9414	60.2955	33.0602	18.3312	10.3656	7.8262	0	0	0	0	0	0	0	0	0	0	0	0	0
05.500,00.000	23.8	5.5	-200	0	4.5	405.83	180.017	94.4107	60.6186	33.6909	18.7765	10.4904	7.8262	0	0	0	0	0	0	0	0	0	0	0	0	0
05.500,00.000	23.9	5.5	-200	0	4.5	408.506	180.905	95.4941	60.765	33.9805	18.9851	10.5496	7.8262	0	0	0	0	0	0	0	0	0	0	0	0	0
05.500,00.000	24	5.5	-200	0	4.5	408.86	181.031	95.6262	60.7846	34.0197	19.0143	10.558	7.8262	0	0	0	0	0	0	0	0	0	0	0	0	0
05.500,00.000	24.1	5.5	-200	0	4.5	414.49	182.951	97.8359	61.0786	34.6228	19.4796	10.6959	7.8262	0	0	0	0	0	0	0	0	0	0	0	0	0
05.500,00.000	24.2	5.5	-200	0	4.5	418.439	184.242	99.4236	61.2875	35.0479	19.8142	10.797	7.8262	0	0	0	0	0	0	0	0	0	0	0	0	0
05.500,00.000	24.3	5.5	-200	0	4.5	421.452	185.236	100.641	61.4384	35.3636	20.0707	10.876	7.8262	0	0	0	0	0	0	0	0	0	0	0	0	0
05.500,00.000	24.4	5.5	-200	0	4.5	424.519	186.24	101.896	61.5853	35.6787	20.334	10.9585	7.82627	0	0	0	0	0	0	0	0	0	0	0	0	0
05.500,00.000	24.5	5.5	-200	0	4.5	427.623	187.238	103.169	61.7483	35.992	20.6031	11.0443	7.82786	0	0	0	0	0	0	0	0	0	0	0	0	0
05.500,00.000	24.6	5.5	-200	0	4.5	430.711	188.203	104.454	61.9074	36.3044	20.8785	11.1331	7.83005	0	0	0	0	0	0	0	0	0	0	0	0	0
05.500,00.000	24.7	5.5	-200	0	4.5	433.789	189.162	105.74	62.0625	36.6099	21.1567	11.2243	7.83317	0	0	0	0	0	0	0	0	0	0	0	0	0
05.500,00.000	24.8	5.5	-200	0	4.5	436.895	190.127	107.039	62.2162	36.9139	21.4426	11.3193	7.83727	0	0	0	0	0	0	0	0	0	0	0	0	0
05.500,00.000	24.9	5.5	-200	0	4.5	447.016	193.52	111.111	62.6857	37.8598	22.3585	11.6275	7.85395	0	0	0	0	0	0	0	0	0	0	0	0	0
05.500,00.000	25	5.5	-200	0	4.5	449.23	194.328	111.959	62.7844	38.0553	22.5519	11.6932	7.85814	0	0	0	0	0	0	0	0	0	0	0	0	0
05.500,00.000	25.1	5.5	-200	0	4.5	456.35	196.941	114.694	63.0815	38.6611	23.1827	11.9116	7.87793	0	0	0	0	0	0	0	0	0	0	0	0	0
05.500,00.000	25.2	5.5	-200	0	4.5	461.342	199.072	116.344	63.2816	39.0689	23.618	12.0635	7.89308	0	0	0	0	0	0	0	0	0	0	0	0	0
05.500,00.000	25.3	5.5	-200	0	4.5	464.861	200.608	117.461	63.4202	39.354	23.9354	12.1756	7.90717	0	0	0	0	0	0	0	0	0	0	0	0	0
05.500,00.000	25.4	5.5	-200	0	4.5	478.575	206.692	121.733	63.9781	40.4178	25.169	12.6161	7.96989	0	0	0	0	0	0	0	0	0	0	0	0	0
05.500,00.000	25.5	5.5	-200	0	4.5	482.764	208.571	123.006	64.1596	40.7385	25.5464	12.7513	7.99031	0	0	0	0	0	0	0	0	0	0	0	0	0
05.500,00.000	25.6	5.5	-200	0	4.5	482.813	208.594	123.021	64.1619	40.7422	25.5509	12.7529	7.99058	0	0	0	0	0	0	0	0	0	0	0	0	0
05.500,00.000	25.7	5.5	-200	0	4.5	483.063	208.707	123.096	64.1726	40.7599	25.5742	12.7615	7.99224	0	0	0	0	0	0	0	0	0	0	0	0	0
05.500,00.000	25.8	5.5	-200	0	4.5	494.461	213.864	126.456	64.7436	41.5302	26.6346	13.1571	8.07525	0	0	0	0	0	0	0	0	0	0	0	0	0
05.500,00.000	25.9	5.5	-200	0	4.5	501.397	216.992	128.474	65.13	41.9881	27.2822	13.401	8.12937	0	0	0	0	0	0	0	0	0	0	0	0	0
05.500,00.000	26	5.5	-200	0	4.5	501.998	217.268	128.648	65.163	42.0254	27.3375	13.4223	8.13438	0	0	0	0	0	0	0	0	0	0	0	0	0
05.500,00.000	26.1	5.5	-200	0	4.5	505.721	218.991	129.727	65.3495	42.2466	27.6798	13.5582	8.16873	0	0	0	0	0	0	0	0	0	0	0	0	0
05.500,00.000	26.2	5.5	-200	0	4.5	507.208	219.671	130.153	65.4362	42.3383	27.8147	13.6123	8.18269	0	0	0	0	0	0	0	0	0	0	0	0	0
05.500,00.000	26.3	5.5	-200	0	4.5	507.559	219.834	130.253	65.4562	42.3576	27.8466	13.6255	8.18627	0	0	0	0	0	0	0	0	0	0	0	0	0
05.500,00.000	26.4	5.5	-200	0	4.5	507.616	219.861	130.269	65.4595	42.3609	27.8518	13.6277	8.18687	0	0	0	0	0	0	0	0	0	0	0	0	0
05.500,00.000	26.5	5.5	-200	0	4.5	507.867	219.978	130.341	65.4732	42.3732	27.8747	13.6376	8.18972	0	0	0	0	0	0	0	0	0	0	0	0	0
05.500,00.000	26.6	5.5	-200	0	4.5	508.314	220.185	130.469	65.4978	42.3948	27.9162	13.6557	8.19508	0	0	0	0	0	0	0	0	0	0	0	0	0
05.500,00.000	26.7	5.5	-200	0	4.5	518.739	225.151	133.373	66.0581	42.8629	28.879	14.09	8.32547	0	0	0	0	0	0	0	0	0	0	0	0	0
05.500,00.000	26.8	5.5	-200	0	4.5	524.74	227.932	135.064	66.396	43.1357	29.4543	14.3527	8.4061	0	0	0	0	0	0	0	0	0	0	0	0	0
05.500,00.000	26.9	5.5	-200	0	4.5	533.502	231.637	137.726	66.96	43.5214	30.3458	14.7725	8.53972	0	0	0	0	0	0	0	0	0	0	0	0	0
05.500,00.000	27	5.5	-200	0	4.5	535.407	232.413	138.323	67.0874	43.6061	30.542	14.8664	8.56985	0	0	0	0	0	0	0	0	0	0	0	0	0
05.500,00.000	27.1	5.5	-200	0	4.5	541.431	234.956	140.183	67.4637	43.8389	31.15	15.1696	8.6705	0	0	0	0	0	0	0	0	0	0	0	0	0
05.500,00.000	27.2	5.5	-200	0	4.5	545.926	236.742	141.679	67.7464	44.0071	31.6024	15.4007	8.74894	0	0	0	0	0	0	0	0	0	0	0	0	0
05.500,00.000	27.3	5.5	-200	0	4.5	549.217	237.762	143.074	67.9467	44.1211	31.9286	15.5747	8.80969	0	0	0	0	0	0	0	0	0	0	0	0	0
05.500,00.000	27.4	5.5	-200	0	4.5	549.752	237.918	143.311	67.9796	44.14	31.981	15.6033	8.81977	0	0	0	0	0	0	0	0	0	0	0	0	0
05.500,00.000	27.5	5.5	-200	0	4.5	572.283	245.177	152.513	69.3236	44.8467	34.2165	16.906	9.30004	0	0	0	0	0	0	0	0	0	0	0	0	0
05.500,00.000	27.6	5.5	-200	0	4.5	578.615	247.386	154.671	69.762	45.0806	34.9311	17.3269	9.45798	0	0	0	0	0	0	0	0	0	0	0	0	0
05.500,00.000	27.7	5.5	-200	0	4.5	578.881	247.48	154.765	69.7787	45.0886	34.9591	17.3447	9.46505	0	0	0	0	0	0	0	0	0	0	0	0	0
05.500,00.000	27.8	5.5	-200	0	4.5	585.496	249.786	157.105	70.185	45.3237	35.6424	17.8021	9.65175	0	0	0	0	0	0	0	0	0	0	0	0	0
05.500,00.000	27.9	5.5	-200	0	4.5	587.431	250.457	157.753	70.3095	45.4088	35.8485	17.943	9.71052	0	0	0	0	0	0	0	0	0	0	0	0	0
05.500,00.000	28	5.5	-200	0	4.5	587.682	250.546	157.842	70.3241	45.4182	35.8726	17.9608	9.71828	0	0	0	0	0	0	0	0	0	0	0	0	0
05.500,00.000	28.1	5.5	-200	0	4.5	587.953	250.641	157.939	70.3394	45.4278	35.8979	17.9803	9.72707	0	0	0	0	0	0	0	0	0	0	0	0	0
05.500,00.000	28.2	5.5	-200	0	4.5	588.189	250.725	158.024	70.3522	45.4356	35.9192	17.9974	9.73511	0	0	0	0	0	0	0	0	0	0	0	0	0
05.500,00.000	28.3	5.5	-200	0	4.5	588.395	250.798	158.099	70.3631	45.442	35.9371	18.0125	9.74242	0	0	0	0	0	0	0	0	0	0	0	0	0
05.500,00.000	28.4	5.5	-200	0	4.5	588.426	250.81	158.11	70.3647	45.4431	35.9398	18.0149	9.74361	0	0	0	0	0	0	0	0	0	0	0	0	0
05.500,00.000	28.5	5.5	-200	0	4.5	606.651	257.499	164.708	71.2628	45.9266	37.4108	19.3841	10.4594	0	0	0	0	0	0	0	0	0	0	0	0	0
05.500,00.000	28.6	5.5	-200	0	4.5	614.852	260.613	167.425	71.7264	46.252	38.0597	19.9916	10.7844	0	0	0	0	0	0	0	0	0	0	0	0	0
05.500,00.000	28.7	5.5	-200	0	4.5	631.397	267.172	172.824	72.6247	46.8346	39.2958	21.195	11.4503	0	0	0	0	0	0	0	0	0	0	0	0	0
05.500,00.000	28.8	5.5	-200	0	4.5	634.704	268.459	173.859	72.8391	47.0078	39.5349	21.4325	11.5722	0	0	0	0	0	0	0	0	0	0	0	0	0
05.500,00.000	28.9	5.5	-200	0	4.5	634.821	268.508	173.895	72.8453	47.0125	39.5429	21.4406	11.5769	0	0	0	0	0	0	0	0	0	0	0	0	0
05.500,00.000	29	5.5	-200	0	4.5	635.065	268.612	173.97	72.8579	47.0222	39.5589	21.4573	11.5867	0	0	0	0	0	0	0	0	0	0	0	0	0
05.500,00.000	29.1	5.5	-200	0	4.5	643.169	272.147	176.41	73.2646	47.3422	40.078	22.0044	11.9219	0	0	0	0	0	0	0	0	0	0	0	0	0
05.500,00.000	29.2	5.5	-200	0	4.5	648.106	274.373	177.831	73.5168	47.5435	40.3871	22.331	12.1237	0	0	0	0	0	0	0	0	0	0	0	0	0
05.500,00.000	29.3	5.5	-200	0	4.5	651.355	275.868	178.768	73.6703	47.6638	40.5855	22.5397	12.2603	0	0	0	0	0	0	0	0	0	0	0	0	0
05.500,00.000	29.4	5.5	-200	0	4.5	659.17	279.517	181.016	74.025	47.9392	41.0498	23.029	12.5934	0	0	0	0	0	0	0	0	0	0	0	0	0
05.500,00.000	29.5	5.5	-200	0	4.5	663.983	281.783	182.392	74.2429	48.1078	41.332	23.3259	12.7993	0	0	0	0	0	0	0	0	0	0	0	0	0
05.500,00.000	29.6	5.5	-200	0	4.5	667.342	283.387	183.357	74.3848	48.2163	41.5225	23.5279	12.947	0	0	0	0	0	0	0	0	0	0	0	0	0
05.500,00.000	29.7	5.5	-200	0	4.5	680.174	289.161	187.18	75.0137	48.6381	42.275	24.3395	13.5665	0	0	0	0	0	0	0	0	0	0	0	0	0
05.500,00.000	29.8	5.5	-200	0	4.5	685.46	291.705	188.64	75.2923	48.8018	42.5609	24.6512	13.808	0	0	0	0	0	0	0	0	0	0	0	0	0
05.500,00.000	29.9	5.5	-200	0	4.5	685.578	291.764	188.673	75.2982	48.8051	42.567	24.6579	13.8135	0	0	0	0	0	0	0	0	0	0	0	0	0
05.500,00.000	30	5.5	-200	0	4.5	697.826	297.876	192.041	75.8984	49.1319	43.1691	25.3225	14.3872	0	0	0	0	0	0	0	0	0	0	0	0	0
05.500,00.000	30.1	5.5	-200	0	4.5	704.268	301.091	193.808	76.2251	49.3034	43.4854	25.6718	14.6843	0	0	0	0	0	0	0	0	0	0	0	0	0
05.500,00.000	30.2	5.5	-200	0	4.5	707.721	302.858	194.738	76.4018	49.3889	43.6474	25.8517	14.835	0	0	0	0	0	0	0	0	0	0	0	0	0
05.500,00.000	30.3	5.5	-200	0	4.5	711.236	304.649	195.657	76.6389	49.4708	43.8038	26.0279	14.9885	0	0	0	0	0	0	0	0	0	0	0	0	0
05.500,00.000	30.4	5.5	-200	0	4.5	719.742	308.998	197.967	77.1347	49.6617	44.1699	26.4334	15.3776	0	0	0	0	0	0	0	0	0	0	0	0	0
05.500,00.000	30.5	5.5	-200	0	4.5	724.83	311.609	199.366	77.4224	49.7738	44.3872	26.6457	15.626	0	0	0	0	0	0	0	0	0	0	0	0	0
05.500,00.000	30.6	5.5	-200	0	4.5	728.255	313.049	200.624	77.6159	49.8465	44.5297	26.7882	15.802	0	0	0	0	0	0	0	0	0	0	0	0	0
05.500,00.000	30.7	5.5	-200	0	4.5	731.502	314.283	201.885	77.8413	49.9162	44.6678	26.9257	15.9823	0	0	0	0	0	0	0	0	0	0	0	0	0
05.500,00.000	30.8	5.5	-200	0	4.5	757.896	325.202	210.692	80.5533	50.4218	45.6888	27.9348	17.402	0	0	0	0	0	0	0	0	0	0	0	0	0
05.500,00.000	30.9	5.5	-200	0	4.5	762.733	327.221	212.064	81.2685	50.5182	45.8833	28.1132	17.6641	0	0	0	0	0	0	0	0	0	0	0	0	0
05.500,00.000	31	5.5	-200	0	4.5	769.048	329.961	213.85	82.1634	50.6302	46.1118	28.3353	17.996	0	0	0	0	0	0	0	0	0	0	0	0	0
05.500,00.000	31.1	5.5	-200	0	4.5	778.056	333.89	216.37	83.4948	50.7825	46.4233	28.6366	18.46	0	0	0	0	0	0	0	0	0	0	0	0	0
05.500,00.000	31.2	5.5	-200	0	4.5	782.638	335.925	217.614	84.1925	50.8552	46.5747	28.7804	18.696	0	0	0	0	0	0	0	0	0	0	0	0	0
05.500,00.000	31.3	5.5	-200	0	4.5	786.037	337.468	218.557	84.6711	50.9044	46.6812	28.8797	18.8763	0	0	0	0	0	0	0	0	0	0	0	0	0
05.500,00.000	31.4	5.5	-200	0	4.5	787.144	337.977	218.863	84.8293	50.9197	46.7155	28.9096	18.9305	0	0	0	0	0	0	0	0	0	0	0	0	0
05.500,00.000	31.5	5.5	-200	0	4.5	787.945	338.35	219.085	84.9416	50.93	46.7392	28.9299	18.9706	0	0	0	0	0	0	0	0	0	0	0	0	0
05.500,00.000	31.6	5.5	-200	0	4.5	788.332	338.527	219.195	84.9947	50.9348	46.7505	28.9395	18.991	0	0	0	0	0	0	0	0	0	0	0	0	0
05.500,00.000	31.7	5.5	-200	0	4.5	797.57	342.903	221.731	86.1976	51.0323	47.0693	29.1433	19.4933	0	0	0	0	0	0	0	0	0	0	0	0	0
05.500,00.000	31.8	5.5	-200	0	4.5	820.233	353.521	227.935	89.1592	51.2577	47.9975	29.6175	20.7451	0	0	0	0	0	0	0	0	0	0	0	0	0
05.500,00.000	31.9	5.5	-200	0	4.5	824.262	355.443	229.017	89.6864	51.2963	48.163	29.6957	20.9605	0	0	0	0	0	0	0	0	0	0	0	0	0
05.500,00.000	32	5.5	-200	0	4.5	837.617	362.046	232.529	91.3957	51.4007	48.6675	29.9215	21.6571	0	0	0	0	0	0	0	0	0	0	0	0	0
05.500,00.000	32.1	5.5	-200	0	4.5	844.469	365.451	234.256	92.3359	51.4525	48.9267	30.0319	22.014	0	0	0	0	0	0	0	0	0	0	0	0	0
05.500,00.000	32.2	5.5	-200	0	4.5	848.016	367.264	235.151	92.7947	51.476	49.0523	30.083	22.1944	0	0	0	0	0	0	0	0	0	0	0	0	0
05.500,00.000	32.3	5.5	-200	0	4.5	851.614	369.148	236.045	93.2234	51.5211	49.1739	30.1298	22.3734	0	0	0	0	0	0	0	0	0	0	0	0	0
05.500,00.000	32.4	5.5	-200	0	4.5	868.748	378.222	240.189	94.5073	52.5891	49.7185	30.3262	23.1963	0	0	0	0	0	0	0	0	0	0	0	0	0
05.500,00.000	32.5	5.5	-200	0	4.5	876.922	382.58	242.023	95.2266	53.1266	49.9727	30.4142	23.5791	0	0	0	0	0	0	0	0	0	0	0	0	0
05.500,00.000	32.6	5.5	-200	0	4.5	896.447	392.964	246.528	96.8908	54.4038	50.5639	30.6027	24.4943	0	0	0	0	0	0	0	0	0	0	0	0	0
05.500,00.000	32.7	5.5	-200	0	4.5	900.263	395.035	247.387	97.223	54.6563	50.6802	30.6385	24.6434	0	0	0	0	0	0	0	0	0	0	0	0	0
05.500,00.000	32.8	5.5	-200	0	4.5	901.586	395.775	247.693	97.323	54.7378	50.7162	30.6485	24.6922	0	0	0	0	0	0	0	0	0	0	0	0	0
05.500,00.000	32.9	5.5	-200	0	4.5	902.022	396.023	247.792	97.3555	54.7644	50.7277	30.6515	24.7083	0	0	0	0	0	0	0	0	0	0	0	0	0
05.500,00.000	33	5.5	-200	0	4.5	902.363	396.22	247.87	97.3787	54.7843	50.736	30.6535	24.7203	0	0	0	0	0	0	0	0	0	0	0	0	0
05.500,00.000	33.1	5.5	-200	0	4.5	910.657	401.048	249.809	97.9112	55.2561	50.9263	30.6956	25.0104	0	0	0	0	0	0	0	0	0	0	0	0	0
05.500,00.000	33.2	5.5	-200	0	4.5	916.242	404.321	251.125	98.2554	55.5668	51.0489	30.7213	25.2032	0	0	0	0	0	0	0	0	0	0	0	0	0
05.500,00.000	33.3	5.5	-200	0	4.5	920.278	406.696	252.101	98.4889	55.7846	51.1312	30.7369	25.3392	0	0	0	0	0	0	0	0	0	0	0	0	0
05.500,00.000	33.4	5.5	-200	0	4.5	924.369	409.124	253.092	98.7145	56.0018	51.2098	30.7505	25.4754	0	0	0	0	0	0	0	0	0	0	0	0	0
05.500,00.000	33.5	5.5	-200	0	4.5	928.454	411.569	254.088	98.9319	56.2183	51.2845	30.7622	25.6002	0	0	0	0	0	0	0	0	0	0	0	0	0
05.500,00.000	33.6	5.5	-200	0	4.5	932.576	414.059	255.078	99.1443	56.4392	51.3566	30.7722	25.7274	0	0	0	0	0	0	0	0	0	0	0	0	0
05.500,00.000	33.7	5.5	-200	0	4.5	944.285	421.278	257.818	99.7111	57.0522	51.5464	30.7946	26.0837	0	0	0	0	0	0	0	0	0	0	0	0	0
05.500,00.000	33.8	5.5	-200	0	4.5	947.475	423.254	258.567	99.8633	57.2186	51.5966	30.7999	26.177	0	0	0	0	0	0	0	0	0	0	0	0	0
05.500,00.000	33.9	5.5	-200	0	4.5	947.701	423.395	258.619	99.8732	57.2299	51.5997	30.8002	26.1834	0	0	0	0	0	0	0	0	0	0	0	0	0
05.500,00.000	34	5.5	-200	0	4.5	955.46	428.444	260.493	100.208	57.4015	51.7009	30.8069	26.4054	0	0	0	0	0	0	0	0	0	0	0	0	0
05.500,00.000	34.1	5.5	-200	0	4.5	961.856	432.456	261.981	100.853	57.4015	51.7765	30.8111	26.577	0	0	0	0	0	0	0	0	0	0	0	0	0
05.500,00.000	34.2	5.5	-200	0	4.5	966.74	435.55	263.112	101.347	57.4015	51.8236	30.813	26.6919	0	0	0	0	0	0	0	0	0	0	0	0	0
05.500,00.000	34.3	5.5	-200	0	4.5	972.208	438.864	264.368	102.085	57.4015	51.8682	30.8143	26.8078	0	0	0	0	0	0	0	0	0	0	0	0	0
05.500,00.000	34.4	5.5	-200	0	4.5	977.809	442.284	265.635	102.846	57.4015	51.9082	30.8149	26.9193	0	0	0	0	0	0	0	0	0	0	0	0	0
05.500,00.000	34.5	5.5	-200	0	4.5	983.72	445.937	266.913	103.681	57.4015	51.9443	30.8151	27.0274	0	0	0	0	0	0	0	0	0	0	0	0	0
05.500,00.000	34.6	5.5	-200	0	4.5	989.943	449.822	268.23	104.438	57.527	51.9773	30.8151	27.1339	0	0	0	0	0	0	0	0	0	0	0	0	0
05.500,00.000	34.7	5.5	-200	0	4.5	1005.71	459.829	271.404	105.885	58.3396	52.0508	30.8151	27.3871	0	0	0	0	0	0	0	0	0	0	0	0	0
05.500,00.000	34.8	5.5	-200	0	4.5	1008.89	461.894	272.006	106.163	58.5101	52.0647	30.8151	27.4354	0	0	0	0	0	0	0	0	0	0	0	0	0
05.500,00.000	34.9	5.5	-200	0	4.5	1019.43	468.59	274.132	107.108	59.0982	52.1059	30.8151	27.5848	0	0	0	0	0	0	0	0	0	0	0	0	0
05.500,00.000	35	5.5	-200	0	4.5	1027.59	473.843	275.662	107.863	59.5702	52.1399	30.8151	27.6983	0	0	0	0	0	0	0	0	0	0	0	0	0
05.500,00.000	35.1	5.5	-200	0	4.5	1033.99	477.94	276.882	108.46	59.9445	52.1661	30.8151	27.7823	0	0	0	0	0	0	0	0	0	0	0	0	0
05.500,00.000	35.2	5.5	-200	0	4.5	1040.22	481.858	278.103	109.061	60.3252	52.1898	30.8151	27.8673	0	0	0	0	0	0	0	0	0	0	0	0	0
05.500,00.000	35.3	5.5	-200	0	4.5	1045.86	485.465	279.148	109.611	60.6718	52.2087	30.8151	27.9425	0	0	0	0	0	0	0	0	0	0	0	0	0
05.500,00.000	35.4	5.5	-200	0	4.5	1051.52	489.125	280.158	110.003	61.174	52.2249	30.8151	28.015	0	0	0	0	0	0	0	0	0	0	0	0	0
05.500,00.000	35.5	5.5	-200	0	4.5	1057.22	492.84	281.191	110.192	61.8539	52.2383	30.8151	28.0856	0	0	0	0	0	0	0	0	0	0	0	0	0
05.500,00.000	35.6	5.5	-200	0	4.5	1062.92	496.552	282.233	110.381	62.5335	52.2489	30.8151	28.1546	0	0	0	0	0	0	0	0	0	0	0	0	0
05.500,00.000	35.7	5.5	-200	0	4.5	1070.72	501.63	283.657	110.65	63.4625	52.2595	30.8151	28.2463	0	0	0	0	0	0	0	0	0	0	0	0	0
05.500,00.000	35.8	5.5	-200	0	4.5	1074.15	503.876	284.261	110.767	63.8777	52.2629	30.8151	28.2863	0	0	0	0	0	0	0	0	0	0	0	0	0
05.500,00.000	35.9	5.5	-200	0	4.5	1078.54	506.778	285.02	110.926	64.3979	52.2652	30.8151	28.334	0	0	0	0	0	0	0	0	0	0	0	0	0
05.500,00.000	36	5.5	-200	0	4.5	1084.75	510.902	286.094	111.148	65.1214	52.2675	30.8151	28.3978	0	0	0	0	0	0	0	0	0	0	0	0	0
05.500,00.000	36.1	5.5	-200	0	4.5	1090.52	514.763	287.07	111.358	65.7935	52.269	30.8151	28.4547	0	0	0	0	0	0	0	0	0	0	0	0	0
05.500,00.000	36.2	5.5	-200	0	4.5	1096.16	518.575	287.985	111.568	66.4362	52.27	30.8151	28.5064	0	0	0	0	0	0	0	0	0	0	0	0	0
05.500,00.000	36.3	5.5	-200	0	4.5	1101.84	522.436	288.895	111.786	67.0801	52.2704	30.8151	28.5552	0	0	0	0	0	0	0	0	0	0	0	0	0
05.500,00.000	36.4	5.5	-200	0	4.5	1107.62	526.363	289.834	112.01	67.7241	52.2706	30.8151	28.601	0	0	0	0	0	0	0	0	0	0	0	0	0
05.500,00.000	36.5	5.5	-200	0	4.5	1113.42	530.293	290.787	112.24	68.3684	52.2706	30.8151	28.644	0	0	0	0	0	0	0	0	0	0	0	0	0
05.500,00.000	36.6	5.5	-200	0	4.5	1119.32	534.264	291.779	112.48	69.0208	52.2706	30.8151	28.6852	0	0	0	0	0	0	0	0	0	0	0	0	0
05.500,00.000	36.7	5.5	-200	0	4.5	1132.96	543.514	294.02	113.052	70.5143	52.2706	30.8151	28.774	0	0	0	0	0	0	0	0	0	0	0	0	0
05.500,00.000	36.8	5.5	-200	0	4.5	1135.56	545.263	294.464	113.157	70.8034	52.2706	30.8151	28.7907	0	0	0	0	0	0	0	0	0	0	0	0	0
05.500,00.000	36.9	5.5	-200	0	4.5	1136.33	545.788	294.586	113.191	70.8871	52.2706	30.8151	28.7949	0	0	0	0	0	0	0	0	0	0	0	0	0
05.500,00.000	37	5.5	-200	0	4.5	1144.83	551.604	295.911	113.584	71.8047	52.2706	30.8151	28.8387	0	0	0	0	0	0	0	0	0	0	0	0	0
05.500,00.000	37.1	5.5	-200	0	4.5	1151.88	556.406	296.987	113.982	72.5462	52.2706	30.8151	28.8724	0	0	0	0	0	0	0	0	0	0	0	0	0
05.500,00.000	37.2	5.5	-200	0	4.5	1157.97	560.581	297.885	114.347	73.1723	52.2706	30.8151	28.8978	0	0	0	0	0	0	0	0	0	0	0	0	0
05.500,00.000	37.3	5.5	-200	0	4.5	1164.03	564.919	298.794	114.726	73.5809	52.2706	30.8151	28.9213	0	0	0	0	0	0	0	0	0	0	0	0	0
05.500,00.000	37.4	5.5	-200	0	4.5	1170.06	569.296	299.693	115.116	73.9293	52.2706	30.8151	28.9423	0	0	0	0	0	0	0	0	0	0	0	0	0
05.500,00.000	37.5	5.5	-200	0	4.5	1176.1	573.699	300.549	115.522	74.284	52.2706	30.8151	28.9606	0	0	0	0	0	0	0	0	0	0	0	0	0
05.500,00.000	37.6	5.5	-200	0	4.5	1182.19	578.123	301.414	115.944	74.6517	52.2706	30.8151	28.9766	0	0	0	0	0	0	0	0	0	0	0	0	0
05.500,00.000	37.7	5.5	-200	0	4.5	1190.07	583.821	302.537	116.504	74.9594	52.4402	30.8151	28.9938	0	0	0	0	0	0	0	0	0	0	0	0	0
05.500,00.000	37.8	5.5	-200	0	4.5	1196.5	588.471	303.437	116.977	75.0308	52.7606	30.8151	29.0057	0	0	0	0	0	0	0	0	0	0	0	0	0
05.500,00.000	37.9	5.5	-200	0	4.5	1199.14	590.367	303.805	117.181	75.0639	52.8936	30.8151	29.0099	0	0	0	0	0	0	0	0	0	0	0	0	0
05.500,00.000	38	5.5	-200	0	4.5	1206.22	595.45	304.765	117.752	75.1679	53.2496	30.8151	29.0189	0	0	0	0	0	0	0	0	0	0	0	0	0
05.500,00.000	38.1	5.5	-200	0	4.5	1213.02	600.322	305.675	118.318	75.2749	53.5916	30.8151	29.026	0	0	0	0	0	0	0	0	0	0	0	0	0
05.500,00.000	38.2	5.5	-200	0	4.5	1219.21	604.716	306.488	118.863	75.3843	53.9125	30.8151	29.0315	0	0	0	0	0	0	0	0	0	0	0	0	0
05.500,00.000	38.3	5.5	-200	0	4.5	1225.11	608.875	307.254	119.403	75.4997	54.2223	30.8151	29.0359	0	0	0	0	0	0	0	0	0	0	0	0	0
05.500,00.000	38.4	5.5	-200	0	4.5	1230.98	612.99	308.016	119.959	75.6248	54.5312	30.8151	29.0395	0	0	0	0	0	0	0	0	0	0	0	0	0
05.500,00.000	38.5	5.5	-200	0	4.5	1236.81	617.068	308.759	120.531	75.7594	54.8392	30.8151	29.0422	0	0	0	0	0	0	0	0	0	0	0	0	0
05.500,00.000	38.6	5.5	-200	0	4.5	1242.64	621.114	309.465	121.151	75.9041	55.1486	30.8151	29.0445	0	0	0	0	0	0	0	0	0	0	0	0	0
05.500,00.000	38.7	5.5	-200	0	4.5	1253.89	628.934	310.767	122.383	76.2035	55.7425	30.8151	29.0482	0	0	0	0	0	0	0	0	0	0	0	0	0
05.500,00.000	38.8	5.5	-200	0	4.5	1256.05	630.436	311.01	122.621	76.2616	55.8565	30.8151	29.0489	0	0	0	0	0	0	0	0	0	0	0	0	0
05.500,00.000	38.9	5.5	-200	0	4.5	1263.65	635.682	311.852	123.506	76.4953	56.2533	30.8151	29.0507	0	0	0	0	0	0	0	0	0	0	0	0	0
05.500,00.000	39	5.5	-200	0	4.5	1270.46	640.37	312.593	124.332	76.7151	56.5814	30.8151	29.0521	0	0	0	0	0	0	0	0	0	0	0	0	0
05.500,00.000	39.1	5.5	-200	0	4.5	1275.93	644.178	313.263	125.1	76.913	56.6027	30.8151	29.053	0	0	0	0	0	0	0	0	0	0	0	0	0
05.500,00.000	39.2	5.5	-200	0	4.5	1281.26	647.453	314.331	125.873	77.1225	56.6083	30.8151	29.0537	0	0	0	0	0	0	0	0	0	0	0	0	0
05.500,00.000	39.3	5.5	-200	0	4.5	1286.56	650.677	315.392	126.663	77.3468	56.6083	30.8151	29.0541	0	0	0	0	0	0	0	0	0	0	0	0	0
05.500,00.000	39.4	5.5	-200	0	4.5	1291.82	653.747	316.543	127.467	77.5862	56.6083	30.8151	29.0542	0	0	0	0	0	0	0	0	0	0	0	0	0
05.500,00.000	39.5	5.5	-200	0	4.5	1297.04	656.593	317.846	128.285	77.841	56.6083	30.8151	29.0542	0	0	0	0	0	0	0	0	0	0	0	0	0
05.500,00.000	39.6	5.5	-200	0	4.5	1302.23	659.385	319.137	129.121	78.1142	56.6083	30.8151	29.0542	0	0	0	0	0	0	0	0	0	0	0	0	0
05.500,00.000	39.7	5.5	-200	0	4.5	1312.42	664.432	322.038	130.78	78.691	56.6083	30.8151	29.0542	0	0	0	0	0	0	0	0	0	0	0	0	0
05.500,00.000	39.8	5.5	-200	0	4.5	1314.4	665.262	322.738	131.118	78.8061	56.6083	30.8151	29.0542	0	0	0	0	0	0	0	0	0	0	0	0	0
05.500,00.000	39.9	5.5	-200	0	4.5	1321	668.113	324.978	132.2	79.2294	56.6083	30.8151	29.0542	0	0	0	0	0	0	0	0	0	0	0	0	0
05.500,00.000	40	5.5	-200	0	4.5	1327.08	670.633	327.109	133.215	79.6476	56.6083	30.8151	29.0542	0	0	0	0	0	0	0	0	0	0	0	0	0
05.500,00.000	40.1	5.5	-200	0	4.5	1332.18	672.72	328.886	134.078	80.0212	56.6083	30.8151	29.0542	0	0	0	0	0	0	0	0	0	0	0	0	0
05.500,00.000	40.2	5.5	-200	0	4.5	1337.15	674.726	330.604	134.935	80.408	56.6083	30.8151	29.0542	0	0	0	0	0	0	0	0	0	0	0	0	0
05.500,00.000	40.3	5.5	-200	0	4.5	1342.08	676.687	332.299	135.8	80.8164	56.6083	30.8151	29.0542	0	0	0	0	0	0	0	0	0	0	0	0	0
05.500,00.000	40.4	5.5	-200	0	4.5	1346.98	678.604	333.972	136.676	81.2485	56.6083	30.8151	29.0542	0	0	0	0	0	0	0	0	0	0	0	0	0
05.500,00.000	40.5	5.5	-200	0	4.5	1351.83	680.469	335.621	137.561	81.7053	56.6083	30.8151	29.0542	0	0	0	0	0	0	0	0	0	0	0	0	0
05.500,00.000	40.6	5.5	-200	0	4.5	1356.62	682.253	337.245	138.458	82.1892	56.6083	30.8151	29.0542	0	0	0	0	0	0	0	0	0	0	0	0	0
05.500,00.000	40.7	5.5	-200	0	4.5	1365.26	685.384	340.167	140.107	83.1236	56.6083	30.8151	29.0542	0	0	0	0	0	0	0	0	0	0	0	0	0
05.500,00.000	40.8	5.5	-200	0	4.5	1366.95	685.983	340.741	140.413	83.3321	56.6083	30.8151	29.0542	0	0	0	0	0	0	0	0	0	0	0	0	0
05.500,00.000	40.9	5.5	-200	0	4.5	1369.91	687.009	341.738	140.979	83.7057	56.6083	30.8151	29.0542	0	0	0	0	0	0	0	0	0	0	0	0	0
05.500,00.000	41	5.5	-200	0	4.5	1375.78	688.987	343.713	142.115	84.4885	56.6083	30.8151	29.0542	0	0	0	0	0	0	0	0	0	0	0	0	0
05.500,00.000	41.1	5.5	-200	0	4.5	1380.78	690.622	345.392	143.094	85.1915	56.6083	30.8151	29.0542	0	0	0	0	0	0	0	0	0	0	0	0	0
05.500,00.000	41.2	5.5	-200	0	4.5	1385.16	692.059	346.768	143.997	85.8586	56.6083	30.8151	29.0542	0	0	0	0	0	0	0	0	0	0	0	0	0
05.500,00.000	41.3	5.5	-200	0	4.5	1389.43	693.461	348.031	144.907	86.552	56.6083	30.8151	29.0542	0	0	0	0	0	0	0	0	0	0	0	0	0
05.500,00.000	41.4	5.5	-200	0	4.5	1393.72	694.817	349.255	145.822	87.2721	56.6884	30.8151	29.0542	0	0	0	0	0	0	0	0	0	0	0	0	0
05.500,00.000	41.5	5.5	-200	0	4.5	1398.18	696.1	350.467	146.763	88.0173	56.963	30.8151	29.0542	0	0	0	0	0	0	0	0	0	0	0	0	0
05.500,00.000	41.6	5.5	-200	0	4.5	1403.29	697.498	351.828	147.905	88.9093	57.2817	30.8151	29.0542	0	0	0	0	0	0	0	0	0	0	0	0	0
05.500,00.000	41.7	5.5	-200	0	4.5	1408.79	699.117	352.872	149.263	90.0016	57.6642	30.8151	29.0542	0	0	0	0	0	0	0	0	0	0	0	0	0
05.500,00.000	41.8	5.5	-200	0	4.5	1409.84	699.427	353.047	149.54	90.217	57.7385	30.8151	29.0542	0	0	0	0	0	0	0	0	0	0	0	0	0
05.500,00.000	41.9	5.5	-200	0	4.5	1414.1	700.605	353.778	150.642	91.1563	58.051	30.8151	29.0542	0	0	0	0	0	0	0	0	0	0	0	0	0
05.500,00.000	42	5.5	-200	0	4.5	1418.38	701.749	354.476	151.779	92.1362	58.371	30.8151	29.0542	0	0	0	0	0	0	0	0	0	0	0	0	0