
label	time(d)	x	depth	z	radius	total	0-10	10-20	20-30	30-40	40-50	50-60	60-70	70-80	80-90	90-100	100-110	110-120	120-130	130-140	140-150	150-160	160-170	170-180	180-190	190-200
00.000,00.000	0	0	-200	0	4.5	0	0	0	0	0	0	0	0	0	0	0	0	0	0	0	0	0	0	0	0	0
00.000,00.000	0.1	0	-200	0	4.5	0.293975	0.293975	0	0	0	0	0	0	0	0	0	0	0	0	0	0	0	0	0	0	0
00.000,00.000	0.2	0	-200	0	4.5	0.590923	0.590923	0	0	0	0	0	0	0	0	0	0	0	0	0	0	0	0	0	0	0
00.000,00.000	0.3	0	-200	0	4.5	0.890002	0.890002	0	0	0	0	0	0	0	0	0	0	0	0	0	0	0	0	0	0	0
00.000,00.000	0.4	0	-200	0	4.5	1.19143	1.19143	0	0	0	0	0	0	0	0	0	0	0	0	0	0	0	0	0	0	0
00.000,00.000	0.5	0	-200	0	4.5	1.49521	1.49521	0	0	0	0	0	0	0	0	0	0	0	0	0	0	0	0	0	0	0
00.000,00.000	0.6	0	-200	0	4.5	1.80098	1.80098	0	0	0	0	0	0	0	0	0	0	0	0	0	0	0	0	0	0	0
00.000,00.000	0.7	0	-200	0	4.5	2.10874	2.10874	0	0	0	0	0	0	0	0	0	0	0	0	0	0	0	0	0	0	0
00.000,00.000	0.8	0	-200	0	4.5	2.41846	2.41846	0	0	0	0	0	0	0	0	0	0	0	0	0	0	0	0	0	0	0
00.000,00.000	0.9	0	-200	0	4.5	2.72956	2.72956	0	0	0	0	0	0	0	0	0	0	0	0	0	0	0	0	0	0	0
00.000,00.000	1	0	-200	0	4.5	3.04086	3.04086	0	0	0	0	0	0	0	0	0	0	0	0	0	0	0	0	0	0	0
00.000,00.000	1.1	0	-200	0	4.5	3.35446	3.35446	0	0	0	0	0	0	0	0	0	0	0	0	0	0	0	0	0	0	0
00.000,00.000	1.2	0	-200	0	4.5	3.67269	3.67269	0	0	0	0	0	0	0	0	0	0	0	0	0	0	0	0	0	0	0
00.000,00.000	1.3	0	-200	0	4.5	3.99751	3.99751	0	0	0	0	0	0	0	0	0	0	0	0	0	0	0	0	0	0	0
00.000,00.000	1.4	0	-200	0	4.5	4.33	4.33	0	0	0	0	0	0	0	0	0	0	0	0	0	0	0	0	0	0	0
00.000,00.000	1.5	0	-200	0	4.5	4.6707	4.6707	0	0	0	0	0	0	0	0	0	0	0	0	0	0	0	0	0	0	0
00.000,00.000	1.6	0	-200	0	4.5	5.0198	5.0198	0	0	0	0	0	0	0	0	0	0	0	0	0	0	0	0	0	0	0
00.000,00.000	1.7	0	-200	0	4.5	5.37766	5.37766	0	0	0	0	0	0	0	0	0	0	0	0	0	0	0	0	0	0	0
00.000,00.000	1.8	0	-200	0	4.5	5.74468	5.74468	0	0	0	0	0	0	0	0	0	0	0	0	0	0	0	0	0	0	0
00.000,00.000	1.9	0	-200	0	4.5	6.14476	6.14476	0	0	0	0	0	0	0	0	0	0	0	0	0	0	0	0	0	0	0
00.000,00.000	2	0	-200	0	4.5	6.57732	6.57732	0	0	0	0	0	0	0	0	0	0	0	0	0	0	0	0	0	0	0
00.000,00.000	2.1	0	-200	0	4.5	7.06282	7.06282	0	0	0	0	0	0	0	0	0	0	0	0	0	0	0	0	0	0	0
00.000,00.000	2.2	0	-200	0	4.5	7.65225	7.65225	0	0	0	0	0	0	0	0	0	0	0	0	0	0	0	0	0	0	0
00.000,00.000	2.3	0	-200	0	4.5	8.33968	8.08778	0.251897	0	0	0	0	0	0	0	0	0	0	0	0	0	0	0	0	0	0
00.000,00.000	2.4	0	-200	0	4.5	9.11141	8.57938	0.532037	0	0	0	0	0	0	0	0	0	0	0	0	0	0	0	0	0	0
00.000,00.000	2.5	0	-200	0	4.5	9.95166	9.13933	0.812328	0	0	0	0	0	0	0	0	0	0	0	0	0	0	0	0	0	0
00.000,00.000	2.6	0	-200	0	4.5	10.8567	9.76511	1.09156	0	0	0	0	0	0	0	0	0	0	0	0	0	0	0	0	0	0
00.000,00.000	2.7	0	-200	0	4.5	11.8312	10.4611	1.37008	0	0	0	0	0	0	0	0	0	0	0	0	0	0	0	0	0	0
00.000,00.000	2.8	0	-200	0	4.5	12.8926	11.2437	1.64893	0	0	0	0	0	0	0	0	0	0	0	0	0	0	0	0	0	0
00.000,00.000	2.9	0	-200	0	4.5	14.0646	12.1334	1.93127	0	0	0	0	0	0	0	0	0	0	0	0	0	0	0	0	0	0
00.000,00.000	3	0	-200	0	4.5	15.3346	13.1156	2.21894	0	0	0	0	0	0	0	0	0	0	0	0	0	0	0	0	0	0
00.000,00.000	3.1	0	-200	0	4.5	16.6575	14.1461	2.51139	0	0	0	0	0	0	0	0	0	0	0	0	0	0	0	0	0	0
00.000,00.000	3.2	0	-200	0	4.5	17.9537	15.1501	2.80361	0	0	0	0	0	0	0	0	0	0	0	0	0	0	0	0	0	0
00.000,00.000	3.3	0	-200	0	4.5	19.2413	16.1456	3.09567	0	0	0	0	0	0	0	0	0	0	0	0	0	0	0	0	0	0
00.000,00.000	3.4	0	-200	0	4.5	20.5155	17.1277	3.38786	0	0	0	0	0	0	0	0	0	0	0	0	0	0	0	0	0	0
00.000,00.000	3.5	0	-200	0	4.5	21.7636	18.0849	3.67872	0	0	0	0	0	0	0	0	0	0	0	0	0	0	0	0	0	0
00.000,00.000	3.6	0	-200	0	4.5	22.9857	19.018	3.9677	0	0	0	0	0	0	0	0	0	0	0	0	0	0	0	0	0	0
00.000,00.000	3.7	0	-200	0	4.5	24.189	19.9339	4.25511	0	0	0	0	0	0	0	0	0	0	0	0	0	0	0	0	0	0
00.000,00.000	3.8	0	-200	0	4.5	25.3832	20.8419	4.54132	0	0	0	0	0	0	0	0	0	0	0	0	0	0	0	0	0	0
00.000,00.000	3.9	0	-200	0	4.5	26.5749	21.7486	4.82637	0	0	0	0	0	0	0	0	0	0	0	0	0	0	0	0	0	0
00.000,00.000	4	0	-200	0	4.5	27.7699	22.6588	5.11114	0	0	0	0	0	0	0	0	0	0	0	0	0	0	0	0	0	0
00.000,00.000	4.1	0	-200	0	4.5	28.9666	23.5702	5.39635	0	0	0	0	0	0	0	0	0	0	0	0	0	0	0	0	0	0
00.000,00.000	4.2	0	-200	0	4.5	30.1639	24.4814	5.68252	0	0	0	0	0	0	0	0	0	0	0	0	0	0	0	0	0	0
00.000,00.000	4.3	0	-200	0	4.5	31.3612	25.3914	5.96988	0	0	0	0	0	0	0	0	0	0	0	0	0	0	0	0	0	0
00.000,00.000	4.4	0	-200	0	4.5	32.4978	26.2395	6.25824	0	0	0	0	0	0	0	0	0	0	0	0	0	0	0	0	0	0
00.000,00.000	4.5	0	-200	0	4.5	33.3847	26.8385	6.5462	0	0	0	0	0	0	0	0	0	0	0	0	0	0	0	0	0	0
00.000,00.000	4.6	0	-200	0	4.5	34.2574	27.4243	6.83319	0	0	0	0	0	0	0	0	0	0	0	0	0	0	0	0	0	0
00.000,00.000	4.7	0	-200	0	4.5	35.119	27.8111	7.30793	0	0	0	0	0	0	0	0	0	0	0	0	0	0	0	0	0	0
00.000,00.000	4.8	0	-200	0	4.5	35.7983	27.9284	7.86992	0	0	0	0	0	0	0	0	0	0	0	0	0	0	0	0	0	0
00.000,00.000	4.9	0	-200	0	4.5	36.3698	27.9388	8.43097	0	0	0	0	0	0	0	0	0	0	0	0	0	0	0	0	0	0
00.000,00.000	5	0	-200	0	4.5	36.935	27.9453	8.98972	0	0	0	0	0	0	0	0	0	0	0	0	0	0	0	0	0	0
00.000,00.000	5.1	0	-200	0	4.5	37.2547	27.9521	9.30261	0	0	0	0	0	0	0	0	0	0	0	0	0	0	0	0	0	0
00.000,00.000	5.2	0	-200	0	4.5	37.5429	27.9605	9.58243	0	0	0	0	0	0	0	0	0	0	0	0	0	0	0	0	0	0
00.000,00.000	5.3	0	-200	0	4.5	37.8327	27.971	9.86169	0	0	0	0	0	0	0	0	0	0	0	0	0	0	0	0	0	0
00.000,00.000	5.4	0	-200	0	4.5	38.1252	27.9846	10.1406	0	0	0	0	0	0	0	0	0	0	0	0	0	0	0	0	0	0
00.000,00.000	5.5	0	-200	0	4.5	38.4191	28.0002	10.419	0	0	0	0	0	0	0	0	0	0	0	0	0	0	0	0	0	0
00.000,00.000	5.6	0	-200	0	4.5	38.7155	28.0182	10.6973	0	0	0	0	0	0	0	0	0	0	0	0	0	0	0	0	0	0
00.000,00.000	5.7	0	-200	0	4.5	39.0142	28.0388	10.9754	0	0	0	0	0	0	0	0	0	0	0	0	0	0	0	0	0	0
00.000,00.000	5.8	0	-200	0	4.5	39.3165	28.0634	11.2531	0	0	0	0	0	0	0	0	0	0	0	0	0	0	0	0	0	0
00.000,00.000	5.9	0	-200	0	4.5	39.6224	28.0918	11.3574	0.173129	0	0	0	0	0	0	0	0	0	0	0	0	0	0	0	0	0
00.000,00.000	6	0	-200	0	4.5	39.9321	28.1249	11.3576	0.449555	0	0	0	0	0	0	0	0	0	0	0	0	0	0	0	0	0
00.000,00.000	6.1	0	-200	0	4.5	40.2451	28.1622	11.3578	0.72511	0	0	0	0	0	0	0	0	0	0	0	0	0	0	0	0	0
00.000,00.000	6.2	0	-200	0	4.5	40.5626	28.2034	11.3591	1.0001	0	0	0	0	0	0	0	0	0	0	0	0	0	0	0	0	0
00.000,00.000	6.3	0	-200	0	4.5	40.8838	28.2484	11.3609	1.27449	0	0	0	0	0	0	0	0	0	0	0	0	0	0	0	0	0
00.000,00.000	6.4	0	-200	0	4.5	41.2107	28.2989	11.3636	1.54816	0	0	0	0	0	0	0	0	0	0	0	0	0	0	0	0	0
00.000,00.000	6.5	0	-200	0	4.5	41.5445	28.356	11.368	1.82059	0	0	0	0	0	0	0	0	0	0	0	0	0	0	0	0	0
00.000,00.000	6.6	0	-200	0	4.5	41.8866	28.4198	11.3738	2.09295	0	0	0	0	0	0	0	0	0	0	0	0	0	0	0	0	0
00.000,00.000	6.7	0	-200	0	4.5	42.2397	28.4931	11.3823	2.36434	0	0	0	0	0	0	0	0	0	0	0	0	0	0	0	0	0
00.000,00.000	6.8	0	-200	0	4.5	42.605	28.577	11.3926	2.63534	0	0	0	0	0	0	0	0	0	0	0	0	0	0	0	0	0
00.000,00.000	6.9	0	-200	0	4.5	42.9855	28.6739	11.4056	2.90596	0	0	0	0	0	0	0	0	0	0	0	0	0	0	0	0	0
00.000,00.000	7	0	-200	0	4.5	43.3827	28.7858	11.421	3.17585	0	0	0	0	0	0	0	0	0	0	0	0	0	0	0	0	0
00.000,00.000	7.1	0	-200	0	4.5	43.8007	28.9164	11.4392	3.44506	0	0	0	0	0	0	0	0	0	0	0	0	0	0	0	0	0
00.000,00.000	7.2	0	-200	0	4.5	44.2444	29.0687	11.4622	3.71351	0	0	0	0	0	0	0	0	0	0	0	0	0	0	0	0	0
00.000,00.000	7.3	0	-200	0	4.5	44.7093	29.2398	11.4881	3.98129	0	0	0	0	0	0	0	0	0	0	0	0	0	0	0	0	0
00.000,00.000	7.4	0	-200	0	4.5	45.2018	29.4345	11.519	4.2484	0	0	0	0	0	0	0	0	0	0	0	0	0	0	0	0	0
00.000,00.000	7.5	0	-200	0	4.5	45.7145	29.6466	11.5536	4.51431	0	0	0	0	0	0	0	0	0	0	0	0	0	0	0	0	0
00.000,00.000	7.6	0	-200	0	4.5	46.2563	29.8841	11.5926	4.77967	0	0	0	0	0	0	0	0	0	0	0	0	0	0	0	0	0
00.000,00.000	7.7	0	-200	0	4.5	46.8225	30.1428	11.6354	5.04431	0	0	0	0	0	0	0	0	0	0	0	0	0	0	0	0	0
00.000,00.000	7.8	0	-200	0	4.5	47.4207	30.4287	11.6834	5.30856	0	0	0	0	0	0	0	0	0	0	0	0	0	0	0	0	0
00.000,00.000	7.9	0	-200	0	4.5	48.0528	30.7447	11.7356	5.5724	0	0	0	0	0	0	0	0	0	0	0	0	0	0	0	0	0
00.000,00.000	8	0	-200	0	4.5	48.7176	31.0896	11.7924	5.83558	0	0	0	0	0	0	0	0	0	0	0	0	0	0	0	0	0
00.000,00.000	8.1	0	-200	0	4.5	49.4197	31.467	11.8545	6.09822	0	0	0	0	0	0	0	0	0	0	0	0	0	0	0	0	0
00.000,00.000	8.2	0	-200	0	4.5	50.1692	31.8876	11.9213	6.36031	0	0	0	0	0	0	0	0	0	0	0	0	0	0	0	0	0
00.000,00.000	8.3	0	-200	0	4.5	50.9699	32.3545	11.9936	6.62177	0	0	0	0	0	0	0	0	0	0	0	0	0	0	0	0	0
00.000,00.000	8.4	0	-200	0	4.5	51.6358	32.8832	12.0546	6.69805	0	0	0	0	0	0	0	0	0	0	0	0	0	0	0	0	0
00.000,00.000	8.5	0	-200	0	4.5	52.2673	33.4387	12.1186	6.71002	0	0	0	0	0	0	0	0	0	0	0	0	0	0	0	0	0
00.000,00.000	8.6	0	-200	0	4.5	52.9229	34.022	12.1909	6.71002	0	0	0	0	0	0	0	0	0	0	0	0	0	0	0	0	0
00.000,00.000	8.7	0	-200	0	4.5	53.6116	34.6301	12.2715	6.71002	0	0	0	0	0	0	0	0	0	0	0	0	0	0	0	0	0
00.000,00.000	8.8	0	-200	0	4.5	54.339	35.2692	12.3598	6.71002	0	0	0	0	0	0	0	0	0	0	0	0	0	0	0	0	0
00.000,00.000	8.9	0	-200	0	4.5	55.1214	35.9546	12.4568	6.71002	0	0	0	0	0	0	0	0	0	0	0	0	0	0	0	0	0
00.000,00.000	9	0	-200	0	4.5	55.9624	36.6911	12.5613	6.71002	0	0	0	0	0	0	0	0	0	0	0	0	0	0	0	0	0
00.000,00.000	9.1	0	-200	0	4.5	56.868	37.4829	12.6751	6.71002	0	0	0	0	0	0	0	0	0	0	0	0	0	0	0	0	0
00.000,00.000	9.2	0	-200	0	4.5	57.8406	38.331	12.7996	6.71002	0	0	0	0	0	0	0	0	0	0	0	0	0	0	0	0	0
00.000,00.000	9.3	0	-200	0	4.5	58.8771	39.2323	12.9349	6.71002	0	0	0	0	0	0	0	0	0	0	0	0	0	0	0	0	0
00.000,00.000	9.4	0	-200	0	4.5	59.9719	40.1796	13.0823	6.71002	0	0	0	0	0	0	0	0	0	0	0	0	0	0	0	0	0
00.000,00.000	9.5	0	-200	0	4.5	61.1028	41.1528	13.24	6.71002	0	0	0	0	0	0	0	0	0	0	0	0	0	0	0	0	0
00.000,00.000	9.6	0	-200	0	4.5	62.2713	42.1553	13.406	6.71002	0	0	0	0	0	0	0	0	0	0	0	0	0	0	0	0	0
00.000,00.000	9.7	0	-200	0	4.5	63.4788	43.1871	13.5817	6.71002	0	0	0	0	0	0	0	0	0	0	0	0	0	0	0	0	0
00.000,00.000	9.8	0	-200	0	4.5	64.7337	44.2555	13.7682	6.71002	0	0	0	0	0	0	0	0	0	0	0	0	0	0	0	0	0
00.000,00.000	9.9	0	-200	0	4.5	66.0709	45.3964	13.9645	6.71002	0	0	0	0	0	0	0	0	0	0	0	0	0	0	0	0	0
00.000,00.000	10	0	-200	0	4.5	67.481	46.5987	14.1722	6.71002	0	0	0	0	0	0	0	0	0	0	0	0	0	0	0	0	0
00.000,00.000	10.1	0	-200	0	4.5	68.9616	47.8593	14.3923	6.71002	0	0	0	0	0	0	0	0	0	0	0	0	0	0	0	0	0
00.000,00.000	10.2	0	-200	0	4.5	70.5173	49.1833	14.6239	6.71008	0	0	0	0	0	0	0	0	0	0	0	0	0	0	0	0	0
00.000,00.000	10.3	0	-200	0	4.5	72.1498	50.5722	14.8666	6.71097	0	0	0	0	0	0	0	0	0	0	0	0	0	0	0	0	0
00.000,00.000	10.4	0	-200	0	4.5	73.8512	52.0221	15.1169	6.71221	0	0	0	0	0	0	0	0	0	0	0	0	0	0	0	0	0
00.000,00.000	10.5	0	-200	0	4.5	75.5903	53.5003	15.3758	6.71412	0	0	0	0	0	0	0	0	0	0	0	0	0	0	0	0	0
00.000,00.000	10.6	0	-200	0	4.5	77.3709	55.012	15.6416	6.7172	0	0	0	0	0	0	0	0	0	0	0	0	0	0	0	0	0
00.000,00.000	10.7	0	-200	0	4.5	79.1961	56.5587	15.9161	6.72124	0	0	0	0	0	0	0	0	0	0	0	0	0	0	0	0	0
00.000,00.000	10.8	0	-200	0	4.5	81.0791	58.155	16.1965	6.72764	0	0	0	0	0	0	0	0	0	0	0	0	0	0	0	0	0
00.000,00.000	10.9	0	-200	0	4.5	83.0455	59.8323	16.4775	6.73576	0	0	0	0	0	0	0	0	0	0	0	0	0	0	0	0	0
00.000,00.000	11	0	-200	0	4.5	85.1134	61.59	16.7774	6.74603	0	0	0	0	0	0	0	0	0	0	0	0	0	0	0	0	0
00.000,00.000	11.1	0	-200	0	4.5	87.2765	63.4278	17.0892	6.75945	0	0	0	0	0	0	0	0	0	0	0	0	0	0	0	0	0
00.000,00.000	11.2	0	-200	0	4.5	89.5538	65.3647	17.4135	6.77567	0	0	0	0	0	0	0	0	0	0	0	0	0	0	0	0	0
00.000,00.000	11.3	0	-200	0	4.5	91.934	67.3881	17.7511	6.7947	0	0	0	0	0	0	0	0	0	0	0	0	0	0	0	0	0
00.000,00.000	11.4	0	-200	0	4.5	94.4008	69.4836	18.1002	6.817	0	0	0	0	0	0	0	0	0	0	0	0	0	0	0	0	0
00.000,00.000	11.5	0	-200	0	4.5	96.9056	71.6052	18.4582	6.84223	0	0	0	0	0	0	0	0	0	0	0	0	0	0	0	0	0
00.000,00.000	11.6	0	-200	0	4.5	99.4618	73.7545	18.8369	6.87052	0	0	0	0	0	0	0	0	0	0	0	0	0	0	0	0	0
00.000,00.000	11.7	0	-200	0	4.5	102.086	75.9448	19.2391	6.90223	0	0	0	0	0	0	0	0	0	0	0	0	0	0	0	0	0
00.000,00.000	11.8	0	-200	0	4.5	104.797	78.2034	19.6565	6.93682	0	0	0	0	0	0	0	0	0	0	0	0	0	0	0	0	0
00.000,00.000	11.9	0	-200	0	4.5	107.617	80.5544	20.087	6.97552	0	0	0	0	0	0	0	0	0	0	0	0	0	0	0	0	0
00.000,00.000	12	0	-200	0	4.5	110.637	83.0746	20.544	7.01888	0	0	0	0	0	0	0	0	0	0	0	0	0	0	0	0	0
00.000,00.000	12.1	0	-200	0	4.5	113.759	85.6754	21.0169	7.06635	0	0	0	0	0	0	0	0	0	0	0	0	0	0	0	0	0
00.000,00.000	12.2	0	-200	0	4.5	116.861	88.249	21.4929	7.11857	0	0	0	0	0	0	0	0	0	0	0	0	0	0	0	0	0
00.000,00.000	12.3	0	-200	0	4.5	119.988	90.8357	21.9774	7.17524	0	0	0	0	0	0	0	0	0	0	0	0	0	0	0	0	0
00.000,00.000	12.4	0	-200	0	4.5	123.162	93.4477	22.4753	7.23869	0	0	0	0	0	0	0	0	0	0	0	0	0	0	0	0	0
00.000,00.000	12.5	0	-200	0	4.5	126.946	96.5433	23.0813	7.32116	0	0	0	0	0	0	0	0	0	0	0	0	0	0	0	0	0
00.000,00.000	12.6	0	-200	0	4.5	130.782	99.6357	23.7371	7.40936	0	0	0	0	0	0	0	0	0	0	0	0	0	0	0	0	0
00.000,00.000	12.7	0	-200	0	4.5	134.274	102.426	24.3524	7.49556	0	0	0	0	0	0	0	0	0	0	0	0	0	0	0	0	0
00.000,00.000	12.8	0	-200	0	4.5	136.654	104.304	24.7911	7.55909	0	0	0	0	0	0	0	0	0	0	0	0	0	0	0	0	0
00.000,00.000	12.9	0	-200	0	4.5	139.877	106.612	25.6154	7.64945	0	0	0	0	0	0	0	0	0	0	0	0	0	0	0	0	0
00.000,00.000	13	0	-200	0	4.5	143.606	109.212	26.6363	7.7577	0	0	0	0	0	0	0	0	0	0	0	0	0	0	0	0	0
00.000,00.000	13.1	0	-200	0	4.5	147.13	111.545	27.7216	7.86319	0	0	0	0	0	0	0	0	0	0	0	0	0	0	0	0	0
00.000,00.000	13.2	0	-200	0	4.5	150.629	113.743	28.9156	7.9703	0	0	0	0	0	0	0	0	0	0	0	0	0	0	0	0	0
00.000,00.000	13.3	0	-200	0	4.5	154.191	115.972	30.136	8.08265	0	0	0	0	0	0	0	0	0	0	0	0	0	0	0	0	0
00.000,00.000	13.4	0	-200	0	4.5	157.81	118.231	31.3786	8.19992	0	0	0	0	0	0	0	0	0	0	0	0	0	0	0	0	0
00.000,00.000	13.5	0	-200	0	4.5	162.943	121.42	33.152	8.37078	0	0	0	0	0	0	0	0	0	0	0	0	0	0	0	0	0
00.000,00.000	13.6	0	-200	0	4.5	167.53	124.249	34.757	8.52467	0	0	0	0	0	0	0	0	0	0	0	0	0	0	0	0	0
00.000,00.000	13.7	0	-200	0	4.5	171.328	126.574	36.0974	8.65711	0	0	0	0	0	0	0	0	0	0	0	0	0	0	0	0	0
00.000,00.000	13.8	0	-200	0	4.5	173.466	127.874	36.8586	8.73381	0	0	0	0	0	0	0	0	0	0	0	0	0	0	0	0	0
00.000,00.000	13.9	0	-200	0	4.5	176.2	129.542	37.824	8.83418	0	0	0	0	0	0	0	0	0	0	0	0	0	0	0	0	0
00.000,00.000	14	0	-200	0	4.5	180.744	132.309	39.4311	9.00451	0	0	0	0	0	0	0	0	0	0	0	0	0	0	0	0	0
00.000,00.000	14.1	0	-200	0	4.5	184.727	134.719	40.8504	9.1572	0	0	0	0	0	0	0	0	0	0	0	0	0	0	0	0	0
00.000,00.000	14.2	0	-200	0	4.5	188.436	136.954	42.1791	9.30338	0	0	0	0	0	0	0	0	0	0	0	0	0	0	0	0	0
00.000,00.000	14.3	0	-200	0	4.5	192.153	139.179	43.5195	9.45432	0	0	0	0	0	0	0	0	0	0	0	0	0	0	0	0	0
00.000,00.000	14.4	0	-200	0	4.5	195.857	141.38	44.8667	9.61016	0	0	0	0	0	0	0	0	0	0	0	0	0	0	0	0	0
00.000,00.000	14.5	0	-200	0	4.5	202.419	145.228	47.2919	9.89914	0	0	0	0	0	0	0	0	0	0	0	0	0	0	0	0	0
00.000,00.000	14.6	0	-200	0	4.5	206.88	147.811	48.9658	10.1033	0	0	0	0	0	0	0	0	0	0	0	0	0	0	0	0	0
00.000,00.000	14.7	0	-200	0	4.5	210.918	150.116	50.504	10.2976	0	0	0	0	0	0	0	0	0	0	0	0	0	0	0	0	0
00.000,00.000	14.8	0	-200	0	4.5	212.567	151.048	51.1397	10.379	0	0	0	0	0	0	0	0	0	0	0	0	0	0	0	0	0
00.000,00.000	14.9	0	-200	0	4.5	214.872	152.338	52.0359	10.4984	0	0	0	0	0	0	0	0	0	0	0	0	0	0	0	0	0
00.000,00.000	15	0	-200	0	4.5	219.55	154.933	53.8688	10.7489	0	0	0	0	0	0	0	0	0	0	0	0	0	0	0	0	0
00.000,00.000	15.1	0	-200	0	4.5	223.389	157.017	55.4138	10.9578	0	0	0	0	0	0	0	0	0	0	0	0	0	0	0	0	0
00.000,00.000	15.2	0	-200	0	4.5	226.794	158.848	56.7951	11.1507	0	0	0	0	0	0	0	0	0	0	0	0	0	0	0	0	0
00.000,00.000	15.3	0	-200	0	4.5	230.169	160.656	58.1637	11.3493	0	0	0	0	0	0	0	0	0	0	0	0	0	0	0	0	0
00.000,00.000	15.4	0	-200	0	4.5	233.487	162.433	59.5011	11.5533	0	0	0	0	0	0	0	0	0	0	0	0	0	0	0	0	0
00.000,00.000	15.5	0	-200	0	4.5	243.596	167.672	63.7165	12.2078	0	0	0	0	0	0	0	0	0	0	0	0	0	0	0	0	0
00.000,00.000	15.6	0	-200	0	4.5	245.662	168.677	64.6462	12.3393	0	0	0	0	0	0	0	0	0	0	0	0	0	0	0	0	0
00.000,00.000	15.7	0	-200	0	4.5	248.832	170.201	66.0672	12.5639	0	0	0	0	0	0	0	0	0	0	0	0	0	0	0	0	0
00.000,00.000	15.8	0	-200	0	4.5	249.417	170.474	66.3375	12.6063	0	0	0	0	0	0	0	0	0	0	0	0	0	0	0	0	0
00.000,00.000	15.9	0	-200	0	4.5	254.003	172.55	68.4948	12.9581	0	0	0	0	0	0	0	0	0	0	0	0	0	0	0	0	0
00.000,00.000	16	0	-200	0	4.5	259.229	174.884	70.9743	13.3709	0	0	0	0	0	0	0	0	0	0	0	0	0	0	0	0	0
00.000,00.000	16.1	0	-200	0	4.5	262.463	176.276	72.3303	13.8572	0	0	0	0	0	0	0	0	0	0	0	0	0	0	0	0	0
00.000,00.000	16.2	0	-200	0	4.5	265.276	177.483	73.4346	14.3581	0	0	0	0	0	0	0	0	0	0	0	0	0	0	0	0	0
00.000,00.000	16.3	0	-200	0	4.5	268.019	178.639	74.4997	14.8799	0	0	0	0	0	0	0	0	0	0	0	0	0	0	0	0	0
00.000,00.000	16.4	0	-200	0	4.5	270.733	179.771	75.5527	15.4089	0	0	0	0	0	0	0	0	0	0	0	0	0	0	0	0	0
00.000,00.000	16.5	0	-200	0	4.5	284.806	185.412	80.7482	18.6455	0	0	0	0	0	0	0	0	0	0	0	0	0	0	0	0	0
00.000,00.000	16.6	0	-200	0	4.5	287.522	186.493	81.5896	19.4389	0	0	0	0	0	0	0	0	0	0	0	0	0	0	0	0	0
00.000,00.000	16.7	0	-200	0	4.5	310.607	195.522	88.4499	26.6348	0	0	0	0	0	0	0	0	0	0	0	0	0	0	0	0	0
00.000,00.000	16.8	0	-200	0	4.5	316.057	197.733	89.9936	28.3296	0	0	0	0	0	0	0	0	0	0	0	0	0	0	0	0	0
00.000,00.000	16.9	0	-200	0	4.5	327.852	202.255	93.5256	32.0717	0	0	0	0	0	0	0	0	0	0	0	0	0	0	0	0	0
00.000,00.000	17	0	-200	0	4.5	333.25	204.266	95.1613	33.823	0	0	0	0	0	0	0	0	0	0	0	0	0	0	0	0	0
00.000,00.000	17.1	0	-200	0	4.5	335.69	205.199	95.8977	34.5929	0	0	0	0	0	0	0	0	0	0	0	0	0	0	0	0	0
00.000,00.000	17.2	0	-200	0	4.5	338.192	206.151	96.6546	35.3857	0	0	0	0	0	0	0	0	0	0	0	0	0	0	0	0	0
00.000,00.000	17.3	0	-200	0	4.5	340.7	207.098	97.4217	36.1805	0	0	0	0	0	0	0	0	0	0	0	0	0	0	0	0	0
00.000,00.000	17.4	0	-200	0	4.5	343.229	208.042	98.2088	36.9786	0	0	0	0	0	0	0	0	0	0	0	0	0	0	0	0	0
00.000,00.000	17.5	0	-200	0	4.5	359.891	214.094	103.526	41.7897	0.481197	0	0	0	0	0	0	0	0	0	0	0	0	0	0	0	0
00.000,00.000	17.6	0	-200	0	4.5	363.163	215.233	104.615	42.4991	0.815985	0	0	0	0	0	0	0	0	0	0	0	0	0	0	0	0
00.000,00.000	17.7	0	-200	0	4.5	387.303	223.429	113.737	47.411	2.72633	0	0	0	0	0	0	0	0	0	0	0	0	0	0	0	0
00.000,00.000	17.8	0	-200	0	4.5	393.197	225.519	116.144	48.2395	3.29335	0	0	0	0	0	0	0	0	0	0	0	0	0	0	0	0
00.000,00.000	17.9	0	-200	0	4.5	406.944	230.328	121.812	50.2411	4.56214	0	0	0	0	0	0	0	0	0	0	0	0	0	0	0	0
00.000,00.000	18	0	-200	0	4.5	413.238	232.561	124.438	51.1271	5.11213	0	0	0	0	0	0	0	0	0	0	0	0	0	0	0	0
00.000,00.000	18.1	0	-200	0	4.5	415.888	233.51	125.536	51.5097	5.33187	0	0	0	0	0	0	0	0	0	0	0	0	0	0	0	0
00.000,00.000	18.2	0	-200	0	4.5	418.671	234.507	126.696	51.9129	5.55509	0	0	0	0	0	0	0	0	0	0	0	0	0	0	0	0
00.000,00.000	18.3	0	-200	0	4.5	421.542	235.535	127.899	52.3317	5.77708	0	0	0	0	0	0	0	0	0	0	0	0	0	0	0	0
00.000,00.000	18.4	0	-200	0	4.5	424.519	236.601	129.151	52.7682	5.99927	0	0	0	0	0	0	0	0	0	0	0	0	0	0	0	0
00.000,00.000	18.5	0	-200	0	4.5	445.361	243.122	138.849	55.8819	7.50846	0	0	0	0	0	0	0	0	0	0	0	0	0	0	0	0
00.000,00.000	18.6	0	-200	0	4.5	449.494	244.163	141.009	56.5168	7.80538	0	0	0	0	0	0	0	0	0	0	0	0	0	0	0	0
00.000,00.000	18.7	0	-200	0	4.5	481.696	250.84	158.809	61.9558	10.0908	0	0	0	0	0	0	0	0	0	0	0	0	0	0	0	0
00.000,00.000	18.8	0	-200	0	4.5	489.671	252.453	163.286	63.3011	10.612	0.0185714	0	0	0	0	0	0	0	0	0	0	0	0	0	0	0
00.000,00.000	18.9	0	-200	0	4.5	508.241	255.984	173.582	66.8179	11.0109	0.845502	0	0	0	0	0	0	0	0	0	0	0	0	0	0	0
00.000,00.000	19	0	-200	0	4.5	516.814	257.571	178.407	68.4367	11.0312	1.36765	0	0	0	0	0	0	0	0	0	0	0	0	0	0	0
00.000,00.000	19.1	0	-200	0	4.5	520.355	258.252	180.371	69.1154	11.0442	1.5726	0	0	0	0	0	0	0	0	0	0	0	0	0	0	0
00.000,00.000	19.2	0	-200	0	4.5	524.072	258.964	182.402	69.8646	11.0606	1.78157	0	0	0	0	0	0	0	0	0	0	0	0	0	0	0
00.000,00.000	19.3	0	-200	0	4.5	527.905	259.69	184.475	70.67	11.0804	1.98942	0	0	0	0	0	0	0	0	0	0	0	0	0	0	0
00.000,00.000	19.4	0	-200	0	4.5	531.853	260.441	186.59	71.5212	11.1045	2.19649	0	0	0	0	0	0	0	0	0	0	0	0	0	0	0
00.000,00.000	19.5	0	-200	0	4.5	535.95	261.236	188.723	72.4434	11.1339	2.41408	0	0	0	0	0	0	0	0	0	0	0	0	0	0	0
00.000,00.000	19.6	0	-200	0	4.5	539.639	261.974	190.546	73.3407	11.1649	2.61355	0	0	0	0	0	0	0	0	0	0	0	0	0	0	0
00.000,00.000	19.7	0	-200	0	4.5	543.452	262.735	192.4	74.301	11.2019	2.81445	0	0	0	0	0	0	0	0	0	0	0	0	0	0	0
00.000,00.000	19.8	0	-200	0	4.5	547.392	263.519	194.291	75.3164	11.2461	3.01932	0	0	0	0	0	0	0	0	0	0	0	0	0	0	0
00.000,00.000	19.9	0	-200	0	4.5	555.408	265.146	197.67	77.8017	11.3603	3.43006	0	0	0	0	0	0	0	0	0	0	0	0	0	0	0
00.000,00.000	20	0	-200	0	4.5	557.355	265.55	198.446	78.4379	11.393	3.52842	0	0	0	0	0	0	0	0	0	0	0	0	0	0	0
00.000,00.000	20.1	0	-200	0	4.5	563.397	266.864	200.774	80.4436	11.4908	3.82432	0	0	0	0	0	0	0	0	0	0	0	0	0	0	0
00.000,00.000	20.2	0	-200	0	4.5	568.403	267.954	202.707	82.0967	11.5797	4.06571	0	0	0	0	0	0	0	0	0	0	0	0	0	0	0
00.000,00.000	20.3	0	-200	0	4.5	572.667	268.919	204.314	83.5062	11.6591	4.26778	0	0	0	0	0	0	0	0	0	0	0	0	0	0	0
00.000,00.000	20.4	0	-200	0	4.5	579.372	270.477	206.807	85.7167	11.7916	4.57976	0	0	0	0	0	0	0	0	0	0	0	0	0	0	0
00.000,00.000	20.5	0	-200	0	4.5	581.098	270.875	207.448	86.2868	11.8289	4.65952	0	0	0	0	0	0	0	0	0	0	0	0	0	0	0
00.000,00.000	20.6	0	-200	0	4.5	600.409	275.433	214.464	92.704	12.2617	5.54647	0	0	0	0	0	0	0	0	0	0	0	0	0	0	0
00.000,00.000	20.7	0	-200	0	4.5	612.022	278.028	218.775	96.617	12.5164	6.0845	0	0	0	0	0	0	0	0	0	0	0	0	0	0	0
00.000,00.000	20.8	0	-200	0	4.5	612.705	278.182	219.031	96.8402	12.5364	6.11537	0	0	0	0	0	0	0	0	0	0	0	0	0	0	0
00.000,00.000	20.9	0	-200	0	4.5	613.037	278.261	219.151	96.9486	12.5459	6.12986	0	0	0	0	0	0	0	0	0	0	0	0	0	0	0
00.000,00.000	21	0	-200	0	4.5	621.468	280.321	222.227	99.6474	12.7846	6.48835	0	0	0	0	0	0	0	0	0	0	0	0	0	0	0
00.000,00.000	21.1	0	-200	0	4.5	633.554	283.352	226.58	103.486	13.1418	6.99491	0	0	0	0	0	0	0	0	0	0	0	0	0	0	0
00.000,00.000	21.2	0	-200	0	4.5	639.951	284.991	228.866	105.49	13.3464	7.25742	0	0	0	0	0	0	0	0	0	0	0	0	0	0	0
00.000,00.000	21.3	0	-200	0	4.5	644.915	286.3	230.611	107.035	13.5131	7.4557	0	0	0	0	0	0	0	0	0	0	0	0	0	0	0
00.000,00.000	21.4	0	-200	0	4.5	663.335	291.241	236.986	112.671	14.2648	8.17206	0	0	0	0	0	0	0	0	0	0	0	0	0	0	0
00.000,00.000	21.5	0	-200	0	4.5	667.354	292.305	238.388	113.875	14.4592	8.32694	0	0	0	0	0	0	0	0	0	0	0	0	0	0	0
00.000,00.000	21.6	0	-200	0	4.5	679.849	295.617	242.678	117.687	15.0626	8.80348	0	0	0	0	0	0	0	0	0	0	0	0	0	0	0
00.000,00.000	21.7	0	-200	0	4.5	698.305	300.62	248.957	123.152	16.0914	9.08219	0.402221	0	0	0	0	0	0	0	0	0	0	0	0	0	0
00.000,00.000	21.8	0	-200	0	4.5	701.772	301.533	250.126	124.192	16.3066	9.08219	0.531593	0	0	0	0	0	0	0	0	0	0	0	0	0	0
00.000,00.000	21.9	0	-200	0	4.5	732.756	310.001	260.198	132.831	18.9749	9.08219	1.66855	0	0	0	0	0	0	0	0	0	0	0	0	0	0
00.000,00.000	22	0	-200	0	4.5	740.067	312.142	262.377	134.705	19.8207	9.08236	1.93976	0	0	0	0	0	0	0	0	0	0	0	0	0	0
00.000,00.000	22.1	0	-200	0	4.5	757.042	317.064	267.548	139.105	21.7039	9.08664	2.53387	0	0	0	0	0	0	0	0	0	0	0	0	0	0
00.000,00.000	22.2	0	-200	0	4.5	766.559	319.841	270.372	141.614	22.7754	9.09053	2.86548	0	0	0	0	0	0	0	0	0	0	0	0	0	0
00.000,00.000	22.3	0	-200	0	4.5	772.355	321.545	272.119	143.117	23.4196	9.09516	3.0587	0	0	0	0	0	0	0	0	0	0	0	0	0	0
00.000,00.000	22.4	0	-200	0	4.5	778.53	323.372	273.983	144.708	24.1044	9.10173	3.25991	0	0	0	0	0	0	0	0	0	0	0	0	0	0
00.000,00.000	22.5	0	-200	0	4.5	784.62	325.136	275.841	146.286	24.7888	9.11019	3.45768	0	0	0	0	0	0	0	0	0	0	0	0	0	0
00.000,00.000	22.6	0	-200	0	4.5	790.636	326.843	277.692	147.851	25.4755	9.12138	3.65354	0	0	0	0	0	0	0	0	0	0	0	0	0	0
00.000,00.000	22.7	0	-200	0	4.5	796.705	328.322	279.58	149.574	26.2252	9.13638	3.86802	0	0	0	0	0	0	0	0	0	0	0	0	0	0
00.000,00.000	22.8	0	-200	0	4.5	815.377	334.392	284.994	154.21	28.1886	9.18463	4.40875	0	0	0	0	0	0	0	0	0	0	0	0	0	0
00.000,00.000	22.9	0	-200	0	4.5	826.79	337.387	288.534	157.346	29.5237	9.22402	4.77555	0	0	0	0	0	0	0	0	0	0	0	0	0	0
00.000,00.000	23	0	-200	0	4.5	828.273	337.822	288.964	157.744	29.6923	9.23	4.82112	0	0	0	0	0	0	0	0	0	0	0	0	0	0
00.000,00.000	23.1	0	-200	0	4.5	847.389	343.361	294.82	162.622	31.8772	9.32334	5.38531	0	0	0	0	0	0	0	0	0	0	0	0	0	0
00.000,00.000	23.2	0	-200	0	4.5	858.197	345.513	299.092	165.31	33.1966	9.3819	5.70459	0	0	0	0	0	0	0	0	0	0	0	0	0	0
00.000,00.000	23.3	0	-200	0	4.5	864.899	346.86	301.78	166.957	33.9835	9.42352	5.89517	0	0	0	0	0	0	0	0	0	0	0	0	0	0
00.000,00.000	23.4	0	-200	0	4.5	894.145	352.766	313.54	174.051	37.4566	9.62375	6.70737	0	0	0	0	0	0	0	0	0	0	0	0	0	0
00.000,00.000	23.5	0	-200	0	4.5	900.444	354.034	316.047	175.568	38.2437	9.6693	6.88086	0	0	0	0	0	0	0	0	0	0	0	0	0	0
00.000,00.000	23.6	0	-200	0	4.5	919.948	357.825	323.942	180.268	40.6597	9.83897	7.41419	0	0	0	0	0	0	0	0	0	0	0	0	0	0
00.000,00.000	23.7	0	-200	0	4.5	932.037	360.206	328.822	183.166	42.1535	9.95013	7.73987	0	0	0	0	0	0	0	0	0	0	0	0	0	0
00.000,00.000	23.8	0	-200	0	4.5	941.627	362.058	332.721	185.465	43.2876	10.0988	7.99609	0	0	0	0	0	0	0	0	0	0	0	0	0	0
00.000,00.000	23.9	0	-200	0	4.5	977.295	368.889	347.234	194.068	46.4348	11.722	8.94756	0	0	0	0	0	0	0	0	0	0	0	0	0	0
00.000,00.000	24	0	-200	0	4.5	984.465	370.321	350.09	195.844	47.0173	12.0531	9.1387	0	0	0	0	0	0	0	0	0	0	0	0	0	0
00.000,00.000	24.1	0	-200	0	4.5	1010.61	375.887	360.528	201.929	49.2203	13.2445	9.6052	0.193764	0	0	0	0	0	0	0	0	0	0	0	0	0
00.000,00.000	24.2	0	-200	0	4.5	1024.17	378.836	365.872	205.05	50.3765	13.8838	9.6052	0.543633	0	0	0	0	0	0	0	0	0	0	0	0	0
00.000,00.000	24.3	0	-200	0	4.5	1031.59	380.553	368.679	206.755	51.0305	14.2376	9.6052	0.731342	0	0	0	0	0	0	0	0	0	0	0	0	0
00.000,00.000	24.4	0	-200	0	4.5	1089.52	394.65	389.272	220.368	56.3366	17.08	9.60697	2.2026	0	0	0	0	0	0	0	0	0	0	0	0	0
00.000,00.000	24.5	0	-200	0	4.5	1103.27	398.174	393.826	223.607	57.688	17.7917	9.60973	2.56887	0	0	0	0	0	0	0	0	0	0	0	0	0
00.000,00.000	24.6	0	-200	0	4.5	1127.67	404.371	401.994	229.445	60.1508	19.0558	9.63036	3.02008	0	0	0	0	0	0	0	0	0	0	0	0	0
00.000,00.000	24.7	0	-200	0	4.5	1140.61	407.856	406.23	232.632	61.4963	19.7412	9.64352	3.0106	0	0	0	0	0	0	0	0	0	0	0	0	0
00.000,00.000	24.8	0	-200	0	4.5	1171.31	414.106	416.57	241.109	65.203	21.5792	9.69485	3.04838	0	0	0	0	0	0	0	0	0	0	0	0	0
00.000,00.000	24.9	0	-200	0	4.5	1200.29	423.216	425.166	247.988	68.025	23.0946	9.74889	3.04838	0	0	0	0	0	0	0	0	0	0	0	0	0
00.000,00.000	25	0	-200	0	4.5	1202.65	423.903	425.881	248.602	68.2322	23.2249	9.75487	3.04838	0	0	0	0	0	0	0	0	0	0	0	0	0
00.000,00.000	25.1	0	-200	0	4.5	1242.95	435.761	438.148	258.505	72.2015	25.0663	10.2191	3.04838	0	0	0	0	0	0	0	0	0	0	0	0	0
00.000,00.000	25.2	0	-200	0	4.5	1261.87	441.602	443.806	263.031	74.0225	25.5173	10.8448	3.04838	0	0	0	0	0	0	0	0	0	0	0	0	0
00.000,00.000	25.3	0	-200	0	4.5	1270.23	444.235	446.307	264.965	74.8402	25.7151	11.1152	3.04838	0	0	0	0	0	0	0	0	0	0	0	0	0
00.000,00.000	25.4	0	-200	0	4.5	1339.14	466.195	466.951	280.615	81.6363	27.3606	13.3307	3.04838	0	0	0	0	0	0	0	0	0	0	0	0	0
00.000,00.000	25.5	0	-200	0	4.5	1359.47	472.621	472.866	285.272	83.7911	27.8647	14.0065	3.04838	0	0	0	0	0	0	0	0	0	0	0	0	0
00.000,00.000	25.6	0	-200	0	4.5	1374.53	477.209	477.348	288.77	85.4047	28.2433	14.5078	3.04838	0	0	0	0	0	0	0	0	0	0	0	0	0
00.000,00.000	25.7	0	-200	0	4.5	1385.77	480.537	480.748	291.343	86.6685	28.5374	14.8859	3.04838	0	0	0	0	0	0	0	0	0	0	0	0	0
00.000,00.000	25.8	0	-200	0	4.5	1395.3	483.057	483.842	293.571	87.7777	28.7916	15.2132	3.04838	0	0	0	0	0	0	0	0	0	0	0	0	0
00.000,00.000	25.9	0	-200	0	4.5	1460.61	500.355	505.524	308.465	95.1863	30.573	17.4536	3.04838	0	0	0	0	0	0	0	0	0	0	0	0	0
00.000,00.000	26	0	-200	0	4.5	1473.09	503.516	509.792	311.255	96.6202	30.9462	17.9115	3.04855	0	0	0	0	0	0	0	0	0	0	0	0	0
00.000,00.000	26.1	0	-200	0	4.5	1514.66	514.433	523.826	320.44	101.206	32.2997	19.3885	3.06385	0	0	0	0	0	0	0	0	0	0	0	0	0
00.000,00.000	26.2	0	-200	0	4.5	1535.02	519.988	530.506	324.866	103.44	33.0182	20.1237	3.07496	0	0	0	0	0	0	0	0	0	0	0	0	0
00.000,00.000	26.3	0	-200	0	4.5	1545.15	522.77	533.859	327.043	104.554	33.3687	20.4751	3.08439	0	0	0	0	0	0	0	0	0	0	0	0	0
00.000,00.000	26.4	0	-200	0	4.5	1656.6	553.172	571.132	350.523	116.943	37.3082	22.9379	4.58709	0	0	0	0	0	0	0	0	0	0	0	0	0
00.000,00.000	26.5	0	-200	0	4.5	1690.63	562.153	582.547	357.556	121.022	38.5699	23.4026	5.37503	0	0	0	0	0	0	0	0	0	0	0	0	0
00.000,00.000	26.6	0	-200	0	4.5	1691.3	562.333	582.767	357.698	121.102	38.5945	23.4119	5.39023	0	0	0	0	0	0	0	0	0	0	0	0	0
00.000,00.000	26.7	0	-200	0	4.5	1775.77	585.192	610.576	375.373	130.973	41.7491	24.626	7.2767	0	0	0	0	0	0	0	0	0	0	0	0	0
00.000,00.000	26.8	0	-200	0	4.5	1852.41	606.056	635.818	391.205	139.911	44.5927	25.7462	9.07759	0	0	0	0	0	0	0	0	0	0	0	0	0
00.000,00.000	26.9	0	-200	0	4.5	1862.04	608.678	639.008	393.217	140.972	44.968	25.8965	9.29955	0	0	0	0	0	0	0	0	0	0	0	0	0
00.000,00.000	27	0	-200	0	4.5	1863.21	609.013	639.383	393.466	141.099	45.0124	25.9149	9.32475	0	0	0	0	0	0	0	0	0	0	0	0	0
00.000,00.000	27.1	0	-200	0	4.5	1919.93	625.377	657.276	405.694	147.108	47.1567	26.8181	10.504	0	0	0	0	0	0	0	0	0	0	0	0	0
00.000,00.000	27.2	0	-200	0	4.5	1939	630.905	663.329	409.893	148.947	47.8794	27.146	10.8989	0	0	0	0	0	0	0	0	0	0	0	0	0
00.000,00.000	27.3	0	-200	0	4.5	1940.99	631.498	663.944	410.331	149.145	47.9534	27.1806	10.9386	0	0	0	0	0	0	0	0	0	0	0	0	0
00.000,00.000	27.4	0	-200	0	4.5	1941.7	631.711	664.162	410.486	149.215	47.9797	27.1935	10.9526	0	0	0	0	0	0	0	0	0	0	0	0	0
00.000,00.000	27.5	0	-200	0	4.5	1996.37	648.174	680.673	422.543	154.761	50.0117	28.2028	12.0099	0	0	0	0	0	0	0	0	0	0	0	0	0
00.000,00.000	27.6	0	-200	0	4.5	2017.94	654.68	687.122	427.324	156.957	50.8023	28.6271	12.4069	0.0218124	0	0	0	0	0	0	0	0	0	0	0	0
00.000,00.000	27.7	0	-200	0	4.5	2019.12	655.039	687.469	427.583	157.082	50.8472	28.6502	12.4215	0.0297894	0	0	0	0	0	0	0	0	0	0	0	0
00.000,00.000	27.8	0	-200	0	4.5	2019.47	655.147	687.57	427.661	157.119	50.8604	28.6575	12.4229	0.0350552	0	0	0	0	0	0	0	0	0	0	0	0
00.000,00.000	27.9	0	-200	0	4.5	2069.8	670.658	701.927	438.657	162.598	52.8221	29.7124	12.86	0.562918	0	0	0	0	0	0	0	0	0	0	0	0
00.000,00.000	28	0	-200	0	4.5	2088.64	676.539	707.125	442.904	164.634	53.5132	30.1308	12.9752	0.821657	0	0	0	0	0	0	0	0	0	0	0	0
00.000,00.000	28.1	0	-200	0	4.5	2090.37	677.083	707.601	443.28	164.825	53.5816	30.1696	12.9859	0.844732	0	0	0	0	0	0	0	0	0	0	0	0
00.000,00.000	28.2	0	-200	0	4.5	2091.97	677.586	708.035	443.627	165.004	53.6467	30.207	12.9962	0.866007	0	0	0	0	0	0	0	0	0	0	0	0
00.000,00.000	28.3	0	-200	0	4.5	2093.46	678.059	708.435	443.946	165.172	53.7098	30.2431	13.0061	0.885802	0	0	0	0	0	0	0	0	0	0	0	0
00.000,00.000	28.4	0	-200	0	4.5	2093.69	678.136	708.496	443.998	165.199	53.7198	30.2492	13.0077	0.889007	0	0	0	0	0	0	0	0	0	0	0	0
00.000,00.000	28.5	0	-200	0	4.5	2106.03	682.145	711.579	446.641	166.632	54.2875	30.5875	13.0989	1.05635	0	0	0	0	0	0	0	0	0	0	0	0
00.000,00.000	28.6	0	-200	0	4.5	2198.85	712.41	735.108	465.938	177.46	58.7473	33.0816	13.7809	2.32241	0	0	0	0	0	0	0	0	0	0	0	0
00.000,00.000	28.7	0	-200	0	4.5	2222.04	720.163	740.764	470.818	180.055	59.886	33.7492	13.96	2.6437	0	0	0	0	0	0	0	0	0	0	0	0
00.000,00.000	28.8	0	-200	0	4.5	2301.04	746.731	759.961	486.804	189.093	64.028	36.1053	14.5846	3.7286	0	0	0	0	0	0	0	0	0	0	0	0
00.000,00.000	28.9	0	-200	0	4.5	2318.59	752.749	764.097	490.409	191.013	64.9371	36.6703	14.7333	3.97764	0	0	0	0	0	0	0	0	0	0	0	0
00.000,00.000	29	0	-200	0	4.5	2335.23	758.514	767.986	493.664	192.916	65.8248	37.2348	14.8811	4.20731	0	0	0	0	0	0	0	0	0	0	0	0
00.000,00.000	29.1	0	-200	0	4.5	2365.64	769.004	774.94	499.434	196.347	67.5699	38.296	15.4217	4.6236	0	0	0	0	0	0	0	0	0	0	0	0
00.000,00.000	29.2	0	-200	0	4.5	2384.76	775.586	779.2	503.01	198.475	68.7626	38.9957	15.8441	4.88723	0	0	0	0	0	0	0	0	0	0	0	0
00.000,00.000	29.3	0	-200	0	4.5	2400.21	780.923	782.592	505.842	200.212	69.7542	39.5892	16.1932	5.10038	0	0	0	0	0	0	0	0	0	0	0	0
00.000,00.000	29.4	0	-200	0	4.5	2489.57	811.942	801.933	522.226	210.085	75.6625	43.1866	18.2018	6.33164	0	0	0	0	0	0	0	0	0	0	0	0
00.000,00.000	29.5	0	-200	0	4.5	2541.87	830.238	812.83	531.839	215.9	79.2283	45.3732	19.3995	7.06077	0	0	0	0	0	0	0	0	0	0	0	0
00.000,00.000	29.6	0	-200	0	4.5	2548.36	832.504	814.172	533.013	216.639	79.679	45.6546	19.5518	7.15192	0	0	0	0	0	0	0	0	0	0	0	0
00.000,00.000	29.7	0	-200	0	4.5	2549.15	832.782	814.333	533.149	216.729	79.7329	45.6893	19.571	7.16256	0	0	0	0	0	0	0	0	0	0	0	0
00.000,00.000	29.8	0	-200	0	4.5	2614.8	855.664	827.792	544.412	224.424	84.4283	48.7532	21.2596	8.0693	0	0	0	0	0	0	0	0	0	0	0	0
00.000,00.000	29.9	0	-200	0	4.5	2634.76	862.546	831.864	547.79	226.753	85.9419	49.7256	21.7846	8.09185	0.261734	0	0	0	0	0	0	0	0	0	0	0
00.000,00.000	30	0	-200	0	4.5	2635.87	862.931	832.087	547.975	226.885	86.0229	49.7804	21.8152	8.09259	0.276229	0	0	0	0	0	0	0	0	0	0	0
00.000,00.000	30.1	0	-200	0	4.5	2637.2	863.398	832.355	548.195	227.044	86.1215	49.8483	21.8531	8.09333	0.293858	0	0	0	0	0	0	0	0	0	0	0
00.000,00.000	30.2	0	-200	0	4.5	2638.42	863.824	832.597	548.392	227.19	86.2115	49.9116	21.8887	8.09395	0.30992	0	0	0	0	0	0	0	0	0	0	0
00.000,00.000	30.3	0	-200	0	4.5	2639.53	864.216	832.817	548.57	227.325	86.2942	49.9712	21.9223	8.09451	0.324624	0	0	0	0	0	0	0	0	0	0	0
00.000,00.000	30.4	0	-200	0	4.5	2639.71	864.279	832.851	548.597	227.346	86.3077	49.9809	21.9277	8.09448	0.327103	0	0	0	0	0	0	0	0	0	0	0
00.000,00.000	30.5	0	-200	0	4.5	2743.06	897.88	854.794	564.743	240.067	94.3357	55.9831	24.7605	8.72722	1.7734	0	0	0	0	0	0	0	0	0	0	0
00.000,00.000	30.6	0	-200	0	4.5	2807.23	917.615	868.271	575.255	248.305	99.6025	59.6634	26.1503	9.62594	2.74392	0	0	0	0	0	0	0	0	0	0	0
00.000,00.000	30.7	0	-200	0	4.5	2858.63	933.17	878.811	584.032	254.865	103.872	62.5897	27.4086	10.3512	3.53015	0	0	0	0	0	0	0	0	0	0	0
00.000,00.000	30.8	0	-200	0	4.5	2866.14	935.316	880.37	585.398	255.811	104.524	62.9985	27.6131	10.4626	3.65045	0	0	0	0	0	0	0	0	0	0	0
00.000,00.000	30.9	0	-200	0	4.5	2866.97	935.565	880.539	585.539	255.916	104.593	63.0496	27.6357	10.4745	3.6632	0	0	0	0	0	0	0	0	0	0	0
00.000,00.000	31	0	-200	0	4.5	2917.86	950.781	890.81	594.129	262.323	108.805	66.2612	29.0896	11.2162	4.44883	0	0	0	0	0	0	0	0	0	0	0
00.000,00.000	31.1	0	-200	0	4.5	2943.69	958.331	896.037	598.564	265.548	110.952	67.9289	29.8685	11.6049	4.85654	0	0	0	0	0	0	0	0	0	0	0
00.000,00.000	31.2	0	-200	0	4.5	2956.99	962.395	898.653	600.767	267.211	112.028	68.7853	30.2862	11.8044	5.06262	0	0	0	0	0	0	0	0	0	0	0
00.000,00.000	31.3	0	-200	0	4.5	2970.54	966.572	901.286	602.983	268.894	113.122	69.6568	30.7389	12.01	5.27215	0	0	0	0	0	0	0	0	0	0	0
00.000,00.000	31.4	0	-200	0	4.5	2984.6	970.937	904	605.247	270.641	114.246	70.5831	31.2315	12.2266	5.48926	0	0	0	0	0	0	0	0	0	0	0
00.000,00.000	31.5	0	-200	0	4.5	2998.32	975.218	906.623	607.413	272.342	115.313	71.5292	31.7394	12.4411	5.70052	0	0	0	0	0	0	0	0	0	0	0
00.000,00.000	31.6	0	-200	0	4.5	3011.81	979.437	909.216	609.506	273.999	116.376	72.4718	32.2421	12.6558	5.90922	0	0	0	0	0	0	0	0	0	0	0
00.000,00.000	31.7	0	-200	0	4.5	3025.33	983.688	911.856	611.56	275.622	117.442	73.42	32.7522	12.8735	6.11702	0	0	0	0	0	0	0	0	0	0	0
00.000,00.000	31.8	0	-200	0	4.5	3039.78	988.251	914.7	613.723	277.316	118.598	74.4512	33.2902	13.1123	6.3411	0	0	0	0	0	0	0	0	0	0	0
00.000,00.000	31.9	0	-200	0	4.5	3062.45	995.487	918.969	617.122	279.951	120.443	76.1043	34.1643	13.5053	6.70219	0	0	0	0	0	0	0	0	0	0	0
00.000,00.000	32	0	-200	0	4.5	3067.52	997.098	919.935	617.885	280.543	120.846	76.4728	34.358	13.5969	6.78536	0	0	0	0	0	0	0	0	0	0	0
00.000,00.000	32.1	0	-200	0	4.5	3084.78	1002.75	923.1	620.386	282.465	122.29	77.7746	35.0462	13.9122	7.06466	0	0	0	0	0	0	0	0	0	0	0
00.000,00.000	32.2	0	-200	0	4.5	3099.46	1007.49	925.781	622.506	284.101	123.504	78.8833	35.6947	14.1917	7.3086	0	0	0	0	0	0	0	0	0	0	0
00.000,00.000	32.3	0	-200	0	4.5	3111.91	1011.58	927.989	624.27	285.459	124.564	79.8389	36.2617	14.4362	7.51775	0	0	0	0	0	0	0	0	0	0	0
00.000,00.000	32.4	0	-200	0	4.5	3135.63	1019.42	932.082	627.585	288.007	126.604	81.6872	37.3919	14.9211	7.92434	0	0	0	0	0	0	0	0	0	0	0
00.000,00.000	32.5	0	-200	0	4.5	3146.83	1023.11	933.998	629.14	289.214	127.575	82.5645	37.955	15.1543	8.11877	0	0	0	0	0	0	0	0	0	0	0
00.000,00.000	32.6	0	-200	0	4.5	3146.78	1023.09	933.983	629.131	289.215	127.57	82.5588	37.9555	15.1543	8.11877	0	0	0	0	0	0	0	0	0	0	0
00.000,00.000	32.7	0	-200	0	4.5	3147.58	1023.37	934.115	629.238	289.296	127.64	82.6229	37.999	15.1721	8.1329	0	0	0	0	0	0	0	0	0	0	0
00.000,00.000	32.8	0	-200	0	4.5	3202.55	1042.45	942.948	636.36	294.761	132.42	86.9665	41.115	16.4232	8.71129	0.396079	0	0	0	0	0	0	0	0	0	0
00.000,00.000	32.9	0	-200	0	4.5	3219.61	1048.5	945.691	638.578	296.444	133.909	88.285	41.9502	16.8315	8.71129	0.711403	0	0	0	0	0	0	0	0	0	0
00.000,00.000	33	0	-200	0	4.5	3220.84	1048.95	945.886	638.732	296.56	134.014	88.3817	42.0187	16.8614	8.71129	0.733722	0	0	0	0	0	0	0	0	0	0
00.000,00.000	33.1	0	-200	0	4.5	3225.71	1050.74	946.644	639.322	297.009	134.419	88.7622	42.296	16.9828	8.71129	0.822154	0	0	0	0	0	0	0	0	0	0
00.000,00.000	33.2	0	-200	0	4.5	3228.2	1051.67	947.038	639.619	297.236	134.619	88.9558	42.4372	17.0467	8.71129	0.868094	0	0	0	0	0	0	0	0	0	0
00.000,00.000	33.3	0	-200	0	4.5	3229.28	1052.08	947.205	639.742	297.332	134.705	89.0403	42.5021	17.0748	8.71129	0.887753	0	0	0	0	0	0	0	0	0	0
00.000,00.000	33.4	0	-200	0	4.5	3229.45	1052.14	947.232	639.761	297.346	134.718	89.0531	42.5118	17.0793	8.71129	0.89086	0	0	0	0	0	0	0	0	0	0
00.000,00.000	33.5	0	-200	0	4.5	3230.28	1052.47	947.36	639.851	297.418	134.782	89.1194	42.5652	17.1024	8.71129	0.906306	0	0	0	0	0	0	0	0	0	0
00.000,00.000	33.6	0	-200	0	4.5	3230.48	1052.54	947.392	639.873	297.435	134.797	89.1352	42.5778	17.1082	8.71129	0.910162	0	0	0	0	0	0	0	0	0	0
00.000,00.000	33.7	0	-200	0	4.5	3289.6	1075.74	956.423	645.86	302.36	139.119	93.8304	46.6378	18.8711	8.71129	2.04692	0	0	0	0	0	0	0	0	0	0
00.000,00.000	33.8	0	-200	0	4.5	3332.53	1092.18	963.173	650.189	305.99	142.293	97.0715	49.8085	19.4703	9.45228	2.9008	0	0	0	0	0	0	0	0	0	0
00.000,00.000	33.9	0	-200	0	4.5	3338.65	1094.42	964.216	650.808	306.507	142.752	97.52	50.2782	19.5527	9.56743	3.02466	0	0	0	0	0	0	0	0	0	0
00.000,00.000	34	0	-200	0	4.5	3341.11	1095.36	964.609	651.049	306.706	142.928	97.7077	50.4707	19.5884	9.61431	3.07472	0	0	0	0	0	0	0	0	0	0
00.000,00.000	34.1	0	-200	0	4.5	3349.83	1098.75	965.974	651.886	307.396	143.53	98.3811	51.1636	19.7205	9.78292	3.25388	0	0	0	0	0	0	0	0	0	0
00.000,00.000	34.2	0	-200	0	4.5	3352.67	1099.82	966.439	652.153	307.62	143.719	98.5978	51.3978	19.7657	9.83938	3.3136	0	0	0	0	0	0	0	0	0	0
00.000,00.000	34.3	0	-200	0	4.5	3353.6	1100.19	966.582	652.24	307.69	143.779	98.6716	51.4767	19.7815	9.85842	3.33347	0	0	0	0	0	0	0	0	0	0
00.000,00.000	34.4	0	-200	0	4.5	3353.75	1100.25	966.605	652.253	307.7	143.788	98.6827	51.4893	19.784	9.86142	3.33659	0	0	0	0	0	0	0	0	0	0
00.000,00.000	34.5	0	-200	0	4.5	3354.46	1100.53	966.71	652.316	307.751	143.832	98.7403	51.5529	19.7975	9.8768	3.35232	0	0	0	0	0	0	0	0	0	0
00.000,00.000	34.6	0	-200	0	4.5	3354.64	1100.6	966.736	652.331	307.763	143.843	98.754	51.5692	19.8009	9.88065	3.35626	0	0	0	0	0	0	0	0	0	0
00.000,00.000	34.7	0	-200	0	4.5	3355.26	1100.86	966.824	652.383	307.804	143.879	98.8051	51.6281	19.8141	9.89488	3.37057	0	0	0	0	0	0	0	0	0	0
00.000,00.000	34.8	0	-200	0	4.5	3465.82	1145.83	982.675	661.349	314.943	150.214	107.797	62.2287	22.2911	12.5103	5.98499	0	0	0	0	0	0	0	0	0	0
00.000,00.000	34.9	0	-200	0	4.5	3490.67	1156.1	986.505	663.321	316.456	151.639	109.668	64.6146	22.901	12.8471	6.6174	0	0	0	0	0	0	0	0	0	0
00.000,00.000	35	0	-200	0	4.5	3508.33	1163.75	989.148	664.698	317.492	152.544	111.044	66.2445	23.3691	12.9807	7.06333	0	0	0	0	0	0	0	0	0	0
00.000,00.000	35.1	0	-200	0	4.5	3516.33	1167.26	990.397	665.317	317.956	152.908	111.655	66.9624	23.5929	13.014	7.27384	0	0	0	0	0	0	0	0	0	0
00.000,00.000	35.2	0	-200	0	4.5	3517.38	1167.72	990.549	665.394	318.013	152.955	111.737	67.0635	23.6232	13.0193	7.30092	0	0	0	0	0	0	0	0	0	0
00.000,00.000	35.3	0	-200	0	4.5	3518.03	1168.02	990.64	665.439	318.047	152.985	111.789	67.1288	23.643	13.0232	7.31775	0	0	0	0	0	0	0	0	0	0
00.000,00.000	35.4	0	-200	0	4.5	3518.13	1168.06	990.654	665.446	318.051	152.989	111.797	67.1382	23.6461	13.0238	7.32034	0	0	0	0	0	0	0	0	0	0
00.000,00.000	35.5	0	-200	0	4.5	3521.75	1169.74	991.156	665.675	318.218	153.127	112.085	67.5086	23.7694	13.0524	7.41628	0	0	0	0	0	0	0	0	0	0
00.000,00.000	35.6	0	-200	0	4.5	3524.8	1171.14	991.582	665.869	318.359	153.243	112.328	67.8254	23.8753	13.077	7.49853	0	0	0	0	0	0	0	0	0	0
00.000,00.000	35.7	0	-200	0	4.5	3567.4	1191.28	996.918	668.4	320.154	154.808	115.733	72.4197	25.4848	13.4599	8.3138	0.427739	0	0	0	0	0	0	0	0	0
00.000,00.000	35.8	0	-200	0	4.5	3597.72	1205.42	1000.98	670.129	321.4	155.872	118.148	75.5709	26.7311	13.7556	8.46381	1.2509	0	0	0	0	0	0	0	0	0
00.000,00.000	35.9	0	-200	0	4.5	3602.01	1207.36	1001.54	670.35	321.561	156.006	118.499	75.9912	26.9856	13.8808	8.48642	1.35884	0	0	0	0	0	0	0	0	0
00.000,00.000	36	0	-200	0	4.5	3615.05	1213.47	1003.05	670.984	322.018	156.398	119.55	77.302	27.7739	14.2678	8.55065	1.68631	0	0	0	0	0	0	0	0	0
00.000,00.000	36.1	0	-200	0	4.5	3625.18	1218.31	1004.24	671.456	322.367	156.69	120.373	78.2962	28.2218	14.6678	8.60023	1.94906	0	0	0	0	0	0	0	0	0
00.000,00.000	36.2	0	-200	0	4.5	3633.38	1222.31	1005.16	671.814	322.634	156.912	121.034	79.1085	28.5978	15.0013	8.63851	2.16303	0	0	0	0	0	0	0	0	0
00.000,00.000	36.3	0	-200	0	4.5	3641.52	1226.34	1006.04	672.146	322.887	157.117	121.687	79.922	28.9839	15.3424	8.67486	2.37723	0	0	0	0	0	0	0	0	0
00.000,00.000	36.4	0	-200	0	4.5	3642.86	1227	1006.19	672.197	322.928	157.149	121.794	80.0562	29.0492	15.3999	8.68077	2.41298	0	0	0	0	0	0	0	0	0
00.000,00.000	36.5	0	-200	0	4.5	3678.59	1245.13	1009.76	673.417	323.921	157.917	124.628	83.7443	30.8771	17	8.82556	3.37291	0	0	0	0	0	0	0	0	0
00.000,00.000	36.6	0	-200	0	4.5	3700.37	1255.92	1011.98	674.119	324.519	158.368	126.404	86.0798	32.0521	18.0229	8.91859	3.98081	0	0	0	0	0	0	0	0	0
00.000,00.000	36.7	0	-200	0	4.5	3753.93	1282.12	1017.25	675.697	326.083	159.416	130.904	91.9221	35.1606	20.6855	9.16626	5.52593	0	0	0	0	0	0	0	0	0
00.000,00.000	36.8	0	-200	0	4.5	3764.47	1287.43	1018.33	675.991	326.376	159.606	131.771	92.9288	35.7914	21.2032	9.21587	5.82406	0	0	0	0	0	0	0	0	0
00.000,00.000	36.9	0	-200	0	4.5	3766.45	1288.47	1018.51	676.036	326.426	159.636	131.93	93.1154	35.9143	21.302	9.22652	5.87884	0	0	0	0	0	0	0	0	0
00.000,00.000	37	0	-200	0	4.5	3786.45	1299	1020.33	676.471	326.914	159.918	133.526	95.0532	37.1616	22.3087	9.33869	6.43062	0	0	0	0	0	0	0	0	0
00.000,00.000	37.1	0	-200	0	4.5	3798.03	1305.13	1021.37	676.715	327.188	160.072	134.453	96.1204	37.9117	22.9054	9.40772	6.7536	0	0	0	0	0	0	0	0	0
00.000,00.000	37.2	0	-200	0	4.5	3805.74	1309.26	1022.03	676.865	327.36	160.165	135.063	96.835	38.4261	23.3112	9.45771	6.96861	0	0	0	0	0	0	0	0	0
00.000,00.000	37.3	0	-200	0	4.5	3813.44	1313.4	1022.67	677.007	327.523	160.251	135.665	97.5395	38.9559	23.7254	9.51125	7.18427	0	0	0	0	0	0	0	0	0
00.000,00.000	37.4	0	-200	0	4.5	3831.42	1323.13	1024.1	677.312	327.9	160.438	137.056	99.1667	40.2599	24.7187	9.6473	7.6912	0	0	0	0	0	0	0	0	0
00.000,00.000	37.5	0	-200	0	4.5	3842.4	1329.07	1024.96	677.49	328.129	160.548	137.908	100.119	41.0945	25.3424	9.73621	8.00483	0	0	0	0	0	0	0	0	0
00.000,00.000	37.6	0	-200	0	4.5	3873.04	1344.68	1027.22	678.037	328.735	160.861	140.417	102.973	43.8974	27.2539	10.0228	8.86357	0.078321	0	0	0	0	0	0	0	0
00.000,00.000	37.7	0	-200	0	4.5	3879.44	1347.92	1027.82	678.172	328.861	160.923	140.924	103.493	44.4698	27.6407	10.0823	8.86357	0.265925	0	0	0	0	0	0	0	0
00.000,00.000	37.8	0	-200	0	4.5	3906.32	1360.83	1030.9	678.621	329.318	161.173	142.997	105.853	46.9612	29.3684	10.366	8.86357	1.07413	0	0	0	0	0	0	0	0
00.000,00.000	37.9	0	-200	0	4.5	3913.84	1363.9	1032.28	678.789	329.448	161.242	143.577	106.469	47.6662	29.7433	10.5591	8.86357	1.29969	0	0	0	0	0	0	0	0
00.000,00.000	38	0	-200	0	4.5	3924.56	1368.46	1034.19	678.989	329.604	161.331	144.321	107.37	48.6751	30.2018	10.9425	8.86357	1.61809	0	0	0	0	0	0	0	0
00.000,00.000	38.1	0	-200	0	4.5	3933.27	1372.05	1035.83	679.152	329.725	161.401	144.902	108.094	49.5169	30.5369	11.3193	8.86357	1.88101	0	0	0	0	0	0	0	0
00.000,00.000	38.2	0	-200	0	4.5	3940.47	1374.87	1037.32	679.287	329.816	161.456	145.375	108.693	50.2172	30.8273	11.6369	8.86357	2.09824	0	0	0	0	0	0	0	0
00.000,00.000	38.3	0	-200	0	4.5	3947.56	1377.59	1038.84	679.415	329.899	161.508	145.836	109.285	50.9223	31.1296	11.9615	8.86357	2.31527	0	0	0	0	0	0	0	0
00.000,00.000	38.4	0	-200	0	4.5	3954.6	1380.22	1040.39	679.537	329.973	161.557	146.284	109.872	51.6323	31.4442	12.2934	8.86372	2.53242	0	0	0	0	0	0	0	0
00.000,00.000	38.5	0	-200	0	4.5	3961.54	1382.77	1041.94	679.654	330.04	161.603	146.719	110.453	52.3472	31.7708	12.6326	8.86441	2.74986	0	0	0	0	0	0	0	0
00.000,00.000	38.6	0	-200	0	4.5	3969.36	1385.42	1043.69	679.783	330.111	161.655	147.229	111.15	53.2154	32.1785	13.0502	8.86574	3.01248	0	0	0	0	0	0	0	0
00.000,00.000	38.7	0	-200	0	4.5	3986.87	1390.87	1047.73	680.074	330.258	161.77	148.414	112.78	55.261	33.1679	14.0493	8.87191	3.62911	0	0	0	0	0	0	0	0
00.000,00.000	38.8	0	-200	0	4.5	3990.46	1392.05	1048.56	680.141	330.286	161.792	148.647	113.082	55.6654	33.3637	14.2455	8.87359	3.74924	0	0	0	0	0	0	0	0
00.000,00.000	38.9	0	-200	0	4.5	3990.81	1392.17	1048.64	680.146	330.288	161.794	148.668	113.112	55.7046	33.3838	14.2651	8.87389	3.76095	0	0	0	0	0	0	0	0
00.000,00.000	39	0	-200	0	4.5	4003.92	1396.35	1051.67	680.344	330.367	161.868	149.449	114.29	57.236	34.1872	15.0427	8.89066	4.21869	0	0	0	0	0	0	0	0
00.000,00.000	39.1	0	-200	0	4.5	4012.41	1399.31	1053.27	680.479	330.418	161.915	149.962	115.062	58.252	34.7318	15.5706	8.90528	4.52643	0	0	0	0	0	0	0	0
00.000,00.000	39.2	0	-200	0	4.5	4018.33	1401.34	1054.4	680.564	330.449	161.947	150.303	115.608	58.9634	35.1328	15.9499	8.91962	4.74392	0	0	0	0	0	0	0	0
00.000,00.000	39.3	0	-200	0	4.5	4024.12	1403.24	1055.55	680.645	330.478	161.977	150.629	116.15	59.677	35.5476	16.3353	8.93743	4.96199	0	0	0	0	0	0	0	0
00.000,00.000	39.4	0	-200	0	4.5	4029.68	1405.13	1056.46	680.721	330.504	162.005	150.939	116.685	60.3905	35.9752	16.7259	8.95898	5.18023	0	0	0	0	0	0	0	0
00.000,00.000	39.5	0	-200	0	4.5	4035.14	1406.92	1057.38	680.792	330.527	162.032	151.234	117.215	61.1064	36.4177	17.1237	8.98426	5.3995	0	0	0	0	0	0	0	0
00.000,00.000	39.6	0	-200	0	4.5	4042.34	1408.86	1058.64	680.884	330.555	162.068	151.642	117.976	62.1458	37.1059	17.7151	9.02739	5.72117	0	0	0	0	0	0	0	0
00.000,00.000	39.7	0	-200	0	4.5	4054.91	1411.82	1060.86	681.037	330.598	162.13	152.355	119.342	64.0332	38.4724	18.8293	9.11853	6.3183	0	0	0	0	0	0	0	0
00.000,00.000	39.8	0	-200	0	4.5	4057.25	1412.37	1061.31	681.066	330.605	162.141	152.492	119.567	64.3687	38.7402	19.034	9.13646	6.42721	0	0	0	0	0	0	0	0
00.000,00.000	39.9	0	-200	0	4.5	4065.08	1414.47	1062.74	681.144	330.625	162.173	152.885	120.299	65.4765	39.5808	19.7045	9.20474	6.77531	0	0	0	0	0	0	0	0
00.000,00.000	40	0	-200	0	4.5	4072.48	1416.32	1064.15	681.217	330.642	162.202	153.269	120.965	66.5435	40.4204	20.362	9.27742	7.11294	0	0	0	0	0	0	0	0
00.000,00.000	40.1	0	-200	0	4.5	4077.74	1417.72	1065.14	681.263	330.653	162.221	153.52	121.385	67.2924	41.0244	20.8321	9.33413	7.35075	0	0	0	0	0	0	0	0
00.000,00.000	40.2	0	-200	0	4.5	4082.54	1418.94	1066.07	681.302	330.661	162.237	153.736	121.768	67.9883	41.5946	21.273	9.39192	7.57033	0	0	0	0	0	0	0	0
00.000,00.000	40.3	0	-200	0	4.5	4087.23	1420.07	1067	681.337	330.669	162.252	153.937	122.14	68.679	42.182	21.7197	9.45507	7.78956	0	0	0	0	0	0	0	0
00.000,00.000	40.4	0	-200	0	4.5	4091.89	1421.19	1067.92	681.367	330.674	162.266	154.124	122.498	69.3646	42.784	22.1731	9.52429	8.00894	0	0	0	0	0	0	0	0
00.000,00.000	40.5	0	-200	0	4.5	4096.46	1422.24	1068.82	681.394	330.679	162.278	154.296	122.845	70.0474	43.3989	22.6338	9.59954	8.22861	0	0	0	0	0	0	0	0
00.000,00.000	40.6	0	-200	0	4.5	4108.37	1424.07	1071.17	681.455	330.688	162.31	154.763	123.786	72.0615	45.2983	24.0324	9.84581	8.88603	0	0	0	0	0	0	0	0
00.000,00.000	40.7	0	-200	0	4.5	4110.97	1424.5	1071.65	681.467	330.689	162.316	154.86	123.879	72.4844	45.8694	24.3277	9.90035	9.02374	0	0	0	0	0	0	0	0
00.000,00.000	40.8	0	-200	0	4.5	4117.45	1425.55	1072.62	681.489	330.69	162.33	155.067	124.278	73.5726	47.3088	25.1111	10.0636	9.38065	0	0	0	0	0	0	0	0
00.000,00.000	40.9	0	-200	0	4.5	4119.33	1425.79	1072.92	681.494	330.69	162.333	155.128	124.347	73.9011	47.7768	25.3474	10.1145	9.39332	0.0941748	0	0	0	0	0	0	0
00.000,00.000	41	0	-200	0	4.5	4125.71	1427.04	1073.82	681.51	330.69	162.344	155.293	124.684	74.893	49.2267	26.0972	10.2911	9.40285	0.415546	0	0	0	0	0	0	0
00.000,00.000	41.1	0	-200	0	4.5	4130.38	1427.62	1074.56	681.522	330.69	162.352	155.42	124.883	75.6748	50.42	26.7116	10.4422	9.40234	0.683326	0	0	0	0	0	0	0
00.000,00.000	41.2	0	-200	0	4.5	4134.33	1428.19	1075.17	681.531	330.69	162.357	155.516	125.052	76.3088	51.4159	27.2238	10.5752	9.40279	0.901619	0	0	0	0	0	0	0
00.000,00.000	41.3	0	-200	0	4.5	4138.44	1428.91	1075.62	681.688	330.69	162.363	155.604	125.216	76.9419	52.4234	27.7435	10.7171	9.40279	1.12001	0	0	0	0	0	0	0
00.000,00.000	41.4	0	-200	0	4.5	4142.48	1429.55	1075.98	681.94	330.69	162.367	155.684	125.373	77.5728	53.4457	28.2711	10.8685	9.40279	1.3382	0	0	0	0	0	0	0
00.000,00.000	41.5	0	-200	0	4.5	4146.46	1430.15	1076.33	682.19	330.69	162.371	155.757	125.52	78.2001	54.4601	28.612	11.2238	9.40279	1.55613	0	0	0	0	0	0	0
00.000,00.000	41.6	0	-200	0	4.5	4150.28	1430.52	1076.64	682.435	330.69	162.375	155.825	125.685	78.8359	55.518	28.9456	11.6262	9.40279	1.78082	0	0	0	0	0	0	0
00.000,00.000	41.7	0	-200	0	4.5	4174.41	1432.36	1077.62	684.171	330.69	162.391	156.205	128.04	82.807	62.2415	31.0769	14.2107	9.40561	3.17812	0	0	0	0	0	0	0
00.000,00.000	41.8	0	-200	0	4.5	4179.05	1432.82	1077.76	684.446	330.69	162.394	156.277	128.475	83.5339	63.5465	31.5074	14.7312	9.40859	3.45573	0	0	0	0	0	0	0
00.000,00.000	41.9	0	-200	0	4.5	4194.85	1434.81	1078.16	685.354	330.69	162.403	156.476	129.893	85.9457	67.8811	32.9653	16.4768	9.43946	4.35102	0	0	0	0	0	0	0
00.000,00.000	42	0	-200	0	4.5	4202.38	1435.66	1078.34	685.81	330.69	162.407	156.571	130.531	87.0044	70.025	33.7137	17.3692	9.46018	4.80064	0	0	0	0	0	0	0