
label	time(d)	x	depth	z	radius	total	0-10	10-20	20-30	30-40	40-50	50-60	60-70	70-80	80-90	90-100	100-110	110-120	120-130	130-140	140-150	150-160	160-170	170-180	180-190	190-200
05.500,00.000	0	5.5	-200	0	4.5	0	0	0	0	0	0	0	0	0	0	0	0	0	0	0	0	0	0	0	0	0
05.500,00.000	0.1	5.5	-200	0	4.5	0	0	0	0	0	0	0	0	0	0	0	0	0	0	0	0	0	0	0	0	0
05.500,00.000	0.2	5.5	-200	0	4.5	0	0	0	0	0	0	0	0	0	0	0	0	0	0	0	0	0	0	0	0	0
05.500,00.000	0.3	5.5	-200	0	4.5	0	0	0	0	0	0	0	0	0	0	0	0	0	0	0	0	0	0	0	0	0
05.500,00.000	0.4	5.5	-200	0	4.5	0	0	0	0	0	0	0	0	0	0	0	0	0	0	0	0	0	0	0	0	0
05.500,00.000	0.5	5.5	-200	0	4.5	0	0	0	0	0	0	0	0	0	0	0	0	0	0	0	0	0	0	0	0	0
05.500,00.000	0.6	5.5	-200	0	4.5	0	0	0	0	0	0	0	0	0	0	0	0	0	0	0	0	0	0	0	0	0
05.500,00.000	0.7	5.5	-200	0	4.5	0	0	0	0	0	0	0	0	0	0	0	0	0	0	0	0	0	0	0	0	0
05.500,00.000	0.8	5.5	-200	0	4.5	0	0	0	0	0	0	0	0	0	0	0	0	0	0	0	0	0	0	0	0	0
05.500,00.000	0.9	5.5	-200	0	4.5	0	0	0	0	0	0	0	0	0	0	0	0	0	0	0	0	0	0	0	0	0
05.500,00.000	1	5.5	-200	0	4.5	0	0	0	0	0	0	0	0	0	0	0	0	0	0	0	0	0	0	0	0	0
05.500,00.000	1.1	5.5	-200	0	4.5	0	0	0	0	0	0	0	0	0	0	0	0	0	0	0	0	0	0	0	0	0
05.500,00.000	1.2	5.5	-200	0	4.5	0	0	0	0	0	0	0	0	0	0	0	0	0	0	0	0	0	0	0	0	0
05.500,00.000	1.3	5.5	-200	0	4.5	0	0	0	0	0	0	0	0	0	0	0	0	0	0	0	0	0	0	0	0	0
05.500,00.000	1.4	5.5	-200	0	4.5	0	0	0	0	0	0	0	0	0	0	0	0	0	0	0	0	0	0	0	0	0
05.500,00.000	1.5	5.5	-200	0	4.5	0	0	0	0	0	0	0	0	0	0	0	0	0	0	0	0	0	0	0	0	0
05.500,00.000	1.6	5.5	-200	0	4.5	0	0	0	0	0	0	0	0	0	0	0	0	0	0	0	0	0	0	0	0	0
05.500,00.000	1.7	5.5	-200	0	4.5	0	0	0	0	0	0	0	0	0	0	0	0	0	0	0	0	0	0	0	0	0
05.500,00.000	1.8	5.5	-200	0	4.5	0	0	0	0	0	0	0	0	0	0	0	0	0	0	0	0	0	0	0	0	0
05.500,00.000	1.9	5.5	-200	0	4.5	0	0	0	0	0	0	0	0	0	0	0	0	0	0	0	0	0	0	0	0	0
05.500,00.000	2	5.5	-200	0	4.5	0	0	0	0	0	0	0	0	0	0	0	0	0	0	0	0	0	0	0	0	0
05.500,00.000	2.1	5.5	-200	0	4.5	0	0	0	0	0	0	0	0	0	0	0	0	0	0	0	0	0	0	0	0	0
05.500,00.000	2.2	5.5	-200	0	4.5	0	0	0	0	0	0	0	0	0	0	0	0	0	0	0	0	0	0	0	0	0
05.500,00.000	2.3	5.5	-200	0	4.5	0	0	0	0	0	0	0	0	0	0	0	0	0	0	0	0	0	0	0	0	0
05.500,00.000	2.4	5.5	-200	0	4.5	0	0	0	0	0	0	0	0	0	0	0	0	0	0	0	0	0	0	0	0	0
05.500,00.000	2.5	5.5	-200	0	4.5	0	0	0	0	0	0	0	0	0	0	0	0	0	0	0	0	0	0	0	0	0
05.500,00.000	2.6	5.5	-200	0	4.5	0	0	0	0	0	0	0	0	0	0	0	0	0	0	0	0	0	0	0	0	0
05.500,00.000	2.7	5.5	-200	0	4.5	0	0	0	0	0	0	0	0	0	0	0	0	0	0	0	0	0	0	0	0	0
05.500,00.000	2.8	5.5	-200	0	4.5	0	0	0	0	0	0	0	0	0	0	0	0	0	0	0	0	0	0	0	0	0
05.500,00.000	2.9	5.5	-200	0	4.5	0	0	0	0	0	0	0	0	0	0	0	0	0	0	0	0	0	0	0	0	0
05.500,00.000	3	5.5	-200	0	4.5	0	0	0	0	0	0	0	0	0	0	0	0	0	0	0	0	0	0	0	0	0
05.500,00.000	3.1	5.5	-200	0	4.5	0.110245	0.110245	0	0	0	0	0	0	0	0	0	0	0	0	0	0	0	0	0	0	0
05.500,00.000	3.2	5.5	-200	0	4.5	0.405252	0.405252	0	0	0	0	0	0	0	0	0	0	0	0	0	0	0	0	0	0	0
05.500,00.000	3.3	5.5	-200	0	4.5	0.70216	0.70216	0	0	0	0	0	0	0	0	0	0	0	0	0	0	0	0	0	0	0
05.500,00.000	3.4	5.5	-200	0	4.5	1.00101	1.00101	0	0	0	0	0	0	0	0	0	0	0	0	0	0	0	0	0	0	0
05.500,00.000	3.5	5.5	-200	0	4.5	1.29465	1.29465	0	0	0	0	0	0	0	0	0	0	0	0	0	0	0	0	0	0	0
05.500,00.000	3.6	5.5	-200	0	4.5	1.5834	1.5834	0	0	0	0	0	0	0	0	0	0	0	0	0	0	0	0	0	0	0
05.500,00.000	3.7	5.5	-200	0	4.5	1.86868	1.86868	0	0	0	0	0	0	0	0	0	0	0	0	0	0	0	0	0	0	0
05.500,00.000	3.8	5.5	-200	0	4.5	2.15266	2.15266	0	0	0	0	0	0	0	0	0	0	0	0	0	0	0	0	0	0	0
05.500,00.000	3.9	5.5	-200	0	4.5	2.43705	2.43705	0	0	0	0	0	0	0	0	0	0	0	0	0	0	0	0	0	0	0
05.500,00.000	4	5.5	-200	0	4.5	2.72479	2.72479	0	0	0	0	0	0	0	0	0	0	0	0	0	0	0	0	0	0	0
05.500,00.000	4.1	5.5	-200	0	4.5	3.0148	3.0148	0	0	0	0	0	0	0	0	0	0	0	0	0	0	0	0	0	0	0
05.500,00.000	4.2	5.5	-200	0	4.5	3.30673	3.30673	0	0	0	0	0	0	0	0	0	0	0	0	0	0	0	0	0	0	0
05.500,00.000	4.3	5.5	-200	0	4.5	3.60028	3.60028	0	0	0	0	0	0	0	0	0	0	0	0	0	0	0	0	0	0	0
05.500,00.000	4.4	5.5	-200	0	4.5	3.8944	3.8944	0	0	0	0	0	0	0	0	0	0	0	0	0	0	0	0	0	0	0
05.500,00.000	4.5	5.5	-200	0	4.5	4.18586	4.18586	0	0	0	0	0	0	0	0	0	0	0	0	0	0	0	0	0	0	0
05.500,00.000	4.6	5.5	-200	0	4.5	4.47425	4.47425	0	0	0	0	0	0	0	0	0	0	0	0	0	0	0	0	0	0	0
05.500,00.000	4.7	5.5	-200	0	4.5	4.75993	4.75993	0	0	0	0	0	0	0	0	0	0	0	0	0	0	0	0	0	0	0
05.500,00.000	4.8	5.5	-200	0	4.5	5.04385	5.04385	0	0	0	0	0	0	0	0	0	0	0	0	0	0	0	0	0	0	0
05.500,00.000	4.9	5.5	-200	0	4.5	5.32676	5.32676	0	0	0	0	0	0	0	0	0	0	0	0	0	0	0	0	0	0	0
05.500,00.000	5	5.5	-200	0	4.5	5.60878	5.60878	0	0	0	0	0	0	0	0	0	0	0	0	0	0	0	0	0	0	0
05.500,00.000	5.1	5.5	-200	0	4.5	5.89051	5.70782	0.182692	0	0	0	0	0	0	0	0	0	0	0	0	0	0	0	0	0	0
05.500,00.000	5.2	5.5	-200	0	4.5	6.17282	5.70782	0.465008	0	0	0	0	0	0	0	0	0	0	0	0	0	0	0	0	0	0
05.500,00.000	5.3	5.5	-200	0	4.5	6.3375	5.70782	0.629688	0	0	0	0	0	0	0	0	0	0	0	0	0	0	0	0	0	0
05.500,00.000	5.4	5.5	-200	0	4.5	6.3408	5.70782	0.632987	0	0	0	0	0	0	0	0	0	0	0	0	0	0	0	0	0	0
05.500,00.000	5.5	5.5	-200	0	4.5	6.3408	5.70782	0.632987	0	0	0	0	0	0	0	0	0	0	0	0	0	0	0	0	0	0
05.500,00.000	5.6	5.5	-200	0	4.5	6.3408	5.70782	0.632987	0	0	0	0	0	0	0	0	0	0	0	0	0	0	0	0	0	0
05.500,00.000	5.7	5.5	-200	0	4.5	6.3408	5.70782	0.632987	0	0	0	0	0	0	0	0	0	0	0	0	0	0	0	0	0	0
05.500,00.000	5.8	5.5	-200	0	4.5	6.3408	5.70782	0.632987	0	0	0	0	0	0	0	0	0	0	0	0	0	0	0	0	0	0
05.500,00.000	5.9	5.5	-200	0	4.5	6.3408	5.70782	0.632987	0	0	0	0	0	0	0	0	0	0	0	0	0	0	0	0	0	0
05.500,00.000	6	5.5	-200	0	4.5	6.3408	5.70782	0.632987	0	0	0	0	0	0	0	0	0	0	0	0	0	0	0	0	0	0
05.500,00.000	6.1	5.5	-200	0	4.5	6.3408	5.70782	0.632987	0	0	0	0	0	0	0	0	0	0	0	0	0	0	0	0	0	0
05.500,00.000	6.2	5.5	-200	0	4.5	6.3408	5.70782	0.632987	0	0	0	0	0	0	0	0	0	0	0	0	0	0	0	0	0	0
05.500,00.000	6.3	5.5	-200	0	4.5	6.3408	5.70782	0.632987	0	0	0	0	0	0	0	0	0	0	0	0	0	0	0	0	0	0
05.500,00.000	6.4	5.5	-200	0	4.5	6.3408	5.70782	0.632987	0	0	0	0	0	0	0	0	0	0	0	0	0	0	0	0	0	0
05.500,00.000	6.5	5.5	-200	0	4.5	6.3408	5.70782	0.632987	0	0	0	0	0	0	0	0	0	0	0	0	0	0	0	0	0	0
05.500,00.000	6.6	5.5	-200	0	4.5	6.3408	5.70782	0.632987	0	0	0	0	0	0	0	0	0	0	0	0	0	0	0	0	0	0
05.500,00.000	6.7	5.5	-200	0	4.5	6.3408	5.70782	0.632987	0	0	0	0	0	0	0	0	0	0	0	0	0	0	0	0	0	0
05.500,00.000	6.8	5.5	-200	0	4.5	6.3408	5.70782	0.632987	0	0	0	0	0	0	0	0	0	0	0	0	0	0	0	0	0	0
05.500,00.000	6.9	5.5	-200	0	4.5	6.3408	5.70782	0.632987	0	0	0	0	0	0	0	0	0	0	0	0	0	0	0	0	0	0
05.500,00.000	7	5.5	-200	0	4.5	6.34097	5.70799	0.632987	0	0	0	0	0	0	0	0	0	0	0	0	0	0	0	0	0	0
05.500,00.000	7.1	5.5	-200	0	4.5	6.34431	5.71132	0.632987	0	0	0	0	0	0	0	0	0	0	0	0	0	0	0	0	0	0
05.500,00.000	7.2	5.5	-200	0	4.5	6.34999	5.717	0.632987	0	0	0	0	0	0	0	0	0	0	0	0	0	0	0	0	0	0
05.500,00.000	7.3	5.5	-200	0	4.5	6.35748	5.7245	0.632987	0	0	0	0	0	0	0	0	0	0	0	0	0	0	0	0	0	0
05.500,00.000	7.4	5.5	-200	0	4.5	6.36809	5.7351	0.632987	0	0	0	0	0	0	0	0	0	0	0	0	0	0	0	0	0	0
05.500,00.000	7.5	5.5	-200	0	4.5	6.38219	5.7492	0.632987	0	0	0	0	0	0	0	0	0	0	0	0	0	0	0	0	0	0
05.500,00.000	7.6	5.5	-200	0	4.5	6.40021	5.76722	0.632987	0	0	0	0	0	0	0	0	0	0	0	0	0	0	0	0	0	0
05.500,00.000	7.7	5.5	-200	0	4.5	6.4231	5.79011	0.632987	0	0	0	0	0	0	0	0	0	0	0	0	0	0	0	0	0	0
05.500,00.000	7.8	5.5	-200	0	4.5	6.45088	5.81789	0.632987	0	0	0	0	0	0	0	0	0	0	0	0	0	0	0	0	0	0
05.500,00.000	7.9	5.5	-200	0	4.5	6.48391	5.85093	0.632987	0	0	0	0	0	0	0	0	0	0	0	0	0	0	0	0	0	0
05.500,00.000	8	5.5	-200	0	4.5	6.52244	5.88946	0.632987	0	0	0	0	0	0	0	0	0	0	0	0	0	0	0	0	0	0
05.500,00.000	8.1	5.5	-200	0	4.5	6.56735	5.93437	0.632987	0	0	0	0	0	0	0	0	0	0	0	0	0	0	0	0	0	0
05.500,00.000	8.2	5.5	-200	0	4.5	6.62035	5.98736	0.632987	0	0	0	0	0	0	0	0	0	0	0	0	0	0	0	0	0	0
05.500,00.000	8.3	5.5	-200	0	4.5	6.68996	6.05697	0.632987	0	0	0	0	0	0	0	0	0	0	0	0	0	0	0	0	0	0
05.500,00.000	8.4	5.5	-200	0	4.5	6.76192	6.12893	0.632987	0	0	0	0	0	0	0	0	0	0	0	0	0	0	0	0	0	0
05.500,00.000	8.5	5.5	-200	0	4.5	6.83101	6.19802	0.632987	0	0	0	0	0	0	0	0	0	0	0	0	0	0	0	0	0	0
05.500,00.000	8.6	5.5	-200	0	4.5	6.90778	6.27479	0.632987	0	0	0	0	0	0	0	0	0	0	0	0	0	0	0	0	0	0
05.500,00.000	8.7	5.5	-200	0	4.5	6.99365	6.36066	0.632987	0	0	0	0	0	0	0	0	0	0	0	0	0	0	0	0	0	0
05.500,00.000	8.8	5.5	-200	0	4.5	7.0904	6.45741	0.632987	0	0	0	0	0	0	0	0	0	0	0	0	0	0	0	0	0	0
05.500,00.000	8.9	5.5	-200	0	4.5	7.20134	6.56836	0.632987	0	0	0	0	0	0	0	0	0	0	0	0	0	0	0	0	0	0
05.500,00.000	9	5.5	-200	0	4.5	7.32864	6.69564	0.633007	0	0	0	0	0	0	0	0	0	0	0	0	0	0	0	0	0	0
05.500,00.000	9.1	5.5	-200	0	4.5	7.47152	6.83752	0.634001	0	0	0	0	0	0	0	0	0	0	0	0	0	0	0	0	0	0
05.500,00.000	9.2	5.5	-200	0	4.5	7.63731	7.00106	0.636247	0	0	0	0	0	0	0	0	0	0	0	0	0	0	0	0	0	0
05.500,00.000	9.3	5.5	-200	0	4.5	7.82657	7.1861	0.640472	0	0	0	0	0	0	0	0	0	0	0	0	0	0	0	0	0	0
05.500,00.000	9.4	5.5	-200	0	4.5	8.03065	7.38494	0.645712	0	0	0	0	0	0	0	0	0	0	0	0	0	0	0	0	0	0
05.500,00.000	9.5	5.5	-200	0	4.5	8.24367	7.59266	0.651013	0	0	0	0	0	0	0	0	0	0	0	0	0	0	0	0	0	0
05.500,00.000	9.6	5.5	-200	0	4.5	8.466	7.80862	0.657373	0	0	0	0	0	0	0	0	0	0	0	0	0	0	0	0	0	0
05.500,00.000	9.7	5.5	-200	0	4.5	8.69754	8.03275	0.664789	0	0	0	0	0	0	0	0	0	0	0	0	0	0	0	0	0	0
05.500,00.000	9.8	5.5	-200	0	4.5	8.9384	8.26513	0.673265	0	0	0	0	0	0	0	0	0	0	0	0	0	0	0	0	0	0
05.500,00.000	9.9	5.5	-200	0	4.5	9.19204	8.50919	0.682855	0	0	0	0	0	0	0	0	0	0	0	0	0	0	0	0	0	0
05.500,00.000	10	5.5	-200	0	4.5	9.46058	8.76696	0.693616	0	0	0	0	0	0	0	0	0	0	0	0	0	0	0	0	0	0
05.500,00.000	10.1	5.5	-200	0	4.5	9.76266	9.05724	0.705428	0	0	0	0	0	0	0	0	0	0	0	0	0	0	0	0	0	0
05.500,00.000	10.2	5.5	-200	0	4.5	10.0987	9.38064	0.718023	0	0	0	0	0	0	0	0	0	0	0	0	0	0	0	0	0	0
05.500,00.000	10.3	5.5	-200	0	4.5	10.4482	9.7169	0.731302	0	0	0	0	0	0	0	0	0	0	0	0	0	0	0	0	0	0
05.500,00.000	10.4	5.5	-200	0	4.5	10.8107	10.0655	0.745231	0	0	0	0	0	0	0	0	0	0	0	0	0	0	0	0	0	0
05.500,00.000	10.5	5.5	-200	0	4.5	11.1794	10.4197	0.759636	0	0	0	0	0	0	0	0	0	0	0	0	0	0	0	0	0	0
05.500,00.000	10.6	5.5	-200	0	4.5	11.5546	10.7801	0.774496	0	0	0	0	0	0	0	0	0	0	0	0	0	0	0	0	0	0
05.500,00.000	10.7	5.5	-200	0	4.5	11.969	11.1792	0.789811	0	0	0	0	0	0	0	0	0	0	0	0	0	0	0	0	0	0
05.500,00.000	10.8	5.5	-200	0	4.5	12.3981	11.5925	0.80562	0	0	0	0	0	0	0	0	0	0	0	0	0	0	0	0	0	0
05.500,00.000	10.9	5.5	-200	0	4.5	12.8432	12.0211	0.82204	0	0	0	0	0	0	0	0	0	0	0	0	0	0	0	0	0	0
05.500,00.000	11	5.5	-200	0	4.5	13.3118	12.4727	0.839172	0	0	0	0	0	0	0	0	0	0	0	0	0	0	0	0	0	0
05.500,00.000	11.1	5.5	-200	0	4.5	13.8386	12.9815	0.857048	0	0	0	0	0	0	0	0	0	0	0	0	0	0	0	0	0	0
05.500,00.000	11.2	5.5	-200	0	4.5	14.4005	13.5129	0.887619	0	0	0	0	0	0	0	0	0	0	0	0	0	0	0	0	0	0
05.500,00.000	11.3	5.5	-200	0	4.5	14.996	14.0652	0.930745	0	0	0	0	0	0	0	0	0	0	0	0	0	0	0	0	0	0
05.500,00.000	11.4	5.5	-200	0	4.5	15.6062	14.6321	0.974153	0	0	0	0	0	0	0	0	0	0	0	0	0	0	0	0	0	0
05.500,00.000	11.5	5.5	-200	0	4.5	16.2236	15.2052	1.01837	0	0	0	0	0	0	0	0	0	0	0	0	0	0	0	0	0	0
05.500,00.000	11.6	5.5	-200	0	4.5	16.8862	15.8238	1.06237	0	0	0	0	0	0	0	0	0	0	0	0	0	0	0	0	0	0
05.500,00.000	11.7	5.5	-200	0	4.5	17.5529	16.4467	1.10627	0	0	0	0	0	0	0	0	0	0	0	0	0	0	0	0	0	0
05.500,00.000	11.8	5.5	-200	0	4.5	18.2051	17.053	1.15211	0	0	0	0	0	0	0	0	0	0	0	0	0	0	0	0	0	0
05.500,00.000	11.9	5.5	-200	0	4.5	18.8671	17.6618	1.20531	0	0	0	0	0	0	0	0	0	0	0	0	0	0	0	0	0	0
05.500,00.000	12	5.5	-200	0	4.5	19.5808	18.3079	1.27286	0	0	0	0	0	0	0	0	0	0	0	0	0	0	0	0	0	0
05.500,00.000	12.1	5.5	-200	0	4.5	20.3167	18.975	1.34172	0	0	0	0	0	0	0	0	0	0	0	0	0	0	0	0	0	0
05.500,00.000	12.2	5.5	-200	0	4.5	21.0579	19.6399	1.41794	0	0	0	0	0	0	0	0	0	0	0	0	0	0	0	0	0	0
05.500,00.000	12.3	5.5	-200	0	4.5	21.8349	20.3162	1.51868	0	0	0	0	0	0	0	0	0	0	0	0	0	0	0	0	0	0
05.500,00.000	12.4	5.5	-200	0	4.5	22.6421	20.9905	1.65157	0	0	0	0	0	0	0	0	0	0	0	0	0	0	0	0	0	0
05.500,00.000	12.5	5.5	-200	0	4.5	23.6257	21.7966	1.82908	0	0	0	0	0	0	0	0	0	0	0	0	0	0	0	0	0	0
05.500,00.000	12.6	5.5	-200	0	4.5	24.6053	22.5796	2.02568	0	0	0	0	0	0	0	0	0	0	0	0	0	0	0	0	0	0
05.500,00.000	12.7	5.5	-200	0	4.5	25.4375	23.2293	2.20823	0	0	0	0	0	0	0	0	0	0	0	0	0	0	0	0	0	0
05.500,00.000	12.8	5.5	-200	0	4.5	25.9794	23.6379	2.34147	0	0	0	0	0	0	0	0	0	0	0	0	0	0	0	0	0	0
05.500,00.000	12.9	5.5	-200	0	4.5	26.72	24.2042	2.51586	0	0	0	0	0	0	0	0	0	0	0	0	0	0	0	0	0	0
05.500,00.000	13	5.5	-200	0	4.5	27.6072	24.887	2.7202	0	0	0	0	0	0	0	0	0	0	0	0	0	0	0	0	0	0
05.500,00.000	13.1	5.5	-200	0	4.5	28.445	25.531	2.91399	0	0	0	0	0	0	0	0	0	0	0	0	0	0	0	0	0	0
05.500,00.000	13.2	5.5	-200	0	4.5	29.2748	26.1707	3.10418	0	0	0	0	0	0	0	0	0	0	0	0	0	0	0	0	0	0
05.500,00.000	13.3	5.5	-200	0	4.5	30.144	26.8225	3.32141	0	0	0	0	0	0	0	0	0	0	0	0	0	0	0	0	0	0
05.500,00.000	13.4	5.5	-200	0	4.5	31.0355	27.4904	3.54501	0	0	0	0	0	0	0	0	0	0	0	0	0	0	0	0	0	0
05.500,00.000	13.5	5.5	-200	0	4.5	32.2922	28.4116	3.88063	0	0	0	0	0	0	0	0	0	0	0	0	0	0	0	0	0	0
05.500,00.000	13.6	5.5	-200	0	4.5	33.4359	29.1756	4.26026	0	0	0	0	0	0	0	0	0	0	0	0	0	0	0	0	0	0
05.500,00.000	13.7	5.5	-200	0	4.5	34.3813	29.804	4.5773	0	0	0	0	0	0	0	0	0	0	0	0	0	0	0	0	0	0
05.500,00.000	13.8	5.5	-200	0	4.5	34.9119	30.1512	4.76067	0	0	0	0	0	0	0	0	0	0	0	0	0	0	0	0	0	0
05.500,00.000	13.9	5.5	-200	0	4.5	35.5982	30.5963	5.00185	0	0	0	0	0	0	0	0	0	0	0	0	0	0	0	0	0	0
05.500,00.000	14	5.5	-200	0	4.5	36.752	31.3279	5.42415	0	0	0	0	0	0	0	0	0	0	0	0	0	0	0	0	0	0
05.500,00.000	14.1	5.5	-200	0	4.5	37.7664	31.9461	5.82035	0	0	0	0	0	0	0	0	0	0	0	0	0	0	0	0	0	0
05.500,00.000	14.2	5.5	-200	0	4.5	38.7166	32.4783	6.23833	0	0	0	0	0	0	0	0	0	0	0	0	0	0	0	0	0	0
05.500,00.000	14.3	5.5	-200	0	4.5	39.6871	33.0381	6.64899	0	0	0	0	0	0	0	0	0	0	0	0	0	0	0	0	0	0
05.500,00.000	14.4	5.5	-200	0	4.5	40.6571	33.592	7.06516	0	0	0	0	0	0	0	0	0	0	0	0	0	0	0	0	0	0
05.500,00.000	14.5	5.5	-200	0	4.5	42.3576	34.5464	7.81117	0	0	0	0	0	0	0	0	0	0	0	0	0	0	0	0	0	0
05.500,00.000	14.6	5.5	-200	0	4.5	43.537	35.2011	8.33593	0	0	0	0	0	0	0	0	0	0	0	0	0	0	0	0	0	0
05.500,00.000	14.7	5.5	-200	0	4.5	44.5902	35.7747	8.81543	0	0	0	0	0	0	0	0	0	0	0	0	0	0	0	0	0	0
05.500,00.000	14.8	5.5	-200	0	4.5	45.0359	36.013	9.02283	0	0	0	0	0	0	0	0	0	0	0	0	0	0	0	0	0	0
05.500,00.000	14.9	5.5	-200	0	4.5	45.6427	36.3325	9.31025	0	0	0	0	0	0	0	0	0	0	0	0	0	0	0	0	0	0
05.500,00.000	15	5.5	-200	0	4.5	46.8833	36.9751	9.90814	0	0	0	0	0	0	0	0	0	0	0	0	0	0	0	0	0	0
05.500,00.000	15.1	5.5	-200	0	4.5	47.9	37.4931	10.4069	0	0	0	0	0	0	0	0	0	0	0	0	0	0	0	0	0	0
05.500,00.000	15.2	5.5	-200	0	4.5	48.7955	37.9386	10.8569	0	0	0	0	0	0	0	0	0	0	0	0	0	0	0	0	0	0
05.500,00.000	15.3	5.5	-200	0	4.5	49.6904	38.3774	11.313	0	0	0	0	0	0	0	0	0	0	0	0	0	0	0	0	0	0
05.500,00.000	15.4	5.5	-200	0	4.5	50.5759	38.8026	11.7732	0	0	0	0	0	0	0	0	0	0	0	0	0	0	0	0	0	0
05.500,00.000	15.5	5.5	-200	0	4.5	53.4082	40.0447	13.2671	0.0963237	0	0	0	0	0	0	0	0	0	0	0	0	0	0	0	0	0
05.500,00.000	15.6	5.5	-200	0	4.5	53.9939	40.2373	13.6272	0.129405	0	0	0	0	0	0	0	0	0	0	0	0	0	0	0	0	0
05.500,00.000	15.7	5.5	-200	0	4.5	54.8746	40.5622	14.148	0.164418	0	0	0	0	0	0	0	0	0	0	0	0	0	0	0	0	0
05.500,00.000	15.8	5.5	-200	0	4.5	55.0471	40.6158	14.2574	0.173968	0	0	0	0	0	0	0	0	0	0	0	0	0	0	0	0	0
05.500,00.000	15.9	5.5	-200	0	4.5	56.3322	41.0232	15.0747	0.234247	0	0	0	0	0	0	0	0	0	0	0	0	0	0	0	0	0
05.500,00.000	16	5.5	-200	0	4.5	57.8366	41.4731	16.0544	0.309181	0	0	0	0	0	0	0	0	0	0	0	0	0	0	0	0	0
05.500,00.000	16.1	5.5	-200	0	4.5	58.8074	41.7479	16.6946	0.36495	0	0	0	0	0	0	0	0	0	0	0	0	0	0	0	0	0
05.500,00.000	16.2	5.5	-200	0	4.5	59.6547	41.9763	17.2434	0.435031	0	0	0	0	0	0	0	0	0	0	0	0	0	0	0	0	0
05.500,00.000	16.3	5.5	-200	0	4.5	60.4872	42.1935	17.7861	0.507662	0	0	0	0	0	0	0	0	0	0	0	0	0	0	0	0	0
05.500,00.000	16.4	5.5	-200	0	4.5	61.3081	42.3988	18.3265	0.582788	0	0	0	0	0	0	0	0	0	0	0	0	0	0	0	0	0
05.500,00.000	16.5	5.5	-200	0	4.5	65.6138	43.4456	21.1978	0.970336	0	0	0	0	0	0	0	0	0	0	0	0	0	0	0	0	0
05.500,00.000	16.6	5.5	-200	0	4.5	66.6012	43.6562	21.8873	1.05759	0	0	0	0	0	0	0	0	0	0	0	0	0	0	0	0	0
05.500,00.000	16.7	5.5	-200	0	4.5	75.0938	45.6614	27.6553	1.77717	0	0	0	0	0	0	0	0	0	0	0	0	0	0	0	0	0
05.500,00.000	16.8	5.5	-200	0	4.5	77.3134	46.1994	29.1589	1.9551	0	0	0	0	0	0	0	0	0	0	0	0	0	0	0	0	0
05.500,00.000	16.9	5.5	-200	0	4.5	81.747	47.1757	32.2256	2.34566	0	0	0	0	0	0	0	0	0	0	0	0	0	0	0	0	0
05.500,00.000	17	5.5	-200	0	4.5	83.7863	47.608	33.6475	2.53083	0	0	0	0	0	0	0	0	0	0	0	0	0	0	0	0	0
05.500,00.000	17.1	5.5	-200	0	4.5	84.6134	47.7943	34.2057	2.61338	0	0	0	0	0	0	0	0	0	0	0	0	0	0	0	0	0
05.500,00.000	17.2	5.5	-200	0	4.5	85.4474	47.9793	34.7689	2.69928	0	0	0	0	0	0	0	0	0	0	0	0	0	0	0	0	0
05.500,00.000	17.3	5.5	-200	0	4.5	86.2687	48.1591	35.3232	2.7864	0	0	0	0	0	0	0	0	0	0	0	0	0	0	0	0	0
05.500,00.000	17.4	5.5	-200	0	4.5	87.0838	48.3306	35.8783	2.87484	0	0	0	0	0	0	0	0	0	0	0	0	0	0	0	0	0
05.500,00.000	17.5	5.5	-200	0	4.5	92.3632	49.2926	39.6012	3.46953	0	0	0	0	0	0	0	0	0	0	0	0	0	0	0	0	0
05.500,00.000	17.6	5.5	-200	0	4.5	93.4134	49.4125	40.4132	3.58774	0	0	0	0	0	0	0	0	0	0	0	0	0	0	0	0	0
05.500,00.000	17.7	5.5	-200	0	4.5	102.125	50.599	46.8644	4.66182	0	0	0	0	0	0	0	0	0	0	0	0	0	0	0	0	0
05.500,00.000	17.8	5.5	-200	0	4.5	104.494	50.8148	48.644	5.0353	0	0	0	0	0	0	0	0	0	0	0	0	0	0	0	0	0
05.500,00.000	17.9	5.5	-200	0	4.5	109.823	51.4636	52.3755	5.98416	0	0	0	0	0	0	0	0	0	0	0	0	0	0	0	0	0
05.500,00.000	18	5.5	-200	0	4.5	112.188	51.7303	54.0151	6.44279	0	0	0	0	0	0	0	0	0	0	0	0	0	0	0	0	0
05.500,00.000	18.1	5.5	-200	0	4.5	113.161	51.8465	54.6896	6.62526	0	0	0	0	0	0	0	0	0	0	0	0	0	0	0	0	0
05.500,00.000	18.2	5.5	-200	0	4.5	114.17	51.9669	55.3938	6.80942	0	0	0	0	0	0	0	0	0	0	0	0	0	0	0	0	0
05.500,00.000	18.3	5.5	-200	0	4.5	115.198	52.0898	56.117	6.99132	0	0	0	0	0	0	0	0	0	0	0	0	0	0	0	0	0
05.500,00.000	18.4	5.5	-200	0	4.5	116.263	52.2158	56.8747	7.17221	0	0	0	0	0	0	0	0	0	0	0	0	0	0	0	0	0
05.500,00.000	18.5	5.5	-200	0	4.5	123.657	53.0588	62.2082	8.38967	0	0	0	0	0	0	0	0	0	0	0	0	0	0	0	0	0
05.500,00.000	18.6	5.5	-200	0	4.5	125.052	53.1899	63.2337	8.6285	0	0	0	0	0	0	0	0	0	0	0	0	0	0	0	0	0
05.500,00.000	18.7	5.5	-200	0	4.5	136.215	54.3251	71.492	10.398	0	0	0	0	0	0	0	0	0	0	0	0	0	0	0	0	0
05.500,00.000	18.8	5.5	-200	0	4.5	138.945	54.6806	73.4506	10.8136	0	0	0	0	0	0	0	0	0	0	0	0	0	0	0	0	0
05.500,00.000	18.9	5.5	-200	0	4.5	145.207	55.3481	78.1494	11.709	0	0	0	0	0	0	0	0	0	0	0	0	0	0	0	0	0
05.500,00.000	19	5.5	-200	0	4.5	148.544	55.6417	80.7981	12.1047	0	0	0	0	0	0	0	0	0	0	0	0	0	0	0	0	0
05.500,00.000	19.1	5.5	-200	0	4.5	149.896	55.7555	81.8799	12.2606	0	0	0	0	0	0	0	0	0	0	0	0	0	0	0	0	0
05.500,00.000	19.2	5.5	-200	0	4.5	151.282	55.8694	82.9941	12.4181	0	0	0	0	0	0	0	0	0	0	0	0	0	0	0	0	0
05.500,00.000	19.3	5.5	-200	0	4.5	152.685	55.9796	84.1318	12.5741	0	0	0	0	0	0	0	0	0	0	0	0	0	0	0	0	0
05.500,00.000	19.4	5.5	-200	0	4.5	154.109	56.0888	85.2914	12.7288	0	0	0	0	0	0	0	0	0	0	0	0	0	0	0	0	0
05.500,00.000	19.5	5.5	-200	0	4.5	155.608	56.1983	86.519	12.8906	0	0	0	0	0	0	0	0	0	0	0	0	0	0	0	0	0
05.500,00.000	19.6	5.5	-200	0	4.5	156.981	56.2936	87.6491	13.0381	0	0	0	0	0	0	0	0	0	0	0	0	0	0	0	0	0
05.500,00.000	19.7	5.5	-200	0	4.5	158.357	56.3867	88.7841	13.1862	0	0	0	0	0	0	0	0	0	0	0	0	0	0	0	0	0
05.500,00.000	19.8	5.5	-200	0	4.5	159.755	56.4783	89.9271	13.3494	0	0	0	0	0	0	0	0	0	0	0	0	0	0	0	0	0
05.500,00.000	19.9	5.5	-200	0	4.5	162.533	56.6524	91.8236	14.0569	0	0	0	0	0	0	0	0	0	0	0	0	0	0	0	0	0
05.500,00.000	20	5.5	-200	0	4.5	163.211	56.6933	92.239	14.2782	0	0	0	0	0	0	0	0	0	0	0	0	0	0	0	0	0
05.500,00.000	20.1	5.5	-200	0	4.5	165.171	56.8139	93.4397	14.917	0	0	0	0	0	0	0	0	0	0	0	0	0	0	0	0	0
05.500,00.000	20.2	5.5	-200	0	4.5	166.787	56.9092	94.4384	15.4394	0	0	0	0	0	0	0	0	0	0	0	0	0	0	0	0	0
05.500,00.000	20.3	5.5	-200	0	4.5	168.116	56.9866	95.2586	15.8707	0	0	0	0	0	0	0	0	0	0	0	0	0	0	0	0	0
05.500,00.000	20.4	5.5	-200	0	4.5	170.134	57.1025	96.5019	16.5293	0	0	0	0	0	0	0	0	0	0	0	0	0	0	0	0	0
05.500,00.000	20.5	5.5	-200	0	4.5	170.646	57.1308	96.816	16.6994	0	0	0	0	0	0	0	0	0	0	0	0	0	0	0	0	0
05.500,00.000	20.6	5.5	-200	0	4.5	176.055	57.4209	100.115	18.519	0	0	0	0	0	0	0	0	0	0	0	0	0	0	0	0	0
05.500,00.000	20.7	5.5	-200	0	4.5	179.264	57.5549	102.089	19.6206	0	0	0	0	0	0	0	0	0	0	0	0	0	0	0	0	0
05.500,00.000	20.8	5.5	-200	0	4.5	179.446	57.5622	102.199	19.6844	0	0	0	0	0	0	0	0	0	0	0	0	0	0	0	0	0
05.500,00.000	20.9	5.5	-200	0	4.5	179.529	57.5655	102.25	19.714	0	0	0	0	0	0	0	0	0	0	0	0	0	0	0	0	0
05.500,00.000	21	5.5	-200	0	4.5	181.549	57.6452	103.459	20.444	0	0	0	0	0	0	0	0	0	0	0	0	0	0	0	0	0
05.500,00.000	21.1	5.5	-200	0	4.5	184.403	57.7986	105.134	21.4696	0	0	0	0	0	0	0	0	0	0	0	0	0	0	0	0	0
05.500,00.000	21.2	5.5	-200	0	4.5	185.877	57.8973	105.982	21.9977	0	0	0	0	0	0	0	0	0	0	0	0	0	0	0	0	0
05.500,00.000	21.3	5.5	-200	0	4.5	186.959	57.9714	106.594	22.3935	0	0	0	0	0	0	0	0	0	0	0	0	0	0	0	0	0
05.500,00.000	21.4	5.5	-200	0	4.5	190.787	58.2349	108.743	23.8097	0	0	0	0	0	0	0	0	0	0	0	0	0	0	0	0	0
05.500,00.000	21.5	5.5	-200	0	4.5	191.598	58.2893	109.19	24.1186	0	0	0	0	0	0	0	0	0	0	0	0	0	0	0	0	0
05.500,00.000	21.6	5.5	-200	0	4.5	194.074	58.4505	110.558	25.0656	0	0	0	0	0	0	0	0	0	0	0	0	0	0	0	0	0
05.500,00.000	21.7	5.5	-200	0	4.5	197.612	58.6808	112.522	26.4088	0	0	0	0	0	0	0	0	0	0	0	0	0	0	0	0	0
05.500,00.000	21.8	5.5	-200	0	4.5	198.275	58.7221	112.889	26.6642	0	0	0	0	0	0	0	0	0	0	0	0	0	0	0	0	0
05.500,00.000	21.9	5.5	-200	0	4.5	203.965	59.0666	116.03	28.0525	0.816211	0	0	0	0	0	0	0	0	0	0	0	0	0	0	0	0
05.500,00.000	22	5.5	-200	0	4.5	205.317	59.1394	116.779	28.2134	1.18497	0	0	0	0	0	0	0	0	0	0	0	0	0	0	0	0
05.500,00.000	22.1	5.5	-200	0	4.5	208.319	59.3149	118.45	28.5623	1.99167	0	0	0	0	0	0	0	0	0	0	0	0	0	0	0	0
05.500,00.000	22.2	5.5	-200	0	4.5	210.079	59.4096	119.469	28.7599	2.44005	0	0	0	0	0	0	0	0	0	0	0	0	0	0	0	0
05.500,00.000	22.3	5.5	-200	0	4.5	211.153	59.4657	120.058	28.9285	2.70115	0	0	0	0	0	0	0	0	0	0	0	0	0	0	0	0
05.500,00.000	22.4	5.5	-200	0	4.5	212.323	59.5237	120.667	29.1598	2.97267	0	0	0	0	0	0	0	0	0	0	0	0	0	0	0	0
05.500,00.000	22.5	5.5	-200	0	4.5	213.506	59.6086	121.257	29.4017	3.23896	0	0	0	0	0	0	0	0	0	0	0	0	0	0	0	0
05.500,00.000	22.6	5.5	-200	0	4.5	214.661	59.6895	121.829	29.6409	3.50184	0	0	0	0	0	0	0	0	0	0	0	0	0	0	0	0
05.500,00.000	22.7	5.5	-200	0	4.5	215.865	59.7579	122.423	29.897	3.78761	0	0	0	0	0	0	0	0	0	0	0	0	0	0	0	0
05.500,00.000	22.8	5.5	-200	0	4.5	219.125	60.0572	123.998	30.5626	4.50786	0	0	0	0	0	0	0	0	0	0	0	0	0	0	0	0
05.500,00.000	22.9	5.5	-200	0	4.5	221.434	60.2421	125.127	31.0172	5.04778	0	0	0	0	0	0	0	0	0	0	0	0	0	0	0	0
05.500,00.000	23	5.5	-200	0	4.5	221.741	60.2694	125.273	31.0756	5.12318	0	0	0	0	0	0	0	0	0	0	0	0	0	0	0	0
05.500,00.000	23.1	5.5	-200	0	4.5	225.52	60.5961	127.067	31.7961	6.06017	0	0	0	0	0	0	0	0	0	0	0	0	0	0	0	0
05.500,00.000	23.2	5.5	-200	0	4.5	227.735	60.7801	128.15	32.2158	6.58979	0	0	0	0	0	0	0	0	0	0	0	0	0	0	0	0
05.500,00.000	23.3	5.5	-200	0	4.5	229.047	60.8891	128.781	32.4694	6.90675	0	0	0	0	0	0	0	0	0	0	0	0	0	0	0	0
05.500,00.000	23.4	5.5	-200	0	4.5	234.895	61.3995	131.564	33.5697	8.36203	0	0	0	0	0	0	0	0	0	0	0	0	0	0	0	0
05.500,00.000	23.5	5.5	-200	0	4.5	236.247	61.5186	132.221	33.812	8.69538	0	0	0	0	0	0	0	0	0	0	0	0	0	0	0	0
05.500,00.000	23.6	5.5	-200	0	4.5	240.287	61.857	134.138	34.5792	9.71232	0	0	0	0	0	0	0	0	0	0	0	0	0	0	0	0
05.500,00.000	23.7	5.5	-200	0	4.5	242.758	62.0631	135.293	35.0732	10.3296	0	0	0	0	0	0	0	0	0	0	0	0	0	0	0	0
05.500,00.000	23.8	5.5	-200	0	4.5	244.722	62.2172	136.225	35.4694	10.7596	0.0505092	0	0	0	0	0	0	0	0	0	0	0	0	0	0	0
05.500,00.000	23.9	5.5	-200	0	4.5	252.229	62.7403	139.804	37.1134	11.297	1.27431	0	0	0	0	0	0	0	0	0	0	0	0	0	0	0
05.500,00.000	24	5.5	-200	0	4.5	253.821	62.8184	140.573	37.5059	11.4041	1.51953	0	0	0	0	0	0	0	0	0	0	0	0	0	0	0
05.500,00.000	24.1	5.5	-200	0	4.5	259.553	63.1625	143.27	38.9569	11.8003	2.36324	0	0	0	0	0	0	0	0	0	0	0	0	0	0	0
05.500,00.000	24.2	5.5	-200	0	4.5	262.797	63.3967	144.786	39.7663	12.0395	2.80807	0	0	0	0	0	0	0	0	0	0	0	0	0	0	0
05.500,00.000	24.3	5.5	-200	0	4.5	264.539	63.5192	145.595	40.2175	12.1611	3.04614	0	0	0	0	0	0	0	0	0	0	0	0	0	0	0
05.500,00.000	24.4	5.5	-200	0	4.5	278.521	64.5451	152.019	43.9397	13.1163	4.90171	0	0	0	0	0	0	0	0	0	0	0	0	0	0	0
05.500,00.000	24.5	5.5	-200	0	4.5	282.051	64.8755	153.636	44.9899	13.189	5.36064	0	0	0	0	0	0	0	0	0	0	0	0	0	0	0
05.500,00.000	24.6	5.5	-200	0	4.5	288.421	65.5646	156.348	46.8677	13.4923	6.14837	0	0	0	0	0	0	0	0	0	0	0	0	0	0	0
05.500,00.000	24.7	5.5	-200	0	4.5	292.111	66.1187	157.75	48.048	13.6272	6.56694	0	0	0	0	0	0	0	0	0	0	0	0	0	0	0
05.500,00.000	24.8	5.5	-200	0	4.5	301.578	67.2199	161.406	51.0624	14.1888	7.70098	0	0	0	0	0	0	0	0	0	0	0	0	0	0	0
05.500,00.000	24.9	5.5	-200	0	4.5	310.041	68.6982	164.397	53.5779	14.7862	8.58159	0	0	0	0	0	0	0	0	0	0	0	0	0	0	0
05.500,00.000	25	5.5	-200	0	4.5	310.795	68.8299	164.652	53.8036	14.8532	8.65627	0	0	0	0	0	0	0	0	0	0	0	0	0	0	0
05.500,00.000	25.1	5.5	-200	0	4.5	323.072	71.0753	168.939	57.3003	15.9031	9.53673	0.317718	0	0	0	0	0	0	0	0	0	0	0	0	0	0
05.500,00.000	25.2	5.5	-200	0	4.5	329.085	72.2287	171.001	58.9733	16.4778	9.53673	0.867815	0	0	0	0	0	0	0	0	0	0	0	0	0	0
05.500,00.000	25.3	5.5	-200	0	4.5	331.701	72.7383	171.91	59.6938	16.7254	9.53673	1.09614	0	0	0	0	0	0	0	0	0	0	0	0	0	0
05.500,00.000	25.4	5.5	-200	0	4.5	353.4	76.9978	179.57	65.5457	18.835	9.53921	2.91199	0	0	0	0	0	0	0	0	0	0	0	0	0	0
05.500,00.000	25.5	5.5	-200	0	4.5	360.129	78.3435	181.858	67.3248	19.5186	9.62485	3.45872	0	0	0	0	0	0	0	0	0	0	0	0	0	0
05.500,00.000	25.6	5.5	-200	0	4.5	365.029	79.2993	183.534	68.6383	20.0038	9.70812	3.84555	0	0	0	0	0	0	0	0	0	0	0	0	0	0
05.500,00.000	25.7	5.5	-200	0	4.5	368.747	79.8606	184.963	69.6315	20.3829	9.77856	4.13025	0	0	0	0	0	0	0	0	0	0	0	0	0	0
05.500,00.000	25.8	5.5	-200	0	4.5	371.871	80.2233	186.282	70.444	20.7126	9.83935	4.3704	0	0	0	0	0	0	0	0	0	0	0	0	0	0
05.500,00.000	25.9	5.5	-200	0	4.5	392.748	82.679	195.165	75.5348	23.0756	10.3285	5.965	0	0	0	0	0	0	0	0	0	0	0	0	0	0
05.500,00.000	26	5.5	-200	0	4.5	397.174	83.2205	197.027	76.5736	23.5931	10.476	6.28467	0	0	0	0	0	0	0	0	0	0	0	0	0	0
05.500,00.000	26.1	5.5	-200	0	4.5	411.494	84.9536	203.104	79.9675	25.2384	10.964	7.26623	0	0	0	0	0	0	0	0	0	0	0	0	0	0
05.500,00.000	26.2	5.5	-200	0	4.5	418.546	85.7293	206.133	81.6546	26.0618	11.2193	7.7476	0	0	0	0	0	0	0	0	0	0	0	0	0	0
05.500,00.000	26.3	5.5	-200	0	4.5	421.979	86.1361	207.592	82.4754	26.4561	11.3493	7.9703	0	0	0	0	0	0	0	0	0	0	0	0	0	0
05.500,00.000	26.4	5.5	-200	0	4.5	460.601	90.7792	223.989	91.5343	31.0351	12.9367	8.96827	1.35817	0	0	0	0	0	0	0	0	0	0	0	0	0
05.500,00.000	26.5	5.5	-200	0	4.5	473.365	92.338	229.446	94.3518	32.6936	13.4773	8.96868	2.08953	0	0	0	0	0	0	0	0	0	0	0	0	0
05.500,00.000	26.6	5.5	-200	0	4.5	473.593	92.3694	229.532	94.4077	32.7245	13.488	8.96887	2.10311	0	0	0	0	0	0	0	0	0	0	0	0	0
05.500,00.000	26.7	5.5	-200	0	4.5	502.664	96.5276	240.174	101.54	36.5304	14.8866	9.28159	3.72401	0	0	0	0	0	0	0	0	0	0	0	0	0
05.500,00.000	26.8	5.5	-200	0	4.5	529.944	100.567	250.06	107.916	40.0467	16.3191	9.79122	5.24352	0	0	0	0	0	0	0	0	0	0	0	0	0
05.500,00.000	26.9	5.5	-200	0	4.5	533.431	101.099	251.332	108.679	40.5206	16.5178	9.85556	5.42681	0	0	0	0	0	0	0	0	0	0	0	0	0
05.500,00.000	27	5.5	-200	0	4.5	533.839	101.162	251.478	108.777	40.5718	16.5407	9.86306	5.44679	0	0	0	0	0	0	0	0	0	0	0	0	0
05.500,00.000	27.1	5.5	-200	0	4.5	553.372	104.235	258.451	113.447	42.9814	17.6586	10.2255	6.37358	0	0	0	0	0	0	0	0	0	0	0	0	0
05.500,00.000	27.2	5.5	-200	0	4.5	560.048	105.342	260.879	114.933	43.8055	18.0509	10.3508	6.68666	0	0	0	0	0	0	0	0	0	0	0	0	0
05.500,00.000	27.3	5.5	-200	0	4.5	560.726	105.452	261.121	115.095	43.887	18.0903	10.3642	6.71692	0	0	0	0	0	0	0	0	0	0	0	0	0
05.500,00.000	27.4	5.5	-200	0	4.5	560.968	105.492	261.207	115.152	43.9161	18.1045	10.3691	6.72747	0	0	0	0	0	0	0	0	0	0	0	0	0
05.500,00.000	27.5	5.5	-200	0	4.5	579.49	108.472	267.664	119.625	46.0046	19.1865	10.7558	7.50994	0	0	0	0.27141	0	0	0	0	0	0	0	0	0
05.500,00.000	27.6	5.5	-200	0	4.5	587.229	109.712	270.263	121.422	46.8381	19.6186	10.9431	7.80043	0.0218124	0	0	0.608906	0	0	0	0	0	0	0	0	0
05.500,00.000	27.7	5.5	-200	0	4.5	587.639	109.776	270.399	121.522	46.8849	19.6423	10.9529	7.80873	0.0297894	0	0	0.622879	0	0	0	0	0	0	0	0	0
05.500,00.000	27.8	5.5	-200	0	4.5	587.762	109.795	270.44	121.552	46.8989	19.6495	10.9561	7.80833	0.0350552	0	0	0.627657	0	0	0	0	0	0	0	0	0
05.500,00.000	27.9	5.5	-200	0	4.5	605.402	112.512	276.28	125.761	48.9547	20.7046	11.4068	7.96393	0.562918	0	0	1.25666	0	0	0	0	0	0	0	0	0
05.500,00.000	28	5.5	-200	0	4.5	612.227	113.558	278.582	127.312	49.7546	21.1365	11.5906	7.96393	0.821657	0	0	1.50772	0	0	0	0	0	0	0	0	0
05.500,00.000	28.1	5.5	-200	0	4.5	612.838	113.652	278.786	127.45	49.8288	21.176	11.6071	7.96393	0.844732	0	0	1.53019	0	0	0	0	0	0	0	0	0
05.500,00.000	28.2	5.5	-200	0	4.5	613.404	113.737	278.973	127.577	49.8993	21.2139	11.6227	7.96393	0.866007	0	0	1.5509	0	0	0	0	0	0	0	0	0
05.500,00.000	28.3	5.5	-200	0	4.5	613.931	113.816	279.145	127.695	49.9665	21.2504	11.6376	7.96393	0.885802	0	0	1.57017	0	0	0	0	0	0	0	0	0
05.500,00.000	28.4	5.5	-200	0	4.5	614.016	113.829	279.173	127.713	49.9776	21.2567	11.6402	7.96393	0.889007	0	0	1.5733	0	0	0	0	0	0	0	0	0
05.500,00.000	28.5	5.5	-200	0	4.5	618.454	114.478	280.605	128.652	50.5788	21.6042	11.7796	7.96393	1.05635	0	0	1.73631	0	0	0	0	0	0	0	0	0
05.500,00.000	28.6	5.5	-200	0	4.5	652.1	119.47	291.228	135.91	55.1373	24.2899	12.8039	7.96393	2.32241	0	0	2.45855	0.515907	0	0	0	0	0	0	0	0
05.500,00.000	28.7	5.5	-200	0	4.5	660.697	120.811	293.892	137.714	56.2152	25.0865	13.081	7.96393	2.6437	0	0	2.45855	0.830996	0	0	0	0	0	0	0	0
05.500,00.000	28.8	5.5	-200	0	4.5	690.487	125.907	302.833	143.783	60.0047	27.8564	14.0497	7.96438	3.7286	0	0	2.45855	1.90146	0	0	0	0	0	0	0	0
05.500,00.000	28.9	5.5	-200	0	4.5	697.401	127.182	304.907	145.105	60.9021	28.4699	14.2857	7.96529	3.97764	0	0	2.45855	2.14759	0	0	0	0	0	0	0	0
05.500,00.000	29	5.5	-200	0	4.5	703.916	128.429	306.797	146.354	61.7492	29.0599	14.5147	7.97005	4.20731	0	0	2.45855	2.37546	0	0	0	0	0	0	0	0
05.500,00.000	29.1	5.5	-200	0	4.5	715.724	130.726	310.134	148.599	63.2936	30.1585	14.9631	7.9806	4.6236	0	0	2.45855	2.78697	0	0	0	0	0	0	0	0
05.500,00.000	29.2	5.5	-200	0	4.5	723.425	132.189	312.202	150.009	64.2531	30.8811	15.2696	8.22933	4.88723	0	0	2.45855	3.04564	0	0	0	0	0	0	0	0
05.500,00.000	29.3	5.5	-200	0	4.5	729.668	133.381	313.861	151.148	65.0183	31.4872	15.5272	8.43303	5.10038	0	0	2.45855	3.25282	0	0	0	0	0	0	0	0
05.500,00.000	29.4	5.5	-200	0	4.5	766.066	140.593	323.321	157.65	69.3516	35.1032	17.1916	9.62704	6.33164	0	0	2.45855	4.43833	0	0	0	0	0	0	0	0
05.500,00.000	29.5	5.5	-200	0	4.5	787.444	144.934	328.963	161.302	71.6831	37.3312	18.2242	10.3477	7.06077	0	0	2.45855	5.13934	0	0	0	0	0	0	0	0
05.500,00.000	29.6	5.5	-200	0	4.5	790.134	145.487	329.685	161.747	71.9652	37.6151	18.3574	10.4399	7.15192	0	0	2.45855	5.2266	0	0	0	0	0	0	0	0
05.500,00.000	29.7	5.5	-200	0	4.5	790.457	145.554	329.768	161.802	72.0015	37.6492	18.3732	10.4512	7.16256	0	0	2.45855	5.23664	0	0	0	0	0	0	0	0
05.500,00.000	29.8	5.5	-200	0	4.5	818.325	151.282	336.846	166.509	75.152	40.6095	19.7703	11.5451	8.0693	0	0	2.45855	6.0833	0	0	0	0	0	0	0	0
05.500,00.000	29.9	5.5	-200	0	4.5	827.004	153.149	339.053	167.904	76.0759	41.5495	20.1935	11.9187	8.09185	0.261734	0	2.45855	6.34823	0	0	0	0	0	0	0	0
05.500,00.000	30	5.5	-200	0	4.5	827.486	153.252	339.171	167.986	76.1307	41.601	20.2166	11.9398	8.09259	0.276229	0	2.45855	6.36224	0	0	0	0	0	0	0	0
05.500,00.000	30.1	5.5	-200	0	4.5	828.071	153.377	339.313	168.084	76.1972	41.6639	20.2449	11.9661	8.09333	0.293858	0	2.45855	6.37896	0	0	0	0	0	0	0	0
05.500,00.000	30.2	5.5	-200	0	4.5	828.606	153.49	339.442	168.174	76.2583	41.7219	20.2712	11.9908	8.09395	0.30992	0	2.45855	6.39397	0	0	0	0	0	0	0	0
05.500,00.000	30.3	5.5	-200	0	4.5	829.099	153.594	339.561	168.258	76.3152	41.7756	20.2961	12.014	8.09451	0.324624	0	2.45855	6.40755	0	0	0	0	0	0	0	0
05.500,00.000	30.4	5.5	-200	0	4.5	829.178	153.611	339.58	168.271	76.3238	41.7843	20.2999	12.0178	8.09448	0.327103	0	2.45855	6.40972	0	0	0	0	0	0	0	0
05.500,00.000	30.5	5.5	-200	0	4.5	877.061	162.106	352.409	176.213	81.9528	47.0737	22.8203	13.8425	8.72722	1.7734	0	2.45855	7.68527	0	0	0	0	0	0	0	0
05.500,00.000	30.6	5.5	-200	0	4.5	908.75	167.164	361.486	181.398	85.5162	50.3331	24.5222	14.9776	9.62594	2.74392	0	2.45904	8.47108	0.053662	0	0	0	0	0	0	0
05.500,00.000	30.7	5.5	-200	0	4.5	934.806	171.407	368.846	185.792	88.4288	52.7834	26.0833	15.9202	10.3512	3.53015	0	2.46257	8.47108	0.729118	0	0	0	0	0	0	0
05.500,00.000	30.8	5.5	-200	0	4.5	938.778	172.115	369.964	186.48	88.7946	53.1383	26.3319	16.0748	10.4626	3.65045	0	2.46345	8.47108	0.831621	0	0	0	0	0	0	0
05.500,00.000	30.9	5.5	-200	0	4.5	939.209	172.188	370.086	186.554	88.8377	53.1786	26.3588	16.0913	10.4745	3.6632	0	2.46368	8.47108	0.842285	0	0	0	0	0	0	0
05.500,00.000	31	5.5	-200	0	4.5	965.91	176.785	377.563	191.068	91.5113	55.6596	28.0666	17.1466	11.2162	4.44883	0	2.48378	8.47108	1.48977	0	0	0	0	0	0	0
05.500,00.000	31.1	5.5	-200	0	4.5	979.859	179.228	381.424	193.505	92.8343	56.9174	28.9734	17.7297	11.6049	4.85654	0	2.49248	8.47108	1.82198	0	0	0	0	0	0	0
05.500,00.000	31.2	5.5	-200	0	4.5	986.948	180.47	383.344	194.717	93.5273	57.5697	29.4425	18.0515	11.8044	5.06262	0	2.50093	8.47108	1.98695	0	0	0	0	0	0	0
05.500,00.000	31.3	5.5	-200	0	4.5	993.907	181.736	385.009	195.951	94.2352	58.2347	29.9309	18.3916	12.01	5.27215	0	2.51208	8.47108	2.15243	0	0	0	0	0	0	0
05.500,00.000	31.4	5.5	-200	0	4.5	1001.17	183.042	386.738	197.189	94.9895	58.9144	30.4568	18.7569	12.2266	5.48926	0.0447422	2.52639	8.47108	2.32138	0	0	0	0	0	0	0
05.500,00.000	31.5	5.5	-200	0	4.5	1008.33	184.311	388.474	198.379	95.7425	59.5433	31.0243	19.1233	12.4411	5.70052	0.0917621	2.54304	8.47108	2.48345	0	0	0	0	0	0	0
05.500,00.000	31.6	5.5	-200	0	4.5	1015.42	185.549	390.187	199.548	96.4926	60.1683	31.6048	19.4942	12.6558	5.90922	0.138957	2.56292	8.4711	2.64111	0	0	0	0	0	0	0
05.500,00.000	31.7	5.5	-200	0	4.5	1022.54	186.824	391.893	200.7	97.2414	60.7936	32.1888	19.8717	12.8735	6.11702	0.187019	2.58601	8.47152	2.79592	0	0	0	0	0	0	0
05.500,00.000	31.8	5.5	-200	0	4.5	1030.21	188.193	393.735	201.912	98.0456	61.4719	32.8245	20.2866	13.1123	6.3411	0.239663	2.61426	8.47251	2.96029	0	0	0	0	0	0	0
05.500,00.000	31.9	5.5	-200	0	4.5	1042.47	190.404	396.708	203.753	99.3125	62.618	33.8131	20.9687	13.5053	6.70219	0.325833	2.66523	8.47588	3.22083	0	0	0	0	0	0	0
05.500,00.000	32	5.5	-200	0	4.5	1045.26	190.927	397.386	204.13	99.5954	62.8993	34.0272	21.1318	13.5969	6.78536	0.348377	2.67716	8.47694	3.2803	0	0	0	0	0	0	0
05.500,00.000	32.1	5.5	-200	0	4.5	1054.71	192.642	399.657	205.491	100.551	63.8158	34.7901	21.6831	13.9122	7.06466	0.418022	2.72423	8.48271	3.47569	0	0	0	0	0	0	0
05.500,00.000	32.2	5.5	-200	0	4.5	1062.8	194.042	401.625	206.632	101.375	64.6178	35.4481	22.1756	14.1917	7.3086	0.481982	2.76692	8.4895	3.64399	0	0	0	0	0	0	0
05.500,00.000	32.3	5.5	-200	0	4.5	1069.69	195.237	403.284	207.612	102.072	65.2816	36.0216	22.6052	14.4362	7.51775	0.537057	2.80598	8.49711	3.78585	0	0	0	0	0	0	0
05.500,00.000	32.4	5.5	-200	0	4.5	1082.94	197.55	406.426	209.438	103.405	66.5503	37.1516	23.4658	14.9211	7.92434	0.649663	2.88594	8.51755	4.05629	0	0	0	0	0	0	0
05.500,00.000	32.5	5.5	-200	0	4.5	1089.17	198.685	407.887	210.294	104.041	67.1192	37.6456	23.8812	15.1543	8.11877	0.704558	2.92446	8.52829	4.18477	0	0	0	0	0	0	0
05.500,00.000	32.6	5.5	-200	0	4.5	1089.13	198.696	407.877	210.282	104.039	67.1098	37.633	23.8828	15.1543	8.11877	0.705471	2.9242	8.52829	4.18477	0	0	0	0	0	0	0
05.500,00.000	32.7	5.5	-200	0	4.5	1089.59	198.775	407.98	210.344	104.085	67.152	37.6713	23.9144	15.1721	8.1329	0.709449	2.92737	8.52961	4.19371	0	0	0	0	0	0	0
05.500,00.000	32.8	5.5	-200	0	4.5	1120.85	204.53	415.035	214.513	107.275	69.9026	40.3388	26.1454	16.4232	8.71129	1.38542	3.15301	8.63628	4.79871	0	0	0	0	0	0	0
05.500,00.000	32.9	5.5	-200	0	4.5	1130.8	206.55	417.303	215.765	108.288	70.6452	41.1412	26.8752	16.8315	8.71129	1.79314	3.22585	8.67403	4.99266	0	0	0	0	0	0	0
05.500,00.000	33	5.5	-200	0	4.5	1131.51	206.691	417.463	215.856	108.36	70.7012	41.2001	26.9286	16.8614	8.71129	1.82218	3.23139	8.67757	5.00603	0	0	0	0	0	0	0
05.500,00.000	33.1	5.5	-200	0	4.5	1134.33	207.252	418.091	216.205	108.649	70.9157	41.4341	27.1442	16.9828	8.71129	1.93778	3.25415	8.6939	5.058	0	0	0	0	0	0	0
05.500,00.000	33.2	5.5	-200	0	4.5	1135.79	207.549	418.416	216.38	108.799	71.0212	41.5548	27.2572	17.0467	8.71129	1.99799	3.26612	8.70304	5.0847	0	0	0	0	0	0	0
05.500,00.000	33.3	5.5	-200	0	4.5	1136.41	207.675	418.555	216.454	108.864	71.0667	41.6072	27.3065	17.0748	8.71129	2.02388	3.27149	8.70751	5.09588	0	0	0	0	0	0	0
05.500,00.000	33.4	5.5	-200	0	4.5	1136.51	207.695	418.577	216.465	108.874	71.0732	41.6152	27.3144	17.0793	8.71129	2.02799	3.27234	8.70825	5.09763	0	0	0	0	0	0	0
05.500,00.000	33.5	5.5	-200	0	4.5	1137	207.792	418.685	216.52	108.925	71.1069	41.6568	27.3539	17.1024	8.71129	2.04851	3.27684	8.71246	5.10607	0	0	0	0	0	0	0
05.500,00.000	33.6	5.5	-200	0	4.5	1137.12	207.817	418.712	216.533	108.938	71.1145	41.6668	27.3638	17.1082	8.71129	2.05365	3.27795	8.71353	5.10816	0	0	0	0	0	0	0
05.500,00.000	33.7	5.5	-200	0	4.5	1171.78	214.514	426.53	220.224	112.604	73.3469	44.6966	30.3035	18.8711	8.71129	3.57673	3.62589	9.06767	5.70405	0	0	0	0	0	0	0
05.500,00.000	33.8	5.5	-200	0	4.5	1197	219.212	432.067	223.135	115.349	74.8263	46.8591	32.5252	19.4703	9.45228	4.72355	3.88936	9.34621	6.14309	0	0	0	0	0	0	0
05.500,00.000	33.9	5.5	-200	0	4.5	1200.56	219.809	432.899	223.553	115.739	75.0392	47.1188	32.8519	19.5527	9.56743	4.89043	3.94424	9.38933	6.2058	0	0	0	0	0	0	0
05.500,00.000	34	5.5	-200	0	4.5	1202	220.062	433.217	223.715	115.893	75.1233	47.2358	32.9877	19.5884	9.61431	4.95838	3.96768	9.40866	6.23044	0	0	0	0	0	0	0
05.500,00.000	34.1	5.5	-200	0	4.5	1207.12	220.953	434.341	224.275	116.434	75.416	47.6625	33.479	19.7205	9.78292	5.20202	4.0537	9.48115	6.31677	0	0	0	0	0	0	0
05.500,00.000	34.2	5.5	-200	0	4.5	1208.77	221.224	434.712	224.455	116.611	75.5074	47.7936	33.6443	19.7657	9.83938	5.2832	4.08281	9.50612	6.34515	0	0	0	0	0	0	0
05.500,00.000	34.3	5.5	-200	0	4.5	1209.32	221.317	434.831	224.513	116.667	75.5372	47.8403	33.7003	19.7815	9.85842	5.30999	4.09292	9.51508	6.35433	0	0	0	0	0	0	0
05.500,00.000	34.4	5.5	-200	0	4.5	1209.4	221.331	434.849	224.522	116.676	75.5414	47.8468	33.7092	19.784	9.86142	5.31418	4.09452	9.51652	6.35576	0	0	0	0	0	0	0
05.500,00.000	34.5	5.5	-200	0	4.5	1209.82	221.401	434.939	224.563	116.718	75.5629	47.8833	33.7549	19.7975	9.8768	5.33509	4.10301	9.5244	6.36269	0	0	0	0	0	0	0
05.500,00.000	34.6	5.5	-200	0	4.5	1209.92	221.417	434.96	224.574	116.728	75.5678	47.8912	33.7664	19.8009	9.88065	5.3403	4.10512	9.52638	6.36441	0	0	0	0	0	0	0
05.500,00.000	34.7	5.5	-200	0	4.5	1210.29	221.477	435.036	224.608	116.765	75.5856	47.9233	33.8091	19.8141	9.89488	5.35907	4.11325	9.53419	6.37042	0	0	0	0	0	0	0
05.500,00.000	34.8	5.5	-200	0	4.5	1275.38	231.955	448.65	230.419	123.118	78.7228	53.2096	41.6008	22.2911	12.5103	8.76349	5.6928	11.0085	7.43728	0	0	0	0	0	0	0
05.500,00.000	34.9	5.5	-200	0	4.5	1291.19	234.748	451.937	231.892	124.551	79.4508	54.2385	43.4468	22.901	13.2184	9.58439	6.15139	11.3748	7.69166	0	0	0	0	0	0	0
05.500,00.000	35	5.5	-200	0	4.5	1302.38	236.687	454.234	232.908	125.529	79.9168	54.9559	44.8361	23.3691	13.7401	10.1575	6.51935	11.6639	7.86458	0	0	0	0	0	0	0
05.500,00.000	35.1	5.5	-200	0	4.5	1307.56	237.608	455.3	233.368	125.968	80.1177	55.265	45.4891	23.5929	13.9882	10.4272	6.68653	11.8024	7.94508	0	0	0	0	0	0	0
05.500,00.000	35.2	5.5	-200	0	4.5	1308.22	237.723	455.435	233.425	126.022	80.1435	55.3063	45.576	23.6232	14.021	10.4616	6.70961	11.8214	7.95509	0	0	0	0	0	0	0
05.500,00.000	35.3	5.5	-200	0	4.5	1308.63	237.794	455.517	233.46	126.055	80.1591	55.332	45.6314	23.643	14.0417	10.4828	6.72452	11.8339	7.96113	0	0	0	0	0	0	0
05.500,00.000	35.4	5.5	-200	0	4.5	1308.7	237.805	455.529	233.465	126.06	80.1613	55.3356	45.6399	23.6461	14.045	10.486	6.72671	11.8358	7.96204	0	0	0	0	0	0	0
05.500,00.000	35.5	5.5	-200	0	4.5	1310.98	238.203	455.974	233.642	126.228	80.2358	55.4659	45.9685	23.7694	14.1693	10.6048	6.81257	11.9153	7.99415	0	0	0	0	0	0	0
05.500,00.000	35.6	5.5	-200	0	4.5	1312.92	238.539	456.342	233.792	126.37	80.2981	55.5756	46.2497	23.8753	14.2761	10.7066	6.89409	11.9824	8.02158	0	0	0	0	0	0	0
05.500,00.000	35.7	5.5	-200	0	4.5	1338.66	243.215	461.186	235.733	128.331	81.1353	57.135	50.2979	25.3281	15.0851	11.6276	8.25255	12.9595	8.37106	0	0	0	0	0	0	0
05.500,00.000	35.8	5.5	-200	0	4.5	1357.3	247.032	464.405	237.083	129.698	81.7053	58.2237	53.3232	27.1967	15.4422	11.7776	9.11889	13.6728	8.61797	0	0	0	0	0	0	0
05.500,00.000	35.9	5.5	-200	0	4.5	1359.78	247.628	464.811	237.258	129.874	81.7791	58.3465	53.7085	27.3328	15.5945	11.8002	9.23362	13.7676	8.63878	0.0117697	0	0	0	0	0	0
05.500,00.000	36	5.5	-200	0	4.5	1367.51	249.386	466.088	237.766	130.404	81.9835	58.7436	54.9186	27.8443	16.0371	11.8645	9.6465	14.0875	8.6702	0.0745203	0	0	0	0	0	0
05.500,00.000	36.1	5.5	-200	0	4.5	1373.53	250.824	467.031	238.155	130.807	82.1364	59.0339	55.8592	28.1749	16.4535	11.914	9.97006	14.3484	8.67378	0.144393	0	0	0	0	0	0
05.500,00.000	36.2	5.5	-200	0	4.5	1378.4	251.996	467.783	238.455	131.122	82.2505	59.2753	56.6231	28.4625	16.7993	11.9523	10.2381	14.5708	8.68236	0.1934	0	0	0	0	0	0
05.500,00.000	36.3	5.5	-200	0	4.5	1383.25	253.167	468.524	238.737	131.421	82.3553	59.5142	57.3841	28.7597	17.1516	11.9887	10.5127	14.8039	8.68939	0.241934	0	0	0	0	0	0
05.500,00.000	36.4	5.5	-200	0	4.5	1384.02	253.37	468.638	238.781	131.467	82.372	59.547	57.504	28.8041	17.211	11.9946	10.5515	14.8405	8.68544	0.254988	0	0	0	0	0	0
05.500,00.000	36.5	5.5	-200	0	4.5	1405.35	258.601	471.861	239.865	132.657	82.7662	60.5884	60.9027	30.2251	18.852	12.1394	11.8112	15.9153	8.70714	0.462015	0	0	0	0	0	0
05.500,00.000	36.6	5.5	-200	0	4.5	1418.62	261.895	473.812	240.515	133.364	83.0053	61.1999	62.9764	31.0677	19.8991	12.3149	12.6972	16.5657	8.70714	0.602581	0	0	0	0	0	0
05.500,00.000	36.7	5.5	-200	0	4.5	1451.95	269.81	478.779	241.882	135.229	83.5628	62.8423	68.163	33.4115	22.6136	12.8396	14.9649	18.2066	8.70714	0.940562	0	0	0	0	0	0
05.500,00.000	36.8	5.5	-200	0	4.5	1458.31	271.433	479.729	242.093	135.564	83.6688	63.1313	69.1511	33.868	23.1409	12.9573	15.4072	18.4563	8.70714	1.00455	0	0	0	0	0	0
05.500,00.000	36.9	5.5	-200	0	4.5	1459.5	271.74	479.908	242.128	135.621	83.6856	63.1838	69.3253	33.9594	23.2409	12.9811	15.4894	18.5111	8.70714	1.01537	0	0	0	0	0	0
05.500,00.000	37	5.5	-200	0	4.5	1471.7	274.758	481.724	242.509	136.167	83.8423	63.7222	71.0538	35.1364	24.2584	13.2273	16.3197	19.1544	8.70714	1.12051	0	0	0	0	0	0
05.500,00.000	37.1	5.5	-200	0	4.5	1478.99	276.505	482.789	242.722	136.455	83.9238	64.0126	72.0492	36.0868	24.8604	13.3759	16.8045	19.5166	8.70714	1.17971	0	0	0	0	0	0
05.500,00.000	37.2	5.5	-200	0	4.5	1483.86	277.682	483.507	242.853	136.642	83.9769	64.2054	72.6913	36.718	25.2685	13.4802	17.1237	19.7852	8.70714	1.21677	0	0	0	0	0	0
05.500,00.000	37.3	5.5	-200	0	4.5	1488.74	278.862	484.233	242.976	136.82	84.0285	64.3908	73.3229	37.3684	25.6839	13.5929	17.4415	20.0635	8.70714	1.25189	0	0	0	0	0	0
05.500,00.000	37.4	5.5	-200	0	4.5	1500.47	281.898	485.949	243.241	137.208	84.1471	64.8055	74.7651	38.932	26.678	13.8907	18.1822	20.7398	8.70714	1.32921	0	0	0	0	0	0
05.500,00.000	37.5	5.5	-200	0	4.5	1507.7	283.799	487.012	243.396	137.43	84.2191	65.0461	75.6334	39.9044	27.3018	14.0863	18.6378	21.1493	8.70714	1.37478	0	0	0	0	0	0
05.500,00.000	37.6	5.5	-200	0	4.5	1528.92	289.13	490.194	243.815	138.05	84.4312	65.7567	78.1093	42.8879	29.2132	14.6847	20.0073	22.4333	8.70714	1.4998	0	0	0	0	0	0
05.500,00.000	37.7	5.5	-200	0	4.5	1533.13	290.246	490.829	243.897	138.137	84.4741	65.8815	78.5618	43.4624	29.5993	14.814	20.311	22.6878	8.70714	1.52409	0	0	0	0	0	0
05.500,00.000	37.8	5.5	-200	0	4.5	1551.64	295.149	493.589	244.207	138.564	84.6541	66.5027	80.5747	46.063	31.2798	15.3778	21.4972	23.8609	8.70714	1.61652	0	0	0	0	0	0
05.500,00.000	37.9	5.5	-200	0	4.5	1556.7	296.4	494.492	244.291	138.655	84.704	66.6472	81.1098	46.7713	31.6013	15.6535	21.8293	24.1936	8.70714	1.64146	0	0	0	0	0	0
05.500,00.000	38	5.5	-200	0	4.5	1564.07	298.193	495.821	244.396	138.798	84.7713	66.8826	81.8773	47.8144	32.0184	16.146	22.2827	24.687	8.70714	1.67197	0	0	0	0	0	0
05.500,00.000	38.1	5.5	-200	0	4.5	1570.1	299.65	496.961	244.479	138.901	84.8255	67.0657	82.4945	48.6605	32.2991	16.6136	22.6499	25.1034	8.70714	1.69522	0	0	0	0	0	0
05.500,00.000	38.2	5.5	-200	0	4.5	1575.13	300.729	498.042	244.541	138.98	84.8689	67.2139	83.0031	49.3701	32.5508	17.0052	22.9451	25.458	8.70714	1.71225	0	0	0	0	0	0
05.500,00.000	38.3	5.5	-200	0	4.5	1580.15	301.767	499.164	244.599	139.051	84.9109	67.3573	83.5045	50.0873	32.8135	17.4032	23.2323	25.8218	8.70714	1.72726	0	0	0	0	0	0
05.500,00.000	38.4	5.5	-200	0	4.5	1585.15	302.773	500.312	244.653	139.115	84.9515	67.4956	84.0003	50.7964	33.0882	17.8082	23.512	26.1953	8.70714	1.74026	0	0	0	0	0	0
05.500,00.000	38.5	5.5	-200	0	4.5	1590.13	303.759	501.465	244.703	139.171	84.9907	67.6287	84.4907	51.5056	33.3741	18.2201	23.7842	26.5784	8.70714	1.75127	0	0	0	0	0	0
05.500,00.000	38.6	5.5	-200	0	4.5	1596.02	304.866	502.815	244.758	139.232	85.0359	67.7826	85.0779	52.3759	33.7342	18.7247	24.1021	27.0469	8.70714	1.7621	0	0	0	0	0	0
05.500,00.000	38.7	5.5	-200	0	4.5	1609.9	307.301	505.724	244.878	139.359	85.6039	68.13	86.4535	54.4482	34.6009	19.9229	24.8205	28.1682	8.70714	1.78162	0	0	0	0	0	0
05.500,00.000	38.8	5.5	-200	0	4.5	1612.53	307.785	506.24	244.9	139.38	85.7565	68.1901	86.7048	54.8366	34.739	20.1587	24.9577	28.3908	8.70714	1.78489	0	0	0	0	0	0
05.500,00.000	38.9	5.5	-200	0	4.5	1612.8	307.833	506.296	244.902	139.381	85.7712	68.196	86.7305	54.8766	34.7563	20.1818	24.9703	28.4134	8.70714	1.78505	0	0	0	0	0	0
05.500,00.000	39	5.5	-200	0	4.5	1623.21	309.603	508.509	244.971	139.449	86.343	68.4172	87.7212	56.3996	35.4588	21.0896	25.4385	29.3201	8.70714	1.78657	0	0	0	0	0	0
05.500,00.000	39.1	5.5	-200	0	4.5	1630.01	310.791	509.895	245.014	139.489	86.4655	68.8149	88.3705	57.392	35.8942	21.7034	25.743	29.939	8.70714	1.78657	0	0	0	0	0	0
05.500,00.000	39.2	5.5	-200	0	4.5	1634.85	311.612	510.914	245.041	139.516	86.5174	69.1196	88.8271	58.1165	36.2234	22.1394	25.9468	30.3874	8.70714	1.78657	0	0	0	0	0	0
05.500,00.000	39.3	5.5	-200	0	4.5	1639.69	312.405	511.942	245.065	139.54	86.5457	69.4425	89.2784	58.8488	36.563	22.579	26.1412	30.8456	8.70714	1.78657	0	0	0	0	0	0
05.500,00.000	39.4	5.5	-200	0	4.5	1644.5	313.177	512.974	245.087	139.561	86.5726	69.7606	89.7243	59.5853	36.9078	23.0212	26.3257	31.3119	8.70714	1.78657	0	0	0	0	0	0
05.500,00.000	39.5	5.5	-200	0	4.5	1649.29	313.916	514.006	245.113	139.58	86.5983	70.0751	90.1647	60.2144	37.3718	23.4678	26.5011	31.7867	8.70714	1.78657	0	0	0	0	0	0
05.500,00.000	39.6	5.5	-200	0	4.5	1656.13	314.879	515.459	245.161	139.602	86.6333	70.5298	90.7956	60.9557	38.2654	24.1268	26.7432	32.4853	8.70714	1.78657	0	0	0	0	0	0
05.500,00.000	39.7	5.5	-200	0	4.5	1668.54	316.483	518.089	245.242	139.637	86.6945	71.361	91.9364	62.2616	40.0118	25.3601	27.1722	33.7959	8.70714	1.78657	0	0	0	0	0	0
05.500,00.000	39.8	5.5	-200	0	4.5	1670.76	316.76	518.599	245.264	139.642	86.7054	71.5058	92.1422	62.463	40.3092	25.5866	27.2504	34.0375	8.70714	1.78657	0	0	0	0	0	0
05.500,00.000	39.9	5.5	-200	0	4.5	1677.99	317.649	520.202	245.31	139.657	86.7372	71.9771	92.7688	63.2391	41.3497	26.3196	27.469	34.8216	8.70714	1.78657	0	0	0	0	0	0
05.500,00.000	40	5.5	-200	0	4.5	1684.94	318.467	521.793	245.358	139.67	86.7664	72.4259	93.3627	63.9744	42.3573	27.0356	27.6704	35.5662	8.70714	1.78657	0	0	0	0	0	0
05.500,00.000	40.1	5.5	-200	0	4.5	1689.81	319.035	522.902	245.39	139.678	86.7855	72.7399	93.7683	64.509	43.0824	27.5445	27.8006	36.0821	8.70714	1.78657	0	0	0	0	0	0
05.500,00.000	40.2	5.5	-200	0	4.5	1694.32	319.54	523.954	245.418	139.684	86.8018	73.0274	94.1316	65.0115	43.7639	28.0193	27.9102	36.5626	8.70714	1.78657	0	0	0	0	0	0
05.500,00.000	40.3	5.5	-200	0	4.5	1698.78	320.019	524.993	245.447	139.689	86.8167	73.3114	94.484	65.5143	44.4614	28.4984	28.0097	37.0444	8.70714	1.78657	0	0	0	0	0	0
05.500,00.000	40.4	5.5	-200	0	4.5	1703.21	320.478	526.016	245.478	139.694	86.8304	73.5926	94.8265	66.0219	45.1744	28.983	28.0991	37.5248	8.70714	1.78657	0	0	0	0	0	0
05.500,00.000	40.5	5.5	-200	0	4.5	1707.52	320.912	526.982	245.509	139.697	86.8427	73.8711	95.1612	66.536	45.8981	29.4737	28.1799	37.9626	8.70714	1.78657	0	0	0	0	0	0
05.500,00.000	40.6	5.5	-200	0	4.5	1719.83	322.026	529.603	245.602	139.704	86.8743	74.696	96.1338	68.073	48.0989	30.9579	28.3973	39.1741	8.70714	1.78657	0	0	0	0	0	0
05.500,00.000	40.7	5.5	-200	0	4.5	1722.35	322.284	530.131	245.626	139.704	86.8806	74.8641	96.2947	68.4144	48.5465	31.2711	28.4506	39.3914	8.70714	1.78657	0	0	0	0	0	0
05.500,00.000	40.8	5.5	-200	0	4.5	1728.95	322.839	531.497	245.677	139.705	86.8939	75.3001	96.7529	69.32	49.783	32.0754	28.5714	40.04	8.70714	1.78657	0	0	0	0	0	0
05.500,00.000	40.9	5.5	-200	0	4.5	1730.84	323.008	531.899	245.694	139.705	86.8977	75.4277	96.8729	69.5949	50.1098	32.3098	28.6178	40.2127	8.70714	1.78657	0	0	0	0	0	0
05.500,00.000	41	5.5	-200	0	4.5	1736.96	323.521	533.189	245.738	139.705	86.9081	75.8235	97.2724	70.4636	51.2387	33.0745	28.7193	40.8124	8.70714	1.78657	0	0	0	0	0	0
05.500,00.000	41.1	5.5	-200	0	4.5	1741.85	323.879	534.281	245.775	139.705	86.916	76.1399	97.5794	71.1744	52.1326	33.6824	28.8062	41.2844	8.70714	1.78657	0	0	0	0	0	0
05.500,00.000	41.2	5.5	-200	0	4.5	1745.87	324.18	535.168	245.803	139.705	86.9218	76.3972	97.8261	71.7618	52.8815	34.1866	28.8694	41.681	8.70714	1.78657	0	0	0	0	0	0
05.500,00.000	41.3	5.5	-200	0	4.5	1749.88	324.468	536.042	245.831	139.705	86.927	76.6518	98.0639	72.3556	53.6438	34.6959	28.9295	42.0765	8.70714	1.78657	0	0	0	0	0	0
05.500,00.000	41.4	5.5	-200	0	4.5	1753.88	324.743	536.906	245.858	139.705	86.9316	76.9039	98.2918	72.9572	54.4237	35.2108	28.9859	42.471	8.70714	1.78657	0	0	0	0	0	0
05.500,00.000	41.5	5.5	-200	0	4.5	1757.86	325.002	537.759	245.884	139.705	86.9356	77.1535	98.5105	73.5658	55.2203	35.5371	29.2336	42.8649	8.70714	1.78657	0	0	0	0	0	0
05.500,00.000	41.6	5.5	-200	0	4.5	1761.89	325.22	538.595	245.91	139.705	86.939	77.4084	98.7308	74.1905	56.0586	35.8544	29.5137	43.2687	8.70714	1.78657	0	0	0	0	0	0
05.500,00.000	41.7	5.5	-200	0	4.5	1786.44	326.288	542.734	246.89	139.705	86.9556	78.9806	100.051	77.9951	61.4788	37.8583	31.2604	45.7462	8.70714	1.78657	0	0	0	0	0	0
05.500,00.000	41.8	5.5	-200	0	4.5	1791.28	326.539	543.309	247.363	139.705	86.9587	79.2913	100.304	78.6883	62.5493	38.2057	31.6577	46.2188	8.70714	1.78657	0	0	0	0	0	0
05.500,00.000	41.9	5.5	-200	0	4.5	1807.24	327.34	544.837	249.181	139.705	86.9676	80.2853	101.069	81.1419	66.1637	39.5365	32.8191	47.6965	8.70714	1.78657	0	0	0	0	0	0
05.500,00.000	42	5.5	-200	0	4.5	1815.18	327.74	545.566	250.133	139.705	86.9737	80.3426	101.887	82.4153	67.9898	40.1938	33.4318	48.3105	8.70714	1.78657	0	0	0	0	0	0