
label	time(d)	x	depth	z	radius	total	0-10	10-20	20-30	30-40	40-50	50-60	60-70	70-80	80-90	90-100	100-110	110-120	120-130	130-140	140-150	150-160	160-170	170-180	180-190	190-200
00.000,00.000	0	0	-200	0	4.5	0	0	0	0	0	0	0	0	0	0	0	0	0	0	0	0	0	0	0	0	0
00.000,00.000	0.1	0	-200	0	4.5	0.372517	0.372517	0	0	0	0	0	0	0	0	0	0	0	0	0	0	0	0	0	0	0
00.000,00.000	0.2	0	-200	0	4.5	0.749708	0.749708	0	0	0	0	0	0	0	0	0	0	0	0	0	0	0	0	0	0	0
00.000,00.000	0.3	0	-200	0	4.5	1.1318	1.1318	0	0	0	0	0	0	0	0	0	0	0	0	0	0	0	0	0	0	0
00.000,00.000	0.4	0	-200	0	4.5	1.5182	1.5182	0	0	0	0	0	0	0	0	0	0	0	0	0	0	0	0	0	0	0
00.000,00.000	0.5	0	-200	0	4.5	1.90745	1.90745	0	0	0	0	0	0	0	0	0	0	0	0	0	0	0	0	0	0	0
00.000,00.000	0.6	0	-200	0	4.5	2.29789	2.29789	0	0	0	0	0	0	0	0	0	0	0	0	0	0	0	0	0	0	0
00.000,00.000	0.7	0	-200	0	4.5	2.68996	2.68996	0	0	0	0	0	0	0	0	0	0	0	0	0	0	0	0	0	0	0
00.000,00.000	0.8	0	-200	0	4.5	3.08468	3.08468	0	0	0	0	0	0	0	0	0	0	0	0	0	0	0	0	0	0	0
00.000,00.000	0.9	0	-200	0	4.5	3.48288	3.48288	0	0	0	0	0	0	0	0	0	0	0	0	0	0	0	0	0	0	0
00.000,00.000	1	0	-200	0	4.5	3.88503	3.88503	0	0	0	0	0	0	0	0	0	0	0	0	0	0	0	0	0	0	0
00.000,00.000	1.1	0	-200	0	4.5	4.29966	4.29966	0	0	0	0	0	0	0	0	0	0	0	0	0	0	0	0	0	0	0
00.000,00.000	1.2	0	-200	0	4.5	4.72854	4.72854	0	0	0	0	0	0	0	0	0	0	0	0	0	0	0	0	0	0	0
00.000,00.000	1.3	0	-200	0	4.5	5.1715	5.1715	0	0	0	0	0	0	0	0	0	0	0	0	0	0	0	0	0	0	0
00.000,00.000	1.4	0	-200	0	4.5	5.62771	5.62771	0	0	0	0	0	0	0	0	0	0	0	0	0	0	0	0	0	0	0
00.000,00.000	1.5	0	-200	0	4.5	6.09615	6.09615	0	0	0	0	0	0	0	0	0	0	0	0	0	0	0	0	0	0	0
00.000,00.000	1.6	0	-200	0	4.5	6.57675	6.57675	0	0	0	0	0	0	0	0	0	0	0	0	0	0	0	0	0	0	0
00.000,00.000	1.7	0	-200	0	4.5	7.07574	7.07574	0	0	0	0	0	0	0	0	0	0	0	0	0	0	0	0	0	0	0
00.000,00.000	1.8	0	-200	0	4.5	7.59198	7.59198	0	0	0	0	0	0	0	0	0	0	0	0	0	0	0	0	0	0	0
00.000,00.000	1.9	0	-200	0	4.5	8.12552	7.86828	0.257235	0	0	0	0	0	0	0	0	0	0	0	0	0	0	0	0	0	0
00.000,00.000	2	0	-200	0	4.5	8.6779	8.15622	0.521682	0	0	0	0	0	0	0	0	0	0	0	0	0	0	0	0	0	0
00.000,00.000	2.1	0	-200	0	4.5	9.30681	8.52008	0.786731	0	0	0	0	0	0	0	0	0	0	0	0	0	0	0	0	0	0
00.000,00.000	2.2	0	-200	0	4.5	10.0908	9.03382	1.05701	0	0	0	0	0	0	0	0	0	0	0	0	0	0	0	0	0	0
00.000,00.000	2.3	0	-200	0	4.5	11.0216	9.69035	1.3313	0	0	0	0	0	0	0	0	0	0	0	0	0	0	0	0	0	0
00.000,00.000	2.4	0	-200	0	4.5	12.0926	10.4855	1.60706	0	0	0	0	0	0	0	0	0	0	0	0	0	0	0	0	0	0
00.000,00.000	2.5	0	-200	0	4.5	13.3005	11.4181	1.88241	0	0	0	0	0	0	0	0	0	0	0	0	0	0	0	0	0	0
00.000,00.000	2.6	0	-200	0	4.5	14.6436	12.4873	2.15634	0	0	0	0	0	0	0	0	0	0	0	0	0	0	0	0	0	0
00.000,00.000	2.7	0	-200	0	4.5	16.1235	13.694	2.42949	0	0	0	0	0	0	0	0	0	0	0	0	0	0	0	0	0	0
00.000,00.000	2.8	0	-200	0	4.5	17.7432	15.0408	2.70238	0	0	0	0	0	0	0	0	0	0	0	0	0	0	0	0	0	0
00.000,00.000	2.9	0	-200	0	4.5	19.5076	16.532	2.97557	0	0	0	0	0	0	0	0	0	0	0	0	0	0	0	0	0	0
00.000,00.000	3	0	-200	0	4.5	21.4176	18.1678	3.24985	0	0	0	0	0	0	0	0	0	0	0	0	0	0	0	0	0	0
00.000,00.000	3.1	0	-200	0	4.5	23.3983	19.8733	3.52499	0	0	0	0	0	0	0	0	0	0	0	0	0	0	0	0	0	0
00.000,00.000	3.2	0	-200	0	4.5	25.369	21.5693	3.79972	0	0	0	0	0	0	0	0	0	0	0	0	0	0	0	0	0	0
00.000,00.000	3.3	0	-200	0	4.5	27.3339	23.2596	4.0743	0	0	0	0	0	0	0	0	0	0	0	0	0	0	0	0	0	0
00.000,00.000	3.4	0	-200	0	4.5	29.2858	24.9377	4.34817	0	0	0	0	0	0	0	0	0	0	0	0	0	0	0	0	0	0
00.000,00.000	3.5	0	-200	0	4.5	31.2209	26.6005	4.62042	0	0	0	0	0	0	0	0	0	0	0	0	0	0	0	0	0	0
00.000,00.000	3.6	0	-200	0	4.5	33.1377	28.2471	4.89067	0	0	0	0	0	0	0	0	0	0	0	0	0	0	0	0	0	0
00.000,00.000	3.7	0	-200	0	4.5	35.0396	29.8803	5.15929	0	0	0	0	0	0	0	0	0	0	0	0	0	0	0	0	0	0
00.000,00.000	3.8	0	-200	0	4.5	36.9313	31.5044	5.42696	0	0	0	0	0	0	0	0	0	0	0	0	0	0	0	0	0	0
00.000,00.000	3.9	0	-200	0	4.5	38.8177	33.1234	5.69428	0	0	0	0	0	0	0	0	0	0	0	0	0	0	0	0	0	0
00.000,00.000	4	0	-200	0	4.5	40.7004	34.7383	5.9621	0	0	0	0	0	0	0	0	0	0	0	0	0	0	0	0	0	0
00.000,00.000	4.1	0	-200	0	4.5	42.577	36.3471	6.22992	0	0	0	0	0	0	0	0	0	0	0	0	0	0	0	0	0	0
00.000,00.000	4.2	0	-200	0	4.5	44.4375	37.9409	6.49661	0	0	0	0	0	0	0	0	0	0	0	0	0	0	0	0	0	0
00.000,00.000	4.3	0	-200	0	4.5	46.0638	39.3015	6.76237	0	0	0	0	0	0	0	0	0	0	0	0	0	0	0	0	0	0
00.000,00.000	4.4	0	-200	0	4.5	47.5734	40.528	7.04546	0	0	0	0	0	0	0	0	0	0	0	0	0	0	0	0	0	0
00.000,00.000	4.5	0	-200	0	4.5	49.0662	40.9891	8.07708	0	0	0	0	0	0	0	0	0	0	0	0	0	0	0	0	0	0
00.000,00.000	4.6	0	-200	0	4.5	50.5372	41.2966	9.24062	0	0	0	0	0	0	0	0	0	0	0	0	0	0	0	0	0	0
00.000,00.000	4.7	0	-200	0	4.5	51.7127	41.5069	10.2059	0	0	0	0	0	0	0	0	0	0	0	0	0	0	0	0	0	0
00.000,00.000	4.8	0	-200	0	4.5	52.3582	41.5392	10.819	0	0	0	0	0	0	0	0	0	0	0	0	0	0	0	0	0	0
00.000,00.000	4.9	0	-200	0	4.5	52.9161	41.5598	11.3563	0	0	0	0	0	0	0	0	0	0	0	0	0	0	0	0	0	0
00.000,00.000	5	0	-200	0	4.5	53.4667	41.5762	11.8905	0	0	0	0	0	0	0	0	0	0	0	0	0	0	0	0	0	0
00.000,00.000	5.1	0	-200	0	4.5	54.0151	41.5916	12.4235	0	0	0	0	0	0	0	0	0	0	0	0	0	0	0	0	0	0
00.000,00.000	5.2	0	-200	0	4.5	54.5663	41.6118	12.9545	0	0	0	0	0	0	0	0	0	0	0	0	0	0	0	0	0	0
00.000,00.000	5.3	0	-200	0	4.5	55.1187	41.6351	13.4836	0	0	0	0	0	0	0	0	0	0	0	0	0	0	0	0	0	0
00.000,00.000	5.4	0	-200	0	4.5	55.4252	41.6637	13.7615	0	0	0	0	0	0	0	0	0	0	0	0	0	0	0	0	0	0
00.000,00.000	5.5	0	-200	0	4.5	55.7016	41.6957	14.0059	0	0	0	0	0	0	0	0	0	0	0	0	0	0	0	0	0	0
00.000,00.000	5.6	0	-200	0	4.5	55.9807	41.7321	14.2486	0	0	0	0	0	0	0	0	0	0	0	0	0	0	0	0	0	0
00.000,00.000	5.7	0	-200	0	4.5	56.2646	41.7749	14.4009	0.0887297	0	0	0	0	0	0	0	0	0	0	0	0	0	0	0	0	0
00.000,00.000	5.8	0	-200	0	4.5	56.5504	41.8218	14.3996	0.328965	0	0	0	0	0	0	0	0	0	0	0	0	0	0	0	0	0
00.000,00.000	5.9	0	-200	0	4.5	56.8403	41.8749	14.3996	0.565741	0	0	0	0	0	0	0	0	0	0	0	0	0	0	0	0	0
00.000,00.000	6	0	-200	0	4.5	57.1362	41.9356	14.3996	0.801018	0	0	0	0	0	0	0	0	0	0	0	0	0	0	0	0	0
00.000,00.000	6.1	0	-200	0	4.5	57.4407	42.0062	14.3999	1.03461	0	0	0	0	0	0	0	0	0	0	0	0	0	0	0	0	0
00.000,00.000	6.2	0	-200	0	4.5	57.7579	42.0891	14.4015	1.26725	0	0	0	0	0	0	0	0	0	0	0	0	0	0	0	0	0
00.000,00.000	6.3	0	-200	0	4.5	58.0895	42.1863	14.4034	1.49986	0	0	0	0	0	0	0	0	0	0	0	0	0	0	0	0	0
00.000,00.000	6.4	0	-200	0	4.5	58.4348	42.2966	14.406	1.73222	0	0	0	0	0	0	0	0	0	0	0	0	0	0	0	0	0
00.000,00.000	6.5	0	-200	0	4.5	58.8006	42.4261	14.4106	1.96386	0	0	0	0	0	0	0	0	0	0	0	0	0	0	0	0	0
00.000,00.000	6.6	0	-200	0	4.5	59.1915	42.5807	14.4161	2.19466	0	0	0	0	0	0	0	0	0	0	0	0	0	0	0	0	0
00.000,00.000	6.7	0	-200	0	4.5	59.6073	42.7595	14.4233	2.42448	0	0	0	0	0	0	0	0	0	0	0	0	0	0	0	0	0
00.000,00.000	6.8	0	-200	0	4.5	60.0553	42.9672	14.4349	2.65317	0	0	0	0	0	0	0	0	0	0	0	0	0	0	0	0	0
00.000,00.000	6.9	0	-200	0	4.5	60.5409	43.2112	14.4485	2.88115	0	0	0	0	0	0	0	0	0	0	0	0	0	0	0	0	0
00.000,00.000	7	0	-200	0	4.5	61.0681	43.4939	14.4651	3.10915	0	0	0	0	0	0	0	0	0	0	0	0	0	0	0	0	0
00.000,00.000	7.1	0	-200	0	4.5	61.644	43.821	14.4856	3.33742	0	0	0	0	0	0	0	0	0	0	0	0	0	0	0	0	0
00.000,00.000	7.2	0	-200	0	4.5	62.2638	44.1905	14.509	3.56441	0	0	0	0	0	0	0	0	0	0	0	0	0	0	0	0	0
00.000,00.000	7.3	0	-200	0	4.5	62.9291	44.6039	14.5355	3.78966	0	0	0	0	0	0	0	0	0	0	0	0	0	0	0	0	0
00.000,00.000	7.4	0	-200	0	4.5	63.6439	45.0655	14.5652	4.01318	0	0	0	0	0	0	0	0	0	0	0	0	0	0	0	0	0
00.000,00.000	7.5	0	-200	0	4.5	64.4052	45.5721	14.5984	4.23464	0	0	0	0	0	0	0	0	0	0	0	0	0	0	0	0	0
00.000,00.000	7.6	0	-200	0	4.5	65.2149	46.1267	14.6344	4.45381	0	0	0	0	0	0	0	0	0	0	0	0	0	0	0	0	0
00.000,00.000	7.7	0	-200	0	4.5	66.0741	46.7306	14.6733	4.6703	0	0	0	0	0	0	0	0	0	0	0	0	0	0	0	0	0
00.000,00.000	7.8	0	-200	0	4.5	66.9848	47.3846	14.7157	4.88438	0	0	0	0	0	0	0	0	0	0	0	0	0	0	0	0	0
00.000,00.000	7.9	0	-200	0	4.5	67.9505	48.093	14.7609	5.09669	0	0	0	0	0	0	0	0	0	0	0	0	0	0	0	0	0
00.000,00.000	8	0	-200	0	4.5	68.9722	48.8558	14.8093	5.30723	0	0	0	0	0	0	0	0	0	0	0	0	0	0	0	0	0
00.000,00.000	8.1	0	-200	0	4.5	70.0517	49.6737	14.8619	5.5161	0	0	0	0	0	0	0	0	0	0	0	0	0	0	0	0	0
00.000,00.000	8.2	0	-200	0	4.5	71.1869	50.546	14.9174	5.7235	0	0	0	0	0	0	0	0	0	0	0	0	0	0	0	0	0
00.000,00.000	8.3	0	-200	0	4.5	72.3831	51.4772	14.9764	5.92954	0	0	0	0	0	0	0	0	0	0	0	0	0	0	0	0	0
00.000,00.000	8.4	0	-200	0	4.5	73.6384	52.4642	15.0399	6.13419	0	0	0	0	0	0	0	0	0	0	0	0	0	0	0	0	0
00.000,00.000	8.5	0	-200	0	4.5	74.95	53.5033	15.1095	6.33726	0	0	0	0	0	0	0	0	0	0	0	0	0	0	0	0	0
00.000,00.000	8.6	0	-200	0	4.5	76.3215	54.5965	15.1864	6.53867	0	0	0	0	0	0	0	0	0	0	0	0	0	0	0	0	0
00.000,00.000	8.7	0	-200	0	4.5	77.7491	55.7377	15.273	6.73841	0	0	0	0	0	0	0	0	0	0	0	0	0	0	0	0	0
00.000,00.000	8.8	0	-200	0	4.5	79.2371	56.9316	15.369	6.93644	0	0	0	0	0	0	0	0	0	0	0	0	0	0	0	0	0
00.000,00.000	8.9	0	-200	0	4.5	80.79	58.1828	15.474	7.13318	0	0	0	0	0	0	0	0	0	0	0	0	0	0	0	0	0
00.000,00.000	9	0	-200	0	4.5	82.4135	59.4949	15.5899	7.3287	0	0	0	0	0	0	0	0	0	0	0	0	0	0	0	0	0
00.000,00.000	9.1	0	-200	0	4.5	84.1192	60.8791	15.7174	7.52278	0	0	0	0	0	0	0	0	0	0	0	0	0	0	0	0	0
00.000,00.000	9.2	0	-200	0	4.5	85.9557	62.3804	15.8594	7.71594	0	0	0	0	0	0	0	0	0	0	0	0	0	0	0	0	0
00.000,00.000	9.3	0	-200	0	4.5	87.904	63.978	16.0168	7.90912	0	0	0	0	0	0	0	0	0	0	0	0	0	0	0	0	0
00.000,00.000	9.4	0	-200	0	4.5	89.9581	65.6662	16.1887	8.10316	0	0	0	0	0	0	0	0	0	0	0	0	0	0	0	0	0
00.000,00.000	9.5	0	-200	0	4.5	92.1137	67.4393	16.3762	8.29823	0	0	0	0	0	0	0	0	0	0	0	0	0	0	0	0	0
00.000,00.000	9.6	0	-200	0	4.5	94.3697	69.2975	16.578	8.49418	0	0	0	0	0	0	0	0	0	0	0	0	0	0	0	0	0
00.000,00.000	9.7	0	-200	0	4.5	96.73	71.246	16.7931	8.69087	0	0	0	0	0	0	0	0	0	0	0	0	0	0	0	0	0
00.000,00.000	9.8	0	-200	0	4.5	99.2073	73.2911	17.0273	8.88883	0	0	0	0	0	0	0	0	0	0	0	0	0	0	0	0	0
00.000,00.000	9.9	0	-200	0	4.5	101.817	75.4491	17.279	9.08877	0	0	0	0	0	0	0	0	0	0	0	0	0	0	0	0	0
00.000,00.000	10	0	-200	0	4.5	104.57	77.7263	17.5527	9.29147	0	0	0	0	0	0	0	0	0	0	0	0	0	0	0	0	0
00.000,00.000	10.1	0	-200	0	4.5	107.471	80.1316	17.842	9.49759	0	0	0	0	0	0	0	0	0	0	0	0	0	0	0	0	0
00.000,00.000	10.2	0	-200	0	4.5	110.437	82.5915	18.1426	9.70309	0	0	0	0	0	0	0	0	0	0	0	0	0	0	0	0	0
00.000,00.000	10.3	0	-200	0	4.5	113.522	85.159	18.4555	9.90738	0	0	0	0	0	0	0	0	0	0	0	0	0	0	0	0	0
00.000,00.000	10.4	0	-200	0	4.5	116.705	87.8159	18.7791	10.1101	0	0	0	0	0	0	0	0	0	0	0	0	0	0	0	0	0
00.000,00.000	10.5	0	-200	0	4.5	119.96	90.552	19.1123	10.2118	0.0834746	0	0	0	0	0	0	0	0	0	0	0	0	0	0	0	0
00.000,00.000	10.6	0	-200	0	4.5	123.117	93.3681	19.4538	10.2118	0.0834746	0	0	0	0	0	0	0	0	0	0	0	0	0	0	0	0
00.000,00.000	10.7	0	-200	0	4.5	126.371	96.2704	19.805	10.2118	0.0834746	0	0	0	0	0	0	0	0	0	0	0	0	0	0	0	0
00.000,00.000	10.8	0	-200	0	4.5	129.734	99.2711	20.1674	10.2118	0.0834746	0	0	0	0	0	0	0	0	0	0	0	0	0	0	0	0
00.000,00.000	10.9	0	-200	0	4.5	133.222	102.383	20.5432	10.2118	0.0834746	0	0	0	0	0	0	0	0	0	0	0	0	0	0	0	0
00.000,00.000	11	0	-200	0	4.5	136.84	105.611	20.9343	10.212	0.0834746	0	0	0	0	0	0	0	0	0	0	0	0	0	0	0	0
00.000,00.000	11.1	0	-200	0	4.5	140.561	108.925	21.3391	10.2139	0.0834746	0	0	0	0	0	0	0	0	0	0	0	0	0	0	0	0
00.000,00.000	11.2	0	-200	0	4.5	144.382	112.337	21.7456	10.2161	0.0834746	0	0	0	0	0	0	0	0	0	0	0	0	0	0	0	0
00.000,00.000	11.3	0	-200	0	4.5	148.315	115.854	22.1582	10.2193	0.0834746	0	0	0	0	0	0	0	0	0	0	0	0	0	0	0	0
00.000,00.000	11.4	0	-200	0	4.5	152.362	119.467	22.5873	10.2249	0.0834746	0	0	0	0	0	0	0	0	0	0	0	0	0	0	0	0
00.000,00.000	11.5	0	-200	0	4.5	156.509	123.166	23.0276	10.2318	0.0834746	0	0	0	0	0	0	0	0	0	0	0	0	0	0	0	0
00.000,00.000	11.6	0	-200	0	4.5	160.753	126.964	23.4648	10.2406	0.0834746	0	0	0	0	0	0	0	0	0	0	0	0	0	0	0	0
00.000,00.000	11.7	0	-200	0	4.5	165.099	130.831	23.9321	10.2522	0.0834746	0	0	0	0	0	0	0	0	0	0	0	0	0	0	0	0
00.000,00.000	11.8	0	-200	0	4.5	169.551	134.776	24.4259	10.2657	0.0834746	0	0	0	0	0	0	0	0	0	0	0	0	0	0	0	0
00.000,00.000	11.9	0	-200	0	4.5	174.09	138.8	24.9253	10.2816	0.0834746	0	0	0	0	0	0	0	0	0	0	0	0	0	0	0	0
00.000,00.000	12	0	-200	0	4.5	178.739	142.932	25.4233	10.3	0.0834746	0	0	0	0	0	0	0	0	0	0	0	0	0	0	0	0
00.000,00.000	12.1	0	-200	0	4.5	183.498	147.169	25.9226	10.3221	0.0834746	0	0	0	0	0	0	0	0	0	0	0	0	0	0	0	0
00.000,00.000	12.2	0	-200	0	4.5	188.317	151.455	26.4323	10.3463	0.0834746	0	0	0	0	0	0	0	0	0	0	0	0	0	0	0	0
00.000,00.000	12.3	0	-200	0	4.5	193.21	155.79	26.9629	10.3732	0.0834746	0	0	0	0	0	0	0	0	0	0	0	0	0	0	0	0
00.000,00.000	12.4	0	-200	0	4.5	198.16	160.041	27.633	10.4028	0.0834746	0	0	0	0	0	0	0	0	0	0	0	0	0	0	0	0
00.000,00.000	12.5	0	-200	0	4.5	203.143	163.818	28.8059	10.4361	0.0834746	0	0	0	0	0	0	0	0	0	0	0	0	0	0	0	0
00.000,00.000	12.6	0	-200	0	4.5	208.164	167.248	30.361	10.4717	0.0834746	0	0	0	0	0	0	0	0	0	0	0	0	0	0	0	0
00.000,00.000	12.7	0	-200	0	4.5	213.239	170.716	31.9292	10.5098	0.0834746	0	0	0	0	0	0	0	0	0	0	0	0	0	0	0	0
00.000,00.000	12.8	0	-200	0	4.5	218.379	174.238	33.5074	10.5507	0.0834746	0	0	0	0	0	0	0	0	0	0	0	0	0	0	0	0
00.000,00.000	12.9	0	-200	0	4.5	223.567	177.792	35.0966	10.5957	0.0834746	0	0	0	0	0	0	0	0	0	0	0	0	0	0	0	0
00.000,00.000	13	0	-200	0	4.5	228.867	181.415	36.7255	10.6435	0.0834746	0	0	0	0	0	0	0	0	0	0	0	0	0	0	0	0
00.000,00.000	13.1	0	-200	0	4.5	234.236	185.066	38.392	10.6947	0.0834746	0	0	0	0	0	0	0	0	0	0	0	0	0	0	0	0
00.000,00.000	13.2	0	-200	0	4.5	239.648	188.737	40.078	10.749	0.0834746	0	0	0	0	0	0	0	0	0	0	0	0	0	0	0	0
00.000,00.000	13.3	0	-200	0	4.5	245.127	192.435	41.7993	10.8089	0.0834746	0	0	0	0	0	0	0	0	0	0	0	0	0	0	0	0
00.000,00.000	13.4	0	-200	0	4.5	250.686	196.185	43.544	10.8729	0.0834746	0	0	0	0	0	0	0	0	0	0	0	0	0	0	0	0
00.000,00.000	13.5	0	-200	0	4.5	256.283	199.958	45.3005	10.9408	0.0834746	0	0	0	0	0	0	0	0	0	0	0	0	0	0	0	0
00.000,00.000	13.6	0	-200	0	4.5	261.867	203.673	47.0976	11.0125	0.0834746	0	0	0	0	0	0	0	0	0	0	0	0	0	0	0	0
00.000,00.000	13.7	0	-200	0	4.5	267.493	207.388	48.9331	11.0886	0.0834746	0	0	0	0	0	0	0	0	0	0	0	0	0	0	0	0
00.000,00.000	13.8	0	-200	0	4.5	273.156	211.134	50.7701	11.1689	0.0834746	0	0	0	0	0	0	0	0	0	0	0	0	0	0	0	0
00.000,00.000	13.9	0	-200	0	4.5	278.819	214.85	52.6314	11.2536	0.0834746	0	0	0	0	0	0	0	0	0	0	0	0	0	0	0	0
00.000,00.000	14	0	-200	0	4.5	284.49	218.562	54.5016	11.3426	0.0834746	0	0	0	0	0	0	0	0	0	0	0	0	0	0	0	0
00.000,00.000	14.1	0	-200	0	4.5	290.197	222.164	56.5118	11.4378	0.0834746	0	0	0	0	0	0	0	0	0	0	0	0	0	0	0	0
00.000,00.000	14.2	0	-200	0	4.5	295.863	225.69	58.5511	11.5384	0.0834746	0	0	0	0	0	0	0	0	0	0	0	0	0	0	0	0
00.000,00.000	14.3	0	-200	0	4.5	301.477	229.092	60.6593	11.642	0.0834746	0	0	0	0	0	0	0	0	0	0	0	0	0	0	0	0
00.000,00.000	14.4	0	-200	0	4.5	306.942	232.44	62.669	11.7492	0.0834746	0	0	0	0	0	0	0	0	0	0	0	0	0	0	0	0
00.000,00.000	14.5	0	-200	0	4.5	312.335	235.721	64.67	11.8601	0.0834746	0	0	0	0	0	0	0	0	0	0	0	0	0	0	0	0
00.000,00.000	14.6	0	-200	0	4.5	318.563	239.486	66.9986	11.9945	0.0834746	0	0	0	0	0	0	0	0	0	0	0	0	0	0	0	0
00.000,00.000	14.7	0	-200	0	4.5	324.69	243.164	69.3093	12.1332	0.0834746	0	0	0	0	0	0	0	0	0	0	0	0	0	0	0	0
00.000,00.000	14.8	0	-200	0	4.5	329.062	245.769	70.9726	12.2361	0.0834746	0	0	0	0	0	0	0	0	0	0	0	0	0	0	0	0
00.000,00.000	14.9	0	-200	0	4.5	334.514	249.005	73.0548	12.3707	0.0834746	0	0	0	0	0	0	0	0	0	0	0	0	0	0	0	0
00.000,00.000	15	0	-200	0	4.5	339.752	252.109	75.0536	12.5065	0.0834746	0	0	0	0	0	0	0	0	0	0	0	0	0	0	0	0
00.000,00.000	15.1	0	-200	0	4.5	344.842	255.055	77.0617	12.6426	0.0834746	0	0	0	0	0	0	0	0	0	0	0	0	0	0	0	0
00.000,00.000	15.2	0	-200	0	4.5	349.838	257.9	79.0703	12.7834	0.0834746	0	0	0	0	0	0	0	0	0	0	0	0	0	0	0	0
00.000,00.000	15.3	0	-200	0	4.5	354.773	260.671	81.0896	12.9292	0.0834746	0	0	0	0	0	0	0	0	0	0	0	0	0	0	0	0
00.000,00.000	15.4	0	-200	0	4.5	359.636	263.357	83.1155	13.0796	0.0834746	0	0	0	0	0	0	0	0	0	0	0	0	0	0	0	0
00.000,00.000	15.5	0	-200	0	4.5	364.417	265.942	85.0527	13.338	0.0834746	0	0	0	0	0	0	0	0	0	0	0	0	0	0	0	0
00.000,00.000	15.6	0	-200	0	4.5	371.037	269.436	87.5576	13.9602	0.0834746	0	0	0	0	0	0	0	0	0	0	0	0	0	0	0	0
00.000,00.000	15.7	0	-200	0	4.5	376.597	272.321	89.346	14.8465	0.0834746	0	0	0	0	0	0	0	0	0	0	0	0	0	0	0	0
00.000,00.000	15.8	0	-200	0	4.5	379.609	273.871	90.2447	15.4099	0.0834746	0	0	0	0	0	0	0	0	0	0	0	0	0	0	0	0
00.000,00.000	15.9	0	-200	0	4.5	384.8	276.533	91.642	16.5421	0.0834746	0	0	0	0	0	0	0	0	0	0	0	0	0	0	0	0
00.000,00.000	16	0	-200	0	4.5	389.52	278.904	92.9155	17.6162	0.0834746	0	0	0	0	0	0	0	0	0	0	0	0	0	0	0	0
00.000,00.000	16.1	0	-200	0	4.5	393.847	281.045	94.1116	18.6069	0.0834746	0	0	0	0	0	0	0	0	0	0	0	0	0	0	0	0
00.000,00.000	16.2	0	-200	0	4.5	398.078	283.155	95.2352	19.6037	0.0834746	0	0	0	0	0	0	0	0	0	0	0	0	0	0	0	0
00.000,00.000	16.3	0	-200	0	4.5	402.314	285.228	96.4014	20.6017	0.0834746	0	0	0	0	0	0	0	0	0	0	0	0	0	0	0	0
00.000,00.000	16.4	0	-200	0	4.5	406.506	287.263	97.5616	21.5984	0.0834746	0	0	0	0	0	0	0	0	0	0	0	0	0	0	0	0
00.000,00.000	16.5	0	-200	0	4.5	412.904	290.368	99.3187	23.1337	0.0834746	0	0	0	0	0	0	0	0	0	0	0	0	0	0	0	0
00.000,00.000	16.6	0	-200	0	4.5	419.481	293.554	101.12	24.7238	0.0834746	0	0	0	0	0	0	0	0	0	0	0	0	0	0	0	0
00.000,00.000	16.7	0	-200	0	4.5	421.056	294.308	101.557	25.1076	0.0834746	0	0	0	0	0	0	0	0	0	0	0	0	0	0	0	0
00.000,00.000	16.8	0	-200	0	4.5	421.353	294.45	101.638	25.1815	0.0834746	0	0	0	0	0	0	0	0	0	0	0	0	0	0	0	0
00.000,00.000	16.9	0	-200	0	4.5	425.737	296.548	102.824	26.2817	0.0834746	0	0	0	0	0	0	0	0	0	0	0	0	0	0	0	0
00.000,00.000	17	0	-200	0	4.5	430.788	298.913	104.241	27.5501	0.0834746	0	0	0	0	0	0	0	0	0	0	0	0	0	0	0	0
00.000,00.000	17.1	0	-200	0	4.5	434.855	300.819	105.373	28.5789	0.0834746	0	0	0	0	0	0	0	0	0	0	0	0	0	0	0	0
00.000,00.000	17.2	0	-200	0	4.5	438.724	302.643	106.436	29.5619	0.0834746	0	0	0	0	0	0	0	0	0	0	0	0	0	0	0	0
00.000,00.000	17.3	0	-200	0	4.5	442.603	304.475	107.496	30.5486	0.0834746	0	0	0	0	0	0	0	0	0	0	0	0	0	0	0	0
00.000,00.000	17.4	0	-200	0	4.5	446.526	306.305	108.601	31.5355	0.0834746	0	0	0	0	0	0	0	0	0	0	0	0	0	0	0	0
00.000,00.000	17.5	0	-200	0	4.5	454.957	310.234	110.982	33.6574	0.0834746	0	0	0	0	0	0	0	0	0	0	0	0	0	0	0	0
00.000,00.000	17.6	0	-200	0	4.5	460.731	312.911	112.635	35.1018	0.0834746	0	0	0	0	0	0	0	0	0	0	0	0	0	0	0	0
00.000,00.000	17.7	0	-200	0	4.5	461.417	313.227	112.834	35.2727	0.0834746	0	0	0	0	0	0	0	0	0	0	0	0	0	0	0	0
00.000,00.000	17.8	0	-200	0	4.5	461.833	313.422	112.95	35.3775	0.0834746	0	0	0	0	0	0	0	0	0	0	0	0	0	0	0	0
00.000,00.000	17.9	0	-200	0	4.5	464.452	314.672	113.66	36.0361	0.0834746	0	0	0	0	0	0	0	0	0	0	0	0	0	0	0	0
00.000,00.000	18	0	-200	0	4.5	470.268	317.493	115.201	37.4901	0.0834746	0	0	0	0	0	0	0	0	0	0	0	0	0	0	0	0
00.000,00.000	18.1	0	-200	0	4.5	474.804	319.723	116.382	38.616	0.0834746	0	0	0	0	0	0	0	0	0	0	0	0	0	0	0	0
00.000,00.000	18.2	0	-200	0	4.5	478.768	321.705	117.376	39.6042	0.0834746	0	0	0	0	0	0	0	0	0	0	0	0	0	0	0	0
00.000,00.000	18.3	0	-200	0	4.5	482.758	323.729	118.344	40.6016	0.0834746	0	0	0	0	0	0	0	0	0	0	0	0	0	0	0	0
00.000,00.000	18.4	0	-200	0	4.5	486.783	325.8	119.296	41.6028	0.0834746	0	0	0	0	0	0	0	0	0	0	0	0	0	0	0	0
00.000,00.000	18.5	0	-200	0	4.5	498.488	331.889	122.028	44.4872	0.0834746	0	0	0	0	0	0	0	0	0	0	0	0	0	0	0	0
00.000,00.000	18.6	0	-200	0	4.5	503.668	334.609	123.211	45.7647	0.0834746	0	0	0	0	0	0	0	0	0	0	0	0	0	0	0	0
00.000,00.000	18.7	0	-200	0	4.5	503.917	334.741	123.267	45.8252	0.0834746	0	0	0	0	0	0	0	0	0	0	0	0	0	0	0	0
00.000,00.000	18.8	0	-200	0	4.5	504.297	334.948	123.349	45.9169	0.0834746	0	0	0	0	0	0	0	0	0	0	0	0	0	0	0	0
00.000,00.000	18.9	0	-200	0	4.5	505.25	335.473	123.551	46.1425	0.0834746	0	0	0	0	0	0	0	0	0	0	0	0	0	0	0	0
00.000,00.000	19	0	-200	0	4.5	512.386	339.55	125.05	47.7028	0.0834746	0	0	0	0	0	0	0	0	0	0	0	0	0	0	0	0
00.000,00.000	19.1	0	-200	0	4.5	517.43	342.553	126.135	48.6585	0.0834746	0	0	0	0	0	0	0	0	0	0	0	0	0	0	0	0
00.000,00.000	19.2	0	-200	0	4.5	521.391	344.944	126.969	49.3939	0.0834746	0	0	0	0	0	0	0	0	0	0	0	0	0	0	0	0
00.000,00.000	19.3	0	-200	0	4.5	525.34	347.345	127.793	50.118	0.0834746	0	0	0	0	0	0	0	0	0	0	0	0	0	0	0	0
00.000,00.000	19.4	0	-200	0	4.5	529.293	349.759	128.613	50.8375	0.0834746	0	0	0	0	0	0	0	0	0	0	0	0	0	0	0	0
00.000,00.000	19.5	0	-200	0	4.5	533.22	352.147	129.436	51.5532	0.0834746	0	0	0	0	0	0	0	0	0	0	0	0	0	0	0	0
00.000,00.000	19.6	0	-200	0	4.5	546.174	359.063	133.139	53.6922	0.280702	0	0	0	0	0	0	0	0	0	0	0	0	0	0	0	0
00.000,00.000	19.7	0	-200	0	4.5	551.038	361.399	134.809	54.2805	0.549697	0	0	0	0	0	0	0	0	0	0	0	0	0	0	0	0
00.000,00.000	19.8	0	-200	0	4.5	551.398	361.568	134.936	54.3263	0.567216	0	0	0	0	0	0	0	0	0	0	0	0	0	0	0	0
00.000,00.000	19.9	0	-200	0	4.5	551.82	361.766	135.086	54.3794	0.587654	0	0	0	0	0	0	0	0	0	0	0	0	0	0	0	0
00.000,00.000	20	0	-200	0	4.5	557.64	364.515	137.2	54.8687	1.05649	0	0	0	0	0	0	0	0	0	0	0	0	0	0	0	0
00.000,00.000	20.1	0	-200	0	4.5	564.963	367.281	140.616	55.2953	1.77064	0	0	0	0	0	0	0	0	0	0	0	0	0	0	0	0
00.000,00.000	20.2	0	-200	0	4.5	569.614	368.983	142.899	55.5189	2.21325	0	0	0	0	0	0	0	0	0	0	0	0	0	0	0	0
00.000,00.000	20.3	0	-200	0	4.5	573.654	370.483	144.86	55.7255	2.58599	0	0	0	0	0	0	0	0	0	0	0	0	0	0	0	0
00.000,00.000	20.4	0	-200	0	4.5	577.76	372.026	146.849	55.9276	2.95693	0	0	0	0	0	0	0	0	0	0	0	0	0	0	0	0
00.000,00.000	20.5	0	-200	0	4.5	587.668	375.814	151.602	56.4112	3.84022	0	0	0	0	0	0	0	0	0	0	0	0	0	0	0	0
00.000,00.000	20.6	0	-200	0	4.5	603.859	382.098	159.395	57.1215	5.24438	0	0	0	0	0	0	0	0	0	0	0	0	0	0	0	0
00.000,00.000	20.7	0	-200	0	4.5	608.541	383.923	161.663	57.3136	5.64185	0	0	0	0	0	0	0	0	0	0	0	0	0	0	0	0
00.000,00.000	20.8	0	-200	0	4.5	608.854	384.047	161.811	57.3275	5.66762	0	0	0	0	0	0	0	0	0	0	0	0	0	0	0	0
00.000,00.000	20.9	0	-200	0	4.5	609.241	384.204	161.994	57.3447	5.69882	0	0	0	0	0	0	0	0	0	0	0	0	0	0	0	0
00.000,00.000	21	0	-200	0	4.5	609.81	384.437	162.259	57.3702	5.74352	0	0	0	0	0	0	0	0	0	0	0	0	0	0	0	0
00.000,00.000	21.1	0	-200	0	4.5	623.007	389.943	168.349	57.9665	6.74848	0	0	0	0	0	0	0	0	0	0	0	0	0	0	0	0
00.000,00.000	21.2	0	-200	0	4.5	630.638	393.161	171.867	58.296	7.31473	0	0	0	0	0	0	0	0	0	0	0	0	0	0	0	0
00.000,00.000	21.3	0	-200	0	4.5	635.381	395.205	174.006	58.5162	7.65369	0	0	0	0	0	0	0	0	0	0	0	0	0	0	0	0
00.000,00.000	21.4	0	-200	0	4.5	640.255	397.334	176.186	58.7424	7.99341	0	0	0	0	0	0	0	0	0	0	0	0	0	0	0	0
00.000,00.000	21.5	0	-200	0	4.5	663.195	407.473	186.304	59.854	9.56408	0	0	0	0	0	0	0	0	0	0	0	0	0	0	0	0
00.000,00.000	21.6	0	-200	0	4.5	668.128	409.651	188.531	60.0539	9.89216	0	0	0	0	0	0	0	0	0	0	0	0	0	0	0	0
00.000,00.000	21.7	0	-200	0	4.5	712.038	429.555	206.03	63.7286	12.7247	0	0	0	0	0	0	0	0	0	0	0	0	0	0	0	0
00.000,00.000	21.8	0	-200	0	4.5	722.815	434.484	209.96	64.9805	13.3905	0	0	0	0	0	0	0	0	0	0	0	0	0	0	0	0
00.000,00.000	21.9	0	-200	0	4.5	723.1	434.618	210.059	65.0167	13.407	0	0	0	0	0	0	0	0	0	0	0	0	0	0	0	0
00.000,00.000	22	0	-200	0	4.5	723.715	434.908	210.27	65.095	13.4417	0	0	0	0	0	0	0	0	0	0	0	0	0	0	0	0
00.000,00.000	22.1	0	-200	0	4.5	741.968	443.651	216.315	67.5616	14.4402	0	0	0	0	0	0	0	0	0	0	0	0	0	0	0	0
00.000,00.000	22.2	0	-200	0	4.5	751.982	448.507	219.538	68.965	14.9728	0	0	0	0	0	0	0	0	0	0	0	0	0	0	0	0
00.000,00.000	22.3	0	-200	0	4.5	757.678	451.263	221.233	69.9145	15.267	0	0	0	0	0	0	0	0	0	0	0	0	0	0	0	0
00.000,00.000	22.4	0	-200	0	4.5	763.513	454.089	222.915	70.946	15.5623	0	0	0	0	0	0	0	0	0	0	0	0	0	0	0	0
00.000,00.000	22.5	0	-200	0	4.5	785.968	464.75	229.204	75.3079	16.7063	0	0	0	0	0	0	0	0	0	0	0	0	0	0	0	0
00.000,00.000	22.6	0	-200	0	4.5	800.062	471.619	233.179	77.8392	17.4244	0	0	0	0	0	0	0	0	0	0	0	0	0	0	0	0
00.000,00.000	22.7	0	-200	0	4.5	802.997	473.051	234.003	78.373	17.5708	0	0	0	0	0	0	0	0	0	0	0	0	0	0	0	0
00.000,00.000	22.8	0	-200	0	4.5	803.434	473.264	234.126	78.452	17.592	0	0	0	0	0	0	0	0	0	0	0	0	0	0	0	0
00.000,00.000	22.9	0	-200	0	4.5	803.96	473.52	234.276	78.5468	17.6171	0	0	0	0	0	0	0	0	0	0	0	0	0	0	0	0
00.000,00.000	23	0	-200	0	4.5	804.724	473.893	234.495	78.6835	17.6527	0	0	0	0	0	0	0	0	0	0	0	0	0	0	0	0
00.000,00.000	23.1	0	-200	0	4.5	822.44	482.276	239.862	81.843	18.459	0	0	0	0	0	0	0	0	0	0	0	0	0	0	0	0
00.000,00.000	23.2	0	-200	0	4.5	832.701	486.026	244.092	83.6664	18.7743	0.142336	0	0	0	0	0	0	0	0	0	0	0	0	0	0	0
00.000,00.000	23.3	0	-200	0	4.5	838.891	487.749	247.28	84.6712	18.9312	0.259893	0	0	0	0	0	0	0	0	0	0	0	0	0	0	0
00.000,00.000	23.4	0	-200	0	4.5	845.082	489.459	250.563	85.5937	19.0815	0.384445	0	0	0	0	0	0	0	0	0	0	0	0	0	0	0
00.000,00.000	23.5	0	-200	0	4.5	876.481	498.161	267.357	90.4371	19.5104	1.01526	0	0	0	0	0	0	0	0	0	0	0	0	0	0	0
00.000,00.000	23.6	0	-200	0	4.5	883.095	500.022	270.94	91.4616	19.5047	1.16708	0	0	0	0	0	0	0	0	0	0	0	0	0	0	0
00.000,00.000	23.7	0	-200	0	4.5	906.769	506.724	283.657	95.1973	19.5128	1.67871	0	0	0	0	0	0	0	0	0	0	0	0	0	0	0
00.000,00.000	23.8	0	-200	0	4.5	919.194	510.358	290.146	97.2313	19.5151	1.94419	0	0	0	0	0	0	0	0	0	0	0	0	0	0	0
00.000,00.000	23.9	0	-200	0	4.5	919.796	510.539	290.452	97.332	19.5153	1.95708	0	0	0	0	0	0	0	0	0	0	0	0	0	0	0
00.000,00.000	24	0	-200	0	4.5	921.261	510.989	291.193	97.5753	19.516	1.98733	0	0	0	0	0	0	0	0	0	0	0	0	0	0	0
00.000,00.000	24.1	0	-200	0	4.5	940.2	516.881	300.723	100.7	19.527	2.3684	0	0	0	0	0	0	0	0	0	0	0	0	0	0	0
00.000,00.000	24.2	0	-200	0	4.5	950.262	520.234	305.483	102.434	19.5354	2.57653	0	0	0	0	0	0	0	0	0	0	0	0	0	0	0
00.000,00.000	24.3	0	-200	0	4.5	956.491	522.363	308.386	103.496	19.5454	2.70094	0	0	0	0	0	0	0	0	0	0	0	0	0	0	0
00.000,00.000	24.4	0	-200	0	4.5	962.863	524.586	311.314	104.582	19.5564	2.82543	0	0	0	0	0	0	0	0	0	0	0	0	0	0	0
00.000,00.000	24.5	0	-200	0	4.5	978.221	529.984	318.299	107.222	19.5899	3.12489	0	0	0	0	0	0	0	0	0	0	0	0	0	0	0
00.000,00.000	24.6	0	-200	0	4.5	988.007	533.525	322.678	108.88	19.6157	3.30853	0	0	0	0	0	0	0	0	0	0	0	0	0	0	0
00.000,00.000	24.7	0	-200	0	4.5	1014.9	543.3	334.592	113.394	19.8006	3.81262	0	0	0	0	0	0	0	0	0	0	0	0	0	0	0
00.000,00.000	24.8	0	-200	0	4.5	1020.07	545.252	336.856	114.02	20.035	3.90661	0	0	0	0	0	0	0	0	0	0	0	0	0	0	0
00.000,00.000	24.9	0	-200	0	4.5	1020.7	545.496	337.128	114.11	20.0519	3.91752	0	0	0	0	0	0	0	0	0	0	0	0	0	0	0
00.000,00.000	25	0	-200	0	4.5	1029.65	549.11	340.774	115.377	20.3145	4.06986	0	0	0	0	0	0	0	0	0	0	0	0	0	0	0
00.000,00.000	25.1	0	-200	0	4.5	1044.53	555.296	346.647	117.51	20.7611	4.32075	0	0	0	0	0	0	0	0	0	0	0	0	0	0	0
00.000,00.000	25.2	0	-200	0	4.5	1053.51	559.086	350.13	118.794	21.0292	4.46818	0	0	0	0	0	0	0	0	0	0	0	0	0	0	0
00.000,00.000	25.3	0	-200	0	4.5	1060.81	562.221	352.92	119.842	21.246	4.58455	0	0	0	0	0	0	0	0	0	0	0	0	0	0	0
00.000,00.000	25.4	0	-200	0	4.5	1068.3	565.485	355.737	120.915	21.4667	4.70076	0	0	0	0	0	0	0	0	0	0	0	0	0	0	0
00.000,00.000	25.5	0	-200	0	4.5	1076.15	568.92	358.645	122.06	21.703	4.82279	0	0	0	0	0	0	0	0	0	0	0	0	0	0	0
00.000,00.000	25.6	0	-200	0	4.5	1103.17	581.08	367.897	126.673	22.2772	5.23959	0	0	0	0	0	0	0	0	0	0	0	0	0	0	0
00.000,00.000	25.7	0	-200	0	4.5	1110.46	584.496	370.048	128.278	22.2836	5.35209	0	0	0	0	0	0	0	0	0	0	0	0	0	0	0
00.000,00.000	25.8	0	-200	0	4.5	1111.19	584.84	370.27	128.428	22.2911	5.36296	0	0	0	0	0	0	0	0	0	0	0	0	0	0	0
00.000,00.000	25.9	0	-200	0	4.5	1112.06	585.254	370.529	128.603	22.3001	5.37538	0	0	0	0	0	0	0	0	0	0	0	0	0	0	0
00.000,00.000	26	0	-200	0	4.5	1128.48	593.166	375.346	131.874	22.492	5.60237	0	0	0	0	0	0	0	0	0	0	0	0	0	0	0
00.000,00.000	26.1	0	-200	0	4.5	1141.68	599.58	379.154	134.53	22.6368	5.78363	0	0	0	0	0	0	0	0	0	0	0	0	0	0	0
00.000,00.000	26.2	0	-200	0	4.5	1150.46	603.861	381.646	136.253	22.7915	5.90255	0	0	0	0	0	0	0	0	0	0	0	0	0	0	0
00.000,00.000	26.3	0	-200	0	4.5	1158.87	607.968	384.03	137.837	23.0171	6.01515	0	0	0	0	0	0	0	0	0	0	0	0	0	0	0
00.000,00.000	26.4	0	-200	0	4.5	1167.4	612.12	386.454	139.442	23.2532	6.12795	0	0	0	0	0	0	0	0	0	0	0	0	0	0	0
00.000,00.000	26.5	0	-200	0	4.5	1178.49	617.435	389.617	141.582	23.579	6.27839	0	0	0	0	0	0	0	0	0	0	0	0	0	0	0
00.000,00.000	26.6	0	-200	0	4.5	1210.82	633.409	399.104	146.994	24.5932	6.72132	0	0	0	0	0	0	0	0	0	0	0	0	0	0	0
00.000,00.000	26.7	0	-200	0	4.5	1217.3	636.504	401.177	147.991	24.8165	6.81169	0	0	0	0	0	0	0	0	0	0	0	0	0	0	0
00.000,00.000	26.8	0	-200	0	4.5	1240.12	647.174	408.661	151.58	25.5826	7.12572	0	0	0	0	0	0	0	0	0	0	0	0	0	0	0
00.000,00.000	26.9	0	-200	0	4.5	1246.27	649.925	410.727	152.597	25.8067	7.21353	0	0	0	0	0	0	0	0	0	0	0	0	0	0	0
00.000,00.000	27	0	-200	0	4.5	1248.01	650.706	411.317	152.884	25.8685	7.23723	0	0	0	0	0	0	0	0	0	0	0	0	0	0	0
00.000,00.000	27.1	0	-200	0	4.5	1264.48	657.547	417.429	155.601	26.4432	7.45655	0	0	0	0	0	0	0	0	0	0	0	0	0	0	0
00.000,00.000	27.2	0	-200	0	4.5	1275.9	661.757	422.203	157.486	26.8498	7.60706	0	0	0	0	0	0	0	0	0	0	0	0	0	0	0
00.000,00.000	27.3	0	-200	0	4.5	1284.68	665.079	425.783	158.941	27.1592	7.71995	0	0	0	0	0	0	0	0	0	0	0	0	0	0	0
00.000,00.000	27.4	0	-200	0	4.5	1293.68	668.508	429.43	160.433	27.4772	7.83331	0	0	0	0	0	0	0	0	0	0	0	0	0	0	0
00.000,00.000	27.5	0	-200	0	4.5	1309.17	674.313	435.709	163.07	28.047	8.0335	0	0	0	0	0	0	0	0	0	0	0	0	0	0	0
00.000,00.000	27.6	0	-200	0	4.5	1343.7	687.698	449.45	168.777	29.3063	8.4661	0	0	0	0	0	0	0	0	0	0	0	0	0	0	0
00.000,00.000	27.7	0	-200	0	4.5	1350.26	690.25	452.052	169.845	29.5666	8.54763	0	0	0	0	0	0	0	0	0	0	0	0	0	0	0
00.000,00.000	27.8	0	-200	0	4.5	1370.27	698.041	459.789	173.311	30.3406	8.78882	0	0	0	0	0	0	0	0	0	0	0	0	0	0	0
00.000,00.000	27.9	0	-200	0	4.5	1375.54	700.26	461.716	174.233	30.4726	8.85471	0	0	0	0	0	0	0	0	0	0	0	0	0	0	0
00.000,00.000	28	0	-200	0	4.5	1384.9	704.279	465.08	175.796	30.7744	8.96616	0	0	0	0	0	0	0	0	0	0	0	0	0	0	0
00.000,00.000	28.1	0	-200	0	4.5	1403.29	712.323	471.446	178.887	31.4477	9.18495	0	0	0	0	0	0	0	0	0	0	0	0	0	0	0
00.000,00.000	28.2	0	-200	0	4.5	1415.15	717.626	475.442	180.852	31.906	9.32519	0	0	0	0	0	0	0	0	0	0	0	0	0	0	0
00.000,00.000	28.3	0	-200	0	4.5	1424.97	722.046	478.748	182.451	32.2899	9.43867	0	0	0	0	0	0	0	0	0	0	0	0	0	0	0
00.000,00.000	28.4	0	-200	0	4.5	1435.05	726.633	482.104	184.067	32.696	9.55241	0	0	0	0	0	0	0	0	0	0	0	0	0	0	0
00.000,00.000	28.5	0	-200	0	4.5	1445.47	731.36	485.546	185.748	33.141	9.67124	0	0	0	0	0	0	0	0	0	0	0	0	0	0	0
00.000,00.000	28.6	0	-200	0	4.5	1482.7	748.263	497.888	191.715	34.7397	10.0947	0	0	0	0	0	0	0	0	0	0	0	0	0	0	0
00.000,00.000	28.7	0	-200	0	4.5	1494.98	753.94	501.954	193.626	35.2286	10.194	0.0374117	0	0	0	0	0	0	0	0	0	0	0	0	0	0
00.000,00.000	28.8	0	-200	0	4.5	1495.9	754.369	502.258	193.765	35.2667	10.1954	0.0459514	0	0	0	0	0	0	0	0	0	0	0	0	0	0
00.000,00.000	28.9	0	-200	0	4.5	1497.06	754.917	502.64	193.931	35.3137	10.1971	0.0563278	0	0	0	0	0	0	0	0	0	0	0	0	0	0
00.000,00.000	29	0	-200	0	4.5	1521.29	766.53	510.554	197.39	36.3112	10.2216	0.281131	0	0	0	0	0	0	0	0	0	0	0	0	0	0
00.000,00.000	29.1	0	-200	0	4.5	1538.36	774.845	515.967	199.847	37.0239	10.2004	0.479427	0	0	0	0	0	0	0	0	0	0	0	0	0	0
00.000,00.000	29.2	0	-200	0	4.5	1549.9	780.475	519.66	201.464	37.5075	10.2024	0.595264	0	0	0	0	0	0	0	0	0	0	0	0	0	0
00.000,00.000	29.3	0	-200	0	4.5	1561.3	786.055	523.309	203.035	37.9881	10.2032	0.709266	0	0	0	0	0	0	0	0	0	0	0	0	0	0
00.000,00.000	29.4	0	-200	0	4.5	1572.87	791.749	527.018	204.595	38.4786	10.2052	0.823391	0	0	0	0	0	0	0	0	0	0	0	0	0	0
00.000,00.000	29.5	0	-200	0	4.5	1584.66	797.545	530.774	206.195	38.9969	10.2076	0.94248	0	0	0	0	0	0	0	0	0	0	0	0	0	0
00.000,00.000	29.6	0	-200	0	4.5	1625.86	817.829	543.717	211.877	40.8567	10.2186	1.36361	0	0	0	0	0	0	0	0	0	0	0	0	0	0
00.000,00.000	29.7	0	-200	0	4.5	1640.7	825.28	548.282	213.89	41.5179	10.2231	1.51141	0	0	0	0	0	0	0	0	0	0	0	0	0	0
00.000,00.000	29.8	0	-200	0	4.5	1641.59	825.727	548.554	214.008	41.5576	10.2235	1.52009	0	0	0	0	0	0	0	0	0	0	0	0	0	0
00.000,00.000	29.9	0	-200	0	4.5	1642.97	826.433	548.975	214.186	41.6188	10.2242	1.53317	0	0	0	0	0	0	0	0	0	0	0	0	0	0
00.000,00.000	30	0	-200	0	4.5	1661.89	836.158	554.792	216.551	42.4535	10.2325	1.70773	0	0	0	0	0	0	0	0	0	0	0	0	0	0
00.000,00.000	30.1	0	-200	0	4.5	1681.38	846.176	560.802	218.957	43.3201	10.2375	1.88664	0	0	0	0	0	0	0	0	0	0	0	0	0	0
00.000,00.000	30.2	0	-200	0	4.5	1695.09	853.219	565.088	220.607	43.9255	10.2418	2.0109	0	0	0	0	0	0	0	0	0	0	0	0	0	0
00.000,00.000	30.3	0	-200	0	4.5	1707.72	859.706	569.076	222.108	44.4589	10.2469	2.12495	0	0	0	0	0	0	0	0	0	0	0	0	0	0
00.000,00.000	30.4	0	-200	0	4.5	1720.49	866.245	573.147	223.604	45.0017	10.2532	2.23924	0	0	0	0	0	0	0	0	0	0	0	0	0	0
00.000,00.000	30.5	0	-200	0	4.5	1733.5	872.867	577.31	225.131	45.5752	10.2631	2.35895	0	0	0	0	0	0	0	0	0	0	0	0	0	0
00.000,00.000	30.6	0	-200	0	4.5	1771.18	892.145	589.285	229.473	47.2762	10.2957	2.70695	0	0	0	0	0	0	0	0	0	0	0	0	0	0
00.000,00.000	30.7	0	-200	0	4.5	1790.16	901.54	595.547	231.681	48.1881	10.3141	2.88975	0	0	0	0	0	0	0	0	0	0	0	0	0	0
00.000,00.000	30.8	0	-200	0	4.5	1791.42	902.162	595.968	231.823	48.2489	10.3155	2.90194	0	0	0	0	0	0	0	0	0	0	0	0	0	0
00.000,00.000	30.9	0	-200	0	4.5	1792.53	902.718	596.334	231.944	48.3026	10.3168	2.91229	0	0	0	0	0	0	0	0	0	0	0	0	0	0
00.000,00.000	31	0	-200	0	4.5	1807.61	910.323	601.324	233.549	49.0245	10.3355	3.04986	0	0	0	0	0	0	0	0	0	0	0	0	0	0
00.000,00.000	31.1	0	-200	0	4.5	1829.67	921.447	608.693	235.823	50.0921	10.3648	3.25098	0	0	0	0	0	0	0	0	0	0	0	0	0	0
00.000,00.000	31.2	0	-200	0	4.5	1844.41	928.981	613.563	237.259	50.8349	10.3861	3.38233	0	0	0	0	0	0	0	0	0	0	0	0	0	0
00.000,00.000	31.3	0	-200	0	4.5	1857.71	935.703	618.073	238.538	51.4894	10.4062	3.4979	0	0	0	0	0	0	0	0	0	0	0	0	0	0
00.000,00.000	31.4	0	-200	0	4.5	1871.21	942.39	622.808	239.82	52.1541	10.4276	3.61303	0	0	0	0	0	0	0	0	0	0	0	0	0	0
00.000,00.000	31.5	0	-200	0	4.5	1900.6	957.024	633.107	242.507	53.6241	10.4703	3.86873	0	0	0	0	0	0	0	0	0	0	0	0	0	0
00.000,00.000	31.6	0	-200	0	4.5	1939.61	975.744	647.464	246.063	55.5943	10.5341	4.21215	0	0	0	0	0	0	0	0	0	0	0	0	0	0
00.000,00.000	31.7	0	-200	0	4.5	1963.73	987.057	656.576	248.277	56.8156	10.576	4.42462	0	0	0	0	0	0	0	0	0	0	0	0	0	0
00.000,00.000	31.8	0	-200	0	4.5	1965.32	987.8	657.178	248.423	56.8964	10.5786	4.43857	0	0	0	0	0	0	0	0	0	0	0	0	0	0
00.000,00.000	31.9	0	-200	0	4.5	1978.59	993.962	662.27	249.643	57.5548	10.605	4.55178	0	0	0	0	0	0	0	0	0	0	0	0	0	0
00.000,00.000	32	0	-200	0	4.5	2011.87	1009.42	675.051	252.734	59.1604	10.6762	4.83346	0	0	0	0	0	0	0	0	0	0	0	0	0	0
00.000,00.000	32.1	0	-200	0	4.5	2030.42	1018.17	681.995	254.485	59.9316	10.8446	4.99203	0	0	0	0	0	0	0	0	0	0	0	0	0	0
00.000,00.000	32.2	0	-200	0	4.5	2043.77	1024.6	686.826	255.774	60.4875	10.9805	5.10757	0	0	0	0	0	0	0	0	0	0	0	0	0	0
00.000,00.000	32.3	0	-200	0	4.5	2057.09	1031	691.634	257.066	61.0443	11.1185	5.22275	0	0	0	0	0	0	0	0	0	0	0	0	0	0
00.000,00.000	32.4	0	-200	0	4.5	2070.4	1037.44	696.403	258.357	61.6031	11.2587	5.33787	0	0	0	0	0	0	0	0	0	0	0	0	0	0
00.000,00.000	32.5	0	-200	0	4.5	2083.8	1043.95	701.184	259.638	62.1692	11.4041	5.45565	0	0	0	0	0	0	0	0	0	0	0	0	0	0
00.000,00.000	32.6	0	-200	0	4.5	2128.89	1065.79	717.364	263.889	64.0869	11.9077	5.85757	0	0	0	0	0	0	0	0	0	0	0	0	0	0
00.000,00.000	32.7	0	-200	0	4.5	2160.18	1081.26	728.26	266.835	65.4105	12.2677	6.14318	0	0	0	0	0	0	0	0	0	0	0	0	0	0
00.000,00.000	32.8	0	-200	0	4.5	2162.55	1082.46	729.072	267.061	65.502	12.2958	6.16546	0	0	0	0	0	0	0	0	0	0	0	0	0	0
00.000,00.000	32.9	0	-200	0	4.5	2177.49	1089.98	734.142	268.494	66.1005	12.4745	6.30188	0	0	0	0	0	0	0	0	0	0	0	0	0	0
00.000,00.000	33	0	-200	0	4.5	2206.12	1104.39	743.864	271.258	67.2253	12.8218	6.56363	0	0	0	0	0	0	0	0	0	0	0	0	0	0
00.000,00.000	33.1	0	-200	0	4.5	2222.7	1112.77	749.522	272.796	67.8637	13.025	6.71517	0	0	0	0	0	0	0	0	0	0	0	0	0	0
00.000,00.000	33.2	0	-200	0	4.5	2235.46	1119.26	753.854	273.977	68.3597	13.1841	6.83092	0	0	0	0	0	0	0	0	0	0	0	0	0	0
00.000,00.000	33.3	0	-200	0	4.5	2248.31	1125.81	758.194	275.163	68.8527	13.3459	6.94686	0	0	0	0	0	0	0	0	0	0	0	0	0	0
00.000,00.000	33.4	0	-200	0	4.5	2261.16	1132.39	762.494	276.36	69.3406	13.5109	7.06287	0	0	0	0	0	0	0	0	0	0	0	0	0	0
00.000,00.000	33.5	0	-200	0	4.5	2274.02	1139.05	766.712	277.564	69.8292	13.6817	7.18186	0	0	0	0	0	0	0	0	0	0	0	0	0	0
00.000,00.000	33.6	0	-200	0	4.5	2336.9	1171.8	787.139	283.389	72.2566	14.5466	7.77638	0	0	0	0	0	0	0	0	0	0	0	0	0	0
00.000,00.000	33.7	0	-200	0	4.5	2349.08	1178.12	791.077	284.555	72.7155	14.7171	7.89463	0	0	0	0	0	0	0	0	0	0	0	0	0	0
00.000,00.000	33.8	0	-200	0	4.5	2349.8	1178.5	791.307	284.62	72.7422	14.7272	7.9014	0	0	0	0	0	0	0	0	0	0	0	0	0	0
00.000,00.000	33.9	0	-200	0	4.5	2350.67	1178.97	791.585	284.7	72.7737	14.7397	7.90951	0	0	0	0	0	0	0	0	0	0	0	0	0	0
00.000,00.000	34	0	-200	0	4.5	2378.87	1194.29	800.213	287.283	73.7568	15.1522	8.17379	0	0	0	0	0	0	0	0	0	0	0	0	0	0
00.000,00.000	34.1	0	-200	0	4.5	2399.73	1205.83	806.37	289.234	74.4594	15.4632	8.37213	0	0	0	0	0	0	0	0	0	0	0	0	0	0
00.000,00.000	34.2	0	-200	0	4.5	2413.06	1213.25	810.295	290.464	74.895	15.6593	8.49417	0	0	0	0	0	0	0	0	0	0	0	0	0	0
00.000,00.000	34.3	0	-200	0	4.5	2426.12	1220.55	814.128	291.667	75.309	15.8549	8.61174	0	0	0	0	0	0	0	0	0	0	0	0	0	0
00.000,00.000	34.4	0	-200	0	4.5	2439.25	1227.95	817.949	292.858	75.715	16.0554	8.72899	0	0	0	0	0	0	0	0	0	0	0	0	0	0
00.000,00.000	34.5	0	-200	0	4.5	2452.51	1235.53	821.742	294.028	76.1021	16.2613	8.8478	0	0	0	0	0	0	0	0	0	0	0	0	0	0
00.000,00.000	34.6	0	-200	0	4.5	2495.44	1260.35	833.788	297.791	77.3488	16.938	9.23268	0	0	0	0	0	0	0	0	0	0	0	0	0	0
00.000,00.000	34.7	0	-200	0	4.5	2503.83	1265.37	835.988	298.507	77.5728	17.0795	9.31095	0	0	0	0	0	0	0	0	0	0	0	0	0	0
00.000,00.000	34.8	0	-200	0	4.5	2504.66	1265.86	836.216	298.579	77.5961	17.093	9.31834	0	0	0	0	0	0	0	0	0	0	0	0	0	0
00.000,00.000	34.9	0	-200	0	4.5	2514.11	1271.46	838.766	299.387	77.8531	17.2501	9.40186	0	0	0	0	0	0	0	0	0	0	0	0	0	0
00.000,00.000	35	0	-200	0	4.5	2536.12	1284.56	844.642	301.262	78.4383	17.6209	9.59554	0	0	0	0	0	0	0	0	0	0	0	0	0	0
00.000,00.000	35.1	0	-200	0	4.5	2551.77	1293.98	848.754	302.562	78.8469	17.8905	9.63889	0.0942077	0	0	0	0	0	0	0	0	0	0	0	0	0
00.000,00.000	35.2	0	-200	0	4.5	2565.17	1302.06	852.245	303.69	79.1976	18.1265	9.65649	0.194164	0	0	0	0	0	0	0	0	0	0	0	0	0
00.000,00.000	35.3	0	-200	0	4.5	2578.56	1310.22	855.655	304.806	79.5459	18.3685	9.66877	0.299365	0	0	0	0	0	0	0	0	0	0	0	0	0
00.000,00.000	35.4	0	-200	0	4.5	2591.89	1318.41	858.975	305.912	79.8932	18.6165	9.67818	0.407314	0	0	0	0	0	0	0	0	0	0	0	0	0
00.000,00.000	35.5	0	-200	0	4.5	2605.17	1326.71	862.254	307.007	80.2477	18.8722	9.67818	0.407314	0	0	0	0	0	0	0	0	0	0	0	0	0
00.000,00.000	35.6	0	-200	0	4.5	2624.72	1338.96	867.059	308.599	80.7605	19.2577	9.67818	0.407314	0	0	0	0	0	0	0	0	0	0	0	0	0
00.000,00.000	35.7	0	-200	0	4.5	2649.29	1354.48	873.007	310.575	81.3917	19.7546	9.67818	0.407314	0	0	0	0	0	0	0	0	0	0	0	0	0
00.000,00.000	35.8	0	-200	0	4.5	2653.46	1357.17	873.983	310.889	81.4963	19.8436	9.67818	0.407314	0	0	0	0	0	0	0	0	0	0	0	0	0
00.000,00.000	35.9	0	-200	0	4.5	2669.87	1367.67	877.836	312.189	81.901	20.1915	9.67818	0.407314	0	0	0	0	0	0	0	0	0	0	0	0	0
00.000,00.000	36	0	-200	0	4.5	2687.09	1378.79	881.851	313.476	82.3221	20.5685	9.67818	0.407314	0	0	0	0	0	0	0	0	0	0	0	0	0
00.000,00.000	36.1	0	-200	0	4.5	2700.69	1387.61	884.992	314.489	82.649	20.8716	9.67825	0.407314	0	0	0	0	0	0	0	0	0	0	0	0	0
00.000,00.000	36.2	0	-200	0	4.5	2713.62	1396.04	887.935	315.441	82.9568	21.1652	9.67873	0.407314	0	0	0	0	0	0	0	0	0	0	0	0	0
00.000,00.000	36.3	0	-200	0	4.5	2726.54	1404.51	890.842	316.381	83.2578	21.4653	9.67923	0.407314	0	0	0	0	0	0	0	0	0	0	0	0	0
00.000,00.000	36.4	0	-200	0	4.5	2739.4	1412.97	893.712	317.307	83.554	21.7714	9.67991	0.407314	0	0	0	0	0	0	0	0	0	0	0	0	0
00.000,00.000	36.5	0	-200	0	4.5	2752.29	1421.48	896.568	318.22	83.8459	22.0846	9.68081	0.407314	0	0	0	0	0	0	0	0	0	0	0	0	0
00.000,00.000	36.6	0	-200	0	4.5	2767.07	1431.3	899.805	319.255	84.1762	22.4497	9.68246	0.407314	0	0	0	0	0	0	0	0	0	0	0	0	0
00.000,00.000	36.7	0	-200	0	4.5	2788.74	1445.77	904.477	320.755	84.6518	22.9918	9.6854	0.407314	0	0	0	0	0	0	0	0	0	0	0	0	0
00.000,00.000	36.8	0	-200	0	4.5	2792.87	1448.54	905.355	321.037	84.7402	23.0983	9.68617	0.407314	0	0	0	0	0	0	0	0	0	0	0	0	0
00.000,00.000	36.9	0	-200	0	4.5	2810.38	1460.35	909.072	322.199	85.1128	23.5483	9.69104	0.407314	0	0	0	0	0	0	0	0	0	0	0	0	0
00.000,00.000	37	0	-200	0	4.5	2825.15	1470.44	912.159	323.083	85.4254	23.9372	9.69641	0.407314	0	0	0	0	0	0	0	0	0	0	0	0	0
00.000,00.000	37.1	0	-200	0	4.5	2837.72	1479.05	914.767	323.832	85.6892	24.2727	9.70194	0.407314	0	0	0	0	0	0	0	0	0	0	0	0	0
00.000,00.000	37.2	0	-200	0	4.5	2850.3	1487.73	917.328	324.561	85.9519	24.6111	9.70853	0.407314	0	0	0	0	0	0	0	0	0	0	0	0	0
00.000,00.000	37.3	0	-200	0	4.5	2863.01	1496.53	919.892	325.278	86.2141	24.9803	9.71661	0.407314	0	0	0	0	0	0	0	0	0	0	0	0	0
00.000,00.000	37.4	0	-200	0	4.5	2875.78	1505.38	922.454	325.979	86.4759	25.3513	9.72571	0.407314	0	0	0	0	0	0	0	0	0	0	0	0	0
00.000,00.000	37.5	0	-200	0	4.5	2888.54	1514.26	925.009	326.666	86.7359	25.724	9.73627	0.407314	0	0	0	0	0	0	0	0	0	0	0	0	0
00.000,00.000	37.6	0	-200	0	4.5	2901.29	1523.14	927.561	327.342	86.9907	26.0968	9.74791	0.407314	0	0	0	0	0	0	0	0	0	0	0	0	0
00.000,00.000	37.7	0	-200	0	4.5	2919.75	1536.04	931.248	328.3	87.3549	26.632	9.76649	0.407314	0	0	0	0	0	0	0	0	0	0	0	0	0
00.000,00.000	37.8	0	-200	0	4.5	2924.85	1539.62	932.244	328.565	87.4556	26.7853	9.772	0.407314	0	0	0	0	0	0	0	0	0	0	0	0	0
00.000,00.000	37.9	0	-200	0	4.5	2938.99	1549.54	935.065	329.265	87.7315	27.1944	9.78986	0.407314	0	0	0	0	0	0	0	0	0	0	0	0	0
00.000,00.000	38	0	-200	0	4.5	2952.96	1559.36	937.83	329.947	88.0075	27.6062	9.80836	0.407314	0	0	0	0	0	0	0	0	0	0	0	0	0
00.000,00.000	38.1	0	-200	0	4.5	2965.97	1568.52	940.395	330.565	88.2637	27.9899	9.82694	0.407314	0	0	0	0	0	0	0	0	0	0	0	0	0
00.000,00.000	38.2	0	-200	0	4.5	2978.91	1577.66	942.933	331.162	88.5222	28.3747	9.84679	0.407314	0	0	0	0	0	0	0	0	0	0	0	0	0
00.000,00.000	38.3	0	-200	0	4.5	2991.76	1586.8	945.416	331.74	88.7761	28.7603	9.86813	0.407314	0	0	0	0	0	0	0	0	0	0	0	0	0
00.000,00.000	38.4	0	-200	0	4.5	3004.55	1595.93	947.851	332.299	89.0291	29.1478	9.89082	0.407314	0	0	0	0	0	0	0	0	0	0	0	0	0
00.000,00.000	38.5	0	-200	0	4.5	3017.3	1604.98	950.34	332.838	89.2821	29.5383	9.91504	0.407314	0	0	0	0	0	0	0	0	0	0	0	0	0
00.000,00.000	38.6	0	-200	0	4.5	3030.88	1614.63	953.003	333.386	89.5557	29.9567	9.94289	0.407314	0	0	0	0	0	0	0	0	0	0	0	0	0
00.000,00.000	38.7	0	-200	0	4.5	3050.09	1628.39	956.691	334.117	89.9473	30.5518	9.98493	0.407314	0	0	0	0	0	0	0	0	0	0	0	0	0
00.000,00.000	38.8	0	-200	0	4.5	3053.77	1631.03	957.395	334.253	90.0217	30.6702	9.99336	0.407314	0	0	0	0	0	0	0	0	0	0	0	0	0
00.000,00.000	38.9	0	-200	0	4.5	3068.9	1641.96	960.238	334.793	90.3332	31.1406	10.0305	0.407314	0	0	0	0	0	0	0	0	0	0	0	0	0
00.000,00.000	39	0	-200	0	4.5	3082.96	1652.09	962.924	335.274	90.6213	31.5787	10.0663	0.407314	0	0	0	0	0	0	0	0	0	0	0	0	0
00.000,00.000	39.1	0	-200	0	4.5	3095.36	1660.99	965.304	335.712	90.8801	31.9656	10.1002	0.407314	0	0	0	0	0	0	0	0	0	0	0	0	0
00.000,00.000	39.2	0	-200	0	4.5	3107.72	1669.41	968.141	336.137	91.1407	32.3514	10.1358	0.407314	0	0	0	0	0	0	0	0	0	0	0	0	0
00.000,00.000	39.3	0	-200	0	4.5	3120.01	1677.62	971.121	336.547	91.4035	32.736	10.1731	0.407314	0	0	0	0	0	0	0	0	0	0	0	0	0
00.000,00.000	39.4	0	-200	0	4.5	3132.24	1685.7	974.19	336.943	91.6688	33.1192	10.2126	0.407314	0	0	0	0	0	0	0	0	0	0	0	0	0
00.000,00.000	39.5	0	-200	0	4.5	3144.47	1693.56	977.476	337.326	91.938	33.502	10.2542	0.407314	0	0	0	0	0	0	0	0	0	0	0	0	0
00.000,00.000	39.6	0	-200	0	4.5	3156.41	1701.16	980.772	337.691	92.2081	33.8792	10.2973	0.407314	0	0	0	0	0	0	0	0	0	0	0	0	0
00.000,00.000	39.7	0	-200	0	4.5	3173.33	1711.03	986.287	338.193	92.6261	34.4176	10.3623	0.407314	0	0	0	0	0	0	0	0	0	0	0	0	0
00.000,00.000	39.8	0	-200	0	4.5	3177.78	1713.41	987.95	338.325	92.7443	34.5638	10.3806	0.407314	0	0	0	0	0	0	0	0	0	0	0	0	0
00.000,00.000	39.9	0	-200	0	4.5	3190.44	1720.11	992.736	338.679	93.099	34.9724	10.4365	0.407314	0	0	0	0	0	0	0	0	0	0	0	0	0
00.000,00.000	40	0	-200	0	4.5	3202.62	1726.33	997.548	339.024	93.4504	35.371	10.4936	0.407314	0	0	0	0	0	0	0	0	0	0	0	0	0
00.000,00.000	40.1	0	-200	0	4.5	3213.84	1731.96	1002.07	339.338	93.7809	35.7355	10.549	0.407314	0	0	0	0	0	0	0	0	0	0	0	0	0
00.000,00.000	40.2	0	-200	0	4.5	3224.8	1737.25	1006.69	339.632	94.1129	36.0951	10.6067	0.407314	0	0	0	0	0	0	0	0	0	0	0	0	0
00.000,00.000	40.3	0	-200	0	4.5	3235.51	1742.08	1011.55	339.912	94.4474	36.4496	10.6668	0.407314	0	0	0	0	0	0	0	0	0	0	0	0	0
00.000,00.000	40.4	0	-200	0	4.5	3245.99	1746.67	1016.41	340.183	94.7849	36.7992	10.73	0.407314	0	0	0	0	0	0	0	0	0	0	0	0	0
00.000,00.000	40.5	0	-200	0	4.5	3256.14	1751.2	1021	340.467	95.1256	37.1453	10.7959	0.407314	0	0	0	0	0	0	0	0	0	0	0	0	0
00.000,00.000	40.6	0	-200	0	4.5	3266.03	1755.63	1025.45	340.738	95.4651	37.4828	10.8639	0.407314	0	0	0	0	0	0	0	0	0	0	0	0	0
00.000,00.000	40.7	0	-200	0	4.5	3281.05	1762.29	1032.25	341.131	95.9924	37.9979	10.9738	0.407314	0	0	0	0	0	0	0	0	0	0	0	0	0
00.000,00.000	40.8	0	-200	0	4.5	3284.13	1763.64	1033.66	341.219	96.1023	38.1046	10.9972	0.407314	0	0	0	0	0	0	0	0	0	0	0	0	0
00.000,00.000	40.9	0	-200	0	4.5	3295.24	1768.4	1038.84	341.514	96.5078	38.4862	11.088	0.407314	0	0	0	0	0	0	0	0	0	0	0	0	0
00.000,00.000	41	0	-200	0	4.5	3305.3	1772.7	1043.5	341.797	96.8871	38.7761	11.2378	0.407314	0	0	0	0	0	0	0	0	0	0	0	0	0
00.000,00.000	41.1	0	-200	0	4.5	3313.99	1776.4	1047.52	342.031	97.2253	38.9966	11.407	0.407314	0	0	0	0	0	0	0	0	0	0	0	0	0
00.000,00.000	41.2	0	-200	0	4.5	3322.61	1779.97	1051.62	342.255	97.5632	39.2107	11.5802	0.407314	0	0	0	0	0	0	0	0	0	0	0	0	0
00.000,00.000	41.3	0	-200	0	4.5	3331.05	1783.43	1055.68	342.463	97.8997	39.4186	11.7566	0.407314	0	0	0	0	0	0	0	0	0	0	0	0	0
00.000,00.000	41.4	0	-200	0	4.5	3339.2	1786.8	1059.61	342.655	98.1763	39.6209	11.9356	0.407314	0	0	0	0	0	0	0	0	0	0	0	0	0
00.000,00.000	41.5	0	-200	0	4.5	3347.2	1790.07	1063.51	342.836	98.4359	39.8179	12.1192	0.407314	0	0	0	0	0	0	0	0	0	0	0	0	0
00.000,00.000	41.6	0	-200	0	4.5	3359.16	1794.92	1069.4	343.085	98.8379	40.1079	12.4092	0.407314	0	0	0	0	0	0	0	0	0	0	0	0	0
00.000,00.000	41.7	0	-200	0	4.5	3373.4	1800.89	1076.11	343.382	99.3669	40.4661	12.7837	0.407314	0	0	0	0	0	0	0	0	0	0	0	0	0
00.000,00.000	41.8	0	-200	0	4.5	3375.7	1801.87	1077.17	343.435	99.4434	40.5281	12.8467	0.407314	0	0	0	0	0	0	0	0	0	0	0	0	0
00.000,00.000	41.9	0	-200	0	4.5	3382.11	1804.56	1080.15	343.56	99.6999	40.694	13.0351	0.407314	0	0	0	0	0	0	0	0	0	0	0	0	0
00.000,00.000	42	0	-200	0	4.5	3391.8	1808.57	1084.71	343.743	100.095	40.9442	13.3284	0.407314	0	0	0	0	0	0	0	0	0	0	0	0	0