
label	time(d)	x	depth	z	radius	total	0-10	10-20	20-30	30-40	40-50	50-60	60-70	70-80	80-90	90-100	100-110	110-120	120-130	130-140	140-150	150-160	160-170	170-180	180-190	190-200
05.500,00.000	0	5.5	-200	0	4.5	0	0	0	0	0	0	0	0	0	0	0	0	0	0	0	0	0	0	0	0	0
05.500,00.000	0.1	5.5	-200	0	4.5	0	0	0	0	0	0	0	0	0	0	0	0	0	0	0	0	0	0	0	0	0
05.500,00.000	0.2	5.5	-200	0	4.5	0	0	0	0	0	0	0	0	0	0	0	0	0	0	0	0	0	0	0	0	0
05.500,00.000	0.3	5.5	-200	0	4.5	0	0	0	0	0	0	0	0	0	0	0	0	0	0	0	0	0	0	0	0	0
05.500,00.000	0.4	5.5	-200	0	4.5	0	0	0	0	0	0	0	0	0	0	0	0	0	0	0	0	0	0	0	0	0
05.500,00.000	0.5	5.5	-200	0	4.5	0	0	0	0	0	0	0	0	0	0	0	0	0	0	0	0	0	0	0	0	0
05.500,00.000	0.6	5.5	-200	0	4.5	0	0	0	0	0	0	0	0	0	0	0	0	0	0	0	0	0	0	0	0	0
05.500,00.000	0.7	5.5	-200	0	4.5	0	0	0	0	0	0	0	0	0	0	0	0	0	0	0	0	0	0	0	0	0
05.500,00.000	0.8	5.5	-200	0	4.5	0	0	0	0	0	0	0	0	0	0	0	0	0	0	0	0	0	0	0	0	0
05.500,00.000	0.9	5.5	-200	0	4.5	0	0	0	0	0	0	0	0	0	0	0	0	0	0	0	0	0	0	0	0	0
05.500,00.000	1	5.5	-200	0	4.5	0	0	0	0	0	0	0	0	0	0	0	0	0	0	0	0	0	0	0	0	0
05.500,00.000	1.1	5.5	-200	0	4.5	0	0	0	0	0	0	0	0	0	0	0	0	0	0	0	0	0	0	0	0	0
05.500,00.000	1.2	5.5	-200	0	4.5	0	0	0	0	0	0	0	0	0	0	0	0	0	0	0	0	0	0	0	0	0
05.500,00.000	1.3	5.5	-200	0	4.5	0	0	0	0	0	0	0	0	0	0	0	0	0	0	0	0	0	0	0	0	0
05.500,00.000	1.4	5.5	-200	0	4.5	0	0	0	0	0	0	0	0	0	0	0	0	0	0	0	0	0	0	0	0	0
05.500,00.000	1.5	5.5	-200	0	4.5	0	0	0	0	0	0	0	0	0	0	0	0	0	0	0	0	0	0	0	0	0
05.500,00.000	1.6	5.5	-200	0	4.5	0	0	0	0	0	0	0	0	0	0	0	0	0	0	0	0	0	0	0	0	0
05.500,00.000	1.7	5.5	-200	0	4.5	0	0	0	0	0	0	0	0	0	0	0	0	0	0	0	0	0	0	0	0	0
05.500,00.000	1.8	5.5	-200	0	4.5	0	0	0	0	0	0	0	0	0	0	0	0	0	0	0	0	0	0	0	0	0
05.500,00.000	1.9	5.5	-200	0	4.5	0	0	0	0	0	0	0	0	0	0	0	0	0	0	0	0	0	0	0	0	0
05.500,00.000	2	5.5	-200	0	4.5	0	0	0	0	0	0	0	0	0	0	0	0	0	0	0	0	0	0	0	0	0
05.500,00.000	2.1	5.5	-200	0	4.5	0	0	0	0	0	0	0	0	0	0	0	0	0	0	0	0	0	0	0	0	0
05.500,00.000	2.2	5.5	-200	0	4.5	0	0	0	0	0	0	0	0	0	0	0	0	0	0	0	0	0	0	0	0	0
05.500,00.000	2.3	5.5	-200	0	4.5	0	0	0	0	0	0	0	0	0	0	0	0	0	0	0	0	0	0	0	0	0
05.500,00.000	2.4	5.5	-200	0	4.5	0	0	0	0	0	0	0	0	0	0	0	0	0	0	0	0	0	0	0	0	0
05.500,00.000	2.5	5.5	-200	0	4.5	0	0	0	0	0	0	0	0	0	0	0	0	0	0	0	0	0	0	0	0	0
05.500,00.000	2.6	5.5	-200	0	4.5	0	0	0	0	0	0	0	0	0	0	0	0	0	0	0	0	0	0	0	0	0
05.500,00.000	2.7	5.5	-200	0	4.5	0	0	0	0	0	0	0	0	0	0	0	0	0	0	0	0	0	0	0	0	0
05.500,00.000	2.8	5.5	-200	0	4.5	0	0	0	0	0	0	0	0	0	0	0	0	0	0	0	0	0	0	0	0	0
05.500,00.000	2.9	5.5	-200	0	4.5	0	0	0	0	0	0	0	0	0	0	0	0	0	0	0	0	0	0	0	0	0
05.500,00.000	3	5.5	-200	0	4.5	3.9968e-15	3.9968e-15	0	0	0	0	0	0	0	0	0	0	0	0	0	0	0	0	0	0	0
05.500,00.000	3.1	5.5	-200	0	4.5	0.299175	0.299175	0	0	0	0	0	0	0	0	0	0	0	0	0	0	0	0	0	0	0
05.500,00.000	3.2	5.5	-200	0	4.5	0.593163	0.593163	0	0	0	0	0	0	0	0	0	0	0	0	0	0	0	0	0	0	0
05.500,00.000	3.3	5.5	-200	0	4.5	0.886582	0.886582	0	0	0	0	0	0	0	0	0	0	0	0	0	0	0	0	0	0	0
05.500,00.000	3.4	5.5	-200	0	4.5	1.17843	1.17843	0	0	0	0	0	0	0	0	0	0	0	0	0	0	0	0	0	0	0
05.500,00.000	3.5	5.5	-200	0	4.5	1.46551	1.46551	0	0	0	0	0	0	0	0	0	0	0	0	0	0	0	0	0	0	0
05.500,00.000	3.6	5.5	-200	0	4.5	1.74776	1.74776	0	0	0	0	0	0	0	0	0	0	0	0	0	0	0	0	0	0	0
05.500,00.000	3.7	5.5	-200	0	4.5	2.02703	2.02703	0	0	0	0	0	0	0	0	0	0	0	0	0	0	0	0	0	0	0
05.500,00.000	3.8	5.5	-200	0	4.5	2.30542	2.30542	0	0	0	0	0	0	0	0	0	0	0	0	0	0	0	0	0	0	0
05.500,00.000	3.9	5.5	-200	0	4.5	2.58388	2.58388	0	0	0	0	0	0	0	0	0	0	0	0	0	0	0	0	0	0	0
05.500,00.000	4	5.5	-200	0	4.5	2.86502	2.86502	0	0	0	0	0	0	0	0	0	0	0	0	0	0	0	0	0	0	0
05.500,00.000	4.1	5.5	-200	0	4.5	3.14842	3.14842	0	0	0	0	0	0	0	0	0	0	0	0	0	0	0	0	0	0	0
05.500,00.000	4.2	5.5	-200	0	4.5	3.43361	3.43361	0	0	0	0	0	0	0	0	0	0	0	0	0	0	0	0	0	0	0
05.500,00.000	4.3	5.5	-200	0	4.5	3.72037	3.72037	0	0	0	0	0	0	0	0	0	0	0	0	0	0	0	0	0	0	0
05.500,00.000	4.4	5.5	-200	0	4.5	4.00789	4.00789	0	0	0	0	0	0	0	0	0	0	0	0	0	0	0	0	0	0	0
05.500,00.000	4.5	5.5	-200	0	4.5	4.29337	4.29337	0	0	0	0	0	0	0	0	0	0	0	0	0	0	0	0	0	0	0
05.500,00.000	4.6	5.5	-200	0	4.5	4.57643	4.57643	0	0	0	0	0	0	0	0	0	0	0	0	0	0	0	0	0	0	0
05.500,00.000	4.7	5.5	-200	0	4.5	4.85727	4.59566	0.26161	0	0	0	0	0	0	0	0	0	0	0	0	0	0	0	0	0	0
05.500,00.000	4.8	5.5	-200	0	4.5	5.13659	4.5935	0.543086	0	0	0	0	0	0	0	0	0	0	0	0	0	0	0	0	0	0
05.500,00.000	4.9	5.5	-200	0	4.5	5.41497	4.5935	0.821465	0	0	0	0	0	0	0	0	0	0	0	0	0	0	0	0	0	0
05.500,00.000	5	5.5	-200	0	4.5	5.69224	4.5935	1.09874	0	0	0	0	0	0	0	0	0	0	0	0	0	0	0	0	0	0
05.500,00.000	5.1	5.5	-200	0	4.5	5.96889	4.5935	1.37539	0	0	0	0	0	0	0	0	0	0	0	0	0	0	0	0	0	0
05.500,00.000	5.2	5.5	-200	0	4.5	6.24549	4.5935	1.65199	0	0	0	0	0	0	0	0	0	0	0	0	0	0	0	0	0	0
05.500,00.000	5.3	5.5	-200	0	4.5	6.52295	4.5935	1.92945	0	0	0	0	0	0	0	0	0	0	0	0	0	0	0	0	0	0
05.500,00.000	5.4	5.5	-200	0	4.5	6.8017	4.5935	2.2082	0	0	0	0	0	0	0	0	0	0	0	0	0	0	0	0	0	0
05.500,00.000	5.5	5.5	-200	0	4.5	7.08024	4.5935	2.48674	0	0	0	0	0	0	0	0	0	0	0	0	0	0	0	0	0	0
05.500,00.000	5.6	5.5	-200	0	4.5	7.35799	4.5935	2.76449	0	0	0	0	0	0	0	0	0	0	0	0	0	0	0	0	0	0
05.500,00.000	5.7	5.5	-200	0	4.5	7.63481	4.5935	3.04131	0	0	0	0	0	0	0	0	0	0	0	0	0	0	0	0	0	0
05.500,00.000	5.8	5.5	-200	0	4.5	7.91063	4.5935	3.31712	0	0	0	0	0	0	0	0	0	0	0	0	0	0	0	0	0	0
05.500,00.000	5.9	5.5	-200	0	4.5	8.18588	4.5935	3.59238	0	0	0	0	0	0	0	0	0	0	0	0	0	0	0	0	0	0
05.500,00.000	6	5.5	-200	0	4.5	8.46083	4.5935	3.86733	0	0	0	0	0	0	0	0	0	0	0	0	0	0	0	0	0	0
05.500,00.000	6.1	5.5	-200	0	4.5	8.73587	4.5935	4.14237	0	0	0	0	0	0	0	0	0	0	0	0	0	0	0	0	0	0
05.500,00.000	6.2	5.5	-200	0	4.5	9.01146	4.5935	4.41796	0	0	0	0	0	0	0	0	0	0	0	0	0	0	0	0	0	0
05.500,00.000	6.3	5.5	-200	0	4.5	9.28756	4.5935	4.69406	0	0	0	0	0	0	0	0	0	0	0	0	0	0	0	0	0	0
05.500,00.000	6.4	5.5	-200	0	4.5	9.56408	4.5935	4.97057	0	0	0	0	0	0	0	0	0	0	0	0	0	0	0	0	0	0
05.500,00.000	6.5	5.5	-200	0	4.5	9.84031	4.5935	5.24681	0	0	0	0	0	0	0	0	0	0	0	0	0	0	0	0	0	0
05.500,00.000	6.6	5.5	-200	0	4.5	10.1163	4.5935	5.5228	0	0	0	0	0	0	0	0	0	0	0	0	0	0	0	0	0	0
05.500,00.000	6.7	5.5	-200	0	4.5	10.3918	4.5935	5.79827	0	0	0	0	0	0	0	0	0	0	0	0	0	0	0	0	0	0
05.500,00.000	6.8	5.5	-200	0	4.5	10.6668	4.5935	6.07331	0	0	0	0	0	0	0	0	0	0	0	0	0	0	0	0	0	0
05.500,00.000	6.9	5.5	-200	0	4.5	10.9417	4.59378	6.34791	0	0	0	0	0	0	0	0	0	0	0	0	0	0	0	0	0	0
05.500,00.000	7	5.5	-200	0	4.5	11.2183	4.59619	6.62211	0	0	0	0	0	0	0	0	0	0	0	0	0	0	0	0	0	0
05.500,00.000	7.1	5.5	-200	0	4.5	11.4957	4.59967	6.89602	0	0	0	0	0	0	0	0	0	0	0	0	0	0	0	0	0	0
05.500,00.000	7.2	5.5	-200	0	4.5	11.7761	4.60649	7.16962	0	0	0	0	0	0	0	0	0	0	0	0	0	0	0	0	0	0
05.500,00.000	7.3	5.5	-200	0	4.5	12.0604	4.61739	7.44306	0	0	0	0	0	0	0	0	0	0	0	0	0	0	0	0	0	0
05.500,00.000	7.4	5.5	-200	0	4.5	12.3484	4.63179	7.71664	0	0	0	0	0	0	0	0	0	0	0	0	0	0	0	0	0	0
05.500,00.000	7.5	5.5	-200	0	4.5	12.6409	4.65113	7.98975	0	0	0	0	0	0	0	0	0	0	0	0	0	0	0	0	0	0
05.500,00.000	7.6	5.5	-200	0	4.5	12.9379	4.67536	8.26255	0	0	0	0	0	0	0	0	0	0	0	0	0	0	0	0	0	0
05.500,00.000	7.7	5.5	-200	0	4.5	13.2405	4.70519	8.53531	0	0	0	0	0	0	0	0	0	0	0	0	0	0	0	0	0	0
05.500,00.000	7.8	5.5	-200	0	4.5	13.5504	4.74225	8.80813	0	0	0	0	0	0	0	0	0	0	0	0	0	0	0	0	0	0
05.500,00.000	7.9	5.5	-200	0	4.5	13.8692	4.78821	9.08097	0	0	0	0	0	0	0	0	0	0	0	0	0	0	0	0	0	0
05.500,00.000	8	5.5	-200	0	4.5	14.1953	4.84164	9.35361	0	0	0	0	0	0	0	0	0	0	0	0	0	0	0	0	0	0
05.500,00.000	8.1	5.5	-200	0	4.5	14.5303	4.90412	9.62615	0	0	0	0	0	0	0	0	0	0	0	0	0	0	0	0	0	0
05.500,00.000	8.2	5.5	-200	0	4.5	14.8757	4.97705	9.89869	0	0	0	0	0	0	0	0	0	0	0	0	0	0	0	0	0	0
05.500,00.000	8.3	5.5	-200	0	4.5	15.235	5.06383	10.1711	0	0	0	0	0	0	0	0	0	0	0	0	0	0	0	0	0	0
05.500,00.000	8.4	5.5	-200	0	4.5	15.6071	5.16344	10.4436	0	0	0	0	0	0	0	0	0	0	0	0	0	0	0	0	0	0
05.500,00.000	8.5	5.5	-200	0	4.5	15.9886	5.27245	10.6868	0.0293288	0	0	0	0	0	0	0	0	0	0	0	0	0	0	0	0	0
05.500,00.000	8.6	5.5	-200	0	4.5	16.3815	5.39241	10.6861	0.302927	0	0	0	0	0	0	0	0	0	0	0	0	0	0	0	0	0
05.500,00.000	8.7	5.5	-200	0	4.5	16.7851	5.52206	10.6875	0.575533	0	0	0	0	0	0	0	0	0	0	0	0	0	0	0	0	0
05.500,00.000	8.8	5.5	-200	0	4.5	17.1991	5.66165	10.6894	0.848003	0	0	0	0	0	0	0	0	0	0	0	0	0	0	0	0	0
05.500,00.000	8.9	5.5	-200	0	4.5	17.6278	5.81311	10.6942	1.12057	0	0	0	0	0	0	0	0	0	0	0	0	0	0	0	0	0
05.500,00.000	9	5.5	-200	0	4.5	18.0715	5.97749	10.7012	1.39284	0	0	0	0	0	0	0	0	0	0	0	0	0	0	0	0	0
05.500,00.000	9.1	5.5	-200	0	4.5	18.5314	6.15459	10.7118	1.66503	0	0	0	0	0	0	0	0	0	0	0	0	0	0	0	0	0
05.500,00.000	9.2	5.5	-200	0	4.5	19.0084	6.34341	10.7277	1.93729	0	0	0	0	0	0	0	0	0	0	0	0	0	0	0	0	0
05.500,00.000	9.3	5.5	-200	0	4.5	19.4947	6.54086	10.744	2.20983	0	0	0	0	0	0	0	0	0	0	0	0	0	0	0	0	0
05.500,00.000	9.4	5.5	-200	0	4.5	19.9902	6.74094	10.766	2.4833	0	0	0	0	0	0	0	0	0	0	0	0	0	0	0	0	0
05.500,00.000	9.5	5.5	-200	0	4.5	20.497	6.94666	10.7928	2.75756	0	0	0	0	0	0	0	0	0	0	0	0	0	0	0	0	0
05.500,00.000	9.6	5.5	-200	0	4.5	21.0171	7.15814	10.8264	3.03256	0	0	0	0	0	0	0	0	0	0	0	0	0	0	0	0	0
05.500,00.000	9.7	5.5	-200	0	4.5	21.5532	7.37673	10.8686	3.30783	0	0	0	0	0	0	0	0	0	0	0	0	0	0	0	0	0
05.500,00.000	9.8	5.5	-200	0	4.5	22.1027	7.60163	10.9178	3.58332	0	0	0	0	0	0	0	0	0	0	0	0	0	0	0	0	0
05.500,00.000	9.9	5.5	-200	0	4.5	22.6704	7.83634	10.9752	3.85881	0	0	0	0	0	0	0	0	0	0	0	0	0	0	0	0	0
05.500,00.000	10	5.5	-200	0	4.5	23.255	8.07802	11.0432	4.13384	0	0	0	0	0	0	0	0	0	0	0	0	0	0	0	0	0
05.500,00.000	10.1	5.5	-200	0	4.5	23.8613	8.33244	11.1202	4.40866	0	0	0	0	0	0	0	0	0	0	0	0	0	0	0	0	0
05.500,00.000	10.2	5.5	-200	0	4.5	24.4867	8.5982	11.205	4.68356	0	0	0	0	0	0	0	0	0	0	0	0	0	0	0	0	0
05.500,00.000	10.3	5.5	-200	0	4.5	25.133	8.87428	11.3	4.9587	0	0	0	0	0	0	0	0	0	0	0	0	0	0	0	0	0
05.500,00.000	10.4	5.5	-200	0	4.5	25.8014	9.1623	11.405	5.23405	0	0	0	0	0	0	0	0	0	0	0	0	0	0	0	0	0
05.500,00.000	10.5	5.5	-200	0	4.5	26.4865	9.45468	11.522	5.50985	0	0	0	0	0	0	0	0	0	0	0	0	0	0	0	0	0
05.500,00.000	10.6	5.5	-200	0	4.5	27.1884	9.75313	11.6491	5.78622	0	0	0	0	0	0	0	0	0	0	0	0	0	0	0	0	0
05.500,00.000	10.7	5.5	-200	0	4.5	27.9039	10.0619	11.7796	6.06241	0	0	0	0	0	0	0	0	0	0	0	0	0	0	0	0	0
05.500,00.000	10.8	5.5	-200	0	4.5	28.6372	10.3796	11.9194	6.3382	0	0	0	0	0	0	0	0	0	0	0	0	0	0	0	0	0
05.500,00.000	10.9	5.5	-200	0	4.5	29.3934	10.7085	12.071	6.61388	0	0	0	0	0	0	0	0	0	0	0	0	0	0	0	0	0
05.500,00.000	11	5.5	-200	0	4.5	30.1757	11.052	12.2347	6.88906	0	0	0	0	0	0	0	0	0	0	0	0	0	0	0	0	0
05.500,00.000	11.1	5.5	-200	0	4.5	30.9843	11.4122	12.4086	7.16349	0	0	0	0	0	0	0	0	0	0	0	0	0	0	0	0	0
05.500,00.000	11.2	5.5	-200	0	4.5	31.8262	11.7889	12.5998	7.43761	0	0	0	0	0	0	0	0	0	0	0	0	0	0	0	0	0
05.500,00.000	11.3	5.5	-200	0	4.5	32.7005	12.1798	12.8089	7.71178	0	0	0	0	0	0	0	0	0	0	0	0	0	0	0	0	0
05.500,00.000	11.4	5.5	-200	0	4.5	33.6046	12.5817	13.0368	7.98615	0	0	0	0	0	0	0	0	0	0	0	0	0	0	0	0	0
05.500,00.000	11.5	5.5	-200	0	4.5	34.5275	12.9887	13.2784	8.26034	0	0	0	0	0	0	0	0	0	0	0	0	0	0	0	0	0
05.500,00.000	11.6	5.5	-200	0	4.5	35.4712	13.403	13.5328	8.5353	0	0	0	0	0	0	0	0	0	0	0	0	0	0	0	0	0
05.500,00.000	11.7	5.5	-200	0	4.5	36.434	13.8234	13.7998	8.81072	0	0	0	0	0	0	0	0	0	0	0	0	0	0	0	0	0
05.500,00.000	11.8	5.5	-200	0	4.5	37.4203	14.2528	14.0818	9.08578	0	0	0	0	0	0	0	0	0	0	0	0	0	0	0	0	0
05.500,00.000	11.9	5.5	-200	0	4.5	38.4429	14.7017	14.3807	9.36051	0	0	0	0	0	0	0	0	0	0	0	0	0	0	0	0	0
05.500,00.000	12	5.5	-200	0	4.5	39.535	15.199	14.7005	9.6355	0	0	0	0	0	0	0	0	0	0	0	0	0	0	0	0	0
05.500,00.000	12.1	5.5	-200	0	4.5	40.7338	15.7789	15.0427	9.91212	0	0	0	0	0	0	0	0	0	0	0	0	0	0	0	0	0
05.500,00.000	12.2	5.5	-200	0	4.5	41.9659	16.3737	15.403	10.0922	0.0969738	0	0	0	0	0	0	0	0	0	0	0	0	0	0	0	0
05.500,00.000	12.3	5.5	-200	0	4.5	43.1948	16.9529	15.7781	10.0922	0.371673	0	0	0	0	0	0	0	0	0	0	0	0	0	0	0	0
05.500,00.000	12.4	5.5	-200	0	4.5	44.4517	17.5412	16.172	10.0922	0.646275	0	0	0	0	0	0	0	0	0	0	0	0	0	0	0	0
05.500,00.000	12.5	5.5	-200	0	4.5	45.7359	18.1347	16.5868	10.0922	0.922153	0	0	0	0	0	0	0	0	0	0	0	0	0	0	0	0
05.500,00.000	12.6	5.5	-200	0	4.5	47.0497	18.7352	17.0222	10.0923	1.2	0	0	0	0	0	0	0	0	0	0	0	0	0	0	0	0
05.500,00.000	12.7	5.5	-200	0	4.5	48.3715	19.3331	17.4705	10.0932	1.47472	0	0	0	0	0	0	0	0	0	0	0	0	0	0	0	0
05.500,00.000	12.8	5.5	-200	0	4.5	49.7159	19.9372	17.9353	10.0949	1.74843	0	0	0	0	0	0	0	0	0	0	0	0	0	0	0	0
05.500,00.000	12.9	5.5	-200	0	4.5	51.0929	20.5546	18.4178	10.0995	2.02096	0	0	0	0	0	0	0	0	0	0	0	0	0	0	0	0
05.500,00.000	13	5.5	-200	0	4.5	52.4833	21.1646	18.9193	10.1067	2.2927	0	0	0	0	0	0	0	0	0	0	0	0	0	0	0	0
05.500,00.000	13.1	5.5	-200	0	4.5	53.8942	21.7701	19.4408	10.1192	2.56416	0	0	0	0	0	0	0	0	0	0	0	0	0	0	0	0
05.500,00.000	13.2	5.5	-200	0	4.5	55.3846	22.4312	19.9823	10.1367	2.83443	0	0	0	0	0	0	0	0	0	0	0	0	0	0	0	0
05.500,00.000	13.3	5.5	-200	0	4.5	56.9379	23.1278	20.5455	10.1608	3.10374	0	0	0	0	0	0	0	0	0	0	0	0	0	0	0	0
05.500,00.000	13.4	5.5	-200	0	4.5	58.5434	23.8468	21.1316	10.1922	3.37278	0	0	0	0	0	0	0	0	0	0	0	0	0	0	0	0
05.500,00.000	13.5	5.5	-200	0	4.5	60.1858	24.5727	21.7387	10.2316	3.6428	0	0	0	0	0	0	0	0	0	0	0	0	0	0	0	0
05.500,00.000	13.6	5.5	-200	0	4.5	62.0295	25.3801	22.4259	10.2838	3.93979	0	0	0	0	0	0	0	0	0	0	0	0	0	0	0	0
05.500,00.000	13.7	5.5	-200	0	4.5	63.8698	26.1762	23.117	10.3462	4.23046	0	0	0	0	0	0	0	0	0	0	0	0	0	0	0	0
05.500,00.000	13.8	5.5	-200	0	4.5	65.394	26.8273	23.6947	10.4052	4.4669	0	0	0	0	0	0	0	0	0	0	0	0	0	0	0	0
05.500,00.000	13.9	5.5	-200	0	4.5	67.2332	27.6115	24.3927	10.4853	4.74375	0	0	0	0	0	0	0	0	0	0	0	0	0	0	0	0
05.500,00.000	14	5.5	-200	0	4.5	69.0841	28.3377	25.1583	10.5739	5.01426	0	0	0	0	0	0	0	0	0	0	0	0	0	0	0	0
05.500,00.000	14.1	5.5	-200	0	4.5	70.9725	29.102	25.9219	10.6705	5.27807	0	0	0	0	0	0	0	0	0	0	0	0	0	0	0	0
05.500,00.000	14.2	5.5	-200	0	4.5	72.9227	29.8976	26.7061	10.7773	5.54174	0	0	0	0	0	0	0	0	0	0	0	0	0	0	0	0
05.500,00.000	14.3	5.5	-200	0	4.5	74.9099	30.6975	27.5135	10.8941	5.8048	0	0	0	0	0	0	0	0	0	0	0	0	0	0	0	0
05.500,00.000	14.4	5.5	-200	0	4.5	76.9342	31.5023	28.3433	11.0215	6.06709	0	0	0	0	0	0	0	0	0	0	0	0	0	0	0	0
05.500,00.000	14.5	5.5	-200	0	4.5	78.9775	32.296	29.1927	11.159	6.32985	0	0	0	0	0	0	0	0	0	0	0	0	0	0	0	0
05.500,00.000	14.6	5.5	-200	0	4.5	81.5666	33.2643	30.3016	11.3447	6.65607	0	0	0	0	0	0	0	0	0	0	0	0	0	0	0	0
05.500,00.000	14.7	5.5	-200	0	4.5	83.9425	34.1298	31.3423	11.5222	6.94815	0	0	0	0	0	0	0	0	0	0	0	0	0	0	0	0
05.500,00.000	14.8	5.5	-200	0	4.5	85.6191	34.7186	32.094	11.6545	7.15189	0	0	0	0	0	0	0	0	0	0	0	0	0	0	0	0
05.500,00.000	14.9	5.5	-200	0	4.5	87.9715	35.4997	33.1865	11.8504	7.43472	0	0	0	0	0	0	0	0	0	0	0	0	0	0	0	0
05.500,00.000	15	5.5	-200	0	4.5	90.2418	36.2349	34.253	12.0491	7.70481	0	0	0	0	0	0	0	0	0	0	0	0	0	0	0	0
05.500,00.000	15.1	5.5	-200	0	4.5	92.4354	36.9318	35.289	12.2522	7.96234	0	0	0	0	0	0	0	0	0	0	0	0	0	0	0	0
05.500,00.000	15.2	5.5	-200	0	4.5	94.6498	37.6196	36.344	12.4674	8.21889	0	0	0	0	0	0	0	0	0	0	0	0	0	0	0	0
05.500,00.000	15.3	5.5	-200	0	4.5	96.8935	38.3018	37.42	12.6965	8.47508	0	0	0	0	0	0	0	0	0	0	0	0	0	0	0	0
05.500,00.000	15.4	5.5	-200	0	4.5	99.1563	38.97	38.5159	12.9396	8.73085	0	0	0	0	0	0	0	0	0	0	0	0	0	0	0	0
05.500,00.000	15.5	5.5	-200	0	4.5	102.162	39.7776	40.0331	13.2805	9.07047	0	0	0	0	0	0	0	0	0	0	0	0	0	0	0	0
05.500,00.000	15.6	5.5	-200	0	4.5	105.387	40.6334	41.6541	13.6665	9.43317	0	0	0	0	0	0	0	0	0	0	0	0	0	0	0	0
05.500,00.000	15.7	5.5	-200	0	4.5	107.934	41.2849	42.9422	13.988	9.71868	0	0	0	0	0	0	0	0	0	0	0	0	0	0	0	0
05.500,00.000	15.8	5.5	-200	0	4.5	109.286	41.6336	43.62	14.1652	9.86763	0	0	0	0	0	0	0	0	0	0	0	0	0	0	0	0
05.500,00.000	15.9	5.5	-200	0	4.5	111.493	42.1798	44.7329	14.4706	10.0305	0.0789128	0	0	0	0	0	0	0	0	0	0	0	0	0	0	0
05.500,00.000	16	5.5	-200	0	4.5	114.265	42.8391	46.1438	14.8713	10.0293	0.381915	0	0	0	0	0	0	0	0	0	0	0	0	0	0	0
05.500,00.000	16.1	5.5	-200	0	4.5	116.728	43.4367	47.3828	15.2357	10.0293	0.643596	0	0	0	0	0	0	0	0	0	0	0	0	0	0	0
05.500,00.000	16.2	5.5	-200	0	4.5	119.114	43.9839	48.6064	15.6018	10.0293	0.892801	0	0	0	0	0	0	0	0	0	0	0	0	0	0	0
05.500,00.000	16.3	5.5	-200	0	4.5	121.507	44.5098	49.8403	15.9861	10.0294	1.14155	0	0	0	0	0	0	0	0	0	0	0	0	0	0	0
05.500,00.000	16.4	5.5	-200	0	4.5	123.922	45.0135	51.1009	16.3879	10.0305	1.38965	0	0	0	0	0	0	0	0	0	0	0	0	0	0	0
05.500,00.000	16.5	5.5	-200	0	4.5	128.937	46.0323	53.7134	17.2544	10.036	1.90053	0	0	0	0	0	0	0	0	0	0	0	0	0	0	0
05.500,00.000	16.6	5.5	-200	0	4.5	131.96	46.6243	55.289	17.7955	10.0431	2.20849	0	0	0	0	0	0	0	0	0	0	0	0	0	0	0
05.500,00.000	16.7	5.5	-200	0	4.5	132.262	46.6816	55.4459	17.8512	10.0442	2.23915	0	0	0	0	0	0	0	0	0	0	0	0	0	0	0
05.500,00.000	16.8	5.5	-200	0	4.5	135.094	47.1765	56.921	18.4064	10.0605	2.52968	0	0	0	0	0	0	0	0	0	0	0	0	0	0	0
05.500,00.000	16.9	5.5	-200	0	4.5	135.908	47.3163	57.3476	18.5669	10.0658	2.61177	0	0	0	0	0	0	0	0	0	0	0	0	0	0	0
05.500,00.000	17	5.5	-200	0	4.5	139.515	47.8871	59.2313	19.3203	10.1012	2.97522	0	0	0	0	0	0	0	0	0	0	0	0	0	0	0
05.500,00.000	17.1	5.5	-200	0	4.5	142.437	48.3347	60.7528	19.9463	10.1341	3.26887	0	0	0	0	0	0	0	0	0	0	0	0	0	0	0
05.500,00.000	17.2	5.5	-200	0	4.5	144.845	48.6858	62.0008	20.48	10.1684	3.51032	0	0	0	0	0	0	0	0	0	0	0	0	0	0	0
05.500,00.000	17.3	5.5	-200	0	4.5	147.262	49.0237	63.2463	21.0308	10.2095	3.75157	0	0	0	0	0	0	0	0	0	0	0	0	0	0	0
05.500,00.000	17.4	5.5	-200	0	4.5	149.73	49.3942	64.4876	21.5983	10.2572	3.99227	0	0	0	0	0	0	0	0	0	0	0	0	0	0	0
05.500,00.000	17.5	5.5	-200	0	4.5	157.024	50.4218	68.1427	23.3342	10.4193	4.70639	0	0	0	0	0	0	0	0	0	0	0	0	0	0	0
05.500,00.000	17.6	5.5	-200	0	4.5	158.662	50.6451	68.9604	23.7309	10.4591	4.86691	0	0	0	0	0	0	0	0	0	0	0	0	0	0	0
05.500,00.000	17.7	5.5	-200	0	4.5	161.122	50.9447	70.1775	24.3582	10.5318	5.11032	0	0	0	0	0	0	0	0	0	0	0	0	0	0	0
05.500,00.000	17.8	5.5	-200	0	4.5	161.651	51.0069	70.4379	24.4955	10.5483	5.16277	0	0	0	0	0	0	0	0	0	0	0	0	0	0	0
05.500,00.000	17.9	5.5	-200	0	4.5	162.063	51.0498	70.6374	24.6086	10.5635	5.20387	0	0	0	0	0	0	0	0	0	0	0	0	0	0	0
05.500,00.000	18	5.5	-200	0	4.5	166.299	51.472	72.6732	25.7969	10.731	5.62634	0	0	0	0	0	0	0	0	0	0	0	0	0	0	0
05.500,00.000	18.1	5.5	-200	0	4.5	169.341	51.7628	74.0744	26.7131	10.8611	5.92928	0	0	0	0	0	0	0	0	0	0	0	0	0	0	0
05.500,00.000	18.2	5.5	-200	0	4.5	171.713	51.9739	75.1364	27.4652	10.9724	6.16497	0	0	0	0	0	0	0	0	0	0	0	0	0	0	0
05.500,00.000	18.3	5.5	-200	0	4.5	174.075	52.17	76.1804	28.2332	11.0918	6.40013	0	0	0	0	0	0	0	0	0	0	0	0	0	0	0
05.500,00.000	18.4	5.5	-200	0	4.5	176.437	52.3511	77.1999	29.0298	11.2204	6.63544	0	0	0	0	0	0	0	0	0	0	0	0	0	0	0
05.500,00.000	18.5	5.5	-200	0	4.5	184.881	52.9395	80.8188	31.9265	11.7153	7.48088	0	0	0	0	0	0	0	0	0	0	0	0	0	0	0
05.500,00.000	18.6	5.5	-200	0	4.5	186.571	53.0528	81.5126	32.5369	11.8189	7.65024	0	0	0	0	0	0	0	0	0	0	0	0	0	0	0
05.500,00.000	18.7	5.5	-200	0	4.5	190.944	53.3074	83.3098	34.1122	12.1222	8.09218	0	0	0	0	0	0	0	0	0	0	0	0	0	0	0
05.500,00.000	18.8	5.5	-200	0	4.5	191.954	53.364	83.7198	34.4812	12.1947	8.19399	0	0	0	0	0	0	0	0	0	0	0	0	0	0	0
05.500,00.000	18.9	5.5	-200	0	4.5	193.772	53.4555	84.4229	35.1744	12.3424	8.37721	0	0	0	0	0	0	0	0	0	0	0	0	0	0	0
05.500,00.000	19	5.5	-200	0	4.5	198.152	53.667	86.0749	36.8754	12.7177	8.81712	0	0	0	0	0	0	0	0	0	0	0	0	0	0	0
05.500,00.000	19.1	5.5	-200	0	4.5	201.05	53.8015	87.1432	38.0154	12.9812	9.10903	0	0	0	0	0	0	0	0	0	0	0	0	0	0	0
05.500,00.000	19.2	5.5	-200	0	4.5	203.319	53.9034	87.9346	38.9346	13.2054	9.34141	0	0	0	0	0	0	0	0	0	0	0	0	0	0	0
05.500,00.000	19.3	5.5	-200	0	4.5	205.585	54.001	88.6981	39.8715	13.4416	9.57271	0	0	0	0	0	0	0	0	0	0	0	0	0	0	0
05.500,00.000	19.4	5.5	-200	0	4.5	207.858	54.0954	89.4378	40.8282	13.6924	9.67673	0.127004	0	0	0	0	0	0	0	0	0	0	0	0	0	0
05.500,00.000	19.5	5.5	-200	0	4.5	210.08	54.1854	90.1328	41.7698	13.9569	9.6769	0.358557	0	0	0	0	0	0	0	0	0	0	0	0	0	0
05.500,00.000	19.6	5.5	-200	0	4.5	214.334	54.3493	91.3678	43.6271	14.5001	9.68968	0.800168	0	0	0	0	0	0	0	0	0	0	0	0	0	0
05.500,00.000	19.7	5.5	-200	0	4.5	215.237	54.3848	91.6117	44.0236	14.6258	9.68968	0.90145	0	0	0	0	0	0	0	0	0	0	0	0	0	0
05.500,00.000	19.8	5.5	-200	0	4.5	221.107	54.6004	93.2817	46.8854	15.5184	9.68972	1.13117	0	0	0	0	0	0	0	0	0	0	0	0	0	0
05.500,00.000	19.9	5.5	-200	0	4.5	222.501	54.6676	93.6623	47.6	15.7502	9.69005	1.13117	0	0	0	0	0	0	0	0	0	0	0	0	0	0
05.500,00.000	20	5.5	-200	0	4.5	225.651	54.824	94.5046	49.2052	16.2922	9.69393	1.13117	0	0	0	0	0	0	0	0	0	0	0	0	0	0
05.500,00.000	20.1	5.5	-200	0	4.5	228.225	54.9605	95.1627	50.5241	16.7482	9.69811	1.13117	0	0	0	0	0	0	0	0	0	0	0	0	0	0
05.500,00.000	20.2	5.5	-200	0	4.5	230.221	55.0583	95.6509	51.5595	17.1177	9.7036	1.13117	0	0	0	0	0	0	0	0	0	0	0	0	0	0
05.500,00.000	20.3	5.5	-200	0	4.5	232.198	55.1526	96.113	52.5918	17.4962	9.71275	1.13117	0	0	0	0	0	0	0	0	0	0	0	0	0	0
05.500,00.000	20.4	5.5	-200	0	4.5	234.181	55.2442	96.5575	53.6342	17.8845	9.72974	1.13117	0	0	0	0	0	0	0	0	0	0	0	0	0	0
05.500,00.000	20.5	5.5	-200	0	4.5	236.204	55.3663	96.9856	54.6834	18.286	9.75154	1.13117	0	0	0	0	0	0	0	0	0	0	0	0	0	0
05.500,00.000	20.6	5.5	-200	0	4.5	240.166	55.6204	97.8237	56.7158	19.074	9.8008	1.13117	0	0	0	0	0	0	0	0	0	0	0	0	0	0
05.500,00.000	20.7	5.5	-200	0	4.5	252.593	56.5257	100.425	62.9282	21.5918	9.99138	1.13117	0	0	0	0	0	0	0	0	0	0	0	0	0	0
05.500,00.000	20.8	5.5	-200	0	4.5	254.852	56.8376	100.89	63.9091	22.0514	10.0329	1.13117	0	0	0	0	0	0	0	0	0	0	0	0	0	0
05.500,00.000	20.9	5.5	-200	0	4.5	266.107	58.1482	103.176	68.8236	24.5038	10.3239	1.13117	0	0	0	0	0	0	0	0	0	0	0	0	0	0
05.500,00.000	21	5.5	-200	0	4.5	269.443	58.6028	103.892	70.1177	25.2747	10.4246	1.13117	0	0	0	0	0	0	0	0	0	0	0	0	0	0
05.500,00.000	21.1	5.5	-200	0	4.5	272.215	58.9529	104.437	71.2466	25.9176	10.53	1.13117	0	0	0	0	0	0	0	0	0	0	0	0	0	0
05.500,00.000	21.2	5.5	-200	0	4.5	274.587	59.2731	104.897	72.2031	26.4511	10.6316	1.13117	0	0	0	0	0	0	0	0	0	0	0	0	0	0
05.500,00.000	21.3	5.5	-200	0	4.5	276.684	59.5848	105.284	73.0307	26.9215	10.732	1.13117	0	0	0	0	0	0	0	0	0	0	0	0	0	0
05.500,00.000	21.4	5.5	-200	0	4.5	279.627	60.0486	105.805	74.1651	27.5912	10.8865	1.13117	0	0	0	0	0	0	0	0	0	0	0	0	0	0
05.500,00.000	21.5	5.5	-200	0	4.5	280.679	60.2194	105.988	74.5653	27.8286	10.9465	1.13117	0	0	0	0	0	0	0	0	0	0	0	0	0	0
05.500,00.000	21.6	5.5	-200	0	4.5	283.01	60.5729	106.376	75.4476	28.3876	11.0941	1.13117	0	0	0	0	0	0	0	0	0	0	0	0	0	0
05.500,00.000	21.7	5.5	-200	0	4.5	285.273	60.9201	106.745	76.2939	28.9333	11.2492	1.13117	0	0	0	0	0	0	0	0	0	0	0	0	0	0
05.500,00.000	21.8	5.5	-200	0	4.5	287.447	61.2607	107.085	77.0927	29.4681	11.4093	1.13117	0	0	0	0	0	0	0	0	0	0	0	0	0	0
05.500,00.000	21.9	5.5	-200	0	4.5	293.251	62.2054	107.938	79.2085	30.9109	11.8572	1.13117	0	0	0	0	0	0	0	0	0	0	0	0	0	0
05.500,00.000	22	5.5	-200	0	4.5	294.596	62.4688	108.126	79.6745	31.2334	11.9625	1.13117	0	0	0	0	0	0	0	0	0	0	0	0	0	0
05.500,00.000	22.1	5.5	-200	0	4.5	299.096	63.3276	108.718	81.218	32.3539	12.3473	1.13117	0	0	0	0	0	0	0	0	0	0	0	0	0	0
05.500,00.000	22.2	5.5	-200	0	4.5	302.016	63.8962	109.095	82.2111	33.0725	12.6102	1.13117	0	0	0	0	0	0	0	0	0	0	0	0	0	0
05.500,00.000	22.3	5.5	-200	0	4.5	304.224	64.3267	109.37	82.9493	33.6227	12.8243	1.13117	0	0	0	0	0	0	0	0	0	0	0	0	0	0
05.500,00.000	22.4	5.5	-200	0	4.5	306.556	64.7819	109.653	83.7125	34.2142	13.0638	1.13117	0	0	0	0	0	0	0	0	0	0	0	0	0	0
05.500,00.000	22.5	5.5	-200	0	4.5	308.877	65.2265	109.925	84.4604	34.8167	13.3164	1.13117	0	0	0	0	0	0	0	0	0	0	0	0	0	0
05.500,00.000	22.6	5.5	-200	0	4.5	319.429	67.1573	111.351	87.718	37.5782	14.4925	1.13242	0	0	0	0	0	0	0	0	0	0	0	0	0	0
05.500,00.000	22.7	5.5	-200	0	4.5	325.473	68.1695	112.252	89.557	39.1681	15.1868	1.1401	0	0	0	0	0	0	0	0	0	0	0	0	0	0
05.500,00.000	22.8	5.5	-200	0	4.5	327.399	68.4758	112.546	90.123	39.688	15.4216	1.1444	0	0	0	0	0	0	0	0	0	0	0	0	0	0
05.500,00.000	22.9	5.5	-200	0	4.5	327.47	68.4869	112.558	90.1428	39.7076	15.4308	1.14464	0	0	0	0	0	0	0	0	0	0	0	0	0	0
05.500,00.000	23	5.5	-200	0	4.5	337.636	70.6288	114.034	92.674	42.3839	16.7203	1.19566	0	0	0	0	0	0	0	0	0	0	0	0	0	0
05.500,00.000	23.1	5.5	-200	0	4.5	344.412	72.2944	114.963	94.2584	44.1074	17.5605	1.22872	0	0	0	0	0	0	0	0	0	0	0	0	0	0
05.500,00.000	23.2	5.5	-200	0	4.5	347.459	72.8213	115.592	94.947	44.8988	17.9532	1.24696	0	0	0	0	0	0	0	0	0	0	0	0	0	0
05.500,00.000	23.3	5.5	-200	0	4.5	350.11	73.1821	116.225	95.5244	45.6039	18.3086	1.26565	0	0	0	0	0	0	0	0	0	0	0	0	0	0
05.500,00.000	23.4	5.5	-200	0	4.5	362.521	74.9168	119.347	97.9721	48.9171	20.0018	1.36706	0	0	0	0	0	0	0	0	0	0	0	0	0	0
05.500,00.000	23.5	5.5	-200	0	4.5	368.494	75.8035	120.905	99.249	50.3389	20.7803	1.41777	0	0	0	0	0	0	0	0	0	0	0	0	0	0
05.500,00.000	23.6	5.5	-200	0	4.5	381.718	77.2815	124.264	102.702	53.4884	22.4422	1.5401	0	0	0	0	0	0	0	0	0	0	0	0	0	0
05.500,00.000	23.7	5.5	-200	0	4.5	389.794	78.0803	126.454	104.526	55.6817	23.4323	1.61924	0	0	0	0	0	0	0	0	0	0	0	0	0	0
05.500,00.000	23.8	5.5	-200	0	4.5	396.689	78.7475	128.327	105.649	57.9541	24.3213	1.68995	0	0	0	0	0	0	0	0	0	0	0	0	0	0
05.500,00.000	23.9	5.5	-200	0	4.5	397.265	78.8046	128.5	105.739	58.1323	24.3919	1.69607	0	0	0	0	0	0	0	0	0	0	0	0	0	0
05.500,00.000	24	5.5	-200	0	4.5	416.697	80.7418	134.137	108.546	64.3874	26.9709	1.91369	0	0	0	0	0	0	0	0	0	0	0	0	0	0
05.500,00.000	24.1	5.5	-200	0	4.5	424.763	81.5823	136.684	109.637	66.9254	27.9259	2.00835	0	0	0	0	0	0	0	0	0	0	0	0	0	0
05.500,00.000	24.2	5.5	-200	0	4.5	427.322	81.8438	137.485	109.992	67.7528	28.2096	2.0393	0	0	0	0	0	0	0	0	0	0	0	0	0	0
05.500,00.000	24.3	5.5	-200	0	4.5	428	81.914	137.705	110.083	67.9742	28.2765	2.04779	0	0	0	0	0	0	0	0	0	0	0	0	0	0
05.500,00.000	24.4	5.5	-200	0	4.5	428.188	81.9329	137.765	110.109	68.0343	28.2973	2.05019	0	0	0	0	0	0	0	0	0	0	0	0	0	0
05.500,00.000	24.5	5.5	-200	0	4.5	438.152	82.8441	140.928	111.546	71.1698	29.4819	2.18229	0	0	0	0	0	0	0	0	0	0	0	0	0	0
05.500,00.000	24.6	5.5	-200	0	4.5	450.918	83.8052	143.835	114.663	75.3788	30.8785	2.35737	0	0	0	0	0	0	0	0	0	0	0	0	0	0
05.500,00.000	24.7	5.5	-200	0	4.5	457.76	84.4817	145.411	116.317	77.4561	31.6394	2.45474	0	0	0	0	0	0	0	0	0	0	0	0	0	0
05.500,00.000	24.8	5.5	-200	0	4.5	477.035	86.2134	149.698	121.213	83.2765	33.8519	2.78181	0	0	0	0	0	0	0	0	0	0	0	0	0	0
05.500,00.000	24.9	5.5	-200	0	4.5	480.514	86.6353	150.533	122.089	84.2107	34.1908	2.85429	0	0	0	0	0	0	0	0	0	0	0	0	0	0
05.500,00.000	25	5.5	-200	0	4.5	482.618	86.9225	151.059	122.655	84.6723	34.4102	2.89926	0	0	0	0	0	0	0	0	0	0	0	0	0	0
05.500,00.000	25.1	5.5	-200	0	4.5	492.707	88.3437	153.541	125.407	86.8679	35.4502	3.09726	0	0	0	0	0	0	0	0	0	0	0	0	0	0
05.500,00.000	25.2	5.5	-200	0	4.5	497.46	89.0715	154.715	126.727	87.8405	35.9086	3.19819	0	0	0	0	0	0	0	0	0	0	0	0	0	0
05.500,00.000	25.3	5.5	-200	0	4.5	500.519	89.5464	155.476	127.556	88.4604	36.2206	3.25967	0	0	0	0	0	0	0	0	0	0	0	0	0	0
05.500,00.000	25.4	5.5	-200	0	4.5	518.774	92.4551	159.855	132.669	92.0938	38.0702	3.63105	0	0	0	0	0	0	0	0	0	0	0	0	0	0
05.500,00.000	25.5	5.5	-200	0	4.5	526.67	93.7647	161.741	135.015	93.5141	38.8262	3.80833	0	0	0	0	0	0	0	0	0	0	0	0	0	0
05.500,00.000	25.6	5.5	-200	0	4.5	529.703	94.249	162.459	135.829	94.1414	39.1533	3.87175	0	0	0	0	0	0	0	0	0	0	0	0	0	0
05.500,00.000	25.7	5.5	-200	0	4.5	532.787	94.6815	163.141	136.445	94.9813	39.4918	3.93771	0	0	0.109351	0	0	0	0	0	0	0	0	0	0	0
05.500,00.000	25.8	5.5	-200	0	4.5	556.037	98.9739	168.319	140.637	100.386	41.8072	4.3883	0	0	1.52525	0	0	0	0	0	0	0	0	0	0	0
05.500,00.000	25.9	5.5	-200	0	4.5	560.573	99.9627	169.436	141.364	101.381	42.1613	4.47561	0	0	1.79272	0	0	0	0	0	0	0	0	0	0	0
05.500,00.000	26	5.5	-200	0	4.5	560.834	100.015	169.503	141.406	101.437	42.1852	4.48053	0	0	1.80715	0	0	0	0	0	0	0	0	0	0	0
05.500,00.000	26.1	5.5	-200	0	4.5	572.297	101.882	173.019	143.22	103.835	43.2161	4.69861	0	0	2.42664	0	0	0	0	0	0	0	0	0	0	0
05.500,00.000	26.2	5.5	-200	0	4.5	578.811	102.396	175.633	144.229	105.198	43.769	4.81485	0	0	2.77275	0	0	0	0	0	0	0	0	0	0	0
05.500,00.000	26.3	5.5	-200	0	4.5	582.697	102.737	177.145	144.834	106.004	44.1173	4.88639	0	0	2.97439	0	0	0	0	0	0	0	0	0	0	0
05.500,00.000	26.4	5.5	-200	0	4.5	606.225	104.718	186.484	148.468	110.8	46.2445	5.33674	0	0	4.1743	0	0	0	0	0	0	0	0	0	0	0
05.500,00.000	26.5	5.5	-200	0	4.5	616.586	105.482	190.777	150.01	112.916	47.1636	5.5311	0	0	4.70732	0	0	0	0	0	0	0	0	0	0	0
05.500,00.000	26.6	5.5	-200	0	4.5	620.713	105.799	192.44	150.633	113.777	47.538	5.60909	0	0	4.91681	0	0	0	0	0	0	0	0	0	0	0
05.500,00.000	26.7	5.5	-200	0	4.5	624.645	106.099	194.019	151.232	114.602	47.8979	5.68416	0	0	5.11036	0	0	0	0	0	0	0	0	0	0	0
05.500,00.000	26.8	5.5	-200	0	4.5	641.027	107.416	200.539	153.736	118.029	49.3914	6.00152	0	0	5.91317	0	0	0	0	0	0	0	0	0	0	0
05.500,00.000	26.9	5.5	-200	0	4.5	644.296	107.699	201.76	154.26	118.735	49.6943	6.06833	0	0	6.07957	0	0	0	0	0	0	0	0	0	0	0
05.500,00.000	27	5.5	-200	0	4.5	644.581	107.724	201.862	154.308	118.798	49.7217	6.07425	0	0	6.09361	0	0	0	0	0	0	0	0	0	0	0
05.500,00.000	27.1	5.5	-200	0	4.5	656.418	108.783	205.947	156.397	121.422	50.8828	6.32198	0	0	6.66459	0	0	0	0	0	0	0	0	0	0	0
05.500,00.000	27.2	5.5	-200	0	4.5	663.403	109.45	208.291	157.674	122.863	51.6622	6.46765	0	0	6.9957	0	0	0	0	0	0	0	0	0	0	0
05.500,00.000	27.3	5.5	-200	0	4.5	667.73	109.846	209.719	158.5	123.601	52.3089	6.5587	0	0	7.19643	0	0	0	0	0	0	0	0	0	0	0
05.500,00.000	27.4	5.5	-200	0	4.5	668.715	109.94	210.038	158.694	123.744	52.4787	6.57923	0	0	7.24111	0	0	0	0	0	0	0	0	0	0	0
05.500,00.000	27.5	5.5	-200	0	4.5	688.179	111.647	216.355	162.587	126.964	55.4594	7.04222	0	0	8.12316	0	0	0	0	0	0	0	0	0	0	0
05.500,00.000	27.6	5.5	-200	0	4.5	693.843	112.23	217.968	163.789	127.896	56.3597	7.19853	0	0	8.40133	0	0	0	0	0	0	0	0	0	0	0
05.500,00.000	27.7	5.5	-200	0	4.5	705.07	113.473	221.046	166.134	129.764	58.2171	7.50711	0	0	8.92892	0	0	0	0	0	0	0	0	0	0	0
05.500,00.000	27.8	5.5	-200	0	4.5	722.436	115.536	225.844	169.826	132.483	61.0162	7.99174	0	0	9.24861	0.491205	0	0	0	0	0	0	0	0	0	0
05.500,00.000	27.9	5.5	-200	0	4.5	726.471	116.102	226.96	170.692	133.09	61.6033	8.09929	0	0	9.24861	0.676367	0	0	0	0	0	0	0	0	0	0
05.500,00.000	28	5.5	-200	0	4.5	726.766	116.142	227.039	170.755	133.136	61.6487	8.10807	0	0	9.24861	0.689268	0	0	0	0	0	0	0	0	0	0
05.500,00.000	28.1	5.5	-200	0	4.5	727.792	116.287	227.311	170.979	133.292	61.8031	8.13846	0	0	9.24861	0.733629	0	0	0	0	0	0	0	0	0	0
05.500,00.000	28.2	5.5	-200	0	4.5	728.783	116.427	227.572	171.198	133.444	61.9556	8.16033	0	0	9.24861	0.776446	0	0	0	0	0	0	0	0	0	0
05.500,00.000	28.3	5.5	-200	0	4.5	729.147	116.477	227.667	171.276	133.502	62.014	8.16988	0	0	9.24861	0.791552	0	0	0	0	0	0	0	0	0	0
05.500,00.000	28.4	5.5	-200	0	4.5	729.204	116.486	227.682	171.289	133.511	62.0229	8.17093	0	0	9.24861	0.793986	0	0	0	0	0	0	0	0	0	0
05.500,00.000	28.5	5.5	-200	0	4.5	757.228	120.605	234.896	177.136	137.906	66.5223	9.01311	0	0	9.24861	1.90026	0	0	0	0	0	0	0	0	0	0
05.500,00.000	28.6	5.5	-200	0	4.5	771.063	123.034	238.479	180.073	139.826	68.536	9.43632	0	0	9.24934	2.42779	0	0	0	0	0	0	0	0	0	0
05.500,00.000	28.7	5.5	-200	0	4.5	784.235	125.719	241.847	182.802	141.801	70.0603	9.84228	0	0	9.25271	2.91117	0	0	0	0	0	0	0	0	0	0
05.500,00.000	28.8	5.5	-200	0	4.5	792.415	127.441	243.985	184.527	143.023	70.8158	10.1568	0	0	9.25579	3.20995	0	0	0	0	0	0	0	0	0	0
05.500,00.000	28.9	5.5	-200	0	4.5	793.168	127.605	244.179	184.692	143.13	70.8792	10.1898	0	0	9.25618	3.23685	0	0	0	0	0	0	0	0	0	0
05.500,00.000	29	5.5	-200	0	4.5	797.917	128.618	245.43	185.691	143.839	71.3106	10.3676	0	0	9.25984	3.4014	0	0	0	0	0	0	0	0	0	0
05.500,00.000	29.1	5.5	-200	0	4.5	807.26	130.643	247.877	187.65	145.238	72.1254	10.7388	0	0	9.26826	3.71902	0	0	0	0	0	0	0	0	0	0
05.500,00.000	29.2	5.5	-200	0	4.5	813.867	132.18	249.591	189.004	146.204	72.6683	11.0101	0	0	9.27504	3.93496	0	0	0	0	0	0	0	0	0	0
05.500,00.000	29.3	5.5	-200	0	4.5	819.524	133.598	251.028	190.125	147.031	73.1091	11.2387	0	0	9.28261	4.11262	0	0	0	0	0	0	0	0	0	0
05.500,00.000	29.4	5.5	-200	0	4.5	839.382	138.691	256.143	194.002	150.055	74.5809	11.8824	0	0	9.31534	4.71262	0	0	0	0	0	0	0	0	0	0
05.500,00.000	29.5	5.5	-200	0	4.5	850.223	141.579	259.007	195.969	151.784	75.3206	12.1998	0	0	9.33668	5.02707	0	0	0	0	0	0	0	0	0	0
05.500,00.000	29.6	5.5	-200	0	4.5	856.45	143.237	260.615	197.099	152.79	75.7479	12.4049	0	0	9.35237	5.20382	0	0	0	0	0	0	0	0	0	0
05.500,00.000	29.7	5.5	-200	0	4.5	862.433	144.869	262.149	198.176	153.762	76.1365	12.6016	0	0	9.37019	5.36888	0	0	0	0	0	0	0	0	0	0
05.500,00.000	29.8	5.5	-200	0	4.5	882.708	150.293	267.314	201.914	157.075	77.4219	13.3366	3.61933e-14	0	9.43889	5.91395	0	0	0	0	0	0	0	0	0	0
05.500,00.000	29.9	5.5	-200	0	4.5	886.848	151.449	268.325	202.698	157.742	77.6571	13.475	0.0237112	0	9.45399	6.02429	0	0	0	0	0	0	0	0	0	0
05.500,00.000	30	5.5	-200	0	4.5	887.31	151.578	268.439	202.782	157.816	77.6844	13.4915	0.0264025	0	9.45597	6.03608	0	0	0	0	0	0	0	0	0	0
05.500,00.000	30.1	5.5	-200	0	4.5	898.302	154.695	271.14	204.778	159.573	78.3221	13.8809	0.0920698	0	9.50845	6.31218	0	0	0	0	0	0	0	0	0	0
05.500,00.000	30.2	5.5	-200	0	4.5	906.525	157.098	273.132	206.221	160.915	78.7799	14.1681	0.142242	0	9.55143	6.51717	0	0	0	0	0	0	0	0	0	0
05.500,00.000	30.3	5.5	-200	0	4.5	912.985	158.965	274.721	207.361	161.959	79.1345	14.3974	0.182484	0	9.58867	6.67488	0	0	0	0	0	0	0	0	0	0
05.500,00.000	30.4	5.5	-200	0	4.5	938.328	166.368	280.913	211.87	165.949	80.5282	15.3336	0.342489	0	9.74692	7.27704	0	0	0	0	0	0	0	0	0	0
05.500,00.000	30.5	5.5	-200	0	4.5	950.866	169.66	284.207	214.14	167.938	81.2169	15.8685	0.42454	0	9.83187	7.57927	0	0	0	0	0	0	0	0	0	0
05.500,00.000	30.6	5.5	-200	0	4.5	957.455	171.038	286.241	215.351	168.987	81.61	16.143	0.468794	0	9.88176	7.73576	0	0	0	0	0	0	0	0	0	0
05.500,00.000	30.7	5.5	-200	0	4.5	971.061	173.82	290.556	217.855	171.116	82.4075	16.6971	0.561579	0	9.99491	8.05235	0	0	0	0	0	0	0	0	0	0
05.500,00.000	30.8	5.5	-200	0	4.5	983.836	176.123	294.729	220.292	173.044	83.2662	17.212	0.712901	0	10.1095	8.3472	0	0	0	0	0	0	0	0	0	0
05.500,00.000	30.9	5.5	-200	0	4.5	985.51	176.435	295.21	220.653	173.289	83.3931	17.2822	0.733857	0	10.126	8.3872	0	0	0	0	0	0	0	0	0	0
05.500,00.000	31	5.5	-200	0	4.5	995.408	178.239	298.402	222.578	174.776	84.0533	17.6655	0.856011	0	10.2306	8.60892	0	0	0	0	0	0	0	0	0	0
05.500,00.000	31.1	5.5	-200	0	4.5	1005.6	180.115	301.671	224.565	176.285	84.7481	18.0542	0.983304	0	10.3444	8.83525	0	0	0	0	0	0	0	0	0	0
05.500,00.000	31.2	5.5	-200	0	4.5	1012.73	181.397	303.962	225.968	177.314	85.2904	18.3114	1.07078	0	10.4277	8.98779	0	0	0	0	0	0	0	0	0	0
05.500,00.000	31.3	5.5	-200	0	4.5	1019.12	182.593	305.866	227.28	178.272	85.7829	18.5404	1.15157	0	10.5096	9.12647	0	0	0	0	0	0	0	0	0	0
05.500,00.000	31.4	5.5	-200	0	4.5	1025.48	183.87	307.66	228.586	179.231	86.2827	18.7611	1.23225	0	10.5959	9.26289	0	0	0	0	0	0	0	0	0	0
05.500,00.000	31.5	5.5	-200	0	4.5	1031.82	185.18	309.442	229.855	180.192	86.7791	18.9734	1.31281	0	10.6862	9.39702	0	0	0	0	0	0	0	0	0	0
05.500,00.000	31.6	5.5	-200	0	4.5	1038.24	186.551	311.204	231.105	181.176	87.2927	19.1823	1.3945	0.022942	10.7813	9.5321	0	0	0	0	0	0	0	0	0	0
05.500,00.000	31.7	5.5	-200	0	4.5	1044.44	187.907	312.882	232.301	182.122	87.7811	19.3737	1.47069	0.067541	10.8771	9.64037	0.0185827	0	0	0	0	0	0	0	0	0
05.500,00.000	31.8	5.5	-200	0	4.5	1063.4	191.877	318.209	236.039	185.006	89.2294	19.9271	1.69458	0.205403	11.1775	9.64741	0.388684	0	0	0	0	0	0	0	0	0
05.500,00.000	31.9	5.5	-200	0	4.5	1067.19	192.614	319.239	236.835	185.573	89.5603	20.0375	1.73956	0.233752	11.2403	9.63795	0.474384	0	0	0	0	0	0	0	0	0
05.500,00.000	32	5.5	-200	0	4.5	1072.48	193.708	320.755	237.875	186.381	89.9636	20.177	1.79793	0.273529	11.3314	9.63836	0.574857	0	0	0	0	0	0	0	0	0
05.500,00.000	32.1	5.5	-200	0	4.5	1082.26	195.71	323.534	239.802	187.892	90.7141	20.4262	1.93212	0.348871	11.5065	9.63791	0.76034	0	0	0	0	0	0	0	0	0
05.500,00.000	32.2	5.5	-200	0	4.5	1089.7	197.261	325.624	241.252	189.042	91.2731	20.6068	2.05118	0.406989	11.6441	9.63727	0.89901	0	0	0	0	0	0	0	0	0
05.500,00.000	32.3	5.5	-200	0	4.5	1096.15	198.641	327.409	242.501	190.055	91.7494	20.7556	2.15188	0.45861	11.7687	9.63727	1.01698	0	0	0	0	0	0	0	0	0
05.500,00.000	32.4	5.5	-200	0	4.5	1110.5	201.749	331.366	245.238	192.328	92.7862	21.0667	2.3682	0.626661	12.0569	9.63727	1.27363	0	0	0	0	0	0	0	0	0
05.500,00.000	32.5	5.5	-200	0	4.5	1119.48	203.739	333.819	246.969	193.655	93.447	21.2556	2.51367	0.762156	12.2449	9.63742	1.43423	0	0	0	0	0	0	0	0	0
05.500,00.000	32.6	5.5	-200	0	4.5	1127.74	205.519	336.119	248.536	194.907	94.052	21.4187	2.65395	0.890574	12.4249	9.63848	1.5801	0	0	0	0	0	0	0	0	0
05.500,00.000	32.7	5.5	-200	0	4.5	1131.41	206.332	337.133	249.23	195.457	94.3177	21.4874	2.71453	0.948442	12.508	9.63911	1.64387	0	0	0	0	0	0	0	0	0
05.500,00.000	32.8	5.5	-200	0	4.5	1146.13	209.587	340.91	252.08	197.816	95.4114	21.7506	2.95801	1.1967	12.8697	9.643	1.9051	0	0	0	0	0	0	0	0	0
05.500,00.000	32.9	5.5	-200	0	4.5	1149.26	210.3	341.621	252.724	198.326	95.657	21.8083	3.01236	1.25352	12.9536	9.64402	1.96389	0	0	0	0	0	0	0	0	0
05.500,00.000	33	5.5	-200	0	4.5	1158.89	212.595	343.855	254.6	199.924	96.3642	21.9588	3.16465	1.42713	13.2166	9.6502	2.13329	0	0	0	0	0	0	0	0	0
05.500,00.000	33.1	5.5	-200	0	4.5	1166.22	214.409	345.478	256.039	201.146	96.8927	22.0669	3.27868	1.56289	13.4245	9.65584	2.26201	0	0	0	0	0	0	0	0	0
05.500,00.000	33.2	5.5	-200	0	4.5	1172.09	215.922	346.778	257.164	202.125	97.3115	22.1435	3.36489	1.67111	13.5948	9.66149	2.35489	0	0	0	0	0	0	0	0	0
05.500,00.000	33.3	5.5	-200	0	4.5	1177.91	217.514	348.069	258.278	203.059	97.7272	22.212	3.44766	1.80354	13.7706	9.66821	2.35666	0	0	0	0	0	0	0	0	0
05.500,00.000	33.4	5.5	-200	0	4.5	1203.42	224.723	353.724	263.052	207.075	99.542	22.472	3.78955	2.37919	14.561	9.70272	2.40124	0	0	0	0	0	0	0	0	0
05.500,00.000	33.5	5.5	-200	0	4.5	1216.09	228.418	356.432	265.362	208.972	100.632	22.5892	3.95113	2.65837	14.9523	9.7212	2.40124	0	0	0	0	0	0	0	0	0
05.500,00.000	33.6	5.5	-200	0	4.5	1227.07	231.436	358.786	267.342	210.647	101.768	22.6741	4.08179	2.89476	15.2955	9.74068	2.40124	0	0	0	0	0	0	0	0	0
05.500,00.000	33.7	5.5	-200	0	4.5	1229.37	232.123	359.236	267.73	210.999	102.018	22.6909	4.11513	2.94488	15.3646	9.7452	2.40124	0	0	0	0	0	0	0	0	0
05.500,00.000	33.8	5.5	-200	0	4.5	1246.66	236.992	362.907	270.642	213.673	103.892	22.7967	4.34193	3.3049	15.9291	9.78472	2.40124	0	0	0	0	0	0	0	0	0
05.500,00.000	33.9	5.5	-200	0	4.5	1250.57	238.162	363.685	271.28	214.287	104.307	22.8196	4.39219	3.38604	16.0518	9.79461	2.40124	0	0	0	0	0	0	0	0	0
05.500,00.000	34	5.5	-200	0	4.5	1262.96	241.721	366.369	273.308	216.215	105.6	22.877	4.53402	3.6308	16.471	9.83249	2.40124	0	0	0	0	0	0	0	0	0
05.500,00.000	34.1	5.5	-200	0	4.5	1271.45	244.179	368.204	274.72	217.544	106.45	22.9125	4.62687	3.79641	16.7585	9.8606	2.40124	0	0	0	0	0	0	0	0	0
05.500,00.000	34.2	5.5	-200	0	4.5	1277.59	245.912	369.596	275.703	218.508	107.072	22.934	4.68867	3.91302	16.9756	9.88327	2.40124	0	0	0	0	0	0	0	0	0
05.500,00.000	34.3	5.5	-200	0	4.5	1283.71	247.631	371.012	276.633	219.483	107.719	22.9523	4.74626	4.02771	17.2002	9.90816	2.40124	0	0	0	0	0	0	0	0	0
05.500,00.000	34.4	5.5	-200	0	4.5	1301.13	252.463	375.031	279.294	222.288	109.565	22.9944	4.89668	4.34775	17.86	9.98597	2.40124	0	0	0	0	0	0	0	0	0
05.500,00.000	34.5	5.5	-200	0	4.5	1311.01	255.247	377.256	280.793	223.884	110.597	23.0152	4.97702	4.52668	18.283	10.0329	2.40124	0	0	0	0	0	0	0	0	0
05.500,00.000	34.6	5.5	-200	0	4.5	1335.16	261.64	383.081	284.344	227.784	113.156	23.0535	5.15354	4.95795	19.4213	10.1631	2.40124	0	0	0	0	0	0	0	0	0
05.500,00.000	34.7	5.5	-200	0	4.5	1340.02	262.946	384.288	285.029	228.558	113.661	23.0603	5.18745	5.04376	19.6551	10.1904	2.40124	0	0	0	0	0	0	0	0	0
05.500,00.000	34.8	5.5	-200	0	4.5	1353.86	266.611	387.809	286.876	230.782	115.127	23.0715	5.26684	5.27673	20.3585	10.2775	2.40124	0	0	0	0	0	0	0	0	0
05.500,00.000	34.9	5.5	-200	0	4.5	1357.61	267.541	388.806	287.373	231.396	115.531	23.0806	5.28781	5.34101	20.5513	10.3027	2.40124	0	0	0	0	0	0	0	0	0
05.500,00.000	35	5.5	-200	0	4.5	1368.88	270.5	391.726	288.879	233.183	116.673	23.1375	5.33574	5.51699	21.1437	10.3839	2.40124	0	0	0	0	0	0	0	0	0
05.500,00.000	35.1	5.5	-200	0	4.5	1376.95	272.587	393.81	289.965	234.464	117.182	23.5157	5.36647	5.64026	21.5739	10.445	2.40124	0	0	0	0	0	0	0	0	0
05.500,00.000	35.2	5.5	-200	0	4.5	1383.17	274.212	395.411	290.807	235.44	117.596	23.7812	5.38625	5.73001	21.9123	10.4949	2.40124	0	0	0	0	0	0	0	0	0
05.500,00.000	35.3	5.5	-200	0	4.5	1389.46	275.867	397.031	291.647	236.42	118.015	24.0486	5.40325	5.81665	22.2601	10.5479	2.40124	0	0	0	0	0	0	0	0	0
05.500,00.000	35.4	5.5	-200	0	4.5	1395.76	277.522	398.668	292.48	237.398	118.436	24.3167	5.41737	5.89968	22.6152	10.6039	2.40124	0	0	0	0	0	0	0	0	0
05.500,00.000	35.5	5.5	-200	0	4.5	1402.09	279.188	400.327	293.306	238.371	118.861	24.5854	5.42861	5.97914	22.9783	10.6627	2.40124	0	0	0	0	0	0	0	0	0
05.500,00.000	35.6	5.5	-200	0	4.5	1412.04	281.658	402.973	294.602	239.907	119.561	25.0169	5.44264	6.13877	23.5751	10.7611	2.40124	0	0	0	0	0	0	0	0	0
05.500,00.000	35.7	5.5	-200	0	4.5	1416.21	282.733	404.062	295.14	240.539	119.858	25.1973	5.44754	6.20264	23.8252	10.8035	2.40124	0	0	0	0	0	0	0	0	0
05.500,00.000	35.8	5.5	-200	0	4.5	1434.07	287.161	408.763	297.431	243.226	121.188	25.9712	5.4628	6.46021	25.0061	10.9964	2.40124	0	0	0	0	0	0	0	0	0
05.500,00.000	35.9	5.5	-200	0	4.5	1437.93	288.121	409.746	297.943	243.795	121.478	26.1399	5.46565	6.51403	25.2859	11.0385	2.40124	0	0	0	0	0	0	0	0	0
05.500,00.000	36	5.5	-200	0	4.5	1451.57	291.632	413.247	299.743	245.733	122.495	26.7104	5.47004	6.68239	26.2572	11.1934	2.40124	0	0	0	0	0	0	0	0	0
05.500,00.000	36.1	5.5	-200	0	4.5	1460.58	293.901	415.596	300.955	247	123.137	27.0886	5.4715	6.78862	26.9028	11.3355	2.40124	0	0	0	0	0	0	0	0	0
05.500,00.000	36.2	5.5	-200	0	4.5	1466.86	295.563	417.213	301.769	247.859	123.587	27.3473	5.47159	6.85614	27.3524	11.437	2.40124	0	0	0	0	0	0	0	0	0
05.500,00.000	36.3	5.5	-200	0	4.5	1473.41	297.326	418.886	302.618	248.73	124.07	27.6172	5.47159	6.92158	27.8247	11.5465	2.40124	0	0	0	0	0	0	0	0	0
05.500,00.000	36.4	5.5	-200	0	4.5	1479.89	299.096	420.548	303.457	249.54	124.598	27.8867	5.47159	6.98193	28.2523	11.6592	2.40124	0	0	0	0	0	0	0	0	0
05.500,00.000	36.5	5.5	-200	0	4.5	1486.32	300.867	422.202	304.29	250.325	125.132	28.1579	5.47159	7.03764	28.6597	11.7761	2.40124	0	0	0	0	0	0	0	0	0
05.500,00.000	36.6	5.5	-200	0	4.5	1505.73	305.771	427.234	306.902	252.706	126.848	29.0403	5.47159	7.20201	29.9947	12.1565	2.40124	0	0	0	0	0	0	0	0	0
05.500,00.000	36.7	5.5	-200	0	4.5	1509.76	306.865	428.249	307.475	253.127	127.215	29.2209	5.47159	7.23393	30.2751	12.2281	2.40124	0	0	0	0	0	0	0	0	0
05.500,00.000	36.8	5.5	-200	0	4.5	1510.26	306.998	428.376	307.545	253.181	127.262	29.2436	5.47159	7.23724	30.3103	12.238	2.40124	0	0	0	0	0	0	0	0	0
05.500,00.000	36.9	5.5	-200	0	4.5	1514.85	308.328	429.498	308.159	253.667	127.67	29.4426	5.47159	7.26318	30.6187	12.33	2.40124	0	0	0	0	0	0	0	0	0
05.500,00.000	37	5.5	-200	0	4.5	1523.72	310.901	431.671	309.352	254.587	128.475	29.8313	5.47159	7.3072	31.2179	12.5095	2.40124	0	0	0	0	0	0	0	0	0
05.500,00.000	37.1	5.5	-200	0	4.5	1530.61	312.916	433.349	310.278	255.281	129.106	30.1349	5.47159	7.33654	31.6808	12.6517	2.40124	0	0	0	0	0	0	0	0	0
05.500,00.000	37.2	5.5	-200	0	4.5	1536.41	314.677	434.738	311.046	255.859	129.627	30.3895	5.47159	7.3572	32.0636	12.7754	2.40124	0	0	0	0	0	0	0	0	0
05.500,00.000	37.3	5.5	-200	0	4.5	1542.5	316.569	436.15	311.853	256.46	130.184	30.6606	5.47159	7.37636	32.4689	12.9086	2.40124	0	0	0	0	0	0	0	0	0
05.500,00.000	37.4	5.5	-200	0	4.5	1548.52	318.43	437.538	312.669	257.037	130.744	30.9298	5.47159	7.39271	32.8689	13.0424	2.40124	0	0	0	0	0	0	0	0	0
05.500,00.000	37.5	5.5	-200	0	4.5	1554.46	320.269	438.901	313.467	257.598	131.301	31.1978	5.47159	7.40675	33.2617	13.1801	2.40124	0	0	0	0	0	0	0	0	0
05.500,00.000	37.6	5.5	-200	0	4.5	1565.19	323.227	441.46	314.972	258.658	132.354	31.7274	5.47159	7.43128	34.0225	13.4649	2.40124	0	0	0	0	0	0	0	0	0
05.500,00.000	37.7	5.5	-200	0	4.5	1571.21	325.094	442.825	315.775	259.2	132.901	32.0163	5.47159	7.44342	34.4372	13.65	2.40124	0	0	0	0	0	0	0	0	0
05.500,00.000	37.8	5.5	-200	0	4.5	1574.21	325.889	443.556	316.189	259.483	133.194	32.1697	5.47159	7.44895	34.6503	13.7548	2.40124	0	0	0	0	0	0	0	0	0
05.500,00.000	37.9	5.5	-200	0	4.5	1574.76	326.068	443.683	316.261	259.529	133.242	32.1967	5.47159	7.44983	34.6883	13.7724	2.40124	0	0	0	0	0	0	0	0	0
05.500,00.000	38	5.5	-200	0	4.5	1583.91	329.133	445.757	317.379	260.274	134.051	32.6318	5.47159	7.46214	35.2654	14.0853	2.40124	0	0	0	0	0	0	0	0	0
05.500,00.000	38.1	5.5	-200	0	4.5	1590.33	331.252	447.24	318.165	260.787	134.613	32.9447	5.47159	7.47025	35.68	14.3087	2.40124	0	0	0	0	0	0	0	0	0
05.500,00.000	38.2	5.5	-200	0	4.5	1595.05	332.872	448.315	318.718	261.142	135.033	33.1727	5.47159	7.47536	35.9745	14.478	2.40124	0	0	0	0	0	0	0	0	0
05.500,00.000	38.3	5.5	-200	0	4.5	1600.34	334.67	449.535	319.328	261.526	135.515	33.4325	5.47159	7.48034	36.3078	14.672	2.40124	0	0	0	0	0	0	0	0	0
05.500,00.000	38.4	5.5	-200	0	4.5	1605.56	336.45	450.75	319.937	261.877	135.991	33.692	5.47159	7.4845	36.6346	14.8704	2.40124	0	0	0	0	0	0	0	0	0
05.500,00.000	38.5	5.5	-200	0	4.5	1610.64	338.194	451.937	320.515	262.204	136.457	33.948	5.47159	7.48777	36.9497	15.0725	2.40124	0	0	0	0	0	0	0	0	0
05.500,00.000	38.6	5.5	-200	0	4.5	1619.24	340.563	454.107	321.576	262.79	137.354	34.4418	5.47159	7.49239	37.5607	15.4771	2.40124	0	0	0	0	0	0	0	0	0
05.500,00.000	38.7	5.5	-200	0	4.5	1627.76	343.341	456.063	322.514	263.3	138.182	34.987	5.47159	7.49533	38.1419	15.8633	2.40124	0	0	0	0	0	0	0	0	0
05.500,00.000	38.8	5.5	-200	0	4.5	1628.89	343.644	456.352	322.65	263.366	138.3	35.0327	5.50432	7.49562	38.2285	15.9164	2.40124	0	0	0	0	0	0	0	0	0
05.500,00.000	38.9	5.5	-200	0	4.5	1633.58	345.186	457.499	323.129	263.623	138.74	35.1407	5.69455	7.49573	38.5335	16.139	2.40124	0	0	0	0	0	0	0	0	0
05.500,00.000	39	5.5	-200	0	4.5	1640.42	347.44	459.184	323.816	263.977	139.381	35.2405	6.03439	7.49573	38.976	16.4725	2.40124	0	0	0	0	0	0	0	0	0
05.500,00.000	39.1	5.5	-200	0	4.5	1645.42	349.126	460.435	324.305	264.221	139.81	35.3148	6.28547	7.49573	39.3047	16.7251	2.40124	0	0	0	0	0	0	0	0	0
05.500,00.000	39.2	5.5	-200	0	4.5	1649.95	350.691	461.566	324.726	264.428	140.195	35.3824	6.51238	7.49573	39.5933	16.9566	2.40124	0	0	0	0	0	0	0	0	0
05.500,00.000	39.3	5.5	-200	0	4.5	1654.41	352.294	462.646	325.128	264.619	140.572	35.4508	6.73843	7.49573	39.8725	17.19	2.40124	0	0	0	0	0	0	0	0	0
05.500,00.000	39.4	5.5	-200	0	4.5	1658.86	353.925	463.737	325.505	264.796	140.945	35.5204	6.96517	7.49573	40.1458	17.4271	2.40124	0	0	0	0	0	0	0	0	0
05.500,00.000	39.5	5.5	-200	0	4.5	1663.34	355.558	464.862	325.82	264.997	141.322	35.593	7.19766	7.49573	40.4177	17.6733	2.40124	0	0	0	0	0	0	0	0	0
05.500,00.000	39.6	5.5	-200	0	4.5	1668.17	356.957	466.222	326.164	265.246	141.78	35.6856	7.4869	7.49573	40.7444	17.9837	2.40124	0	0	0	0	0	0	0	0	0
05.500,00.000	39.7	5.5	-200	0	4.5	1676.62	359.244	468.762	326.744	265.667	142.593	35.8544	8.00371	7.49573	41.3054	18.5463	2.40124	0	0	0	0	0	0	0	0	0
05.500,00.000	39.8	5.5	-200	0	4.5	1678.24	359.695	469.252	326.881	265.735	142.737	35.886	8.09979	7.49573	41.4075	18.6516	2.40124	0	0	0	0	0	0	0	0	0
05.500,00.000	39.9	5.5	-200	0	4.5	1684.02	361.636	470.844	327.233	265.967	143.249	35.9987	8.43167	7.49573	41.7395	19.0192	2.40124	0	0	0	0	0	0	0	0	0
05.500,00.000	40	5.5	-200	0	4.5	1688.79	363.215	472.178	327.512	266.145	143.708	36.0941	8.70787	7.49573	42.0076	19.3253	2.40124	0	0	0	0	0	0	0	0	0
05.500,00.000	40.1	5.5	-200	0	4.5	1692.76	364.415	473.439	327.718	266.285	144.086	36.1755	8.93852	7.49573	42.2222	19.5807	2.40124	0	0	0	0	0	0	0	0	0
05.500,00.000	40.2	5.5	-200	0	4.5	1696.96	365.68	474.805	327.916	266.424	144.489	36.2659	9.18721	7.49573	42.4437	19.8561	2.40124	0	0	0	0	0	0	0	0	0
05.500,00.000	40.3	5.5	-200	0	4.5	1700.46	366.668	476.024	328.069	266.532	144.823	36.3435	9.3955	7.49573	42.6212	20.0867	2.40124	0	0	0	0	0	0	0	0	0
05.500,00.000	40.4	5.5	-200	0	4.5	1704.02	367.539	477.417	328.213	266.636	145.164	36.4258	9.61078	7.49573	42.7956	20.3249	2.40124	0	0	0	0	0	0	0	0	0
05.500,00.000	40.5	5.5	-200	0	4.5	1707.89	368.433	478.959	328.385	266.742	145.535	36.519	9.8471	7.49573	42.9793	20.5948	2.40124	0	0	0	0	0	0	0	0	0
05.500,00.000	40.6	5.5	-200	0	4.5	1711.91	369.211	480.536	328.578	266.857	145.962	36.6312	10.1249	7.49573	43.1883	20.9269	2.40124	0	0	0	0	0	0	0	0	0
05.500,00.000	40.7	5.5	-200	0	4.5	1724.79	371.845	485.551	329.226	267.218	147.41	37.0287	10.6703	7.49573	43.8853	22.0627	2.40124	0	0	0	0	0	0	0	0	0
05.500,00.000	40.8	5.5	-200	0	4.5	1727.29	372.288	486.605	329.366	267.35	147.692	37.1074	10.6703	7.49573	44.0178	22.2923	2.40124	0	0	0	0	0	0	0	0	0
05.500,00.000	40.9	5.5	-200	0	4.5	1727.87	372.389	486.872	329.397	267.374	147.758	37.1273	10.6703	7.49573	44.0466	22.3436	2.40124	0	0	0	0	0	0	0	0	0
05.500,00.000	41	5.5	-200	0	4.5	1733.98	373.493	489.68	329.689	267.577	148.444	37.3398	10.6703	7.49573	44.3354	22.8571	2.40124	0	0	0	0	0	0	0	0	0
05.500,00.000	41.1	5.5	-200	0	4.5	1738.06	374.205	491.608	329.878	267.712	148.88	37.4869	10.6703	7.49573	44.5217	23.2013	2.40124	0	0	0	0	0	0	0	0	0
05.500,00.000	41.2	5.5	-200	0	4.5	1740.78	374.652	492.925	329.997	267.795	149.178	37.5915	10.6703	7.49573	44.641	23.4294	2.40124	0	0	0	0	0	0	0	0	0
05.500,00.000	41.3	5.5	-200	0	4.5	1744.07	375.212	494.503	330.146	267.889	149.535	37.7278	10.6703	7.49573	44.7815	23.7073	2.40124	0	0	0	0	0	0	0	0	0
05.500,00.000	41.4	5.5	-200	0	4.5	1747.61	375.799	496.187	330.304	267.985	149.923	37.8833	10.6703	7.49573	44.9273	24.0308	2.40124	0	0	0	0	0	0	0	0	0
05.500,00.000	41.5	5.5	-200	0	4.5	1749.17	376.031	496.938	330.384	268.042	150.09	37.9548	10.6703	7.49573	44.9884	24.1756	2.40124	0	0	0	0	0	0	0	0	0
05.500,00.000	41.6	5.5	-200	0	4.5	1757.48	377.301	500.635	330.81	268.335	151.092	38.4051	10.6703	7.49573	45.3335	25.0044	2.40124	0	0	0	0	0	0	0	0	0
05.500,00.000	41.7	5.5	-200	0	4.5	1759.66	377.648	501.646	330.932	268.432	151.255	38.5268	10.6703	7.49573	45.4217	25.2319	2.40124	0	0	0	0	0	0	0	0	0
05.500,00.000	41.8	5.5	-200	0	4.5	1761.45	377.923	502.459	331.031	268.485	151.463	38.6335	10.6703	7.49573	45.489	25.4022	2.40124	0	0	0	0	0	0	0	0	0
05.500,00.000	41.9	5.5	-200	0	4.5	1761.84	377.987	502.635	331.058	268.499	151.499	38.6568	10.6703	7.49573	45.5028	25.4391	2.40124	0	0	0	0	0	0	0	0	0
05.500,00.000	42	5.5	-200	0	4.5	1768.21	378.877	505.656	331.464	268.678	152.238	39.0815	10.6703	7.49573	45.7246	25.9278	2.40124	0	0	0	0	0	0	0	0	0