
label	time(d)	x	depth	z	radius	total	0-10	10-20	20-30	30-40	40-50	50-60	60-70	70-80	80-90	90-100	100-110	110-120	120-130	130-140	140-150	150-160	160-170	170-180	180-190	190-200
00.000,00.000	0	0	-200	0	4.5	0	0	0	0	0	0	0	0	0	0	0	0	0	0	0	0	0	0	0	0	0
00.000,00.000	0.1	0	-200	0	4.5	0.37949	0.37949	0	0	0	0	0	0	0	0	0	0	0	0	0	0	0	0	0	0	0
00.000,00.000	0.2	0	-200	0	4.5	0.761528	0.761528	0	0	0	0	0	0	0	0	0	0	0	0	0	0	0	0	0	0	0
00.000,00.000	0.3	0	-200	0	4.5	1.1463	1.1463	0	0	0	0	0	0	0	0	0	0	0	0	0	0	0	0	0	0	0
00.000,00.000	0.4	0	-200	0	4.5	1.53368	1.53368	0	0	0	0	0	0	0	0	0	0	0	0	0	0	0	0	0	0	0
00.000,00.000	0.5	0	-200	0	4.5	1.92318	1.92318	0	0	0	0	0	0	0	0	0	0	0	0	0	0	0	0	0	0	0
00.000,00.000	0.6	0	-200	0	4.5	2.31465	2.31465	0	0	0	0	0	0	0	0	0	0	0	0	0	0	0	0	0	0	0
00.000,00.000	0.7	0	-200	0	4.5	2.70826	2.70826	0	0	0	0	0	0	0	0	0	0	0	0	0	0	0	0	0	0	0
00.000,00.000	0.8	0	-200	0	4.5	3.10405	3.10405	0	0	0	0	0	0	0	0	0	0	0	0	0	0	0	0	0	0	0
00.000,00.000	0.9	0	-200	0	4.5	3.50205	3.50205	0	0	0	0	0	0	0	0	0	0	0	0	0	0	0	0	0	0	0
00.000,00.000	1	0	-200	0	4.5	3.90307	3.90307	0	0	0	0	0	0	0	0	0	0	0	0	0	0	0	0	0	0	0
00.000,00.000	1.1	0	-200	0	4.5	4.31525	4.31525	0	0	0	0	0	0	0	0	0	0	0	0	0	0	0	0	0	0	0
00.000,00.000	1.2	0	-200	0	4.5	4.73991	4.73991	0	0	0	0	0	0	0	0	0	0	0	0	0	0	0	0	0	0	0
00.000,00.000	1.3	0	-200	0	4.5	5.17659	5.17659	0	0	0	0	0	0	0	0	0	0	0	0	0	0	0	0	0	0	0
00.000,00.000	1.4	0	-200	0	4.5	5.62482	5.62482	0	0	0	0	0	0	0	0	0	0	0	0	0	0	0	0	0	0	0
00.000,00.000	1.5	0	-200	0	4.5	6.08336	6.08336	0	0	0	0	0	0	0	0	0	0	0	0	0	0	0	0	0	0	0
00.000,00.000	1.6	0	-200	0	4.5	6.55062	6.55062	0	0	0	0	0	0	0	0	0	0	0	0	0	0	0	0	0	0	0
00.000,00.000	1.7	0	-200	0	4.5	7.03048	7.03048	0	0	0	0	0	0	0	0	0	0	0	0	0	0	0	0	0	0	0
00.000,00.000	1.8	0	-200	0	4.5	7.52431	7.43741	0.0868944	0	0	0	0	0	0	0	0	0	0	0	0	0	0	0	0	0	0
00.000,00.000	1.9	0	-200	0	4.5	8.0323	7.67291	0.359385	0	0	0	0	0	0	0	0	0	0	0	0	0	0	0	0	0	0
00.000,00.000	2	0	-200	0	4.5	8.5555	7.92434	0.63116	0	0	0	0	0	0	0	0	0	0	0	0	0	0	0	0	0	0
00.000,00.000	2.1	0	-200	0	4.5	9.14837	8.24566	0.90271	0	0	0	0	0	0	0	0	0	0	0	0	0	0	0	0	0	0
00.000,00.000	2.2	0	-200	0	4.5	9.8646	8.69063	1.17397	0	0	0	0	0	0	0	0	0	0	0	0	0	0	0	0	0	0
00.000,00.000	2.3	0	-200	0	4.5	10.7039	9.25944	1.44447	0	0	0	0	0	0	0	0	0	0	0	0	0	0	0	0	0	0
00.000,00.000	2.4	0	-200	0	4.5	11.6682	9.95293	1.71523	0	0	0	0	0	0	0	0	0	0	0	0	0	0	0	0	0	0
00.000,00.000	2.5	0	-200	0	4.5	12.7532	10.7685	1.98473	0	0	0	0	0	0	0	0	0	0	0	0	0	0	0	0	0	0
00.000,00.000	2.6	0	-200	0	4.5	13.9577	11.7039	2.25387	0	0	0	0	0	0	0	0	0	0	0	0	0	0	0	0	0	0
00.000,00.000	2.7	0	-200	0	4.5	15.2891	12.7668	2.52231	0	0	0	0	0	0	0	0	0	0	0	0	0	0	0	0	0	0
00.000,00.000	2.8	0	-200	0	4.5	16.7299	13.94	2.78994	0	0	0	0	0	0	0	0	0	0	0	0	0	0	0	0	0	0
00.000,00.000	2.9	0	-200	0	4.5	18.3042	15.2469	3.0573	0	0	0	0	0	0	0	0	0	0	0	0	0	0	0	0	0	0
00.000,00.000	3	0	-200	0	4.5	20.0073	16.6831	3.32422	0	0	0	0	0	0	0	0	0	0	0	0	0	0	0	0	0	0
00.000,00.000	3.1	0	-200	0	4.5	21.7731	18.1827	3.59047	0	0	0	0	0	0	0	0	0	0	0	0	0	0	0	0	0	0
00.000,00.000	3.2	0	-200	0	4.5	23.5406	19.6843	3.8563	0	0	0	0	0	0	0	0	0	0	0	0	0	0	0	0	0	0
00.000,00.000	3.3	0	-200	0	4.5	25.3096	21.1878	4.12171	0	0	0	0	0	0	0	0	0	0	0	0	0	0	0	0	0	0
00.000,00.000	3.4	0	-200	0	4.5	27.0778	22.6914	4.38635	0	0	0	0	0	0	0	0	0	0	0	0	0	0	0	0	0	0
00.000,00.000	3.5	0	-200	0	4.5	28.8402	24.1899	4.65031	0	0	0	0	0	0	0	0	0	0	0	0	0	0	0	0	0	0
00.000,00.000	3.6	0	-200	0	4.5	30.5879	25.6742	4.91367	0	0	0	0	0	0	0	0	0	0	0	0	0	0	0	0	0	0
00.000,00.000	3.7	0	-200	0	4.5	32.3267	27.1501	5.17653	0	0	0	0	0	0	0	0	0	0	0	0	0	0	0	0	0	0
00.000,00.000	3.8	0	-200	0	4.5	34.0593	28.6206	5.43872	0	0	0	0	0	0	0	0	0	0	0	0	0	0	0	0	0	0
00.000,00.000	3.9	0	-200	0	4.5	35.7888	30.0879	5.701	0	0	0	0	0	0	0	0	0	0	0	0	0	0	0	0	0	0
00.000,00.000	4	0	-200	0	4.5	37.3914	31.4289	5.96246	0	0	0	0	0	0	0	0	0	0	0	0	0	0	0	0	0	0
00.000,00.000	4.1	0	-200	0	4.5	38.7774	32.554	6.22331	0	0	0	0	0	0	0	0	0	0	0	0	0	0	0	0	0	0
00.000,00.000	4.2	0	-200	0	4.5	39.8203	33.3367	6.48364	0	0	0	0	0	0	0	0	0	0	0	0	0	0	0	0	0	0
00.000,00.000	4.3	0	-200	0	4.5	40.4576	33.7143	6.74323	0	0	0	0	0	0	0	0	0	0	0	0	0	0	0	0	0	0
00.000,00.000	4.4	0	-200	0	4.5	40.7668	33.7644	7.00238	0	0	0	0	0	0	0	0	0	0	0	0	0	0	0	0	0	0
00.000,00.000	4.5	0	-200	0	4.5	41.0674	33.8065	7.26093	0	0	0	0	0	0	0	0	0	0	0	0	0	0	0	0	0	0
00.000,00.000	4.6	0	-200	0	4.5	41.3607	33.8419	7.51877	0	0	0	0	0	0	0	0	0	0	0	0	0	0	0	0	0	0
00.000,00.000	4.7	0	-200	0	4.5	41.6505	33.8745	7.77592	0	0	0	0	0	0	0	0	0	0	0	0	0	0	0	0	0	0
00.000,00.000	4.8	0	-200	0	4.5	41.9388	33.9063	8.03252	0	0	0	0	0	0	0	0	0	0	0	0	0	0	0	0	0	0
00.000,00.000	4.9	0	-200	0	4.5	42.2271	33.9383	8.28871	0	0	0	0	0	0	0	0	0	0	0	0	0	0	0	0	0	0
00.000,00.000	5	0	-200	0	4.5	42.5151	33.9708	8.54427	0	0	0	0	0	0	0	0	0	0	0	0	0	0	0	0	0	0
00.000,00.000	5.1	0	-200	0	4.5	42.8053	34.0062	8.79908	0	0	0	0	0	0	0	0	0	0	0	0	0	0	0	0	0	0
00.000,00.000	5.2	0	-200	0	4.5	43.103	34.0496	9.05344	0	0	0	0	0	0	0	0	0	0	0	0	0	0	0	0	0	0
00.000,00.000	5.3	0	-200	0	4.5	43.4069	34.0995	9.3074	0	0	0	0	0	0	0	0	0	0	0	0	0	0	0	0	0	0
00.000,00.000	5.4	0	-200	0	4.5	43.7182	34.1576	9.56058	0	0	0	0	0	0	0	0	0	0	0	0	0	0	0	0	0	0
00.000,00.000	5.5	0	-200	0	4.5	44.0339	34.2214	9.81248	0	0	0	0	0	0	0	0	0	0	0	0	0	0	0	0	0	0
00.000,00.000	5.6	0	-200	0	4.5	44.3588	34.2946	10.0643	0	0	0	0	0	0	0	0	0	0	0	0	0	0	0	0	0	0
00.000,00.000	5.7	0	-200	0	4.5	44.6906	34.3751	10.1406	0.174953	0	0	0	0	0	0	0	0	0	0	0	0	0	0	0	0	0
00.000,00.000	5.8	0	-200	0	4.5	45.0321	34.466	10.1407	0.425327	0	0	0	0	0	0	0	0	0	0	0	0	0	0	0	0	0
00.000,00.000	5.9	0	-200	0	4.5	45.382	34.5659	10.1407	0.675366	0	0	0	0	0	0	0	0	0	0	0	0	0	0	0	0	0
00.000,00.000	6	0	-200	0	4.5	45.7402	34.6747	10.1407	0.924863	0	0	0	0	0	0	0	0	0	0	0	0	0	0	0	0	0
00.000,00.000	6.1	0	-200	0	4.5	46.1082	34.793	10.1414	1.17379	0	0	0	0	0	0	0	0	0	0	0	0	0	0	0	0	0
00.000,00.000	6.2	0	-200	0	4.5	46.4878	34.9211	10.1446	1.42198	0	0	0	0	0	0	0	0	0	0	0	0	0	0	0	0	0
00.000,00.000	6.3	0	-200	0	4.5	46.8824	35.0621	10.1508	1.66958	0	0	0	0	0	0	0	0	0	0	0	0	0	0	0	0	0
00.000,00.000	6.4	0	-200	0	4.5	47.2928	35.2169	10.1592	1.91671	0	0	0	0	0	0	0	0	0	0	0	0	0	0	0	0	0
00.000,00.000	6.5	0	-200	0	4.5	47.7214	35.3881	10.1705	2.16292	0	0	0	0	0	0	0	0	0	0	0	0	0	0	0	0	0
00.000,00.000	6.6	0	-200	0	4.5	48.1809	35.5871	10.1851	2.40863	0	0	0	0	0	0	0	0	0	0	0	0	0	0	0	0	0
00.000,00.000	6.7	0	-200	0	4.5	48.6721	35.8143	10.2041	2.65376	0	0	0	0	0	0	0	0	0	0	0	0	0	0	0	0	0
00.000,00.000	6.8	0	-200	0	4.5	49.2004	36.0749	10.2273	2.89816	0	0	0	0	0	0	0	0	0	0	0	0	0	0	0	0	0
00.000,00.000	6.9	0	-200	0	4.5	49.7773	36.3794	10.2558	3.14217	0	0	0	0	0	0	0	0	0	0	0	0	0	0	0	0	0
00.000,00.000	7	0	-200	0	4.5	50.409	36.7339	10.2895	3.38561	0	0	0	0	0	0	0	0	0	0	0	0	0	0	0	0	0
00.000,00.000	7.1	0	-200	0	4.5	51.1024	37.1459	10.328	3.62842	0	0	0	0	0	0	0	0	0	0	0	0	0	0	0	0	0
00.000,00.000	7.2	0	-200	0	4.5	51.8642	37.6213	10.3722	3.87068	0	0	0	0	0	0	0	0	0	0	0	0	0	0	0	0	0
00.000,00.000	7.3	0	-200	0	4.5	52.7023	38.1681	10.4218	4.1124	0	0	0	0	0	0	0	0	0	0	0	0	0	0	0	0	0
00.000,00.000	7.4	0	-200	0	4.5	53.6171	38.7867	10.4769	4.35354	0	0	0	0	0	0	0	0	0	0	0	0	0	0	0	0	0
00.000,00.000	7.5	0	-200	0	4.5	54.593	39.4616	10.5379	4.59353	0	0	0	0	0	0	0	0	0	0	0	0	0	0	0	0	0
00.000,00.000	7.6	0	-200	0	4.5	55.6555	40.2166	10.6059	4.83309	0	0	0	0	0	0	0	0	0	0	0	0	0	0	0	0	0
00.000,00.000	7.7	0	-200	0	4.5	56.8023	41.0486	10.6814	5.07231	0	0	0	0	0	0	0	0	0	0	0	0	0	0	0	0	0
00.000,00.000	7.8	0	-200	0	4.5	58.0426	41.9679	10.7637	5.31094	0	0	0	0	0	0	0	0	0	0	0	0	0	0	0	0	0
00.000,00.000	7.9	0	-200	0	4.5	59.3937	42.9903	10.8543	5.54912	0	0	0	0	0	0	0	0	0	0	0	0	0	0	0	0	0
00.000,00.000	8	0	-200	0	4.5	60.8523	44.1123	10.9534	5.78661	0	0	0	0	0	0	0	0	0	0	0	0	0	0	0	0	0
00.000,00.000	8.1	0	-200	0	4.5	62.4238	45.3395	11.0606	6.0237	0	0	0	0	0	0	0	0	0	0	0	0	0	0	0	0	0
00.000,00.000	8.2	0	-200	0	4.5	64.0987	46.6624	11.176	6.26023	0	0	0	0	0	0	0	0	0	0	0	0	0	0	0	0	0
00.000,00.000	8.3	0	-200	0	4.5	65.8775	48.0816	11.2999	6.49602	0	0	0	0	0	0	0	0	0	0	0	0	0	0	0	0	0
00.000,00.000	8.4	0	-200	0	4.5	67.7574	49.5931	11.433	6.7313	0	0	0	0	0	0	0	0	0	0	0	0	0	0	0	0	0
00.000,00.000	8.5	0	-200	0	4.5	69.7176	51.1776	11.5741	6.96598	0	0	0	0	0	0	0	0	0	0	0	0	0	0	0	0	0
00.000,00.000	8.6	0	-200	0	4.5	71.7429	52.819	11.7238	7.20006	0	0	0	0	0	0	0	0	0	0	0	0	0	0	0	0	0
00.000,00.000	8.7	0	-200	0	4.5	73.8448	54.5281	11.8832	7.43355	0	0	0	0	0	0	0	0	0	0	0	0	0	0	0	0	0
00.000,00.000	8.8	0	-200	0	4.5	76.0103	56.2927	12.0513	7.66625	0	0	0	0	0	0	0	0	0	0	0	0	0	0	0	0	0
00.000,00.000	8.9	0	-200	0	4.5	78.287	58.1585	12.2299	7.89858	0	0	0	0	0	0	0	0	0	0	0	0	0	0	0	0	0
00.000,00.000	9	0	-200	0	4.5	80.6599	60.1112	12.4181	8.1306	0	0	0	0	0	0	0	0	0	0	0	0	0	0	0	0	0
00.000,00.000	9.1	0	-200	0	4.5	83.1313	62.1525	12.6166	8.36211	0	0	0	0	0	0	0	0	0	0	0	0	0	0	0	0	0
00.000,00.000	9.2	0	-200	0	4.5	85.7131	64.2944	12.8258	8.59292	0	0	0	0	0	0	0	0	0	0	0	0	0	0	0	0	0
00.000,00.000	9.3	0	-200	0	4.5	88.4105	66.5412	13.0462	8.82313	0	0	0	0	0	0	0	0	0	0	0	0	0	0	0	0	0
00.000,00.000	9.4	0	-200	0	4.5	91.2214	68.891	13.2775	9.0529	0	0	0	0	0	0	0	0	0	0	0	0	0	0	0	0	0
00.000,00.000	9.5	0	-200	0	4.5	94.1226	71.3202	13.5204	9.28199	0	0	0	0	0	0	0	0	0	0	0	0	0	0	0	0	0
00.000,00.000	9.6	0	-200	0	4.5	97.0794	73.7959	13.7732	9.51031	0	0	0	0	0	0	0	0	0	0	0	0	0	0	0	0	0
00.000,00.000	9.7	0	-200	0	4.5	100.127	76.3505	14.0381	9.73814	0	0	0	0	0	0	0	0	0	0	0	0	0	0	0	0	0
00.000,00.000	9.8	0	-200	0	4.5	103.268	78.9877	14.315	9.96543	0	0	0	0	0	0	0	0	0	0	0	0	0	0	0	0	0
00.000,00.000	9.9	0	-200	0	4.5	106.545	81.7484	14.6048	10.0798	0.112447	0	0	0	0	0	0	0	0	0	0	0	0	0	0	0	0
00.000,00.000	10	0	-200	0	4.5	109.947	84.6212	14.9072	10.0803	0.338097	0	0	0	0	0	0	0	0	0	0	0	0	0	0	0	0
00.000,00.000	10.1	0	-200	0	4.5	113.484	87.6163	15.2232	10.0803	0.563839	0	0	0	0	0	0	0	0	0	0	0	0	0	0	0	0
00.000,00.000	10.2	0	-200	0	4.5	117.166	90.7452	15.5518	10.0803	0.78903	0	0	0	0	0	0	0	0	0	0	0	0	0	0	0	0
00.000,00.000	10.3	0	-200	0	4.5	120.998	94.01	15.8941	10.0803	1.01361	0	0	0	0	0	0	0	0	0	0	0	0	0	0	0	0
00.000,00.000	10.4	0	-200	0	4.5	124.975	97.4066	16.2495	10.0816	1.23754	0	0	0	0	0	0	0	0	0	0	0	0	0	0	0	0
00.000,00.000	10.5	0	-200	0	4.5	129.063	100.901	16.6176	10.0833	1.46098	0	0	0	0	0	0	0	0	0	0	0	0	0	0	0	0
00.000,00.000	10.6	0	-200	0	4.5	133.207	104.44	16.997	10.0865	1.68373	0	0	0	0	0	0	0	0	0	0	0	0	0	0	0	0
00.000,00.000	10.7	0	-200	0	4.5	137.465	108.079	17.3892	10.0909	1.90585	0	0	0	0	0	0	0	0	0	0	0	0	0	0	0	0
00.000,00.000	10.8	0	-200	0	4.5	141.846	111.827	17.7942	10.0977	2.12734	0	0	0	0	0	0	0	0	0	0	0	0	0	0	0	0
00.000,00.000	10.9	0	-200	0	4.5	146.412	115.744	18.2133	10.1068	2.3484	0	0	0	0	0	0	0	0	0	0	0	0	0	0	0	0
00.000,00.000	11	0	-200	0	4.5	151.143	119.81	18.6459	10.118	2.56901	0	0	0	0	0	0	0	0	0	0	0	0	0	0	0	0
00.000,00.000	11.1	0	-200	0	4.5	156.044	124.031	19.0913	10.1319	2.78912	0	0	0	0	0	0	0	0	0	0	0	0	0	0	0	0
00.000,00.000	11.2	0	-200	0	4.5	161.176	128.469	19.5501	10.1487	3.00874	0	0	0	0	0	0	0	0	0	0	0	0	0	0	0	0
00.000,00.000	11.3	0	-200	0	4.5	166.519	133.099	20.0227	10.17	3.22772	0	0	0	0	0	0	0	0	0	0	0	0	0	0	0	0
00.000,00.000	11.4	0	-200	0	4.5	172.064	137.914	20.5099	10.1941	3.44608	0	0	0	0	0	0	0	0	0	0	0	0	0	0	0	0
00.000,00.000	11.5	0	-200	0	4.5	177.747	142.849	21.0111	10.2224	3.66387	0	0	0	0	0	0	0	0	0	0	0	0	0	0	0	0
00.000,00.000	11.6	0	-200	0	4.5	183.495	147.836	21.5245	10.2541	3.88102	0	0	0	0	0	0	0	0	0	0	0	0	0	0	0	0
00.000,00.000	11.7	0	-200	0	4.5	189.33	152.891	22.0519	10.2893	4.0977	0	0	0	0	0	0	0	0	0	0	0	0	0	0	0	0
00.000,00.000	11.8	0	-200	0	4.5	195.294	158.057	22.5938	10.3292	4.31389	0	0	0	0	0	0	0	0	0	0	0	0	0	0	0	0
00.000,00.000	11.9	0	-200	0	4.5	201.492	163.437	23.1515	10.3734	4.52958	0	0	0	0	0	0	0	0	0	0	0	0	0	0	0	0
00.000,00.000	12	0	-200	0	4.5	207.919	169.027	23.725	10.4217	4.74469	0	0	0	0	0	0	0	0	0	0	0	0	0	0	0	0
00.000,00.000	12.1	0	-200	0	4.5	214.55	174.8	24.3156	10.4751	4.95952	0	0	0	0	0	0	0	0	0	0	0	0	0	0	0	0
00.000,00.000	12.2	0	-200	0	4.5	221.307	180.677	24.9228	10.5328	5.1739	0	0	0	0	0	0	0	0	0	0	0	0	0	0	0	0
00.000,00.000	12.3	0	-200	0	4.5	228.181	186.652	25.5462	10.5959	5.38746	0	0	0	0	0	0	0	0	0	0	0	0	0	0	0	0
00.000,00.000	12.4	0	-200	0	4.5	235.166	192.715	26.1864	10.6646	5.60046	0	0	0	0	0	0	0	0	0	0	0	0	0	0	0	0
00.000,00.000	12.5	0	-200	0	4.5	242.175	198.782	26.8419	10.7383	5.81297	0	0	0	0	0	0	0	0	0	0	0	0	0	0	0	0
00.000,00.000	12.6	0	-200	0	4.5	249.292	204.916	27.5259	10.82	6.02988	0	0	0	0	0	0	0	0	0	0	0	0	0	0	0	0
00.000,00.000	12.7	0	-200	0	4.5	256.418	211.033	28.2325	10.9068	6.24526	0	0	0	0	0	0	0	0	0	0	0	0	0	0	0	0
00.000,00.000	12.8	0	-200	0	4.5	263.372	216.713	29.2088	10.997	6.45298	0	0	0	0	0	0	0	0	0	0	0	0	0	0	0	0
00.000,00.000	12.9	0	-200	0	4.5	270.556	222.587	30.2113	11.0944	6.66301	0	0	0	0	0	0	0	0	0	0	0	0	0	0	0	0
00.000,00.000	13	0	-200	0	4.5	277.932	228.625	31.2331	11.2003	6.87339	0	0	0	0	0	0	0	0	0	0	0	0	0	0	0	0
00.000,00.000	13.1	0	-200	0	4.5	285.45	234.643	32.4113	11.3124	7.08296	0	0	0	0	0	0	0	0	0	0	0	0	0	0	0	0
00.000,00.000	13.2	0	-200	0	4.5	293.109	240.664	33.7217	11.4311	7.29182	0	0	0	0	0	0	0	0	0	0	0	0	0	0	0	0
00.000,00.000	13.3	0	-200	0	4.5	300.917	246.816	35.0436	11.5578	7.5001	0	0	0	0	0	0	0	0	0	0	0	0	0	0	0	0
00.000,00.000	13.4	0	-200	0	4.5	308.673	252.674	36.5976	11.6929	7.708	0	0	0	0	0	0	0	0	0	0	0	0	0	0	0	0
00.000,00.000	13.5	0	-200	0	4.5	316.457	258.516	38.1882	11.836	7.91638	0	0	0	0	0	0	0	0	0	0	0	0	0	0	0	0
00.000,00.000	13.6	0	-200	0	4.5	324.778	264.731	39.9067	12	8.14034	0	0	0	0	0	0	0	0	0	0	0	0	0	0	0	0
00.000,00.000	13.7	0	-200	0	4.5	332.715	270.653	41.5443	12.1652	8.35282	0	0	0	0	0	0	0	0	0	0	0	0	0	0	0	0
00.000,00.000	13.8	0	-200	0	4.5	339.873	275.987	43.0207	12.322	8.5435	0	0	0	0	0	0	0	0	0	0	0	0	0	0	0	0
00.000,00.000	13.9	0	-200	0	4.5	347.875	281.949	44.665	12.5065	8.75396	0	0	0	0	0	0	0	0	0	0	0	0	0	0	0	0
00.000,00.000	14	0	-200	0	4.5	355.782	287.886	46.2369	12.6979	8.96149	0	0	0	0	0	0	0	0	0	0	0	0	0	0	0	0
00.000,00.000	14.1	0	-200	0	4.5	363.62	293.784	47.7725	12.897	9.16579	0	0	0	0	0	0	0	0	0	0	0	0	0	0	0	0
00.000,00.000	14.2	0	-200	0	4.5	371.497	299.698	49.3229	13.1065	9.36982	0	0	0	0	0	0	0	0	0	0	0	0	0	0	0	0
00.000,00.000	14.3	0	-200	0	4.5	379.364	305.582	50.8826	13.3258	9.57333	0	0	0	0	0	0	0	0	0	0	0	0	0	0	0	0
00.000,00.000	14.4	0	-200	0	4.5	387.125	311.342	52.4511	13.5554	9.77635	0	0	0	0	0	0	0	0	0	0	0	0	0	0	0	0
00.000,00.000	14.5	0	-200	0	4.5	394.84	317.009	54.051	13.7985	9.98214	0	0	0	0	0	0	0	0	0	0	0	0	0	0	0	0
00.000,00.000	14.6	0	-200	0	4.5	404.163	323.798	56.0189	14.1113	10.1275	0.107237	0	0	0	0	0	0	0	0	0	0	0	0	0	0	0
00.000,00.000	14.7	0	-200	0	4.5	411.565	329.163	57.5937	14.372	10.1193	0.316932	0	0	0	0	0	0	0	0	0	0	0	0	0	0	0
00.000,00.000	14.8	0	-200	0	4.5	417.48	333.412	58.8756	14.5932	10.1183	0.481642	0	0	0	0	0	0	0	0	0	0	0	0	0	0	0
00.000,00.000	14.9	0	-200	0	4.5	424.573	338.476	60.4257	14.8735	10.1183	0.679294	0	0	0	0	0	0	0	0	0	0	0	0	0	0	0
00.000,00.000	15	0	-200	0	4.5	432.107	343.813	62.096	15.1877	10.1183	0.892046	0	0	0	0	0	0	0	0	0	0	0	0	0	0	0
00.000,00.000	15.1	0	-200	0	4.5	439.213	348.813	63.6876	15.4999	10.1184	1.09488	0	0	0	0	0	0	0	0	0	0	0	0	0	0	0
00.000,00.000	15.2	0	-200	0	4.5	446.115	353.632	65.2517	15.8187	10.1191	1.29409	0	0	0	0	0	0	0	0	0	0	0	0	0	0	0
00.000,00.000	15.3	0	-200	0	4.5	452.791	358.292	66.737	16.149	10.1208	1.49276	0	0	0	0	0	0	0	0	0	0	0	0	0	0	0
00.000,00.000	15.4	0	-200	0	4.5	459.1	362.757	68.0384	16.4909	10.1233	1.69096	0	0	0	0	0	0	0	0	0	0	0	0	0	0	0
00.000,00.000	15.5	0	-200	0	4.5	467.314	368.495	69.7696	16.964	10.1295	1.95577	0	0	0	0	0	0	0	0	0	0	0	0	0	0	0
00.000,00.000	15.6	0	-200	0	4.5	473.071	372.462	71.0115	17.3158	10.1355	2.14682	0	0	0	0	0	0	0	0	0	0	0	0	0	0	0
00.000,00.000	15.7	0	-200	0	4.5	479.375	376.748	72.3969	17.7245	10.1443	2.36121	0	0	0	0	0	0	0	0	0	0	0	0	0	0	0
00.000,00.000	15.8	0	-200	0	4.5	485.989	381.176	73.885	18.1788	10.1567	2.59283	0	0	0	0	0	0	0	0	0	0	0	0	0	0	0
00.000,00.000	15.9	0	-200	0	4.5	489.049	383.182	74.6072	18.396	10.1635	2.70022	0	0	0	0	0	0	0	0	0	0	0	0	0	0	0
00.000,00.000	16	0	-200	0	4.5	495.377	387.323	76.0802	18.868	10.1809	2.92531	0	0	0	0	0	0	0	0	0	0	0	0	0	0	0
00.000,00.000	16.1	0	-200	0	4.5	501.219	391.14	77.4127	19.3223	10.2002	3.14464	0	0	0	0	0	0	0	0	0	0	0	0	0	0	0
00.000,00.000	16.2	0	-200	0	4.5	506.349	394.592	78.4438	19.7522	10.2226	3.33853	0	0	0	0	0	0	0	0	0	0	0	0	0	0	0
00.000,00.000	16.3	0	-200	0	4.5	511.419	397.992	79.2665	20.3815	10.2478	3.53213	0	0	0	0	0	0	0	0	0	0	0	0	0	0	0
00.000,00.000	16.4	0	-200	0	4.5	516.253	401.341	79.9932	21.0978	10.2775	3.54351	0	0	0	0	0	0	0	0	0	0	0	0	0	0	0
00.000,00.000	16.5	0	-200	0	4.5	524.387	406.937	81.2127	22.3392	10.3342	3.56352	0	0	0	0	0	0	0	0	0	0	0	0	0	0	0
00.000,00.000	16.6	0	-200	0	4.5	527.628	409.145	81.7035	22.8562	10.3597	3.56352	0	0	0	0	0	0	0	0	0	0	0	0	0	0	0
00.000,00.000	16.7	0	-200	0	4.5	532.224	412.252	82.3823	23.6244	10.4024	3.56352	0	0	0	0	0	0	0	0	0	0	0	0	0	0	0
00.000,00.000	16.8	0	-200	0	4.5	535.36	414.355	82.8451	24.1632	10.4341	3.56352	0	0	0	0	0	0	0	0	0	0	0	0	0	0	0
00.000,00.000	16.9	0	-200	0	4.5	536.767	415.294	83.0489	24.4105	10.4497	3.56352	0	0	0	0	0	0	0	0	0	0	0	0	0	0	0
00.000,00.000	17	0	-200	0	4.5	542.446	419.072	83.8483	25.4416	10.5205	3.56352	0	0	0	0	0	0	0	0	0	0	0	0	0	0	0
00.000,00.000	17.1	0	-200	0	4.5	547.29	422.275	84.5238	26.3425	10.5853	3.56352	0	0	0	0	0	0	0	0	0	0	0	0	0	0	0
00.000,00.000	17.2	0	-200	0	4.5	551.521	425.068	85.0972	27.1447	10.6472	3.56352	0	0	0	0	0	0	0	0	0	0	0	0	0	0	0
00.000,00.000	17.3	0	-200	0	4.5	555.74	427.85	85.6547	27.9592	10.7128	3.56352	0	0	0	0	0	0	0	0	0	0	0	0	0	0	0
00.000,00.000	17.4	0	-200	0	4.5	559.94	430.614	86.1952	28.7842	10.7831	3.56352	0	0	0	0	0	0	0	0	0	0	0	0	0	0	0
00.000,00.000	17.5	0	-200	0	4.5	568.18	435.993	87.241	30.4488	10.9338	3.56352	0	0	0	0	0	0	0	0	0	0	0	0	0	0	0
00.000,00.000	17.6	0	-200	0	4.5	572.779	438.947	87.8285	31.4151	11.0254	3.56352	0	0	0	0	0	0	0	0	0	0	0	0	0	0	0
00.000,00.000	17.7	0	-200	0	4.5	574.487	440.043	88.0403	31.7784	11.0617	3.56352	0	0	0	0	0	0	0	0	0	0	0	0	0	0	0
00.000,00.000	17.8	0	-200	0	4.5	577.321	441.804	88.3988	32.4243	11.1307	3.56352	0	0	0	0	0	0	0	0	0	0	0	0	0	0	0
00.000,00.000	17.9	0	-200	0	4.5	578.121	442.318	88.4932	32.597	11.1496	3.56352	0	0	0	0	0	0	0	0	0	0	0	0	0	0	0
00.000,00.000	18	0	-200	0	4.5	584.751	446.596	89.244	34.0298	11.3179	3.56352	0	0	0	0	0	0	0	0	0	0	0	0	0	0	0
00.000,00.000	18.1	0	-200	0	4.5	589.81	449.858	89.8117	35.1246	11.4521	3.56352	0	0	0	0	0	0	0	0	0	0	0	0	0	0	0
00.000,00.000	18.2	0	-200	0	4.5	593.889	452.494	90.2618	36.0039	11.566	3.56352	0	0	0	0	0	0	0	0	0	0	0	0	0	0	0
00.000,00.000	18.3	0	-200	0	4.5	598.026	455.171	90.7127	36.8923	11.6866	3.56352	0	0	0	0	0	0	0	0	0	0	0	0	0	0	0
00.000,00.000	18.4	0	-200	0	4.5	602.215	457.885	91.1664	37.7862	11.8137	3.56352	0	0	0	0	0	0	0	0	0	0	0	0	0	0	0
00.000,00.000	18.5	0	-200	0	4.5	615.015	466.091	92.5616	40.5695	12.2288	3.56352	0	0	0	0	0	0	0	0	0	0	0	0	0	0	0
00.000,00.000	18.6	0	-200	0	4.5	617.617	467.78	92.8311	41.1282	12.3143	3.56352	0	0	0	0	0	0	0	0	0	0	0	0	0	0	0
00.000,00.000	18.7	0	-200	0	4.5	638.52	479.715	95.5893	46.4553	13.1972	3.56352	0	0	0	0	0	0	0	0	0	0	0	0	0	0	0
00.000,00.000	18.8	0	-200	0	4.5	643.866	483	96.2243	47.6739	13.4043	3.56352	0	0	0	0	0	0	0	0	0	0	0	0	0	0	0
00.000,00.000	18.9	0	-200	0	4.5	654.852	489.346	97.7704	50.2838	13.8889	3.56352	0	0	0	0	0	0	0	0	0	0	0	0	0	0	0
00.000,00.000	19	0	-200	0	4.5	662.554	493.856	98.8568	52.0472	14.2298	3.56352	0	0	0	0	0	0	0	0	0	0	0	0	0	0	0
00.000,00.000	19.1	0	-200	0	4.5	666.925	496.399	99.506	52.9577	14.4983	3.56352	0	0	0	0	0	0	0	0	0	0	0	0	0	0	0
00.000,00.000	19.2	0	-200	0	4.5	671.714	499.48	100.131	53.6195	14.9188	3.56352	0	0	0	0	0	0	0	0	0	0	0	0	0	0	0
00.000,00.000	19.3	0	-200	0	4.5	676.868	502.808	100.823	54.3037	15.3697	3.56352	0	0	0	0	0	0	0	0	0	0	0	0	0	0	0
00.000,00.000	19.4	0	-200	0	4.5	681.842	505.931	101.548	54.9726	15.8267	3.56374	0	0	0	0	0	0	0	0	0	0	0	0	0	0	0
00.000,00.000	19.5	0	-200	0	4.5	686.757	508.972	102.304	55.6279	16.287	3.56584	0	0	0	0	0	0	0	0	0	0	0	0	0	0	0
00.000,00.000	19.6	0	-200	0	4.5	693.501	512.894	103.521	56.5577	16.9583	3.56954	0	0	0	0	0	0	0	0	0	0	0	0	0	0	0
00.000,00.000	19.7	0	-200	0	4.5	715.885	523.993	109.271	59.7518	19.2745	3.59496	0	0	0	0	0	0	0	0	0	0	0	0	0	0	0
00.000,00.000	19.8	0	-200	0	4.5	720.135	525.827	110.637	60.3753	19.6942	3.60118	0	0	0	0	0	0	0	0	0	0	0	0	0	0	0
00.000,00.000	19.9	0	-200	0	4.5	720.258	525.88	110.678	60.3921	19.7066	3.60149	0	0	0	0	0	0	0	0	0	0	0	0	0	0	0
00.000,00.000	20	0	-200	0	4.5	723.974	527.601	111.815	60.8803	20.0651	3.61337	0	0	0	0	0	0	0	0	0	0	0	0	0	0	0
00.000,00.000	20.1	0	-200	0	4.5	736.194	533.384	115.418	62.4704	21.2626	3.65883	0	0	0	0	0	0	0	0	0	0	0	0	0	0	0
00.000,00.000	20.2	0	-200	0	4.5	743.286	536.773	117.497	63.3781	21.9481	3.68947	0	0	0	0	0	0	0	0	0	0	0	0	0	0	0
00.000,00.000	20.3	0	-200	0	4.5	748.701	539.415	119.077	64.0332	22.4582	3.71719	0	0	0	0	0	0	0	0	0	0	0	0	0	0	0
00.000,00.000	20.4	0	-200	0	4.5	754.327	542.177	120.73	64.6912	22.9797	3.74915	0	0	0	0	0	0	0	0	0	0	0	0	0	0	0
00.000,00.000	20.5	0	-200	0	4.5	759.892	544.969	122.282	65.3467	23.5085	3.78593	0	0	0	0	0	0	0	0	0	0	0	0	0	0	0
00.000,00.000	20.6	0	-200	0	4.5	770.026	549.999	125.066	66.5752	24.5218	3.8633	0	0	0	0	0	0	0	0	0	0	0	0	0	0	0
00.000,00.000	20.7	0	-200	0	4.5	789.311	559.416	130.442	68.9287	26.4957	4.0283	0	0	0	0	0	0	0	0	0	0	0	0	0	0	0
00.000,00.000	20.8	0	-200	0	4.5	792.774	561.158	131.382	69.3431	26.8329	4.05814	0	0	0	0	0	0	0	0	0	0	0	0	0	0	0
00.000,00.000	20.9	0	-200	0	4.5	793.077	561.315	131.464	69.3758	26.8613	4.06082	0	0	0	0	0	0	0	0	0	0	0	0	0	0	0
00.000,00.000	21	0	-200	0	4.5	812.423	571.495	136.672	71.3868	28.6309	4.23863	0	0	0	0	0	0	0	0	0	0	0	0	0	0	0
00.000,00.000	21.1	0	-200	0	4.5	823.216	577.22	139.536	72.5094	29.6094	4.34099	0	0	0	0	0	0	0	0	0	0	0	0	0	0	0
00.000,00.000	21.2	0	-200	0	4.5	829.528	580.683	141.101	73.1529	30.1875	4.40407	0	0	0	0	0	0	0	0	0	0	0	0	0	0	0
00.000,00.000	21.3	0	-200	0	4.5	835.907	584.284	142.754	73.8001	30.5987	4.47097	0	0	0	0	0	0	0	0	0	0	0	0	0	0	0
00.000,00.000	21.4	0	-200	0	4.5	842.382	587.971	144.501	74.4289	30.9393	4.54181	0	0	0	0	0	0	0	0	0	0	0	0	0	0	0
00.000,00.000	21.5	0	-200	0	4.5	848.986	591.705	146.324	75.0443	31.2943	4.61846	0	0	0	0	0	0	0	0	0	0	0	0	0	0	0
00.000,00.000	21.6	0	-200	0	4.5	855.592	595.366	148.198	75.6654	31.6636	4.69908	0	0	0	0	0	0	0	0	0	0	0	0	0	0	0
00.000,00.000	21.7	0	-200	0	4.5	862.223	599.109	150.047	76.2591	32.0276	4.77954	0	0	0	0	0	0	0	0	0	0	0	0	0	0	0
00.000,00.000	21.8	0	-200	0	4.5	869.177	602.996	152.024	76.8774	32.4128	4.86668	0	0	0	0	0	0	0	0	0	0	0	0	0	0	0
00.000,00.000	21.9	0	-200	0	4.5	910.158	625.824	163.837	80.3643	34.7372	5.39543	0	0	0	0	0	0	0	0	0	0	0	0	0	0	0
00.000,00.000	22	0	-200	0	4.5	918.467	630.606	166.228	80.9343	35.1938	5.50524	0	0	0	0	0	0	0	0	0	0	0	0	0	0	0
00.000,00.000	22.1	0	-200	0	4.5	946.293	646.892	173.966	82.9188	36.7006	5.81517	0	0	0	0	0	0	0	0	0	0	0	0	0	0	0
00.000,00.000	22.2	0	-200	0	4.5	960.836	655.405	178.069	83.9181	37.4982	5.94616	0	0	0	0	0	0	0	0	0	0	0	0	0	0	0
00.000,00.000	22.3	0	-200	0	4.5	968.661	660.051	180.223	84.4592	37.9182	6.00843	0	0	0	0	0	0	0	0	0	0	0	0	0	0	0
00.000,00.000	22.4	0	-200	0	4.5	976.928	664.985	182.489	85.022	38.3583	6.07404	0	0	0	0	0	0	0	0	0	0	0	0	0	0	0
00.000,00.000	22.5	0	-200	0	4.5	985.347	670.062	184.747	85.5907	38.8071	6.14102	0	0	0	0	0	0	0	0	0	0	0	0	0	0	0
00.000,00.000	22.6	0	-200	0	4.5	1000.89	679.033	189.18	86.7079	39.6972	6.27541	0	0	0	0	0	0	0	0	0	0	0	0	0	0	0
00.000,00.000	22.7	0	-200	0	4.5	1039.44	701.152	200.213	89.5103	41.96	6.60786	0	0	0	0	0	0	0	0	0	0	0	0	0	0	0
00.000,00.000	22.8	0	-200	0	4.5	1046.22	705.049	202.168	90.0026	42.3636	6.63925	0	0	0	0	0	0	0	0	0	0	0	0	0	0	0
00.000,00.000	22.9	0	-200	0	4.5	1048.09	706.1	202.727	90.1385	42.4767	6.65242	0	0	0	0	0	0	0	0	0	0	0	0	0	0	0
00.000,00.000	23	0	-200	0	4.5	1069.28	718.435	208.771	91.5926	43.6362	6.84222	0	0	0	0	0	0	0	0	0	0	0	0	0	0	0
00.000,00.000	23.1	0	-200	0	4.5	1081.78	725.554	212.488	92.4788	44.3332	6.92087	0	0	0	0	0	0	0	0	0	0	0	0	0	0	0
00.000,00.000	23.2	0	-200	0	4.5	1090.4	730.351	215.141	93.088	44.8306	6.9864	0	0	0	0	0	0	0	0	0	0	0	0	0	0	0
00.000,00.000	23.3	0	-200	0	4.5	1099.67	735.72	217.877	93.6972	45.3231	7.05383	0	0	0	0	0	0	0	0	0	0	0	0	0	0	0
00.000,00.000	23.4	0	-200	0	4.5	1109.25	740.99	220.972	94.3275	45.8319	7.12423	0	0	0	0	0	0	0	0	0	0	0	0	0	0	0
00.000,00.000	23.5	0	-200	0	4.5	1118.75	746.028	224.214	94.9654	46.3423	7.19635	0	0	0	0	0	0	0	0	0	0	0	0	0	0	0
00.000,00.000	23.6	0	-200	0	4.5	1140.6	756.717	232.417	96.5125	47.5765	7.37159	0	0	0	0	0	0	0	0	0	0	0	0	0	0	0
00.000,00.000	23.7	0	-200	0	4.5	1160.18	766.564	239.525	97.9064	48.6792	7.5028	0	0	0	0	0	0	0	0	0	0	0	0	0	0	0
00.000,00.000	23.8	0	-200	0	4.5	1162.67	767.819	240.438	98.0861	48.8166	7.51258	0	0	0	0	0	0	0	0	0	0	0	0	0	0	0
00.000,00.000	23.9	0	-200	0	4.5	1165.12	769.073	241.315	98.2552	48.9487	7.52593	0	0	0	0	0	0	0	0	0	0	0	0	0	0	0
00.000,00.000	24	0	-200	0	4.5	1174.36	773.783	244.65	98.8905	49.4505	7.58404	0	0	0	0	0	0	0	0	0	0	0	0	0	0	0
00.000,00.000	24.1	0	-200	0	4.5	1189.55	781.539	250.1	99.9417	50.2824	7.68478	0	0	0	0	0	0	0	0	0	0	0	0	0	0	0
00.000,00.000	24.2	0	-200	0	4.5	1201.32	787.529	254.345	100.757	50.9245	7.76234	0	0	0	0	0	0	0	0	0	0	0	0	0	0	0
00.000,00.000	24.3	0	-200	0	4.5	1211.89	792.882	258.181	101.491	51.5025	7.83658	0	0	0	0	0	0	0	0	0	0	0	0	0	0	0
00.000,00.000	24.4	0	-200	0	4.5	1222.35	798.268	261.84	102.242	52.0886	7.91141	0	0	0	0	0	0	0	0	0	0	0	0	0	0	0
00.000,00.000	24.5	0	-200	0	4.5	1232.78	803.625	265.467	103.011	52.6852	7.98835	0	0	0	0	0	0	0	0	0	0	0	0	0	0	0
00.000,00.000	24.6	0	-200	0	4.5	1253.03	813.864	272.575	104.538	53.8709	8.18039	0	0	0	0	0	0	0	0	0	0	0	0	0	0	0
00.000,00.000	24.7	0	-200	0	4.5	1261.45	818.143	275.505	105.181	54.365	8.26025	0	0	0	0	0	0	0	0	0	0	0	0	0	0	0
00.000,00.000	24.8	0	-200	0	4.5	1281.32	828.243	282.423	106.708	55.512	8.43726	0	0	0	0	0	0	0	0	0	0	0	0	0	0	0
00.000,00.000	24.9	0	-200	0	4.5	1285.71	830.484	283.928	107.053	55.7612	8.48499	0	0	0	0	0	0	0	0	0	0	0	0	0	0	0
00.000,00.000	25	0	-200	0	4.5	1302.69	839.336	289.655	108.348	56.7062	8.64357	0	0	0	0	0	0	0	0	0	0	0	0	0	0	0
00.000,00.000	25.1	0	-200	0	4.5	1319.56	848.217	295.244	109.651	57.643	8.8038	0	0	0	0	0	0	0	0	0	0	0	0	0	0	0
00.000,00.000	25.2	0	-200	0	4.5	1331.99	854.775	299.348	110.62	58.3305	8.92073	0	0	0	0	0	0	0	0	0	0	0	0	0	0	0
00.000,00.000	25.3	0	-200	0	4.5	1343.85	861.035	303.248	111.551	58.9809	9.0318	0	0	0	0	0	0	0	0	0	0	0	0	0	0	0
00.000,00.000	25.4	0	-200	0	4.5	1355.87	867.421	307.179	112.506	59.6053	9.16042	0	0	0	0	0	0	0	0	0	0	0	0	0	0	0
00.000,00.000	25.5	0	-200	0	4.5	1368.08	873.889	311.115	113.516	60.2541	9.30382	0	0	0	0	0	0	0	0	0	0	0	0	0	0	0
00.000,00.000	25.6	0	-200	0	4.5	1379.54	880.04	314.706	114.483	60.8667	9.44266	0	0	0	0	0	0	0	0	0	0	0	0	0	0	0
00.000,00.000	25.7	0	-200	0	4.5	1422.69	901.595	328.999	118.555	63.3529	10.0277	0	0.164122	0	0	0	0	0	0	0	0	0	0	0	0	0
00.000,00.000	25.8	0	-200	0	4.5	1442.42	912.405	334.691	120.272	64.3084	10.2739	0	0.473448	0	0	0	0	0	0	0	0	0	0	0	0	0
00.000,00.000	25.9	0	-200	0	4.5	1442.82	912.617	334.808	120.308	64.3287	10.2791	0	0.479734	0	0	0	0	0	0	0	0	0	0	0	0	0
00.000,00.000	26	0	-200	0	4.5	1468.98	927.458	341.876	122.598	65.574	10.6088	0	0.868374	0	0	0	0	0	0	0	0	0	0	0	0	0
00.000,00.000	26.1	0	-200	0	4.5	1493.94	941.574	348.702	124.875	66.7166	10.8189	0	1.24841	0	0	0	0	0	0	0	0	0	0	0	0	0
00.000,00.000	26.2	0	-200	0	4.5	1507.73	949.168	352.561	126.194	67.3581	10.9844	0	1.4634	0	0	0	0	0	0	0	0	0	0	0	0	0
00.000,00.000	26.3	0	-200	0	4.5	1519.89	956.037	355.81	127.34	67.9227	11.1383	0	1.64618	0	0	0	0	0	0	0	0	0	0	0	0	0
00.000,00.000	26.4	0	-200	0	4.5	1532.26	963	359.107	128.525	68.4983	11.2931	0	1.83128	0	0	0	0	0	0	0	0	0	0	0	0	0
00.000,00.000	26.5	0	-200	0	4.5	1544.08	969.424	362.381	129.735	69.076	11.4472	0	2.01571	0	0	0	0	0	0	0	0	0	0	0	0	0
00.000,00.000	26.6	0	-200	0	4.5	1566.71	981.096	368.805	132.337	70.284	11.7851	0	2.39882	0	0	0	0	0	0	0	0	0	0	0	0	0
00.000,00.000	26.7	0	-200	0	4.5	1587.86	992.537	374.415	134.734	71.3407	12.0867	0	2.74365	0	0	0	0	0	0	0	0	0	0	0	0	0
00.000,00.000	26.8	0	-200	0	4.5	1595.8	996.784	376.523	135.658	71.739	12.2193	0	2.87529	0	0	0	0	0	0	0	0	0	0	0	0	0
00.000,00.000	26.9	0	-200	0	4.5	1596.66	997.273	376.736	135.753	71.7792	12.233	0	2.88862	0	0	0	0	0	0	0	0	0	0	0	0	0
00.000,00.000	27	0	-200	0	4.5	1613.89	1007.2	380.953	137.656	72.5284	12.4043	0	3.1517	0	0	0	0	0	0	0	0	0	0	0	0	0
00.000,00.000	27.1	0	-200	0	4.5	1633.83	1018.81	385.781	139.879	73.3277	12.5738	0	3.45525	0	0	0	0	0	0	0	0	0	0	0	0	0
00.000,00.000	27.2	0	-200	0	4.5	1647.59	1026.97	389.023	141.398	73.8849	12.6579	0	3.66078	0	0	0	0	0	0	0	0	0	0	0	0	0
00.000,00.000	27.3	0	-200	0	4.5	1660.1	1034.44	391.874	142.759	74.3987	12.7818	0	3.84369	0	0	0	0	0	0	0	0	0	0	0	0	0
00.000,00.000	27.4	0	-200	0	4.5	1672.8	1042.05	394.749	144.127	74.9122	12.9335	0	4.02648	0	0	0	0	0	0	0	0	0	0	0	0	0
00.000,00.000	27.5	0	-200	0	4.5	1685.61	1049.75	397.636	145.501	75.4269	13.0861	0	4.20914	0	0	0	0	0	0	0	0	0	0	0	0	0
00.000,00.000	27.6	0	-200	0	4.5	1708.77	1063.48	402.841	148.096	76.4123	13.3761	0	4.55717	0	0	0	0	0	0	0	0	0	0	0	0	0
00.000,00.000	27.7	0	-200	0	4.5	1723.56	1072.57	405.949	149.71	76.988	13.5692	0	4.77235	0	0	0	0	0	0	0	0	0	0	0	0	0
00.000,00.000	27.8	0	-200	0	4.5	1750.84	1089.07	411.806	152.7	78.1278	13.9652	0	5.17517	0	0	0	0	0	0	0	0	0	0	0	0	0
00.000,00.000	27.9	0	-200	0	4.5	1756.42	1092.61	412.915	153.29	78.3141	14.0411	0	5.25439	0	0	0	0	0	0	0	0	0	0	0	0	0
00.000,00.000	28	0	-200	0	4.5	1772.63	1102.93	416.126	154.912	78.9311	14.2549	0	5.47293	0	0	0	0	0	0	0	0	0	0	0	0	0
00.000,00.000	28.1	0	-200	0	4.5	1795.67	1117.71	420.653	157.187	79.7803	14.558	0	5.78397	0	0	0	0	0	0	0	0	0	0	0	0	0
00.000,00.000	28.2	0	-200	0	4.5	1811.52	1128.02	423.712	158.674	80.3462	14.7642	0	5.96408	0.0299814	0	0	0	0	0	0	0	0	0	0	0	0
00.000,00.000	28.3	0	-200	0	4.5	1825.38	1137.08	426.391	159.947	80.8449	14.9406	0	5.96408	0.211129	0	0	0	0	0	0	0	0	0	0	0	0
00.000,00.000	28.4	0	-200	0	4.5	1839.4	1146.28	429.083	161.215	81.3446	15.1164	0	5.96408	0.392266	0	0	0	0	0	0	0	0	0	0	0	0
00.000,00.000	28.5	0	-200	0	4.5	1853.21	1155.22	431.773	162.513	81.8638	15.2959	0	5.96408	0.580386	0	0	0	0	0	0	0	0	0	0	0	0
00.000,00.000	28.6	0	-200	0	4.5	1895.58	1180.92	440.766	167.083	83.705	15.9098	0	5.96408	1.23434	0	0	0	0	0	0	0	0	0	0	0	0
00.000,00.000	28.7	0	-200	0	4.5	1936.28	1207.49	448.297	170.992	85.2613	16.4781	0	5.96408	1.79153	0	0	0	0	0	0	0	0	0	0	0	0
00.000,00.000	28.8	0	-200	0	4.5	1939.57	1209.55	448.98	171.317	85.3847	16.5275	0	5.96408	1.84364	0	0	0	0	0	0	0	0	0	0	0	0
00.000,00.000	28.9	0	-200	0	4.5	1940.3	1210.06	449.102	171.379	85.4098	16.5362	0	5.96408	1.85293	0	0	0	0	0	0	0	0	0	0	0	0
00.000,00.000	29	0	-200	0	4.5	1960.74	1223.88	452.736	173.143	86.1319	16.7551	0	5.96408	2.12566	0	0	0	0	0	0	0	0	0	0	0	0
00.000,00.000	29.1	0	-200	0	4.5	1986.31	1240.89	457.433	175.419	87.0628	17.0637	0	5.96408	2.47843	0	0	0	0	0	0	0	0	0	0	0	0
00.000,00.000	29.2	0	-200	0	4.5	2002.48	1251.95	460.235	176.755	87.6184	17.2714	0	5.96408	2.68446	0	0	0	0	0	0	0	0	0	0	0	0
00.000,00.000	29.3	0	-200	0	4.5	2016.7	1261.72	462.692	177.892	88.1185	17.4488	0	5.96408	2.86113	0	0	0	0	0	0	0	0	0	0	0	0
00.000,00.000	29.4	0	-200	0	4.5	2031.01	1271.71	465.116	178.941	88.622	17.623	0	5.96408	3.03526	0	0	0	0	0	0	0	0	0	0	0	0
00.000,00.000	29.5	0	-200	0	4.5	2045.27	1281.72	467.496	179.95	89.1296	17.7941	0.0111918	5.96408	3.20759	0	0	0	0	0	0	0	0	0	0	0	0
00.000,00.000	29.6	0	-200	0	4.5	2058.38	1290.63	469.816	180.947	89.651	17.9647	0.0343126	5.96408	3.38197	0	0	0	0	0	0	0	0	0	0	0	0
00.000,00.000	29.7	0	-200	0	4.5	2122.63	1332.65	481.775	186.314	92.5215	18.8927	0.164629	5.96408	4.34954	0	0	0	0	0	0	0	0	0	0	0	0
00.000,00.000	29.8	0	-200	0	4.5	2149.41	1351.11	486.325	188.269	93.5101	19.3101	0.214898	5.96408	4.71192	0	0	0	0	0	0	0	0	0	0	0	0
00.000,00.000	29.9	0	-200	0	4.5	2149.25	1350.96	486.31	188.259	93.5055	19.3245	0.214898	5.96408	4.71192	0	0	0	0	0	0	0	0	0	0	0	0
00.000,00.000	30	0	-200	0	4.5	2208.84	1391.52	496.694	192.581	95.8914	20.3056	0.339333	5.96562	5.53986	0	0	0	0	0	0	0	0	0	0	0	0
00.000,00.000	30.1	0	-200	0	4.5	2233.31	1408.03	500.932	194.543	96.7268	20.7806	0.398038	5.97153	5.9246	0	0	0	0	0	0	0	0	0	0	0	0
00.000,00.000	30.2	0	-200	0	4.5	2244.05	1415.53	502.638	195.321	97.1086	20.981	0.422216	5.97871	6.07746	0	0	0	0	0	0	0	0	0	0	0	0
00.000,00.000	30.3	0	-200	0	4.5	2254.78	1422.9	504.412	196.105	97.507	21.1847	0.447847	5.98989	6.23471	0	0	0	0	0	0	0	0	0	0	0	0
00.000,00.000	30.4	0	-200	0	4.5	2266.23	1431.12	506.135	196.848	97.8876	21.3788	0.473221	6.00445	6.38682	0	0	0	0	0	0	0	0	0	0	0	0
00.000,00.000	30.5	0	-200	0	4.5	2277.95	1439.6	507.877	197.567	98.2744	21.5696	0.498669	6.02319	6.53874	0	0	0	0	0	0	0	0	0	0	0	0
00.000,00.000	30.6	0	-200	0	4.5	2288.2	1446.53	509.669	198.288	98.6826	21.7687	0.524946	6.04593	6.69851	0	0	0	0	0	0	0	0	0	0	0	0
00.000,00.000	30.7	0	-200	0	4.5	2308.38	1460.38	512.962	199.656	99.5121	22.1615	0.576996	6.10208	7.02283	0	0	0	0	0	0	0	0	0	0	0	0
00.000,00.000	30.8	0	-200	0	4.5	2368.6	1502.84	522.593	203.289	101.788	23.1901	0.716756	6.28642	7.89895	0	0	0	0	0	0	0	0	0	0	0	0
00.000,00.000	30.9	0	-200	0	4.5	2378.21	1509.56	524.124	203.873	102.144	23.3553	0.776251	6.32878	8.04742	0	0	0	0	0	0	0	0	0	0	0	0
00.000,00.000	31	0	-200	0	4.5	2424.61	1543.45	530.68	206.284	103.792	24.1219	1.0352	6.57399	8.67365	0	0	0	0	0	0	0	0	0	0	0	0
00.000,00.000	31.1	0	-200	0	4.5	2446.4	1558.86	533.891	207.55	104.679	24.5193	1.17139	6.7239	9.00062	0	0	0	0	0	0	0	0	0	0	0	0
00.000,00.000	31.2	0	-200	0	4.5	2456.24	1565.83	535.377	208.127	105.055	24.6846	1.2309	6.79743	9.14119	0	0	0	0	0	0	0	0	0	0	0	0
00.000,00.000	31.3	0	-200	0	4.5	2465.75	1572.55	536.822	208.666	105.412	24.859	1.28851	6.87752	9.2749	0	0	0	0	0	0	0	0	0	0	0	0
00.000,00.000	31.4	0	-200	0	4.5	2476.33	1580.21	538.363	209.2	105.788	25.0379	1.3492	6.97151	9.41403	0	0	0	0	0	0	0	0	0	0	0	0
00.000,00.000	31.5	0	-200	0	4.5	2486.32	1587.54	539.756	209.641	106.166	25.2005	1.40595	7.06876	9.54244	0	0	0	0	0	0	0	0	0	0	0	0
00.000,00.000	31.6	0	-200	0	4.5	2563.47	1643.75	550.434	213.139	109.146	26.5128	1.88673	7.98264	9.72188	0.898597	0	0	0	0	0	0	0	0	0	0	0
00.000,00.000	31.7	0	-200	0	4.5	2579.59	1655.42	552.752	213.87	109.716	26.8091	1.9822	8.20282	9.72198	1.11116	0	0	0	0	0	0	0	0	0	0	0
00.000,00.000	31.8	0	-200	0	4.5	2579.62	1655.45	552.756	213.872	109.717	26.8096	1.98238	8.20325	9.72199	1.11156	0	0	0	0	0	0	0	0	0	0	0
00.000,00.000	31.9	0	-200	0	4.5	2615.9	1682.69	557.581	215.23	110.832	27.3618	2.18644	8.74446	9.73378	1.54811	0	0	0	0	0	0	0	0	0	0	0
00.000,00.000	32	0	-200	0	4.5	2624.96	1689.43	558.789	215.57	111.115	27.5127	2.23779	8.91472	9.73724	1.65715	0	0	0	0	0	0	0	0	0	0	0
00.000,00.000	32.1	0	-200	0	4.5	2669.15	1723.14	564.315	217.055	112.35	28.1382	2.47665	9.76153	9.7655	2.15109	0	0	0	0	0	0	0	0	0	0	0
00.000,00.000	32.2	0	-200	0	4.5	2697.97	1745.14	567.812	218.035	113.144	28.5671	2.65092	10.363	9.78903	2.46993	0	0	0	0	0	0	0	0	0	0	0
00.000,00.000	32.3	0	-200	0	4.5	2706.18	1751.42	568.784	218.306	113.357	28.6869	2.72817	10.5399	9.79777	2.55722	0	0	0	0	0	0	0	0	0	0	0
00.000,00.000	32.4	0	-200	0	4.5	2723.42	1764.74	570.81	218.806	113.773	28.9176	2.90982	10.9132	9.82116	2.73339	0	0	0	0	0	0	0	0	0	0	0
00.000,00.000	32.5	0	-200	0	4.5	2732.66	1771.87	571.891	219.069	113.99	29.0415	3.01302	11.1288	9.83556	2.82659	0	0	0	0	0	0	0	0	0	0	0
00.000,00.000	32.6	0	-200	0	4.5	2765.89	1797.39	575.689	219.977	114.807	29.5132	3.41276	11.9985	9.90731	3.19743	0	0	0	0	0	0	0	0	0	0	0
00.000,00.000	32.7	0	-200	0	4.5	2815.75	1835.94	581.307	221.12	115.933	30.1889	4.20158	13.3013	10.0314	3.7285	0	0	0	0	0	0	0	0	0	0	0
00.000,00.000	32.8	0	-200	0	4.5	2822.43	1841.06	582.001	221.288	116.081	30.2805	4.37031	13.4995	10.0504	3.79885	0	0	0	0	0	0	0	0	0	0	0
00.000,00.000	32.9	0	-200	0	4.5	2871.49	1878.58	587.962	222.278	117.023	30.9323	5.38269	14.8291	10.2247	4.27901	0	0	0	0	0	0	0	0	0	0	0
00.000,00.000	33	0	-200	0	4.5	2883.98	1888.03	589.445	222.541	117.258	31.1354	5.71327	15.1899	10.2722	4.4005	0	0	0	0	0	0	0	0	0	0	0
00.000,00.000	33.1	0	-200	0	4.5	2916.56	1913.05	592.653	223.762	117.791	31.58	6.49519	16.1014	10.4235	4.69843	0	0	0	0	0	0	0	0	0	0	0
00.000,00.000	33.2	0	-200	0	4.5	2940.1	1931.09	594.818	224.772	118.16	31.9093	7.10578	16.7925	10.5432	4.91135	0	0	0	0	0	0	0	0	0	0	0
00.000,00.000	33.3	0	-200	0	4.5	2950.81	1939.35	595.783	225.21	118.314	32.0515	7.37557	17.1116	10.6044	5.00529	0	0	0	0	0	0	0	0	0	0	0
00.000,00.000	33.4	0	-200	0	4.5	2989.62	1969.5	599.142	226.776	118.824	32.5371	8.4044	18.2568	10.85	5.33389	0	0	0	0	0	0	0	0	0	0	0
00.000,00.000	33.5	0	-200	0	4.5	2997.5	1975.61	599.772	227.097	118.925	32.6437	8.66437	18.486	10.9033	5.40095	0	0	0	0	0	0	0	0	0	0	0
00.000,00.000	33.6	0	-200	0	4.5	3028.72	2000	602.349	228.224	119.274	33.0092	9.6695	19.4058	11.1441	5.65172	0	0	0	0	0	0	0	0	0	0	0
00.000,00.000	33.7	0	-200	0	4.5	3101.45	2055.48	608.544	231.207	120.1	33.9416	12.3469	21.749	11.7993	6.28223	0	0	0	0	0	0	0	0	0	0	0
00.000,00.000	33.8	0	-200	0	4.5	3113.92	2064.89	609.662	231.724	120.24	34.1107	12.8341	22.1514	11.9203	6.39064	0	0	0	0	0	0	0	0	0	0	0
00.000,00.000	33.9	0	-200	0	4.5	3114.01	2064.96	609.669	231.727	120.24	34.1118	12.8374	22.1544	11.9213	6.39137	0	0	0	0	0	0	0	0	0	0	0
00.000,00.000	34	0	-200	0	4.5	3147.72	2090.78	612.501	233.012	120.546	34.5252	14.0775	23.3122	12.3168	6.65594	0	0	0	0	0	0	0	0	0	0	0
00.000,00.000	34.1	0	-200	0	4.5	3183.63	2117.91	615.478	234.803	120.849	34.9555	15.3952	24.5553	12.7504	6.92994	0	0	0	0	0	0	0	0	0	0	0
00.000,00.000	34.2	0	-200	0	4.5	3189.41	2122.24	615.96	235.112	120.896	35.025	15.6107	24.767	12.8232	6.97346	0	0	0	0	0	0	0	0	0	0	0
00.000,00.000	34.3	0	-200	0	4.5	3208.2	2136.56	617.402	236.052	121.029	35.2299	16.2549	25.4807	13.0787	7.1059	0	0	0	0	0	0	0	0	0	0	0
00.000,00.000	34.4	0	-200	0	4.5	3222.84	2147.73	618.514	236.773	121.127	35.3865	16.7767	26.0409	13.2859	7.20728	0	0	0	0	0	0	0	0	0	0	0
00.000,00.000	34.5	0	-200	0	4.5	3236.06	2157.88	619.471	237.415	121.209	35.5198	17.2377	26.5534	13.4813	7.29503	0	0	0	0	0	0	0	0	0	0	0
00.000,00.000	34.6	0	-200	0	4.5	3246.41	2165.87	620.201	237.893	121.268	35.6203	17.594	26.9613	13.6411	7.36194	0	0	0	0	0	0	0	0	0	0	0
00.000,00.000	34.7	0	-200	0	4.5	3270.22	2184.23	621.786	238.988	121.397	35.8464	18.4468	27.9677	14.0329	7.51718	0	0	0	0	0	0	0	0	0	0	0
00.000,00.000	34.8	0	-200	0	4.5	3309.17	2214.39	624.342	240.72	121.595	36.2437	19.7878	29.6381	14.6962	7.7588	0	0	0	0	0	0	0	0	0	0	0
00.000,00.000	34.9	0	-200	0	4.5	3314.85	2218.77	624.715	240.977	121.623	36.3098	19.9893	29.8823	14.7965	7.79422	0	0	0	0	0	0	0	0	0	0	0
00.000,00.000	35	0	-200	0	4.5	3320.65	2223.25	625.074	241.235	121.648	36.373	20.1815	30.1472	14.9064	7.82821	0	0	0	0	0	0	0	0	0	0	0
00.000,00.000	35.1	0	-200	0	4.5	3328.46	2229.32	625.544	241.581	121.681	36.4571	20.4414	30.5049	15.0581	7.87351	0	0	0	0	0	0	0	0	0	0	0
00.000,00.000	35.2	0	-200	0	4.5	3343.83	2241.36	626.422	242.185	121.739	36.6163	20.9432	31.2344	15.3704	7.9597	0	0	0	0	0	0	0	0	0	0	0
00.000,00.000	35.3	0	-200	0	4.5	3364.06	2257.14	627.601	243.013	121.81	36.8421	21.5876	32.2014	15.7963	8.07009	0	0	0	0	0	0	0	0	0	0	0
00.000,00.000	35.4	0	-200	0	4.5	3370.8	2262.38	628.014	243.296	121.831	36.9228	21.7987	32.5179	15.9366	8.10598	0	0	0	0	0	0	0	0	0	0	0
00.000,00.000	35.5	0	-200	0	4.5	3379.61	2269.26	628.523	243.665	121.856	37.0239	22.0594	32.947	16.1238	8.15076	0	0	0	0	0	0	0	0	0	0	0
00.000,00.000	35.6	0	-200	0	4.5	3413.36	2295.93	630.401	244.857	121.939	37.407	23.0403	34.611	16.8619	8.31997	0	0	0	0	0	0	0	0	0	0	0
00.000,00.000	35.7	0	-200	0	4.5	3429.79	2308.89	631.298	245.488	121.975	37.5901	23.5085	35.4216	17.2219	8.4009	0	0	0	0	0	0	0	0	0	0	0
00.000,00.000	35.8	0	-200	0	4.5	3432.89	2311.33	631.458	245.613	121.982	37.623	23.5912	35.5824	17.2958	8.41543	0	0	0	0	0	0	0	0	0	0	0
00.000,00.000	35.9	0	-200	0	4.5	3442.6	2319.03	631.942	245.989	121.997	37.7226	23.8387	36.091	17.5358	8.45963	0	0	0	0	0	0	0	0	0	0	0
00.000,00.000	36	0	-200	0	4.5	3446.8	2322.36	632.149	246.154	122.003	37.7653	23.9448	36.3074	17.6406	8.47854	0	0	0	0	0	0	0	0	0	0	0
00.000,00.000	36.1	0	-200	0	4.5	3455.94	2329.63	632.575	246.507	122.015	37.8539	24.1588	36.7979	17.8818	8.51779	0	0	0	0	0	0	0	0	0	0	0
00.000,00.000	36.2	0	-200	0	4.5	3469.41	2340.37	633.187	247.021	122.031	37.981	24.462	37.5336	18.2512	8.57418	0	0	0	0	0	0	0	0	0	0	0
00.000,00.000	36.3	0	-200	0	4.5	3482.77	2350.97	633.775	247.577	122.043	38.113	24.7471	38.2882	18.6322	8.62814	0	0	0	0	0	0	0	0	0	0	0
00.000,00.000	36.4	0	-200	0	4.5	3494.83	2360.57	634.288	248.04	122.057	38.2378	24.9912	38.9815	18.9861	8.67531	0	0	0	0	0	0	0	0	0	0	0
00.000,00.000	36.5	0	-200	0	4.5	3503.7	2367.73	634.659	248.277	122.064	38.3276	25.1641	39.5071	19.261	8.70931	0	0	0	0	0	0	0	0	0	0	0
00.000,00.000	36.6	0	-200	0	4.5	3527.3	2386.89	635.603	248.809	122.089	38.5603	25.6006	40.9311	20.0188	8.79748	0	0	0	0	0	0	0	0	0	0	0
00.000,00.000	36.7	0	-200	0	4.5	3534.14	2392.47	635.872	248.954	122.094	38.6268	25.7251	41.3356	20.2438	8.82278	0	0	0	0	0	0	0	0	0	0	0
00.000,00.000	36.8	0	-200	0	4.5	3542.92	2399.61	636.194	249.137	122.101	38.7056	25.8697	41.8928	20.5556	8.85317	0	0	0	0	0	0	0	0	0	0	0
00.000,00.000	36.9	0	-200	0	4.5	3553.7	2408.42	636.572	249.363	122.113	38.7989	26.0391	42.561	20.9424	8.88938	0	0	0	0	0	0	0	0	0	0	0
00.000,00.000	37	0	-200	0	4.5	3564.22	2417	636.929	249.586	122.126	38.8853	26.195	43.2282	21.3408	8.92318	0	0	0	0	0	0	0	0	0	0	0
00.000,00.000	37.1	0	-200	0	4.5	3574.08	2425.08	637.25	249.794	122.135	38.9619	26.3323	43.8504	21.7226	8.95347	0	0	0	0	0	0	0	0	0	0	0
00.000,00.000	37.2	0	-200	0	4.5	3583.14	2432.51	637.533	249.985	122.143	39.0291	26.4501	44.4262	22.089	8.98	0	0	0	0	0	0	0	0	0	0	0
00.000,00.000	37.3	0	-200	0	4.5	3592.86	2440.48	637.824	250.188	122.154	39.0973	26.5675	45.0441	22.4951	9.00691	0	0	0	0	0	0	0	0	0	0	0
00.000,00.000	37.4	0	-200	0	4.5	3607.73	2452.74	638.245	250.494	122.17	39.1957	26.7331	45.9795	23.1291	9.04588	0	0	0	0	0	0	0	0	0	0	0
00.000,00.000	37.5	0	-200	0	4.5	3614.41	2458.25	638.427	250.633	122.176	39.2378	26.8033	46.4022	23.4239	9.0626	0	0	0	0	0	0	0	0	0	0	0
00.000,00.000	37.6	0	-200	0	4.5	3627.6	2469.17	638.757	250.901	122.189	39.3148	26.9289	47.224	24.0171	9.09317	0	0	0	0	0	0	0	0	0	0	0
00.000,00.000	37.7	0	-200	0	4.5	3637.14	2477.1	638.986	251.099	122.199	39.368	27.0147	47.7967	24.4587	9.11427	0	0	0	0	0	0	0	0	0	0	0
00.000,00.000	37.8	0	-200	0	4.5	3646.66	2485	639.205	251.3	122.208	39.4175	27.0936	48.3714	24.923	9.13379	0	0	0	0	0	0	0	0	0	0	0
00.000,00.000	37.9	0	-200	0	4.5	3656.58	2493.26	639.418	251.513	122.216	39.4659	27.1692	48.9627	25.4202	9.15276	0	0	0	0	0	0	0	0	0	0	0
00.000,00.000	38	0	-200	0	4.5	3666.46	2501.48	639.624	251.729	122.225	39.5107	27.2375	49.5509	25.9367	9.17007	0	0	0	0	0	0	0	0	0	0	0
00.000,00.000	38.1	0	-200	0	4.5	3676.37	2509.71	639.83	251.949	122.234	39.5527	27.3005	50.1391	26.4704	9.18591	0	0	0	0	0	0	0	0	0	0	0
00.000,00.000	38.2	0	-200	0	4.5	3686.01	2517.72	640.024	252.17	122.243	39.5912	27.3564	50.699	27.0064	9.19988	0	0	0	0	0	0	0	0	0	0	0
00.000,00.000	38.3	0	-200	0	4.5	3695.41	2525.54	640.209	252.396	122.25	39.6272	27.4049	51.2091	27.5563	9.2122	0	0	0	0	0	0	0	0	0	0	0
00.000,00.000	38.4	0	-200	0	4.5	3704.69	2533.28	640.388	252.624	122.258	39.6609	27.4485	51.6968	28.1126	9.2229	0	0	0	0	0	0	0	0	0	0	0
00.000,00.000	38.5	0	-200	0	4.5	3713.82	2540.89	640.556	252.855	122.266	39.6921	27.486	52.1608	28.6808	9.23194	0	0	0	0	0	0	0	0	0	0	0
00.000,00.000	38.6	0	-200	0	4.5	3722.83	2548.43	640.715	253.084	122.272	39.7214	27.5196	52.593	29.2557	9.23941	0	0	0	0	0	0	0	0	0	0	0
00.000,00.000	38.7	0	-200	0	4.5	3731.45	2555.62	640.869	253.316	122.279	39.748	27.547	52.9937	29.8251	9.24508	0	0	0	0	0	0	0	0	0	0	0
00.000,00.000	38.8	0	-200	0	4.5	3740	2562.77	641.019	253.553	122.285	39.773	27.5714	53.3712	30.403	9.2492	0	0	0	0	0	0	0	0	0	0	0
00.000,00.000	38.9	0	-200	0	4.5	3748.4	2569.75	641.167	253.796	122.291	39.796	27.5921	53.7393	31.0228	9.25167	0	0	0	0	0	0	0	0	0	0	0
00.000,00.000	39	0	-200	0	4.5	3756.59	2576.52	641.311	254.042	122.297	39.817	27.6082	54.0915	31.6471	9.25248	0	0	0	0	0	0	0	0	0	0	0
00.000,00.000	39.1	0	-200	0	4.5	3764.58	2583.13	641.454	254.294	122.303	39.8361	27.621	54.4209	32.2762	9.25248	0	0	0	0	0	0	0	0	0	0	0
00.000,00.000	39.2	0	-200	0	4.5	3772.38	2589.55	641.594	254.552	122.308	39.8533	27.6315	54.7276	32.9111	9.25248	0	0	0	0	0	0	0	0	0	0	0
00.000,00.000	39.3	0	-200	0	4.5	3779.97	2595.78	641.733	254.814	122.312	39.8687	27.6397	55.0193	33.5565	9.25248	0	0	0	0	0	0	0	0	0	0	0
00.000,00.000	39.4	0	-200	0	4.5	3787.33	2601.78	641.869	255.082	122.317	39.8821	27.6454	55.2902	34.2105	9.25248	0	0	0	0	0	0	0	0	0	0	0
00.000,00.000	39.5	0	-200	0	4.5	3794.44	2607.59	641.999	255.346	122.322	39.8938	27.649	55.538	34.8505	9.25248	0	0	0	0	0	0	0	0	0	0	0
00.000,00.000	39.6	0	-200	0	4.5	3801.4	2613.27	642.126	255.608	122.326	39.9037	27.6508	55.7694	35.4946	9.25248	0	0	0	0	0	0	0	0	0	0	0
00.000,00.000	39.7	0	-200	0	4.5	3808.17	2618.76	642.254	255.877	122.329	39.9121	27.6512	55.9867	36.1467	9.25248	0	0	0	0	0	0	0	0	0	0	0
00.000,00.000	39.8	0	-200	0	4.5	3814.76	2624.1	642.375	256.149	122.332	39.9194	27.6512	56.1917	36.7864	9.25248	0	0	0	0	0	0	0	0	0	0	0
00.000,00.000	39.9	0	-200	0	4.5	3821.17	2629.3	642.483	256.429	122.336	39.9259	27.6512	56.3825	37.406	9.25248	0	0	0	0	0	0	0	0	0	0	0
00.000,00.000	40	0	-200	0	4.5	3827.38	2634.31	642.591	256.713	122.339	39.9315	27.6512	56.5587	38.0304	9.25248	0	0	0	0	0	0	0	0	0	0	0
00.000,00.000	40.1	0	-200	0	4.5	3833.28	2639	642.701	257.01	122.342	39.9364	27.6512	56.7264	38.6654	9.25248	0	0	0	0	0	0	0	0	0	0	0
00.000,00.000	40.2	0	-200	0	4.5	3838.91	2643.44	642.808	257.309	122.344	39.9404	27.6512	56.8752	39.2893	9.25248	0	0	0	0	0	0	0	0	0	0	0
00.000,00.000	40.3	0	-200	0	4.5	3844.35	2647.72	642.918	257.614	122.347	39.9436	27.6512	57.0102	39.8923	9.25248	0	0	0	0	0	0	0	0	0	0	0
00.000,00.000	40.4	0	-200	0	4.5	3849.58	2651.79	643.026	257.925	122.349	39.946	27.6512	57.1483	40.4974	9.25248	0	0	0	0	0	0	0	0	0	0	0
00.000,00.000	40.5	0	-200	0	4.5	3854.41	2655.46	643.135	258.245	122.351	39.9477	27.6512	57.2727	41.0981	9.25248	0	0	0	0	0	0	0	0	0	0	0
00.000,00.000	40.6	0	-200	0	4.5	3859.01	2658.98	643.244	258.554	122.352	39.9485	27.6512	57.3722	41.6583	9.25248	0	0	0	0	0	0	0	0	0	0	0
00.000,00.000	40.7	0	-200	0	4.5	3863.47	2662.34	643.353	258.871	122.354	39.9487	27.6512	57.4692	42.2246	9.25248	0	0	0	0	0	0	0	0	0	0	0
00.000,00.000	40.8	0	-200	0	4.5	3867.87	2665.61	643.461	259.204	122.356	39.9487	27.6512	57.565	42.8228	9.25248	0	0	0	0	0	0	0	0	0	0	0
00.000,00.000	40.9	0	-200	0	4.5	3872.09	2668.71	643.571	259.554	122.357	39.9487	27.6512	57.6478	43.3921	9.25248	0	0	0	0	0	0	0	0	0	0	0
00.000,00.000	41	0	-200	0	4.5	3876	2671.55	643.683	259.906	122.359	39.9487	27.6512	57.7157	43.9336	9.25248	0	0	0	0	0	0	0	0	0	0	0
00.000,00.000	41.1	0	-200	0	4.5	3879.81	2674.26	643.815	260.249	122.36	39.9487	27.6512	57.783	44.4882	9.25248	0	0	0	0	0	0	0	0	0	0	0
00.000,00.000	41.2	0	-200	0	4.5	3883.48	2676.82	643.947	260.593	122.361	39.9487	27.6512	57.8468	45.0529	9.25248	0	0	0	0	0	0	0	0	0	0	0
00.000,00.000	41.3	0	-200	0	4.5	3886.73	2679.02	644.077	260.95	122.362	39.9487	27.6512	57.8966	45.5699	9.25248	0	0	0	0	0	0	0	0	0	0	0
00.000,00.000	41.4	0	-200	0	4.5	3889.83	2681.04	644.229	261.316	122.363	39.9487	27.6512	57.9454	46.0829	9.25248	0	0	0	0	0	0	0	0	0	0	0
00.000,00.000	41.5	0	-200	0	4.5	3892.94	2682.94	644.519	261.697	122.364	39.9487	27.6512	57.99	46.5804	9.25248	0	0	0	0	0	0	0	0	0	0	0
00.000,00.000	41.6	0	-200	0	4.5	3895.84	2684.74	644.729	262.01	122.453	39.9487	27.6512	58.0207	47.0391	9.25248	0	0	0	0	0	0	0	0	0	0	0
00.000,00.000	41.7	0	-200	0	4.5	3898.38	2686.27	644.855	262.295	122.573	39.9487	27.6512	58.0455	47.4866	9.25248	0	0	0	0	0	0	0	0	0	0	0
00.000,00.000	41.8	0	-200	0	4.5	3900.8	2687.66	644.983	262.595	122.691	39.9487	27.6512	58.07	47.9477	9.25248	0	0	0	0	0	0	0	0	0	0	0
00.000,00.000	41.9	0	-200	0	4.5	3903.12	2688.94	645.128	262.909	122.808	39.9487	27.6512	58.0908	48.3964	9.25248	0	0	0	0	0	0	0	0	0	0	0
00.000,00.000	42	0	-200	0	4.5	3905.35	2690	645.403	263.241	122.928	39.9487	27.6512	58.1032	48.8157	9.25248	0	0	0	0	0	0	0	0	0	0	0