
label	time(d)	x	depth	z	radius	total	0-10	10-20	20-30	30-40	40-50	50-60	60-70	70-80	80-90	90-100	100-110	110-120	120-130	130-140	140-150	150-160	160-170	170-180	180-190	190-200
05.500,00.000	0	5.5	-200	0	4.5	0	0	0	0	0	0	0	0	0	0	0	0	0	0	0	0	0	0	0	0	0
05.500,00.000	0.1	5.5	-200	0	4.5	0	0	0	0	0	0	0	0	0	0	0	0	0	0	0	0	0	0	0	0	0
05.500,00.000	0.2	5.5	-200	0	4.5	0	0	0	0	0	0	0	0	0	0	0	0	0	0	0	0	0	0	0	0	0
05.500,00.000	0.3	5.5	-200	0	4.5	0	0	0	0	0	0	0	0	0	0	0	0	0	0	0	0	0	0	0	0	0
05.500,00.000	0.4	5.5	-200	0	4.5	0	0	0	0	0	0	0	0	0	0	0	0	0	0	0	0	0	0	0	0	0
05.500,00.000	0.5	5.5	-200	0	4.5	0	0	0	0	0	0	0	0	0	0	0	0	0	0	0	0	0	0	0	0	0
05.500,00.000	0.6	5.5	-200	0	4.5	0	0	0	0	0	0	0	0	0	0	0	0	0	0	0	0	0	0	0	0	0
05.500,00.000	0.7	5.5	-200	0	4.5	0	0	0	0	0	0	0	0	0	0	0	0	0	0	0	0	0	0	0	0	0
05.500,00.000	0.8	5.5	-200	0	4.5	0	0	0	0	0	0	0	0	0	0	0	0	0	0	0	0	0	0	0	0	0
05.500,00.000	0.9	5.5	-200	0	4.5	0	0	0	0	0	0	0	0	0	0	0	0	0	0	0	0	0	0	0	0	0
05.500,00.000	1	5.5	-200	0	4.5	0	0	0	0	0	0	0	0	0	0	0	0	0	0	0	0	0	0	0	0	0
05.500,00.000	1.1	5.5	-200	0	4.5	0	0	0	0	0	0	0	0	0	0	0	0	0	0	0	0	0	0	0	0	0
05.500,00.000	1.2	5.5	-200	0	4.5	0	0	0	0	0	0	0	0	0	0	0	0	0	0	0	0	0	0	0	0	0
05.500,00.000	1.3	5.5	-200	0	4.5	0	0	0	0	0	0	0	0	0	0	0	0	0	0	0	0	0	0	0	0	0
05.500,00.000	1.4	5.5	-200	0	4.5	0	0	0	0	0	0	0	0	0	0	0	0	0	0	0	0	0	0	0	0	0
05.500,00.000	1.5	5.5	-200	0	4.5	0	0	0	0	0	0	0	0	0	0	0	0	0	0	0	0	0	0	0	0	0
05.500,00.000	1.6	5.5	-200	0	4.5	0	0	0	0	0	0	0	0	0	0	0	0	0	0	0	0	0	0	0	0	0
05.500,00.000	1.7	5.5	-200	0	4.5	0	0	0	0	0	0	0	0	0	0	0	0	0	0	0	0	0	0	0	0	0
05.500,00.000	1.8	5.5	-200	0	4.5	0	0	0	0	0	0	0	0	0	0	0	0	0	0	0	0	0	0	0	0	0
05.500,00.000	1.9	5.5	-200	0	4.5	0	0	0	0	0	0	0	0	0	0	0	0	0	0	0	0	0	0	0	0	0
05.500,00.000	2	5.5	-200	0	4.5	0	0	0	0	0	0	0	0	0	0	0	0	0	0	0	0	0	0	0	0	0
05.500,00.000	2.1	5.5	-200	0	4.5	0	0	0	0	0	0	0	0	0	0	0	0	0	0	0	0	0	0	0	0	0
05.500,00.000	2.2	5.5	-200	0	4.5	0	0	0	0	0	0	0	0	0	0	0	0	0	0	0	0	0	0	0	0	0
05.500,00.000	2.3	5.5	-200	0	4.5	0	0	0	0	0	0	0	0	0	0	0	0	0	0	0	0	0	0	0	0	0
05.500,00.000	2.4	5.5	-200	0	4.5	0	0	0	0	0	0	0	0	0	0	0	0	0	0	0	0	0	0	0	0	0
05.500,00.000	2.5	5.5	-200	0	4.5	0	0	0	0	0	0	0	0	0	0	0	0	0	0	0	0	0	0	0	0	0
05.500,00.000	2.6	5.5	-200	0	4.5	0	0	0	0	0	0	0	0	0	0	0	0	0	0	0	0	0	0	0	0	0
05.500,00.000	2.7	5.5	-200	0	4.5	0	0	0	0	0	0	0	0	0	0	0	0	0	0	0	0	0	0	0	0	0
05.500,00.000	2.8	5.5	-200	0	4.5	0.129163	0.129163	0	0	0	0	0	0	0	0	0	0	0	0	0	0	0	0	0	0	0
05.500,00.000	2.9	5.5	-200	0	4.5	0.370461	0.370461	0	0	0	0	0	0	0	0	0	0	0	0	0	0	0	0	0	0	0
05.500,00.000	3	5.5	-200	0	4.5	0.637726	0.637726	0	0	0	0	0	0	0	0	0	0	0	0	0	0	0	0	0	0	0
05.500,00.000	3.1	5.5	-200	0	4.5	0.919089	0.919089	0	0	0	0	0	0	0	0	0	0	0	0	0	0	0	0	0	0	0
05.500,00.000	3.2	5.5	-200	0	4.5	1.27384	1.27384	0	0	0	0	0	0	0	0	0	0	0	0	0	0	0	0	0	0	0
05.500,00.000	3.3	5.5	-200	0	4.5	1.80279	1.80279	0	0	0	0	0	0	0	0	0	0	0	0	0	0	0	0	0	0	0
05.500,00.000	3.4	5.5	-200	0	4.5	2.36227	2.36227	0	0	0	0	0	0	0	0	0	0	0	0	0	0	0	0	0	0	0
05.500,00.000	3.5	5.5	-200	0	4.5	2.92287	2.92287	0	0	0	0	0	0	0	0	0	0	0	0	0	0	0	0	0	0	0
05.500,00.000	3.6	5.5	-200	0	4.5	3.47962	3.47962	0	0	0	0	0	0	0	0	0	0	0	0	0	0	0	0	0	0	0
05.500,00.000	3.7	5.5	-200	0	4.5	4.03634	4.03634	0	0	0	0	0	0	0	0	0	0	0	0	0	0	0	0	0	0	0
05.500,00.000	3.8	5.5	-200	0	4.5	4.59244	4.59244	0	0	0	0	0	0	0	0	0	0	0	0	0	0	0	0	0	0	0
05.500,00.000	3.9	5.5	-200	0	4.5	5.14907	5.14907	0	0	0	0	0	0	0	0	0	0	0	0	0	0	0	0	0	0	0
05.500,00.000	4	5.5	-200	0	4.5	5.70841	5.70841	0	0	0	0	0	0	0	0	0	0	0	0	0	0	0	0	0	0	0
05.500,00.000	4.1	5.5	-200	0	4.5	6.2694	6.2694	0	0	0	0	0	0	0	0	0	0	0	0	0	0	0	0	0	0	0
05.500,00.000	4.2	5.5	-200	0	4.5	6.8316	6.8316	0	0	0	0	0	0	0	0	0	0	0	0	0	0	0	0	0	0	0
05.500,00.000	4.3	5.5	-200	0	4.5	7.39427	7.39427	0	0	0	0	0	0	0	0	0	0	0	0	0	0	0	0	0	0	0
05.500,00.000	4.4	5.5	-200	0	4.5	7.95724	7.95724	0	0	0	0	0	0	0	0	0	0	0	0	0	0	0	0	0	0	0
05.500,00.000	4.5	5.5	-200	0	4.5	8.51941	8.51941	0	0	0	0	0	0	0	0	0	0	0	0	0	0	0	0	0	0	0
05.500,00.000	4.6	5.5	-200	0	4.5	9.08064	9.08064	0	0	0	0	0	0	0	0	0	0	0	0	0	0	0	0	0	0	0
05.500,00.000	4.7	5.5	-200	0	4.5	9.64093	9.64093	0	0	0	0	0	0	0	0	0	0	0	0	0	0	0	0	0	0	0
05.500,00.000	4.8	5.5	-200	0	4.5	9.94802	9.94802	0	0	0	0	0	0	0	0	0	0	0	0	0	0	0	0	0	0	0
05.500,00.000	4.9	5.5	-200	0	4.5	10.2171	10.2171	0	0	0	0	0	0	0	0	0	0	0	0	0	0	0	0	0	0	0
05.500,00.000	5	5.5	-200	0	4.5	10.5004	10.5004	0	0	0	0	0	0	0	0	0	0	0	0	0	0	0	0	0	0	0
05.500,00.000	5.1	5.5	-200	0	4.5	10.7838	10.7838	0	0	0	0	0	0	0	0	0	0	0	0	0	0	0	0	0	0	0
05.500,00.000	5.2	5.5	-200	0	4.5	11.0671	11.0671	0	0	0	0	0	0	0	0	0	0	0	0	0	0	0	0	0	0	0
05.500,00.000	5.3	5.5	-200	0	4.5	11.3504	11.3504	0	0	0	0	0	0	0	0	0	0	0	0	0	0	0	0	0	0	0
05.500,00.000	5.4	5.5	-200	0	4.5	11.6331	11.6331	0	0	0	0	0	0	0	0	0	0	0	0	0	0	0	0	0	0	0
05.500,00.000	5.5	5.5	-200	0	4.5	11.9155	11.9155	0	0	0	0	0	0	0	0	0	0	0	0	0	0	0	0	0	0	0
05.500,00.000	5.6	5.5	-200	0	4.5	12.1976	12.1976	0	0	0	0	0	0	0	0	0	0	0	0	0	0	0	0	0	0	0
05.500,00.000	5.7	5.5	-200	0	4.5	12.4794	12.4794	0	0	0	0	0	0	0	0	0	0	0	0	0	0	0	0	0	0	0
05.500,00.000	5.8	5.5	-200	0	4.5	12.7614	12.5272	0.234213	0	0	0	0	0	0	0	0	0	0	0	0	0	0	0	0	0	0
05.500,00.000	5.9	5.5	-200	0	4.5	13.0426	12.5272	0.515399	0	0	0	0	0	0	0	0	0	0	0	0	0	0	0	0	0	0
05.500,00.000	6	5.5	-200	0	4.5	13.3231	12.5268	0.796286	0	0	0	0	0	0	0	0	0	0	0	0	0	0	0	0	0	0
05.500,00.000	6.1	5.5	-200	0	4.5	13.6037	12.5268	1.07684	0	0	0	0	0	0	0	0	0	0	0	0	0	0	0	0	0	0
05.500,00.000	6.2	5.5	-200	0	4.5	13.8846	12.5268	1.35779	0	0	0	0	0	0	0	0	0	0	0	0	0	0	0	0	0	0
05.500,00.000	6.3	5.5	-200	0	4.5	14.1656	12.5268	1.63872	0	0	0	0	0	0	0	0	0	0	0	0	0	0	0	0	0	0
05.500,00.000	6.4	5.5	-200	0	4.5	14.4458	12.5268	1.91897	0	0	0	0	0	0	0	0	0	0	0	0	0	0	0	0	0	0
05.500,00.000	6.5	5.5	-200	0	4.5	14.7252	12.5268	2.19833	0	0	0	0	0	0	0	0	0	0	0	0	0	0	0	0	0	0
05.500,00.000	6.6	5.5	-200	0	4.5	15.0055	12.5268	2.47862	0	0	0	0	0	0	0	0	0	0	0	0	0	0	0	0	0	0
05.500,00.000	6.7	5.5	-200	0	4.5	15.2856	12.5269	2.75871	0	0	0	0	0	0	0	0	0	0	0	0	0	0	0	0	0	0
05.500,00.000	6.8	5.5	-200	0	4.5	15.4364	12.5276	2.90882	0	0	0	0	0	0	0	0	0	0	0	0	0	0	0	0	0	0
05.500,00.000	6.9	5.5	-200	0	4.5	15.4444	12.53	2.9144	0	0	0	0	0	0	0	0	0	0	0	0	0	0	0	0	0	0
05.500,00.000	7	5.5	-200	0	4.5	15.4493	12.5349	2.9144	0	0	0	0	0	0	0	0	0	0	0	0	0	0	0	0	0	0
05.500,00.000	7.1	5.5	-200	0	4.5	15.4588	12.5444	2.9144	0	0	0	0	0	0	0	0	0	0	0	0	0	0	0	0	0	0
05.500,00.000	7.2	5.5	-200	0	4.5	15.4737	12.5593	2.9144	0	0	0	0	0	0	0	0	0	0	0	0	0	0	0	0	0	0
05.500,00.000	7.3	5.5	-200	0	4.5	15.4958	12.5814	2.9144	0	0	0	0	0	0	0	0	0	0	0	0	0	0	0	0	0	0
05.500,00.000	7.4	5.5	-200	0	4.5	15.5269	12.6125	2.9144	0	0	0	0	0	0	0	0	0	0	0	0	0	0	0	0	0	0
05.500,00.000	7.5	5.5	-200	0	4.5	15.5707	12.6563	2.9144	0	0	0	0	0	0	0	0	0	0	0	0	0	0	0	0	0	0
05.500,00.000	7.6	5.5	-200	0	4.5	15.629	12.7146	2.9144	0	0	0	0	0	0	0	0	0	0	0	0	0	0	0	0	0	0
05.500,00.000	7.7	5.5	-200	0	4.5	15.704	12.7896	2.9144	0	0	0	0	0	0	0	0	0	0	0	0	0	0	0	0	0	0
05.500,00.000	7.8	5.5	-200	0	4.5	15.8006	12.8862	2.9144	0	0	0	0	0	0	0	0	0	0	0	0	0	0	0	0	0	0
05.500,00.000	7.9	5.5	-200	0	4.5	15.9205	13.0061	2.9144	0	0	0	0	0	0	0	0	0	0	0	0	0	0	0	0	0	0
05.500,00.000	8	5.5	-200	0	4.5	16.0662	13.1518	2.9144	0	0	0	0	0	0	0	0	0	0	0	0	0	0	0	0	0	0
05.500,00.000	8.1	5.5	-200	0	4.5	16.2405	13.3261	2.9144	0	0	0	0	0	0	0	0	0	0	0	0	0	0	0	0	0	0
05.500,00.000	8.2	5.5	-200	0	4.5	16.4431	13.5287	2.9144	0	0	0	0	0	0	0	0	0	0	0	0	0	0	0	0	0	0
05.500,00.000	8.3	5.5	-200	0	4.5	16.6753	13.7609	2.9144	0	0	0	0	0	0	0	0	0	0	0	0	0	0	0	0	0	0
05.500,00.000	8.4	5.5	-200	0	4.5	16.9386	14.0242	2.9144	0	0	0	0	0	0	0	0	0	0	0	0	0	0	0	0	0	0
05.500,00.000	8.5	5.5	-200	0	4.5	17.2328	14.3184	2.9144	0	0	0	0	0	0	0	0	0	0	0	0	0	0	0	0	0	0
05.500,00.000	8.6	5.5	-200	0	4.5	17.5558	14.6414	2.9144	0	0	0	0	0	0	0	0	0	0	0	0	0	0	0	0	0	0
05.500,00.000	8.7	5.5	-200	0	4.5	17.909	14.9947	2.9144	0	0	0	0	0	0	0	0	0	0	0	0	0	0	0	0	0	0
05.500,00.000	8.8	5.5	-200	0	4.5	18.2928	15.3785	2.9144	0	0	0	0	0	0	0	0	0	0	0	0	0	0	0	0	0	0
05.500,00.000	8.9	5.5	-200	0	4.5	18.7147	15.8003	2.9144	0	0	0	0	0	0	0	0	0	0	0	0	0	0	0	0	0	0
05.500,00.000	9	5.5	-200	0	4.5	19.1723	16.2579	2.9144	0	0	0	0	0	0	0	0	0	0	0	0	0	0	0	0	0	0
05.500,00.000	9.1	5.5	-200	0	4.5	19.6673	16.7529	2.9144	0	0	0	0	0	0	0	0	0	0	0	0	0	0	0	0	0	0
05.500,00.000	9.2	5.5	-200	0	4.5	20.1998	17.2854	2.9144	0	0	0	0	0	0	0	0	0	0	0	0	0	0	0	0	0	0
05.500,00.000	9.3	5.5	-200	0	4.5	20.7728	17.8584	2.9144	0	0	0	0	0	0	0	0	0	0	0	0	0	0	0	0	0	0
05.500,00.000	9.4	5.5	-200	0	4.5	21.387	18.4726	2.9144	0	0	0	0	0	0	0	0	0	0	0	0	0	0	0	0	0	0
05.500,00.000	9.5	5.5	-200	0	4.5	22.0377	19.1233	2.9144	0	0	0	0	0	0	0	0	0	0	0	0	0	0	0	0	0	0
05.500,00.000	9.6	5.5	-200	0	4.5	22.7269	19.8125	2.9144	0	0	0	0	0	0	0	0	0	0	0	0	0	0	0	0	0	0
05.500,00.000	9.7	5.5	-200	0	4.5	23.4494	20.535	2.91445	0	0	0	0	0	0	0	0	0	0	0	0	0	0	0	0	0	0
05.500,00.000	9.8	5.5	-200	0	4.5	24.2076	21.2918	2.91584	0	0	0	0	0	0	0	0	0	0	0	0	0	0	0	0	0	0
05.500,00.000	9.9	5.5	-200	0	4.5	25.0092	22.0885	2.92072	0	0	0	0	0	0	0	0	0	0	0	0	0	0	0	0	0	0
05.500,00.000	10	5.5	-200	0	4.5	25.8513	22.9233	2.92802	0	0	0	0	0	0	0	0	0	0	0	0	0	0	0	0	0	0
05.500,00.000	10.1	5.5	-200	0	4.5	26.7354	23.7959	2.93955	0	0	0	0	0	0	0	0	0	0	0	0	0	0	0	0	0	0
05.500,00.000	10.2	5.5	-200	0	4.5	27.6626	24.7072	2.95546	0	0	0	0	0	0	0	0	0	0	0	0	0	0	0	0	0	0
05.500,00.000	10.3	5.5	-200	0	4.5	28.6344	25.6575	2.9769	0	0	0	0	0	0	0	0	0	0	0	0	0	0	0	0	0	0
05.500,00.000	10.4	5.5	-200	0	4.5	29.6421	26.6361	3.00594	0	0	0	0	0	0	0	0	0	0	0	0	0	0	0	0	0	0
05.500,00.000	10.5	5.5	-200	0	4.5	30.6841	27.6417	3.04243	0	0	0	0	0	0	0	0	0	0	0	0	0	0	0	0	0	0
05.500,00.000	10.6	5.5	-200	0	4.5	31.7445	28.6569	3.08764	0	0	0	0	0	0	0	0	0	0	0	0	0	0	0	0	0	0
05.500,00.000	10.7	5.5	-200	0	4.5	32.8825	29.7401	3.14236	0	0	0	0	0	0	0	0	0	0	0	0	0	0	0	0	0	0
05.500,00.000	10.8	5.5	-200	0	4.5	34.0635	30.857	3.20653	0	0	0	0	0	0	0	0	0	0	0	0	0	0	0	0	0	0
05.500,00.000	10.9	5.5	-200	0	4.5	35.2993	32.0187	3.28063	0	0	0	0	0	0	0	0	0	0	0	0	0	0	0	0	0	0
05.500,00.000	11	5.5	-200	0	4.5	36.5748	33.2114	3.36349	0	0	0	0	0	0	0	0	0	0	0	0	0	0	0	0	0	0
05.500,00.000	11.1	5.5	-200	0	4.5	37.8862	34.4312	3.45497	0	0	0	0	0	0	0	0	0	0	0	0	0	0	0	0	0	0
05.500,00.000	11.2	5.5	-200	0	4.5	39.2614	35.7065	3.55493	0	0	0	0	0	0	0	0	0	0	0	0	0	0	0	0	0	0
05.500,00.000	11.3	5.5	-200	0	4.5	40.7061	37.0428	3.66331	0	0	0	0	0	0	0	0	0	0	0	0	0	0	0	0	0	0
05.500,00.000	11.4	5.5	-200	0	4.5	42.2789	38.499	3.77989	0	0	0	0	0	0	0	0	0	0	0	0	0	0	0	0	0	0
05.500,00.000	11.5	5.5	-200	0	4.5	43.8894	39.9856	3.90383	0	0	0	0	0	0	0	0	0	0	0	0	0	0	0	0	0	0
05.500,00.000	11.6	5.5	-200	0	4.5	45.5232	41.4893	4.03391	0	0	0	0	0	0	0	0	0	0	0	0	0	0	0	0	0	0
05.500,00.000	11.7	5.5	-200	0	4.5	47.1923	43.022	4.17029	0	0	0	0	0	0	0	0	0	0	0	0	0	0	0	0	0	0
05.500,00.000	11.8	5.5	-200	0	4.5	48.9377	44.6252	4.31257	0	0	0	0	0	0	0	0	0	0	0	0	0	0	0	0	0	0
05.500,00.000	11.9	5.5	-200	0	4.5	50.7649	46.3037	4.46121	0	0	0	0	0	0	0	0	0	0	0	0	0	0	0	0	0	0
05.500,00.000	12	5.5	-200	0	4.5	52.6637	48.0476	4.61615	0	0	0	0	0	0	0	0	0	0	0	0	0	0	0	0	0	0
05.500,00.000	12.1	5.5	-200	0	4.5	54.6564	49.8786	4.77787	0	0	0	0	0	0	0	0	0	0	0	0	0	0	0	0	0	0
05.500,00.000	12.2	5.5	-200	0	4.5	56.7318	51.7855	4.94627	0	0	0	0	0	0	0	0	0	0	0	0	0	0	0	0	0	0
05.500,00.000	12.3	5.5	-200	0	4.5	58.8521	53.7311	5.12105	0	0	0	0	0	0	0	0	0	0	0	0	0	0	0	0	0	0
05.500,00.000	12.4	5.5	-200	0	4.5	61.0287	55.7289	5.2998	0	0	0	0	0	0	0	0	0	0	0	0	0	0	0	0	0	0
05.500,00.000	12.5	5.5	-200	0	4.5	63.242	57.7735	5.46843	0	0	0	0	0	0	0	0	0	0	0	0	0	0	0	0	0	0
05.500,00.000	12.6	5.5	-200	0	4.5	65.843	60.1983	5.6447	0	0	0	0	0	0	0	0	0	0	0	0	0	0	0	0	0	0
05.500,00.000	12.7	5.5	-200	0	4.5	68.4585	62.6213	5.83716	0	0	0	0	0	0	0	0	0	0	0	0	0	0	0	0	0	0
05.500,00.000	12.8	5.5	-200	0	4.5	71.0231	64.7153	6.30786	0	0	0	0	0	0	0	0	0	0	0	0	0	0	0	0	0	0
05.500,00.000	12.9	5.5	-200	0	4.5	73.6811	66.893	6.78809	0	0	0	0	0	0	0	0	0	0	0	0	0	0	0	0	0	0
05.500,00.000	13	5.5	-200	0	4.5	76.4055	69.1302	7.27526	0	0	0	0	0	0	0	0	0	0	0	0	0	0	0	0	0	0
05.500,00.000	13.1	5.5	-200	0	4.5	79.2332	71.4664	7.7668	0	0	0	0	0	0	0	0	0	0	0	0	0	0	0	0	0	0
05.500,00.000	13.2	5.5	-200	0	4.5	82.1527	73.8892	8.26346	0	0	0	0	0	0	0	0	0	0	0	0	0	0	0	0	0	0
05.500,00.000	13.3	5.5	-200	0	4.5	85.1345	76.3677	8.7668	0	0	0	0	0	0	0	0	0	0	0	0	0	0	0	0	0	0
05.500,00.000	13.4	5.5	-200	0	4.5	88.2319	78.9562	9.27567	0	0	0	0	0	0	0	0	0	0	0	0	0	0	0	0	0	0
05.500,00.000	13.5	5.5	-200	0	4.5	91.3826	81.5892	9.79338	0	0	0	0	0	0	0	0	0	0	0	0	0	0	0	0	0	0
05.500,00.000	13.6	5.5	-200	0	4.5	94.8819	84.5259	10.356	0	0	0	0	0	0	0	0	0	0	0	0	0	0	0	0	0	0
05.500,00.000	13.7	5.5	-200	0	4.5	98.2652	87.3684	10.8967	0	0	0	0	0	0	0	0	0	0	0	0	0	0	0	0	0	0
05.500,00.000	13.8	5.5	-200	0	4.5	101.337	89.9494	11.388	0	0	0	0	0	0	0	0	0	0	0	0	0	0	0	0	0	0
05.500,00.000	13.9	5.5	-200	0	4.5	104.817	92.877	11.9402	0	0	0	0	0	0	0	0	0	0	0	0	0	0	0	0	0	0
05.500,00.000	14	5.5	-200	0	4.5	108.364	95.8703	12.4934	0	0	0	0	0	0	0	0	0	0	0	0	0	0	0	0	0	0
05.500,00.000	14.1	5.5	-200	0	4.5	111.916	98.8685	13.0473	0	0	0	0	0	0	0	0	0	0	0	0	0	0	0	0	0	0
05.500,00.000	14.2	5.5	-200	0	4.5	115.539	101.955	13.5839	0	0	0	0	0	0	0	0	0	0	0	0	0	0	0	0	0	0
05.500,00.000	14.3	5.5	-200	0	4.5	119.169	105.045	14.1242	0	0	0	0	0	0	0	0	0	0	0	0	0	0	0	0	0	0
05.500,00.000	14.4	5.5	-200	0	4.5	122.84	108.161	14.6792	0	0	0	0	0	0	0	0	0	0	0	0	0	0	0	0	0	0
05.500,00.000	14.5	5.5	-200	0	4.5	126.561	111.312	15.249	0	0	0	0	0	0	0	0	0	0	0	0	0	0	0	0	0	0
05.500,00.000	14.6	5.5	-200	0	4.5	131.088	115.137	15.9508	0	0	0	0	0	0	0	0	0	0	0	0	0	0	0	0	0	0
05.500,00.000	14.7	5.5	-200	0	4.5	134.7	118.183	16.5173	0	0	0	0	0	0	0	0	0	0	0	0	0	0	0	0	0	0
05.500,00.000	14.8	5.5	-200	0	4.5	137.627	120.631	16.9953	0	0	0	0	0	0	0	0	0	0	0	0	0	0	0	0	0	0
05.500,00.000	14.9	5.5	-200	0	4.5	141.162	123.582	17.5806	0	0	0	0	0	0	0	0	0	0	0	0	0	0	0	0	0	0
05.500,00.000	15	5.5	-200	0	4.5	144.95	126.745	18.2049	0	0	0	0	0	0	0	0	0	0	0	0	0	0	0	0	0	0
05.500,00.000	15.1	5.5	-200	0	4.5	148.566	129.745	18.821	0	0	0	0	0	0	0	0	0	0	0	0	0	0	0	0	0	0
05.500,00.000	15.2	5.5	-200	0	4.5	152.114	132.679	19.4343	0	0	0	0	0	0	0	0	0	0	0	0	0	0	0	0	0	0
05.500,00.000	15.3	5.5	-200	0	4.5	155.634	135.581	20.0525	0	0	0	0	0	0	0	0	0	0	0	0	0	0	0	0	0	0
05.500,00.000	15.4	5.5	-200	0	4.5	159.118	138.437	20.6805	0	0	0	0	0	0	0	0	0	0	0	0	0	0	0	0	0	0
05.500,00.000	15.5	5.5	-200	0	4.5	163.742	142.201	21.5416	0	0	0	0	0	0	0	0	0	0	0	0	0	0	0	0	0	0
05.500,00.000	15.6	5.5	-200	0	4.5	167.047	144.89	22.1574	0	0	0	0	0	0	0	0	0	0	0	0	0	0	0	0	0	0
05.500,00.000	15.7	5.5	-200	0	4.5	170.675	147.819	22.8558	0	0	0	0	0	0	0	0	0	0	0	0	0	0	0	0	0	0
05.500,00.000	15.8	5.5	-200	0	4.5	174.511	150.854	23.6569	0	0	0	0	0	0	0	0	0	0	0	0	0	0	0	0	0	0
05.500,00.000	15.9	5.5	-200	0	4.5	176.272	152.214	24.0574	0	0	0	0	0	0	0	0	0	0	0	0	0	0	0	0	0	0
05.500,00.000	16	5.5	-200	0	4.5	179.88	155.01	24.87	0	0	0	0	0	0	0	0	0	0	0	0	0	0	0	0	0	0
05.500,00.000	16.1	5.5	-200	0	4.5	183.243	157.592	25.6501	0	0	0	0	0	0	0	0	0	0	0	0	0	0	0	0	0	0
05.500,00.000	16.2	5.5	-200	0	4.5	186.303	159.938	26.3653	0	0	0	0	0	0	0	0	0	0	0	0	0	0	0	0	0	0
05.500,00.000	16.3	5.5	-200	0	4.5	189.3	162.216	26.8962	0.187907	0	0	0	0	0	0	0	0	0	0	0	0	0	0	0	0	0
05.500,00.000	16.4	5.5	-200	0	4.5	192.248	164.443	27.3531	0.451576	0	0	0	0	0	0	0	0	0	0	0	0	0	0	0	0	0
05.500,00.000	16.5	5.5	-200	0	4.5	197.166	168.123	28.148	0.894352	0	0	0	0	0	0	0	0	0	0	0	0	0	0	0	0	0
05.500,00.000	16.6	5.5	-200	0	4.5	199.134	169.58	28.4751	1.0787	0	0	0	0	0	0	0	0	0	0	0	0	0	0	0	0	0
05.500,00.000	16.7	5.5	-200	0	4.5	201.853	171.564	28.9414	1.34763	0	0	0	0	0	0	0	0	0	0	0	0	0	0	0	0	0
05.500,00.000	16.8	5.5	-200	0	4.5	203.681	172.89	29.2582	1.53311	0	0	0	0	0	0	0	0	0	0	0	0	0	0	0	0	0
05.500,00.000	16.9	5.5	-200	0	4.5	204.489	173.469	29.4031	1.61666	0	0	0	0	0	0	0	0	0	0	0	0	0	0	0	0	0
05.500,00.000	17	5.5	-200	0	4.5	207.686	175.717	30.0101	1.95823	0	0	0	0	0	0	0	0	0	0	0	0	0	0	0	0	0
05.500,00.000	17.1	5.5	-200	0	4.5	210.369	177.582	30.5352	2.25209	0	0	0	0	0	0	0	0	0	0	0	0	0	0	0	0	0
05.500,00.000	17.2	5.5	-200	0	4.5	212.635	179.1	31.0259	2.50923	0	0	0	0	0	0	0	0	0	0	0	0	0	0	0	0	0
05.500,00.000	17.3	5.5	-200	0	4.5	214.782	180.495	31.5206	2.76582	0	0	0	0	0	0	0	0	0	0	0	0	0	0	0	0	0
05.500,00.000	17.4	5.5	-200	0	4.5	216.838	181.8	32.0163	3.02179	0	0	0	0	0	0	0	0	0	0	0	0	0	0	0	0	0
05.500,00.000	17.5	5.5	-200	0	4.5	220.768	184.191	33.0464	3.53088	0	0	0	0	0	0	0	0	0	0	0	0	0	0	0	0	0
05.500,00.000	17.6	5.5	-200	0	4.5	222.932	185.461	33.6474	3.82287	0	0	0	0	0	0	0	0	0	0	0	0	0	0	0	0	0
05.500,00.000	17.7	5.5	-200	0	4.5	223.701	185.902	33.8673	3.93132	0	0	0	0	0	0	0	0	0	0	0	0	0	0	0	0	0
05.500,00.000	17.8	5.5	-200	0	4.5	224.979	186.608	34.2486	4.12202	0	0	0	0	0	0	0	0	0	0	0	0	0	0	0	0	0
05.500,00.000	17.9	5.5	-200	0	4.5	225.303	186.778	34.3521	4.17259	0	0	0	0	0	0	0	0	0	0	0	0	0	0	0	0	0
05.500,00.000	18	5.5	-200	0	4.5	227.856	188.097	35.1742	4.58441	0	0	0	0	0	0	0	0	0	0	0	0	0	0	0	0	0
05.500,00.000	18.1	5.5	-200	0	4.5	229.765	189.039	35.8303	4.89618	0	0	0	0	0	0	0	0	0	0	0	0	0	0	0	0	0
05.500,00.000	18.2	5.5	-200	0	4.5	231.211	189.704	36.3629	5.14423	0	0	0	0	0	0	0	0	0	0	0	0	0	0	0	0	0
05.500,00.000	18.3	5.5	-200	0	4.5	232.605	190.317	36.8946	5.39277	0	0	0	0	0	0	0	0	0	0	0	0	0	0	0	0	0
05.500,00.000	18.4	5.5	-200	0	4.5	233.943	190.879	37.4233	5.64099	0	0	0	0	0	0	0	0	0	0	0	0	0	0	0	0	0
05.500,00.000	18.5	5.5	-200	0	4.5	237.989	192.453	39.1282	6.40822	0	0	0	0	0	0	0	0	0	0	0	0	0	0	0	0	0
05.500,00.000	18.6	5.5	-200	0	4.5	238.9	192.852	39.4868	6.56117	0	0	0	0	0	0	0	0	0	0	0	0	0	0	0	0	0
05.500,00.000	18.7	5.5	-200	0	4.5	246.801	196.006	42.7808	8.01488	0	0	0	0	0	0	0	0	0	0	0	0	0	0	0	0	0
05.500,00.000	18.8	5.5	-200	0	4.5	248.617	196.783	43.4916	8.34259	0	0	0	0	0	0	0	0	0	0	0	0	0	0	0	0	0
05.500,00.000	18.9	5.5	-200	0	4.5	252.412	198.247	45.1229	9.04152	0	0	0	0	0	0	0	0	0	0	0	0	0	0	0	0	0
05.500,00.000	19	5.5	-200	0	4.5	254.937	199.221	46.2089	9.50763	0	0	0	0	0	0	0	0	0	0	0	0	0	0	0	0	0
05.500,00.000	19.1	5.5	-200	0	4.5	256.342	199.756	46.8215	9.6986	0.0659344	0	0	0	0	0	0	0	0	0	0	0	0	0	0	0	0
05.500,00.000	19.2	5.5	-200	0	4.5	257.604	200.222	47.3839	9.70539	0.292898	0	0	0	0	0	0	0	0	0	0	0	0	0	0	0	0
05.500,00.000	19.3	5.5	-200	0	4.5	258.959	200.684	48.0351	9.70918	0.530785	0	0	0	0	0	0	0	0	0	0	0	0	0	0	0	0
05.500,00.000	19.4	5.5	-200	0	4.5	260.289	201.127	48.6854	9.70952	0.767891	0	0	0	0	0	0	0	0	0	0	0	0	0	0	0	0
05.500,00.000	19.5	5.5	-200	0	4.5	261.587	201.546	49.3301	9.70952	1.00136	0	0	0	0	0	0	0	0	0	0	0	0	0	0	0	0
05.500,00.000	19.6	5.5	-200	0	4.5	263.406	202.115	50.2468	9.70954	1.33474	0	0	0	0	0	0	0	0	0	0	0	0	0	0	0	0
05.500,00.000	19.7	5.5	-200	0	4.5	269.449	203.46	53.7992	9.71811	2.47149	0	0	0	0	0	0	0	0	0	0	0	0	0	0	0	0
05.500,00.000	19.8	5.5	-200	0	4.5	270.594	203.585	54.5667	9.7583	2.68416	0	0	0	0	0	0	0	0	0	0	0	0	0	0	0	0
05.500,00.000	19.9	5.5	-200	0	4.5	270.626	203.588	54.5888	9.75909	2.68999	0	0	0	0	0	0	0	0	0	0	0	0	0	0	0	0
05.500,00.000	20	5.5	-200	0	4.5	271.533	203.669	55.2187	9.78775	2.85775	0	0	0	0	0	0	0	0	0	0	0	0	0	0	0	0
05.500,00.000	20.1	5.5	-200	0	4.5	274.579	203.966	57.323	9.88538	3.40482	0	0	0	0	0	0	0	0	0	0	0	0	0	0	0	0
05.500,00.000	20.2	5.5	-200	0	4.5	276.334	204.144	58.5106	9.96485	3.71409	0	0	0	0	0	0	0	0	0	0	0	0	0	0	0	0
05.500,00.000	20.3	5.5	-200	0	4.5	277.661	204.29	59.3919	10.0415	3.93781	0	0	0	0	0	0	0	0	0	0	0	0	0	0	0	0
05.500,00.000	20.4	5.5	-200	0	4.5	279.037	204.459	60.2893	10.1261	4.16235	0	0	0	0	0	0	0	0	0	0	0	0	0	0	0	0
05.500,00.000	20.5	5.5	-200	0	4.5	280.429	204.629	61.1944	10.219	4.38615	0	0	0	0	0	0	0	0	0	0	0	0	0	0	0	0
05.500,00.000	20.6	5.5	-200	0	4.5	283.31	204.97	62.8989	10.4106	4.83087	0	0.200019	0	0	0	0	0	0	0	0	0	0	0	0	0	0
05.500,00.000	20.7	5.5	-200	0	4.5	289.189	205.649	66.1608	10.8186	5.72518	0	0.834721	0	0	0	0	0	0	0	0	0	0	0	0	0	0
05.500,00.000	20.8	5.5	-200	0	4.5	290.198	205.782	66.6966	10.8952	5.87915	0	0.945187	0	0	0	0	0	0	0	0	0	0	0	0	0	0
05.500,00.000	20.9	5.5	-200	0	4.5	290.284	205.794	66.7428	10.9022	5.89151	0	0.954045	0	0	0	0	0	0	0	0	0	0	0	0	0	0
05.500,00.000	21	5.5	-200	0	4.5	295.708	206.57	69.6168	11.3718	6.65134	0	1.49823	0	0	0	0	0	0	0	0	0	0	0	0	0	0
05.500,00.000	21.1	5.5	-200	0	4.5	298.731	206.995	71.2177	11.6494	7.06938	0	1.79901	0	0	0	0	0	0	0	0	0	0	0	0	0	0
05.500,00.000	21.2	5.5	-200	0	4.5	300.521	207.26	72.1515	11.8271	7.31013	0	1.97208	0	0	0	0	0	0	0	0	0	0	0	0	0	0
05.500,00.000	21.3	5.5	-200	0	4.5	302.435	207.607	73.1093	12.0189	7.55339	0	2.14695	0	0	0	0	0	0	0	0	0	0	0	0	0	0
05.500,00.000	21.4	5.5	-200	0	4.5	304.379	207.971	74.0638	12.226	7.79658	0	2.32166	0	0	0	0	0	0	0	0	0	0	0	0	0	0
05.500,00.000	21.5	5.5	-200	0	4.5	306.36	208.351	75.0266	12.447	8.03975	0	2.4962	0	0	0	0	0	0	0	0	0	0	0	0	0	0
05.500,00.000	21.6	5.5	-200	0	4.5	308.404	208.752	76.0071	12.684	8.28659	0	2.67338	0	0	0	0	0	0	0	0	0	0	0	0	0	0
05.500,00.000	21.7	5.5	-200	0	4.5	310.424	209.187	76.9469	12.9251	8.52183	0	2.84229	0	0	0	0	0	0	0	0	0	0	0	0	0	0
05.500,00.000	21.8	5.5	-200	0	4.5	312.576	209.663	77.9375	13.1897	8.76773	0	3.01886	0	0	0	0	0	0	0	0	0	0	0	0	0	0
05.500,00.000	21.9	5.5	-200	0	4.5	325.313	212.378	83.8504	14.8219	10.2075	0	4.05566	0	0	0	0	0	0	0	0	0	0	0	0	0	0
05.500,00.000	22	5.5	-200	0	4.5	328.129	213.229	84.9694	15.1782	10.3863	0.105296	4.26083	0	0	0	0	0	0	0	0	0	0	0	0	0	0
05.500,00.000	22.1	5.5	-200	0	4.5	337.11	215.761	88.6867	16.3979	10.6033	0.765462	4.89563	0	0	0	0	0	0	0	0	0	0	0	0	0	0
05.500,00.000	22.2	5.5	-200	0	4.5	341.67	216.95	90.5445	17.1251	10.6637	1.15959	5.22646	0	0	0	0	0	0	0	0	0	0	0	0	0	0
05.500,00.000	22.3	5.5	-200	0	4.5	344.068	217.567	91.3416	17.707	10.696	1.36083	5.39563	0	0	0	0	0	0	0	0	0	0	0	0	0	0
05.500,00.000	22.4	5.5	-200	0	4.5	346.771	218.411	92.1735	18.3216	10.7295	1.56697	5.56917	0	0	0	0	0	0	0	0	0	0	0	0	0	0
05.500,00.000	22.5	5.5	-200	0	4.5	349.559	219.384	92.9432	18.9519	10.7644	1.77227	5.74243	0	0	0	0	0	0	0	0	0	0	0	0	0	0
05.500,00.000	22.6	5.5	-200	0	4.5	354.944	221.231	94.4138	20.2089	10.8344	2.1733	6.04366	0.0386276	0	0	0	0	0	0	0	0	0	0	0	0	0
05.500,00.000	22.7	5.5	-200	0	4.5	368.224	225.84	97.8672	23.3996	11.0251	3.16419	6.06618	0.86255	0	0	0	0	0	0	0	0	0	0	0	0	0
05.500,00.000	22.8	5.5	-200	0	4.5	370.322	226.715	98.3881	23.7447	11.0603	3.33708	6.06618	1.0106	0	0	0	0	0	0	0	0	0	0	0	0	0
05.500,00.000	22.9	5.5	-200	0	4.5	370.91	226.959	98.5419	23.8383	11.0724	3.38288	6.06618	1.04997	0	0	0	0	0	0	0	0	0	0	0	0	0
05.500,00.000	23	5.5	-200	0	4.5	377.611	229.649	100.307	25.0548	11.2069	3.86321	6.06618	1.46343	0	0	0	0	0	0	0	0	0	0	0	0	0
05.500,00.000	23.1	5.5	-200	0	4.5	381.686	231.302	101.372	25.7809	11.2964	4.15357	6.06618	1.71459	0	0	0	0	0	0	0	0	0	0	0	0	0
05.500,00.000	23.2	5.5	-200	0	4.5	384.51	232.437	102.114	26.2916	11.3671	4.34935	6.06618	1.88427	0	0	0	0	0	0	0	0	0	0	0	0	0
05.500,00.000	23.3	5.5	-200	0	4.5	387.436	233.629	102.872	26.8171	11.454	4.54456	6.06618	2.05385	0	0	0	0	0	0	0	0	0	0	0	0	0
05.500,00.000	23.4	5.5	-200	0	4.5	390.502	234.695	103.845	27.3684	11.5591	4.74264	6.06618	2.22625	0	0	0	0	0	0	0	0	0	0	0	0	0
05.500,00.000	23.5	5.5	-200	0	4.5	393.471	235.527	104.934	27.9339	11.6719	4.93978	6.06618	2.39813	0	0	0	0	0	0	0	0	0	0	0	0	0
05.500,00.000	23.6	5.5	-200	0	4.5	400.282	237.13	107.565	29.3192	11.9652	5.41933	6.06618	2.81768	0	0	0	0	0	0	0	0	0	0	0	0	0
05.500,00.000	23.7	5.5	-200	0	4.5	406.434	238.584	109.934	30.5851	12.2414	5.83763	6.06618	3.1855	0	0	0	0	0	0	0	0	0	0	0	0	0
05.500,00.000	23.8	5.5	-200	0	4.5	407.23	238.774	110.238	30.7497	12.2782	5.89109	6.06618	3.23256	0	0	0	0	0	0	0	0	0	0	0	0	0
05.500,00.000	23.9	5.5	-200	0	4.5	407.985	238.952	110.53	30.9071	12.3146	5.93948	6.06618	3.27519	0	0	0	0	0	0	0	0	0	0	0	0	0
05.500,00.000	24	5.5	-200	0	4.5	410.832	239.611	111.646	31.5021	12.4558	6.1177	6.06618	3.4325	0	0	0	0	0	0	0	0	0	0	0	0	0
05.500,00.000	24.1	5.5	-200	0	4.5	415.608	240.668	113.508	32.4939	12.7789	6.40573	6.06618	3.68744	0	0	0	0	0	0	0	0	0	0	0	0	0
05.500,00.000	24.2	5.5	-200	0	4.5	419.316	241.474	114.97	33.268	13.033	6.62401	6.06618	3.88109	0	0	0	0	0	0	0	0	0	0	0	0	0
05.500,00.000	24.3	5.5	-200	0	4.5	422.622	242.179	116.275	33.9707	13.2646	6.81583	6.06618	4.05149	0	0	0	0	0	0	0	0	0	0	0	0	0
05.500,00.000	24.4	5.5	-200	0	4.5	425.992	242.88	117.618	34.6941	13.5051	7.00716	6.06618	4.22179	0	0	0	0	0	0	0	0	0	0	0	0	0
05.500,00.000	24.5	5.5	-200	0	4.5	429.415	243.567	118.998	35.4384	13.7552	7.19797	6.06618	4.39197	0	0	0	0	0	0	0	0	0	0	0	0	0
05.500,00.000	24.6	5.5	-200	0	4.5	436.137	244.929	121.657	36.9258	14.2577	7.57324	6.06618	4.72777	0	0	0	0	0	0	0	0	0	0	0	0	0
05.500,00.000	24.7	5.5	-200	0	4.5	439.022	245.609	122.728	37.5542	14.4724	7.72691	6.06618	4.86558	0	0	0	0	0	0	0	0	0	0	0	0	0
05.500,00.000	24.8	5.5	-200	0	4.5	445.77	247.112	125.295	39.0522	14.9795	8.08119	6.06624	5.18423	0	0	0	0	0	0	0	0	0	0	0	0	0
05.500,00.000	24.9	5.5	-200	0	4.5	447.259	247.458	125.831	39.3909	15.0988	8.1596	6.06634	5.25491	0	0	0	0	0	0	0	0	0	0	0	0	0
05.500,00.000	25	5.5	-200	0	4.5	452.877	248.719	127.932	40.6694	15.5369	8.44195	6.06755	5.50971	0	0	0	0	0	0	0	0	0	0	0	0	0
05.500,00.000	25.1	5.5	-200	0	4.5	458.362	249.944	129.927	41.9583	15.9836	8.71909	6.06962	5.76075	0	0	0	0	0	0	0	0	0	0	0	0	0
05.500,00.000	25.2	5.5	-200	0	4.5	462.404	250.827	131.411	42.9164	16.3162	8.91883	6.07277	5.94199	0	0	0	0	0	0	0	0	0	0	0	0	0
05.500,00.000	25.3	5.5	-200	0	4.5	466.27	251.67	132.835	43.8369	16.6362	9.10482	6.07656	6.11119	0	0	0	0	0	0	0	0	0	0	0	0	0
05.500,00.000	25.4	5.5	-200	0	4.5	470.19	252.509	134.281	44.7821	16.966	9.29056	6.08168	6.2803	0	0	0	0	0	0	0	0	0	0	0	0	0
05.500,00.000	25.5	5.5	-200	0	4.5	474.267	253.349	135.792	45.781	17.317	9.41345	6.15846	6.45629	0	0	0	0	0	0	0	0	0	0	0	0	0
05.500,00.000	25.6	5.5	-200	0	4.5	478.124	254.139	137.211	46.7377	17.6559	9.41208	6.34798	6.62058	0	0	0	0	0	0	0	0	0	0	0	0	0
05.500,00.000	25.7	5.5	-200	0	4.5	493.968	257.117	143.138	50.7647	19.0928	9.41208	7.13724	7.3054	0	0	0	0	0	0	0	0	0	0	0	0	0
05.500,00.000	25.8	5.5	-200	0	4.5	500.708	258.524	145.57	52.4373	19.7115	9.41219	7.46636	7.58677	0	0	0	0	0	0	0	0	0	0	0	0	0
05.500,00.000	25.9	5.5	-200	0	4.5	500.847	258.553	145.62	52.4711	19.7246	9.41225	7.47319	7.59249	0	0	0	0	0	0	0	0	0	0	0	0	0
05.500,00.000	26	5.5	-200	0	4.5	509.672	260.488	148.747	54.6028	20.5692	9.4167	7.90252	7.94586	0	0	0	0	0	0	0	0	0	0	0	0	0
05.500,00.000	26.1	5.5	-200	0	4.5	518.384	262.49	151.82	56.6125	21.4181	9.42446	8.32824	8.29158	0	0	0	0	0	0	0	0	0	0	0	0	0
05.500,00.000	26.2	5.5	-200	0	4.5	523.52	263.73	153.59	57.7929	21.9141	9.43219	8.57387	8.48709	0	0	0	0	0	0	0	0	0	0	0	0	0
05.500,00.000	26.3	5.5	-200	0	4.5	528.05	264.864	155.109	58.8299	22.3649	9.44165	8.78686	8.65336	0	0	0	0	0	0	0	0	0	0	0	0	0
05.500,00.000	26.4	5.5	-200	0	4.5	532.78	266.082	156.674	59.9068	22.8355	9.45448	9.0063	8.82173	0	0	0	0	0	0	0	0	0	0	0	0	0
05.500,00.000	26.5	5.5	-200	0	4.5	537.603	267.332	158.104	61.1587	23.3182	9.47248	9.22905	8.9895	0	0	0	0	0	0	0	0	0	0	0	0	0
05.500,00.000	26.6	5.5	-200	0	4.5	547.534	269.801	160.898	63.9441	24.3358	9.51789	9.6993	9.33812	0	0	0	0	0	0	0	0	0	0	0	0	0
05.500,00.000	26.7	5.5	-200	0	4.5	556.797	272.248	163.393	66.5183	25.2806	9.57128	10.1333	9.65211	0	0	0	0	0	0	0	0	0	0	0	0	0
05.500,00.000	26.8	5.5	-200	0	4.5	560.356	273.191	164.35	67.4964	25.6495	9.59566	10.302	9.77203	0	0	0	0	0	0	0	0	0	0	0	0	0
05.500,00.000	26.9	5.5	-200	0	4.5	560.734	273.298	164.448	67.5973	25.6882	9.59869	10.3195	9.78416	0	0	0	0	0	0	0	0	0	0	0	0	0
05.500,00.000	27	5.5	-200	0	4.5	568.394	275.49	166.444	69.6103	26.4837	9.66902	10.6733	10.0236	0	0	0	0	0	0	0	0	0	0	0	0	0
05.500,00.000	27.1	5.5	-200	0	4.5	577.224	278.004	168.734	71.9079	27.4293	9.75959	11.0887	10.3	0	0	0	0	0	0	0	0	0	0	0	0	0
05.500,00.000	27.2	5.5	-200	0	4.5	583.351	279.793	170.294	73.4886	28.0841	9.82875	11.3758	10.4871	0	0	0	0	0	0	0	0	0	0	0	0	0
05.500,00.000	27.3	5.5	-200	0	4.5	588.769	281.44	171.722	74.8163	28.6803	9.89802	11.6369	10.5756	0	0	0	0	0	0	0	0	0	0	0	0	0
05.500,00.000	27.4	5.5	-200	0	4.5	594.117	283.069	173.217	76.0236	29.2895	9.97421	11.9025	10.585	0.056705	0	0	0	0	0	0	0	0	0	0	0	0
05.500,00.000	27.5	5.5	-200	0	4.5	599.557	284.645	174.797	77.1742	29.9113	10.0574	12.1626	10.5899	0.219701	0	0	0	0	0	0	0	0	0	0	0	0
05.500,00.000	27.6	5.5	-200	0	4.5	609.614	287.346	178.037	79.3282	31.1067	10.2283	12.6683	10.5996	0.299542	0	0	0	0	0	0	0	0	0	0	0	0
05.500,00.000	27.7	5.5	-200	0	4.5	615.945	289.058	180.139	80.6564	31.865	10.3429	12.9838	10.6002	0.299542	0	0	0	0	0	0	0	0	0	0	0	0
05.500,00.000	27.8	5.5	-200	0	4.5	627.84	292.209	184.091	83.1619	33.3087	10.5765	13.5907	10.6027	0.299542	0	0	0	0	0	0	0	0	0	0	0	0
05.500,00.000	27.9	5.5	-200	0	4.5	630.251	292.919	184.857	83.6427	33.5982	10.6244	13.7064	10.6034	0.299542	0	0	0	0	0	0	0	0	0	0	0	0
05.500,00.000	28	5.5	-200	0	4.5	637.115	294.905	187.082	84.9795	34.4254	10.7721	14.0448	10.607	0.299542	0	0	0	0	0	0	0	0	0	0	0	0
05.500,00.000	28.1	5.5	-200	0	4.5	646.66	297.543	190.18	86.875	35.624	10.995	14.5303	10.6136	0.299542	0	0	0	0	0	0	0	0	0	0	0	0
05.500,00.000	28.2	5.5	-200	0	4.5	653.213	299.336	192.308	88.1658	36.4498	11.1718	14.8628	10.6196	0.299542	0	0	0	0	0	0	0	0	0	0	0	0
05.500,00.000	28.3	5.5	-200	0	4.5	659.058	300.946	194.218	89.2891	37.1773	11.3465	15.1551	10.6266	0.299542	0	0	0	0	0	0	0	0	0	0	0	0
05.500,00.000	28.4	5.5	-200	0	4.5	664.983	302.6	196.151	90.3746	37.9201	11.5511	15.4516	10.6349	0.299542	0	0	0	0	0	0	0	0	0	0	0	0
05.500,00.000	28.5	5.5	-200	0	4.5	671.044	304.225	198.142	91.4965	38.7004	11.772	15.7624	10.6456	0.299542	0	0	0	0	0	0	0	0	0	0	0	0
05.500,00.000	28.6	5.5	-200	0	4.5	691.397	309.081	205.075	95.3958	41.4438	12.5556	16.8566	10.6893	0.299542	0	0	0	0	0	0	0	0	0	0	0	0
05.500,00.000	28.7	5.5	-200	0	4.5	710.378	314.665	211.104	98.6699	43.8322	13.2729	17.798	10.7364	0.299542	0	0	0	0	0	0	0	0	0	0	0	0
05.500,00.000	28.8	5.5	-200	0	4.5	712.014	315.055	211.66	98.9511	44.0595	13.3489	17.8974	10.7414	0.299542	0	0	0	0	0	0	0	0	0	0	0	0
05.500,00.000	28.9	5.5	-200	0	4.5	712.349	315.157	211.764	99.0058	44.1013	13.362	17.916	10.7426	0.299542	0	0	0	0	0	0	0	0	0	0	0	0
05.500,00.000	29	5.5	-200	0	4.5	722.285	318.139	214.863	100.594	45.365	13.7732	18.4684	10.783	0.299542	0	0	0	0	0	0	0	0	0	0	0	0
05.500,00.000	29.1	5.5	-200	0	4.5	735.243	321.99	218.957	102.592	47.0379	14.3326	19.1931	10.8411	0.299542	0	0	0	0	0	0	0	0	0	0	0	0
05.500,00.000	29.2	5.5	-200	0	4.5	743.098	324.508	221.31	103.754	48.0443	14.6763	19.6265	10.8794	0.299542	0	0	0	0	0	0	0	0	0	0	0	0
05.500,00.000	29.3	5.5	-200	0	4.5	749.906	326.774	223.239	104.749	48.9346	14.9847	20.0094	10.9165	0.299542	0	0	0	0	0	0	0	0	0	0	0	0
05.500,00.000	29.4	5.5	-200	0	4.5	756.756	329.091	225.14	105.725	49.8402	15.3064	20.3966	10.957	0.299542	0	0	0	0	0	0	0	0	0	0	0	0
05.500,00.000	29.5	5.5	-200	0	4.5	763.699	331.465	227.067	106.674	50.7608	15.6414	20.6852	11.1053	0.299542	0	0	0	0	0	0	0	0	0	0	0	0
05.500,00.000	29.6	5.5	-200	0	4.5	770.56	333.688	229.027	107.593	51.7107	15.9967	20.9056	11.3394	0.299542	0	0	0	0	0	0	0	0	0	0	0	0
05.500,00.000	29.7	5.5	-200	0	4.5	806.565	344.31	239.614	112.43	57.0365	18.1028	22.1001	12.6725	0.299542	0	0	0	0	0	0	0	0	0	0	0	0
05.500,00.000	29.8	5.5	-200	0	4.5	820.678	348.841	243.608	114.176	59.0644	19.0541	22.4525	13.1828	0.299542	0	0	0	0	0	0	0	0	0	0	0	0
05.500,00.000	29.9	5.5	-200	0	4.5	820.597	348.822	243.605	114.141	59.0471	19.0732	22.4265	13.1828	0.299542	0	0	0	0	0	0	0	0	0	0	0	0
05.500,00.000	30	5.5	-200	0	4.5	855.217	360.239	253.421	118.098	63.7164	21.4858	23.5141	14.4434	0.299542	0	0	0	0	0	0	0	0	0	0	0	0
05.500,00.000	30.1	5.5	-200	0	4.5	870.757	365.617	257.504	119.813	65.8707	22.6735	24.0217	14.9581	0.299542	0	0	0	0	0	0	0	0	0	0	0	0
05.500,00.000	30.2	5.5	-200	0	4.5	877.327	367.987	259.257	120.532	66.7552	23.1741	24.2462	15.0754	0.299542	0	0	0	0	0	0	0	0	0	0	0	0
05.500,00.000	30.3	5.5	-200	0	4.5	884.145	370.407	261.115	121.259	67.6781	23.708	24.49	15.1889	0.299542	0	0	0	0	0	0	0	0	0	0	0	0
05.500,00.000	30.4	5.5	-200	0	4.5	890.972	372.917	262.935	121.962	68.5793	24.2417	24.7456	15.2909	0.299542	0	0	0	0	0	0	0	0	0	0	0	0
05.500,00.000	30.5	5.5	-200	0	4.5	897.975	375.519	264.804	122.667	69.4891	24.7917	25.0181	15.3859	0.299542	0	0	0	0	0	0	0	0	0	0	0	0
05.500,00.000	30.6	5.5	-200	0	4.5	904.927	377.842	266.759	123.4	70.4487	25.382	25.3024	15.4926	0.299542	0	0	0	0	0	0	0	0	0	0	0	0
05.500,00.000	30.7	5.5	-200	0	4.5	918.136	381.799	270.557	124.878	72.3834	26.5933	25.9028	15.7232	0.299542	0	0	0	0	0	0	0	0	0	0	0	0
05.500,00.000	30.8	5.5	-200	0	4.5	956.937	394.544	281.465	129.001	77.5667	30.0175	27.6452	16.399	0.299542	0	0	0	0	0	0	0	0	0	0	0	0
05.500,00.000	30.9	5.5	-200	0	4.5	963.411	396.721	283.306	129.614	78.4183	30.6096	27.9261	16.5171	0.299542	0	0	0	0	0	0	0	0	0	0	0	0
05.500,00.000	31	5.5	-200	0	4.5	992.048	405.872	291.564	132.486	82.1798	33.2394	29.3309	17.076	0.299542	0	0	0	0	0	0	0	0	0	0	0	0
05.500,00.000	31.1	5.5	-200	0	4.5	1005.93	409.709	295.764	133.912	84.159	34.6343	30.0715	17.3784	0.299542	0	0	0	0	0	0	0	0	0	0	0	0
05.500,00.000	31.2	5.5	-200	0	4.5	1012.1	411.423	297.643	134.552	85.0128	35.2528	30.3952	17.5185	0.299542	0	0	0	0	0	0	0	0	0	0	0	0
05.500,00.000	31.3	5.5	-200	0	4.5	1018.05	413.033	299.466	135.171	85.8305	35.8643	30.72	17.6609	0.299542	0	0	0	0	0	0	0	0	0	0	0	0
05.500,00.000	31.4	5.5	-200	0	4.5	1024.49	414.901	301.4	135.799	86.686	36.5164	31.0705	17.8173	0.299542	0	0	0	0	0	0	0	0	0	0	0	0
05.500,00.000	31.5	5.5	-200	0	4.5	1030.53	416.65	303.221	136.341	87.5088	37.1355	31.4141	17.9642	0.299542	0	0	0	0	0	0	0	0	0	0	0	0
05.500,00.000	31.6	5.5	-200	0	4.5	1078.81	430.048	317.504	140.903	94.0308	42.379	34.3905	19.2553	0.299542	0	0	0	0	0	0	0	0	0	0	0	0
05.500,00.000	31.7	5.5	-200	0	4.5	1088.38	433.017	320.194	141.873	95.047	43.4334	35.0162	19.5035	0.299542	0	0	0	0	0	0	0	0	0	0	0	0
05.500,00.000	31.8	5.5	-200	0	4.5	1088.4	433.023	320.199	141.875	95.0492	43.4355	35.0174	19.504	0.299542	0	0	0	0	0	0	0	0	0	0	0	0
05.500,00.000	31.9	5.5	-200	0	4.5	1110.3	440.011	326.23	143.999	97.3823	45.7932	36.4505	20.1358	0.299542	0	0	0	0	0	0	0	0	0	0	0	0
05.500,00.000	32	5.5	-200	0	4.5	1115.91	441.919	327.701	144.574	97.905	46.3945	36.8288	20.29	0.299542	0	0	0	0	0	0	0	0	0	0	0	0
05.500,00.000	32.1	5.5	-200	0	4.5	1142.72	450.915	334.988	147.212	100.416	49.188	38.6155	21.0854	0.299542	0	0	0	0	0	0	0	0	0	0	0	0
05.500,00.000	32.2	5.5	-200	0	4.5	1160.26	456.921	339.735	149.035	101.976	50.8916	39.788	21.6161	0.299542	0	0	0	0	0	0	0	0	0	0	0	0
05.500,00.000	32.3	5.5	-200	0	4.5	1165.27	458.694	341.078	149.537	102.4	51.3821	40.1122	21.7708	0.299542	0	0	0	0	0	0	0	0	0	0	0	0
05.500,00.000	32.4	5.5	-200	0	4.5	1175.81	462.47	343.931	150.54	103.256	52.4112	40.7927	22.1079	0.299542	0	0	0	0	0	0	0	0	0	0	0	0
05.500,00.000	32.5	5.5	-200	0	4.5	1181.49	464.514	345.475	151.086	103.697	52.9685	41.1553	22.2926	0.299542	0	0	0	0	0	0	0	0	0	0	0	0
05.500,00.000	32.6	5.5	-200	0	4.5	1202.41	471.452	351.101	153.183	105.415	55.218	42.6706	23.0743	0.299542	0	0	0	0	0	0	0	0	0	0	0	0
05.500,00.000	32.7	5.5	-200	0	4.5	1233.27	482.073	359.354	156.134	107.731	58.5537	44.8757	24.2445	0.299542	0	0	0	0	0	0	0	0	0	0	0	0
05.500,00.000	32.8	5.5	-200	0	4.5	1237.44	483.446	360.526	156.554	108.02	59.0184	45.1697	24.4049	0.299542	0	0	0	0	0	0	0	0	0	0	0	0
05.500,00.000	32.9	5.5	-200	0	4.5	1267.7	494.129	368.604	159.319	109.998	62.3391	47.371	25.6435	0.299542	0	0	0	0	0	0	0	0	0	0	0	0
05.500,00.000	33	5.5	-200	0	4.5	1275.34	496.844	370.693	160.022	110.472	63.1213	47.8972	25.9862	0.299542	0	0	0	0	0	0	0	0	0	0	0	0
05.500,00.000	33.1	5.5	-200	0	4.5	1295.47	504.158	376.102	161.839	111.609	65.2423	49.3229	26.8974	0.299542	0	0	0	0	0	0	0	0	0	0	0	0
05.500,00.000	33.2	5.5	-200	0	4.5	1310.34	509.72	379.975	163.216	112.392	66.7807	50.359	27.5935	0.306945	0	0	0	0	0	0	0	0	0	0	0	0
05.500,00.000	33.3	5.5	-200	0	4.5	1317.18	512.347	381.721	163.832	112.725	67.4896	50.8352	27.9201	0.312107	0	0	0	0	0	0	0	0	0	0	0	0
05.500,00.000	33.4	5.5	-200	0	4.5	1342.05	522.077	387.954	166.092	113.845	70.0729	52.57	29.1104	0.326221	0	0	0	0	0	0	0	0	0	0	0	0
05.500,00.000	33.5	5.5	-200	0	4.5	1347.18	524.149	389.143	166.585	114.064	70.5997	52.9424	29.3655	0.332774	0	0	0	0	0	0	0	0	0	0	0	0
05.500,00.000	33.6	5.5	-200	0	4.5	1367.33	532.362	393.924	168.35	114.841	72.7045	54.423	30.3785	0.345432	0	0	0	0	0	0	0	0	0	0	0	0
05.500,00.000	33.7	5.5	-200	0	4.5	1414.34	550.393	404.926	172.713	116.686	78.0156	58.2219	33.0052	0.379998	0	0	0	0	0	0	0	0	0	0	0	0
05.500,00.000	33.8	5.5	-200	0	4.5	1422.75	553.65	406.861	173.491	116.995	78.9574	58.926	33.4751	0.390612	0	0	0	0	0	0	0	0	0	0	0	0
05.500,00.000	33.9	5.5	-200	0	4.5	1422.81	553.674	406.876	173.497	116.997	78.9642	58.9309	33.4785	0.390653	0	0	0	0	0	0	0	0	0	0	0	0
05.500,00.000	34	5.5	-200	0	4.5	1445.45	562.747	412.129	175.423	117.674	81.5129	60.7898	34.7681	0.408307	0	0	0	0	0	0	0	0	0	0	0	0
05.500,00.000	34.1	5.5	-200	0	4.5	1469.56	572.656	417.649	177.451	118.349	84.1947	62.7446	36.0833	0.429263	0	0	0	0	0	0	0	0	0	0	0	0
05.500,00.000	34.2	5.5	-200	0	4.5	1473.49	574.312	418.528	177.778	118.453	84.6286	63.0624	36.2892	0.433701	0	0	0	0	0	0	0	0	0	0	0	0
05.500,00.000	34.3	5.5	-200	0	4.5	1486.11	579.636	421.396	178.818	118.753	86.0183	64.0701	36.9775	0.443416	0	0	0	0	0	0	0	0	0	0	0	0
05.500,00.000	34.4	5.5	-200	0	4.5	1496.03	583.865	423.642	179.618	118.974	87.1	64.8547	37.5192	0.452197	0	0	0	0	0	0	0	0	0	0	0	0
05.500,00.000	34.5	5.5	-200	0	4.5	1504.95	587.717	425.632	180.35	119.156	88.0643	65.5525	38.0132	0.459517	0	0	0	0	0	0	0	0	0	0	0	0
05.500,00.000	34.6	5.5	-200	0	4.5	1511.95	590.765	427.188	180.918	119.289	88.817	66.0974	38.4057	0.465695	0	0	0	0	0	0	0	0	0	0	0	0
05.500,00.000	34.7	5.5	-200	0	4.5	1527.71	597.563	430.527	182.278	119.576	90.5676	67.3648	39.353	0.47977	0	0	0	0	0	0	0	0	0	0	0	0
05.500,00.000	34.8	5.5	-200	0	4.5	1554.15	609.277	436.118	184.488	120.016	93.3703	69.453	40.9208	0.503871	0	0	0	0	0	0	0	0	0	0	0	0
05.500,00.000	34.9	5.5	-200	0	4.5	1558.12	611.022	436.928	184.88	120.079	93.7772	69.7692	41.1561	0.509169	0	0	0	0	0	0	0	0	0	0	0	0
05.500,00.000	35	5.5	-200	0	4.5	1562.12	612.786	437.764	185.243	120.134	94.1899	70.089	41.4004	0.513311	0	0	0	0	0	0	0	0	0	0	0	0
05.500,00.000	35.1	5.5	-200	0	4.5	1567.56	615.195	438.902	185.741	120.205	94.7401	70.5185	41.7335	0.519503	0	0	0	0	0	0	0	0	0	0	0	0
05.500,00.000	35.2	5.5	-200	0	4.5	1578.28	620.047	441.09	186.705	120.329	95.8149	71.3601	42.3987	0.531049	0	0	0	0	0	0	0	0	0	0	0	0
05.500,00.000	35.3	5.5	-200	0	4.5	1592.47	626.538	443.972	187.951	120.477	97.2313	72.4641	43.2863	0.546255	0	0	0	0	0	0	0	0	0	0	0	0
05.500,00.000	35.4	5.5	-200	0	4.5	1597.2	628.73	444.913	188.374	120.523	97.6944	72.8288	43.5837	0.551957	0	0	0	0	0	0	0	0	0	0	0	0
05.500,00.000	35.5	5.5	-200	0	4.5	1603.37	631.635	446.145	188.894	120.575	98.2841	73.3007	43.9759	0.558586	0	0	0	0	0	0	0	0	0	0	0	0
05.500,00.000	35.6	5.5	-200	0	4.5	1626.66	642.843	450.455	190.973	120.74	100.491	75.0809	45.4921	0.584655	0	0	0	0	0	0	0	0	0	0	0	0
05.500,00.000	35.7	5.5	-200	0	4.5	1638.01	648.341	452.601	192.001	120.817	101.519	75.925	46.202	0.598604	0	0	0	0	0	0	0	0	0	0	0	0
05.500,00.000	35.8	5.5	-200	0	4.5	1640.16	649.396	453.003	192.183	120.83	101.713	76.0909	46.339	0.600988	0	0	0	0	0	0	0	0	0	0	0	0
05.500,00.000	35.9	5.5	-200	0	4.5	1646.93	652.766	454.268	192.75	120.863	102.299	76.6061	46.7709	0.609019	0	0	0	0	0	0	0	0	0	0	0	0
05.500,00.000	36	5.5	-200	0	4.5	1649.86	654.216	454.815	193	120.877	102.551	76.8334	46.9563	0.613243	0	0	0	0	0	0	0	0	0	0	0	0
05.500,00.000	36.1	5.5	-200	0	4.5	1656.24	657.433	455.984	193.511	120.901	103.078	77.3403	47.3709	0.62162	0	0	0	0	0	0	0	0	0	0	0	0
05.500,00.000	36.2	5.5	-200	0	4.5	1665.69	662.252	457.682	194.262	120.935	103.837	78.0959	47.989	0.634543	0	0	0	0	0	0	0	0	0	0	0	0
05.500,00.000	36.3	5.5	-200	0	4.5	1675.04	667.065	459.341	194.994	120.962	104.566	78.8541	48.6084	0.647574	0	0	0	0	0	0	0	0	0	0	0	0
05.500,00.000	36.4	5.5	-200	0	4.5	1683.41	671.397	460.803	195.64	120.985	105.209	79.5432	49.1722	0.65949	0	0	0	0	0	0	0	0	0	0	0	0
05.500,00.000	36.5	5.5	-200	0	4.5	1689.66	674.662	461.878	196.116	121	105.669	80.0683	49.5976	0.668673	0	0	0	0	0	0	0	0	0	0	0	0
05.500,00.000	36.6	5.5	-200	0	4.5	1705.94	683.179	464.579	197.408	121.037	106.856	81.4411	50.7463	0.693208	0	0	0	0	0	0	0	0	0	0	0	0
05.500,00.000	36.7	5.5	-200	0	4.5	1710.79	685.718	465.354	197.875	121.045	107.185	81.8327	51.0804	0.701589	0	0	0	0	0	0	0	0	0	0	0	0
05.500,00.000	36.8	5.5	-200	0	4.5	1717.08	689.039	466.35	198.418	121.056	107.598	82.3837	51.5239	0.711168	0	0	0	0	0	0	0	0	0	0	0	0
05.500,00.000	36.9	5.5	-200	0	4.5	1724.76	693.17	467.557	199.085	121.072	108.073	83.0213	52.0616	0.723683	0	0	0	0	0	0	0	0	0	0	0	0
05.500,00.000	37	5.5	-200	0	4.5	1732.21	697.181	468.711	199.728	121.09	108.517	83.6617	52.5855	0.736287	0	0	0	0	0	0	0	0	0	0	0	0
05.500,00.000	37.1	5.5	-200	0	4.5	1739.22	701.002	469.779	200.317	121.103	108.917	84.2781	53.0702	0.748227	0	0	0	0	0	0	0	0	0	0	0	0
05.500,00.000	37.2	5.5	-200	0	4.5	1745.6	704.515	470.737	200.849	121.115	109.267	84.8391	53.5226	0.759704	0	0	0	0	0	0	0	0	0	0	0	0
05.500,00.000	37.3	5.5	-200	0	4.5	1752.44	708.324	471.757	201.403	121.129	109.617	85.4312	54.0076	0.772136	0	0	0	0	0	0	0	0	0	0	0	0
05.500,00.000	37.4	5.5	-200	0	4.5	1762.88	714.18	473.305	202.225	121.151	110.14	86.3444	54.739	0.791049	0	0	0	0	0	0	0	0	0	0	0	0
05.500,00.000	37.5	5.5	-200	0	4.5	1767.55	716.835	473.981	202.59	121.159	110.358	86.759	55.0668	0.805701	0	0	0	0	0	0	0	0	0	0	0	0
05.500,00.000	37.6	5.5	-200	0	4.5	1776.72	722.147	475.295	203.276	121.177	110.744	87.5181	55.7081	0.854222	0	0	0	0	0	0	0	0	0	0	0	0
05.500,00.000	37.7	5.5	-200	0	4.5	1783.32	725.996	476.222	203.768	121.189	111.022	88.0743	56.1517	0.896018	0	0	0	0	0	0	0	0	0	0	0	0
05.500,00.000	37.8	5.5	-200	0	4.5	1790.01	729.961	477.152	204.246	121.202	111.275	88.6364	56.6043	0.936637	0	0	0	0	0	0	0	0	0	0	0	0
05.500,00.000	37.9	5.5	-200	0	4.5	1797.11	734.243	478.116	204.735	121.212	111.533	89.2171	57.069	0.981204	0	0	0	0	0	0	0	0	0	0	0	0
05.500,00.000	38	5.5	-200	0	4.5	1804.12	738.524	479.053	205.205	121.223	111.774	89.7856	57.5333	1.02602	0	0	0	0	0	0	0	0	0	0	0	0
05.500,00.000	38.1	5.5	-200	0	4.5	1811.2	742.905	479.986	205.665	121.235	111.994	90.3478	57.9996	1.07214	0	0	0	0	0	0	0	0	0	0	0	0
05.500,00.000	38.2	5.5	-200	0	4.5	1818.11	747.235	480.882	206.103	121.247	112.202	90.8792	58.4419	1.11882	0	0	0	0	0	0	0	0	0	0	0	0
05.500,00.000	38.3	5.5	-200	0	4.5	1824.91	751.532	481.747	206.526	121.256	112.397	91.4116	58.8741	1.16586	0	0	0	0	0	0	0	0	0	0	0	0
05.500,00.000	38.4	5.5	-200	0	4.5	1831.63	755.812	482.581	206.935	121.266	112.569	91.9386	59.3128	1.21333	0	0	0	0	0	0	0	0	0	0	0	0
05.500,00.000	38.5	5.5	-200	0	4.5	1838.25	760.07	483.402	207.327	121.276	112.727	92.4477	59.7375	1.26136	0	0	0	0	0	0	0	0	0	0	0	0
05.500,00.000	38.6	5.5	-200	0	4.5	1844.77	764.297	484.207	207.705	121.283	112.871	92.9449	60.1475	1.30989	0	0	0	0	0	0	0	0	0	0	0	0
05.500,00.000	38.7	5.5	-200	0	4.5	1851.01	768.37	484.976	208.062	121.292	113.004	93.4084	60.5406	1.35769	0	0	0	0	0	0	0	0	0	0	0	0
05.500,00.000	38.8	5.5	-200	0	4.5	1857.19	772.449	485.704	208.413	121.3	113.12	93.8673	60.9277	1.40665	0	0	0	0	0	0	0	0	0	0	0	0
05.500,00.000	38.9	5.5	-200	0	4.5	1863.2	776.43	486.405	208.749	121.307	113.227	94.3106	61.2803	1.48753	0	0	0	0	0	0	0	0	0	0	0	0
05.500,00.000	39	5.5	-200	0	4.5	1868.99	780.33	487.07	209.071	121.314	113.327	94.6943	61.6207	1.5663	0	0	0	0	0	0	0	0	0	0	0	0
05.500,00.000	39.1	5.5	-200	0	4.5	1874.61	784.125	487.703	209.38	121.321	113.416	95.0714	61.9484	1.64423	0	0	0	0	0	0	0	0	0	0	0	0
05.500,00.000	39.2	5.5	-200	0	4.5	1880.12	787.848	488.305	209.679	121.327	113.494	95.4605	62.2806	1.72201	0	0	0	0	0	0	0	0	0	0	0	0
05.500,00.000	39.3	5.5	-200	0	4.5	1885.48	791.518	488.872	209.967	121.332	113.56	95.8283	62.6069	1.79781	0	0	0	0	0	0	0	0	0	0	0	0
05.500,00.000	39.4	5.5	-200	0	4.5	1890.59	795.107	489.407	210.241	121.338	113.619	96.1263	62.8802	1.87269	0	0	0	0	0	0	0	0	0	0	0	0
05.500,00.000	39.5	5.5	-200	0	4.5	1895.57	798.604	489.911	210.504	121.343	113.669	96.4521	63.1414	1.94649	0	0	0	0	0	0	0	0	0	0	0	0
05.500,00.000	39.6	5.5	-200	0	4.5	1900.39	802.019	490.376	210.754	121.347	113.712	96.7682	63.3905	2.01994	0	0	0	0	0	0	0	0	0	0	0	0
05.500,00.000	39.7	5.5	-200	0	4.5	1904.96	805.347	490.81	210.991	121.35	113.749	97.0134	63.6115	2.09112	0	0	0	0	0	0	0	0	0	0	0	0
05.500,00.000	39.8	5.5	-200	0	4.5	1909.41	808.593	491.22	211.221	121.354	113.78	97.254	63.8257	2.1591	0	0	0	0	0	0	0	0	0	0	0	0
05.500,00.000	39.9	5.5	-200	0	4.5	1913.8	811.787	491.608	211.441	121.357	113.806	97.5186	64.0584	2.22491	0	0	0	0	0	0	0	0	0	0	0	0
05.500,00.000	40	5.5	-200	0	4.5	1918.04	814.877	491.971	211.653	121.36	113.828	97.7769	64.2888	2.28765	0	0	0	0	0	0	0	0	0	0	0	0
05.500,00.000	40.1	5.5	-200	0	4.5	1922.1	817.913	492.313	211.86	121.363	113.845	97.9742	64.4825	2.34943	0	0	0	0	0	0	0	0	0	0	0	0
05.500,00.000	40.2	5.5	-200	0	4.5	1925.96	820.802	492.632	212.06	121.366	113.858	98.1652	64.6685	2.40853	0	0	0	0	0	0	0	0	0	0	0	0
05.500,00.000	40.3	5.5	-200	0	4.5	1929.66	823.572	492.927	212.248	121.368	113.866	98.3673	64.8502	2.46523	0	0	0	0	0	0	0	0	0	0	0	0
05.500,00.000	40.4	5.5	-200	0	4.5	1933.22	826.232	493.2	212.431	121.37	113.871	98.5626	65.0324	2.51988	0	0	0	0	0	0	0	0	0	0	0	0
05.500,00.000	40.5	5.5	-200	0	4.5	1936.59	828.783	493.453	212.636	121.372	113.874	98.7082	65.1876	2.5722	0	0	0	0	0	0	0	0	0	0	0	0
05.500,00.000	40.6	5.5	-200	0	4.5	1939.83	831.229	493.684	212.818	121.374	113.875	98.8694	65.3549	2.62179	0	0	0	0	0	0	0	0	0	0	0	0
05.500,00.000	40.7	5.5	-200	0	4.5	1942.92	833.57	493.895	212.993	121.375	113.875	99.023	65.5175	2.66904	0	0	0	0	0	0	0	0	0	0	0	0
05.500,00.000	40.8	5.5	-200	0	4.5	1945.86	835.852	494.088	213.167	121.377	113.875	99.1344	65.6482	2.71513	0	0	0	0	0	0	0	0	0	0	0	0
05.500,00.000	40.9	5.5	-200	0	4.5	1948.65	838.018	494.263	213.34	121.379	113.875	99.2364	65.7758	2.75865	0	0	0	0	0	0	0	0	0	0	0	0
05.500,00.000	41	5.5	-200	0	4.5	1951.31	840.085	494.42	213.502	121.38	113.875	99.3437	65.9089	2.79978	0	0	0	0	0	0	0	0	0	0	0	0
05.500,00.000	41.1	5.5	-200	0	4.5	1953.74	842.069	494.561	213.536	121.381	113.875	99.4443	66.0383	2.839	0	0	0	0	0	0	0	0	0	0	0	0
05.500,00.000	41.2	5.5	-200	0	4.5	1956.03	843.989	494.687	213.558	121.383	113.875	99.5196	66.1433	2.87652	0	0	0	0	0	0	0	0	0	0	0	0
05.500,00.000	41.3	5.5	-200	0	4.5	1958.22	845.84	494.798	213.583	121.383	113.875	99.5877	66.2433	2.9115	0	0	0	0	0	0	0	0	0	0	0	0
05.500,00.000	41.4	5.5	-200	0	4.5	1960.31	847.605	494.894	213.607	121.384	113.875	99.6572	66.3464	2.94422	0	0	0	0	0	0	0	0	0	0	0	0
05.500,00.000	41.5	5.5	-200	0	4.5	1962.32	849.308	494.975	213.628	121.385	113.875	99.721	66.4465	2.97516	0	0	0	0	0	0	0	0	0	0	0	0
05.500,00.000	41.6	5.5	-200	0	4.5	1964.19	850.946	495.044	213.646	121.386	113.875	99.7681	66.5236	3.00401	0	0	0	0	0	0	0	0	0	0	0	0
05.500,00.000	41.7	5.5	-200	0	4.5	1965.94	852.471	495.108	213.66	121.386	113.875	99.8078	66.5968	3.03021	0	0	0	0	0	0	0	0	0	0	0	0
05.500,00.000	41.8	5.5	-200	0	4.5	1967.6	853.778	495.311	213.67	121.387	113.875	99.8463	66.6735	3.05478	0	0	0	0	0	0	0	0	0	0	0	0
05.500,00.000	41.9	5.5	-200	0	4.5	1969.18	855.023	495.507	213.679	121.387	113.875	99.8803	66.7472	3.07739	0	0	0	0	0	0	0	0	0	0	0	0
05.500,00.000	42	5.5	-200	0	4.5	1970.66	856.205	495.698	213.687	121.387	113.875	99.9047	66.8049	3.0978	0	0	0	0	0	0	0	0	0	0	0	0