
label	time(d)	x	depth	z	radius	total	0-10	10-20	20-30	30-40	40-50	50-60	60-70	70-80	80-90	90-100	100-110	110-120	120-130	130-140	140-150	150-160	160-170	170-180	180-190	190-200
00.000,00.000	0	0	-200	0	4.5	0	0	0	0	0	0	0	0	0	0	0	0	0	0	0	0	0	0	0	0	0
00.000,00.000	0.1	0	-200	0	4.5	0.372517	0.372517	0	0	0	0	0	0	0	0	0	0	0	0	0	0	0	0	0	0	0
00.000,00.000	0.2	0	-200	0	4.5	0.749708	0.749708	0	0	0	0	0	0	0	0	0	0	0	0	0	0	0	0	0	0	0
00.000,00.000	0.3	0	-200	0	4.5	1.13179	1.13179	0	0	0	0	0	0	0	0	0	0	0	0	0	0	0	0	0	0	0
00.000,00.000	0.4	0	-200	0	4.5	1.51819	1.51819	0	0	0	0	0	0	0	0	0	0	0	0	0	0	0	0	0	0	0
00.000,00.000	0.5	0	-200	0	4.5	1.90744	1.90744	0	0	0	0	0	0	0	0	0	0	0	0	0	0	0	0	0	0	0
00.000,00.000	0.6	0	-200	0	4.5	2.29788	2.29788	0	0	0	0	0	0	0	0	0	0	0	0	0	0	0	0	0	0	0
00.000,00.000	0.7	0	-200	0	4.5	2.68995	2.68995	0	0	0	0	0	0	0	0	0	0	0	0	0	0	0	0	0	0	0
00.000,00.000	0.8	0	-200	0	4.5	3.08466	3.08466	0	0	0	0	0	0	0	0	0	0	0	0	0	0	0	0	0	0	0
00.000,00.000	0.9	0	-200	0	4.5	3.48297	3.48297	0	0	0	0	0	0	0	0	0	0	0	0	0	0	0	0	0	0	0
00.000,00.000	1	0	-200	0	4.5	3.88511	3.88511	0	0	0	0	0	0	0	0	0	0	0	0	0	0	0	0	0	0	0
00.000,00.000	1.1	0	-200	0	4.5	4.295	4.295	0	0	0	0	0	0	0	0	0	0	0	0	0	0	0	0	0	0	0
00.000,00.000	1.2	0	-200	0	4.5	4.71246	4.71246	0	0	0	0	0	0	0	0	0	0	0	0	0	0	0	0	0	0	0
00.000,00.000	1.3	0	-200	0	4.5	5.13734	5.13734	0	0	0	0	0	0	0	0	0	0	0	0	0	0	0	0	0	0	0
00.000,00.000	1.4	0	-200	0	4.5	5.56898	5.56898	0	0	0	0	0	0	0	0	0	0	0	0	0	0	0	0	0	0	0
00.000,00.000	1.5	0	-200	0	4.5	6.0065	6.0065	0	0	0	0	0	0	0	0	0	0	0	0	0	0	0	0	0	0	0
00.000,00.000	1.6	0	-200	0	4.5	6.4497	6.4497	0	0	0	0	0	0	0	0	0	0	0	0	0	0	0	0	0	0	0
00.000,00.000	1.7	0	-200	0	4.5	6.90435	6.90435	0	0	0	0	0	0	0	0	0	0	0	0	0	0	0	0	0	0	0
00.000,00.000	1.8	0	-200	0	4.5	7.3695	7.3695	0	0	0	0	0	0	0	0	0	0	0	0	0	0	0	0	0	0	0
00.000,00.000	1.9	0	-200	0	4.5	7.84505	7.5806	0.264442	0	0	0	0	0	0	0	0	0	0	0	0	0	0	0	0	0	0
00.000,00.000	2	0	-200	0	4.5	8.33214	7.80327	0.52887	0	0	0	0	0	0	0	0	0	0	0	0	0	0	0	0	0	0
00.000,00.000	2.1	0	-200	0	4.5	8.86458	8.07067	0.79391	0	0	0	0	0	0	0	0	0	0	0	0	0	0	0	0	0	0
00.000,00.000	2.2	0	-200	0	4.5	9.49169	8.42752	1.06417	0	0	0	0	0	0	0	0	0	0	0	0	0	0	0	0	0	0
00.000,00.000	2.3	0	-200	0	4.5	10.2067	8.86827	1.33845	0	0	0	0	0	0	0	0	0	0	0	0	0	0	0	0	0	0
00.000,00.000	2.4	0	-200	0	4.5	11.0046	9.3904	1.61421	0	0	0	0	0	0	0	0	0	0	0	0	0	0	0	0	0	0
00.000,00.000	2.5	0	-200	0	4.5	11.8826	9.99311	1.88951	0	0	0	0	0	0	0	0	0	0	0	0	0	0	0	0	0	0
00.000,00.000	2.6	0	-200	0	4.5	12.8393	10.6758	2.16353	0	0	0	0	0	0	0	0	0	0	0	0	0	0	0	0	0	0
00.000,00.000	2.7	0	-200	0	4.5	13.8755	11.4389	2.43661	0	0	0	0	0	0	0	0	0	0	0	0	0	0	0	0	0	0
00.000,00.000	2.8	0	-200	0	4.5	14.994	12.2846	2.70945	0	0	0	0	0	0	0	0	0	0	0	0	0	0	0	0	0	0
00.000,00.000	2.9	0	-200	0	4.5	16.198	13.2154	2.98266	0	0	0	0	0	0	0	0	0	0	0	0	0	0	0	0	0	0
00.000,00.000	3	0	-200	0	4.5	17.4881	14.2312	3.25688	0	0	0	0	0	0	0	0	0	0	0	0	0	0	0	0	0	0
00.000,00.000	3.1	0	-200	0	4.5	18.8191	15.2871	3.53203	0	0	0	0	0	0	0	0	0	0	0	0	0	0	0	0	0	0
00.000,00.000	3.2	0	-200	0	4.5	20.1416	16.3347	3.80686	0	0	0	0	0	0	0	0	0	0	0	0	0	0	0	0	0	0
00.000,00.000	3.3	0	-200	0	4.5	21.4579	17.3764	4.08159	0	0	0	0	0	0	0	0	0	0	0	0	0	0	0	0	0	0
00.000,00.000	3.4	0	-200	0	4.5	22.764	18.4083	4.35563	0	0	0	0	0	0	0	0	0	0	0	0	0	0	0	0	0	0
00.000,00.000	3.5	0	-200	0	4.5	24.0566	19.4285	4.62809	0	0	0	0	0	0	0	0	0	0	0	0	0	0	0	0	0	0
00.000,00.000	3.6	0	-200	0	4.5	25.3354	20.4367	4.89869	0	0	0	0	0	0	0	0	0	0	0	0	0	0	0	0	0	0
00.000,00.000	3.7	0	-200	0	4.5	26.6016	21.4342	5.1675	0	0	0	0	0	0	0	0	0	0	0	0	0	0	0	0	0	0
00.000,00.000	3.8	0	-200	0	4.5	27.8588	22.4234	5.43535	0	0	0	0	0	0	0	0	0	0	0	0	0	0	0	0	0	0
00.000,00.000	3.9	0	-200	0	4.5	29.1103	23.4073	5.70298	0	0	0	0	0	0	0	0	0	0	0	0	0	0	0	0	0	0
00.000,00.000	4	0	-200	0	4.5	30.3573	24.3863	5.97103	0	0	0	0	0	0	0	0	0	0	0	0	0	0	0	0	0	0
00.000,00.000	4.1	0	-200	0	4.5	31.5983	25.3591	6.23925	0	0	0	0	0	0	0	0	0	0	0	0	0	0	0	0	0	0
00.000,00.000	4.2	0	-200	0	4.5	32.8264	26.3201	6.50628	0	0	0	0	0	0	0	0	0	0	0	0	0	0	0	0	0	0
00.000,00.000	4.3	0	-200	0	4.5	33.7904	27.018	6.77243	0	0	0	0	0	0	0	0	0	0	0	0	0	0	0	0	0	0
00.000,00.000	4.4	0	-200	0	4.5	34.6922	27.6551	7.03702	0	0	0	0	0	0	0	0	0	0	0	0	0	0	0	0	0	0
00.000,00.000	4.5	0	-200	0	4.5	35.5786	28.2105	7.36813	0	0	0	0	0	0	0	0	0	0	0	0	0	0	0	0	0	0
00.000,00.000	4.6	0	-200	0	4.5	36.2605	28.3446	7.91591	0	0	0	0	0	0	0	0	0	0	0	0	0	0	0	0	0	0
00.000,00.000	4.7	0	-200	0	4.5	36.8377	28.3779	8.45984	0	0	0	0	0	0	0	0	0	0	0	0	0	0	0	0	0	0
00.000,00.000	4.8	0	-200	0	4.5	37.4015	28.4017	8.99984	0	0	0	0	0	0	0	0	0	0	0	0	0	0	0	0	0	0
00.000,00.000	4.9	0	-200	0	4.5	37.9565	28.4204	9.5361	0	0	0	0	0	0	0	0	0	0	0	0	0	0	0	0	0	0
00.000,00.000	5	0	-200	0	4.5	38.5034	28.4342	10.0693	0	0	0	0	0	0	0	0	0	0	0	0	0	0	0	0	0	0
00.000,00.000	5.1	0	-200	0	4.5	38.8661	28.4466	10.4195	0	0	0	0	0	0	0	0	0	0	0	0	0	0	0	0	0	0
00.000,00.000	5.2	0	-200	0	4.5	39.1358	28.4621	10.6737	0	0	0	0	0	0	0	0	0	0	0	0	0	0	0	0	0	0
00.000,00.000	5.3	0	-200	0	4.5	39.4038	28.4796	10.9242	0	0	0	0	0	0	0	0	0	0	0	0	0	0	0	0	0	0
00.000,00.000	5.4	0	-200	0	4.5	39.6703	28.4995	11.1708	0	0	0	0	0	0	0	0	0	0	0	0	0	0	0	0	0	0
00.000,00.000	5.5	0	-200	0	4.5	39.9391	28.5232	11.4159	0	0	0	0	0	0	0	0	0	0	0	0	0	0	0	0	0	0
00.000,00.000	5.6	0	-200	0	4.5	40.2086	28.549	11.6596	0	0	0	0	0	0	0	0	0	0	0	0	0	0	0	0	0	0
00.000,00.000	5.7	0	-200	0	4.5	40.4793	28.5777	11.9015	0	0	0	0	0	0	0	0	0	0	0	0	0	0	0	0	0	0
00.000,00.000	5.8	0	-200	0	4.5	40.7513	28.6099	12.0181	0.123311	0	0	0	0	0	0	0	0	0	0	0	0	0	0	0	0	0
00.000,00.000	5.9	0	-200	0	4.5	41.0245	28.645	12.0181	0.361394	0	0	0	0	0	0	0	0	0	0	0	0	0	0	0	0	0
00.000,00.000	6	0	-200	0	4.5	41.3014	28.6854	12.0181	0.59795	0	0	0	0	0	0	0	0	0	0	0	0	0	0	0	0	0
00.000,00.000	6.1	0	-200	0	4.5	41.5802	28.7289	12.0182	0.833125	0	0	0	0	0	0	0	0	0	0	0	0	0	0	0	0	0
00.000,00.000	6.2	0	-200	0	4.5	41.8648	28.7776	12.0194	1.0678	0	0	0	0	0	0	0	0	0	0	0	0	0	0	0	0	0
00.000,00.000	6.3	0	-200	0	4.5	42.1586	28.8353	12.021	1.30227	0	0	0	0	0	0	0	0	0	0	0	0	0	0	0	0	0
00.000,00.000	6.4	0	-200	0	4.5	42.4646	28.9049	12.0233	1.5364	0	0	0	0	0	0	0	0	0	0	0	0	0	0	0	0	0
00.000,00.000	6.5	0	-200	0	4.5	42.7851	28.9874	12.0276	1.77012	0	0	0	0	0	0	0	0	0	0	0	0	0	0	0	0	0
00.000,00.000	6.6	0	-200	0	4.5	43.1219	29.0859	12.033	2.00303	0	0	0	0	0	0	0	0	0	0	0	0	0	0	0	0	0
00.000,00.000	6.7	0	-200	0	4.5	43.4766	29.2016	12.0401	2.23492	0	0	0	0	0	0	0	0	0	0	0	0	0	0	0	0	0
00.000,00.000	6.8	0	-200	0	4.5	43.8583	29.3411	12.0512	2.46599	0	0	0	0	0	0	0	0	0	0	0	0	0	0	0	0	0
00.000,00.000	6.9	0	-200	0	4.5	44.2628	29.502	12.0645	2.69637	0	0	0	0	0	0	0	0	0	0	0	0	0	0	0	0	0
00.000,00.000	7	0	-200	0	4.5	44.5444	29.6894	12.0808	2.77417	0	0	0	0	0	0	0	0	0	0	0	0	0	0	0	0	0
00.000,00.000	7.1	0	-200	0	4.5	44.7762	29.9026	12.1003	2.77325	0	0	0	0	0	0	0	0	0	0	0	0	0	0	0	0	0
00.000,00.000	7.2	0	-200	0	4.5	45.034	30.1435	12.1236	2.76698	0	0	0	0	0	0	0	0	0	0	0	0	0	0	0	0	0
00.000,00.000	7.3	0	-200	0	4.5	45.3336	30.4171	12.1495	2.76698	0	0	0	0	0	0	0	0	0	0	0	0	0	0	0	0	0
00.000,00.000	7.4	0	-200	0	4.5	45.6665	30.7207	12.1789	2.76698	0	0	0	0	0	0	0	0	0	0	0	0	0	0	0	0	0
00.000,00.000	7.5	0	-200	0	4.5	46.0342	31.0546	12.2127	2.76698	0	0	0	0	0	0	0	0	0	0	0	0	0	0	0	0	0
00.000,00.000	7.6	0	-200	0	4.5	46.4375	31.4214	12.2491	2.76698	0	0	0	0	0	0	0	0	0	0	0	0	0	0	0	0	0
00.000,00.000	7.7	0	-200	0	4.5	46.8784	31.8213	12.2901	2.76698	0	0	0	0	0	0	0	0	0	0	0	0	0	0	0	0	0
00.000,00.000	7.8	0	-200	0	4.5	47.3547	32.2534	12.3344	2.76698	0	0	0	0	0	0	0	0	0	0	0	0	0	0	0	0	0
00.000,00.000	7.9	0	-200	0	4.5	47.869	32.7199	12.3822	2.76698	0	0	0	0	0	0	0	0	0	0	0	0	0	0	0	0	0
00.000,00.000	8	0	-200	0	4.5	48.425	33.2242	12.4338	2.76698	0	0	0	0	0	0	0	0	0	0	0	0	0	0	0	0	0
00.000,00.000	8.1	0	-200	0	4.5	49.0213	33.7643	12.49	2.76698	0	0	0	0	0	0	0	0	0	0	0	0	0	0	0	0	0
00.000,00.000	8.2	0	-200	0	4.5	49.657	34.3403	12.5497	2.76698	0	0	0	0	0	0	0	0	0	0	0	0	0	0	0	0	0
00.000,00.000	8.3	0	-200	0	4.5	50.3314	34.9512	12.6133	2.76698	0	0	0	0	0	0	0	0	0	0	0	0	0	0	0	0	0
00.000,00.000	8.4	0	-200	0	4.5	51.0456	35.5971	12.6815	2.76698	0	0	0	0	0	0	0	0	0	0	0	0	0	0	0	0	0
00.000,00.000	8.5	0	-200	0	4.5	51.7942	36.274	12.7532	2.76698	0	0	0	0	0	0	0	0	0	0	0	0	0	0	0	0	0
00.000,00.000	8.6	0	-200	0	4.5	52.5796	36.984	12.8286	2.76698	0	0	0	0	0	0	0	0	0	0	0	0	0	0	0	0	0
00.000,00.000	8.7	0	-200	0	4.5	53.4007	37.7259	12.9078	2.76698	0	0	0	0	0	0	0	0	0	0	0	0	0	0	0	0	0
00.000,00.000	8.8	0	-200	0	4.5	54.2583	38.4991	12.9922	2.76698	0	0	0	0	0	0	0	0	0	0	0	0	0	0	0	0	0
00.000,00.000	8.9	0	-200	0	4.5	55.1596	39.3083	13.0843	2.76698	0	0	0	0	0	0	0	0	0	0	0	0	0	0	0	0	0
00.000,00.000	9	0	-200	0	4.5	56.1038	40.1538	13.183	2.76698	0	0	0	0	0	0	0	0	0	0	0	0	0	0	0	0	0
00.000,00.000	9.1	0	-200	0	4.5	57.0974	41.0411	13.2894	2.76698	0	0	0	0	0	0	0	0	0	0	0	0	0	0	0	0	0
00.000,00.000	9.2	0	-200	0	4.5	58.1744	41.9998	13.4076	2.76698	0	0	0	0	0	0	0	0	0	0	0	0	0	0	0	0	0
00.000,00.000	9.3	0	-200	0	4.5	59.3206	43.0161	13.5375	2.76698	0	0	0	0	0	0	0	0	0	0	0	0	0	0	0	0	0
00.000,00.000	9.4	0	-200	0	4.5	60.5325	44.0872	13.6783	2.76698	0	0	0	0	0	0	0	0	0	0	0	0	0	0	0	0	0
00.000,00.000	9.5	0	-200	0	4.5	61.8064	45.21	13.8294	2.76698	0	0	0	0	0	0	0	0	0	0	0	0	0	0	0	0	0
00.000,00.000	9.6	0	-200	0	4.5	63.1422	46.3843	13.9909	2.76698	0	0	0	0	0	0	0	0	0	0	0	0	0	0	0	0	0
00.000,00.000	9.7	0	-200	0	4.5	64.5437	47.6129	14.1638	2.76698	0	0	0	0	0	0	0	0	0	0	0	0	0	0	0	0	0
00.000,00.000	9.8	0	-200	0	4.5	66.0181	48.9027	14.3484	2.76698	0	0	0	0	0	0	0	0	0	0	0	0	0	0	0	0	0
00.000,00.000	9.9	0	-200	0	4.5	67.5748	50.2622	14.5457	2.76698	0	0	0	0	0	0	0	0	0	0	0	0	0	0	0	0	0
00.000,00.000	10	0	-200	0	4.5	69.2187	51.6955	14.7562	2.76698	0	0	0	0	0	0	0	0	0	0	0	0	0	0	0	0	0
00.000,00.000	10.1	0	-200	0	4.5	70.9547	53.2063	14.9814	2.76698	0	0	0	0	0	0	0	0	0	0	0	0	0	0	0	0	0
00.000,00.000	10.2	0	-200	0	4.5	72.7249	54.7468	15.2111	2.76698	0	0	0	0	0	0	0	0	0	0	0	0	0	0	0	0	0
00.000,00.000	10.3	0	-200	0	4.5	74.5638	56.3473	15.4496	2.76698	0	0	0	0	0	0	0	0	0	0	0	0	0	0	0	0	0
00.000,00.000	10.4	0	-200	0	4.5	76.465	58.0021	15.696	2.76698	0	0	0	0	0	0	0	0	0	0	0	0	0	0	0	0	0
00.000,00.000	10.5	0	-200	0	4.5	78.4219	59.7045	15.9504	2.76698	0	0	0	0	0	0	0	0	0	0	0	0	0	0	0	0	0
00.000,00.000	10.6	0	-200	0	4.5	80.4333	61.4547	16.2116	2.76698	0	0	0	0	0	0	0	0	0	0	0	0	0	0	0	0	0
00.000,00.000	10.7	0	-200	0	4.5	82.5047	63.2571	16.4806	2.76698	0	0	0	0	0	0	0	0	0	0	0	0	0	0	0	0	0
00.000,00.000	10.8	0	-200	0	4.5	84.6455	65.1193	16.7592	2.76698	0	0	0	0	0	0	0	0	0	0	0	0	0	0	0	0	0
00.000,00.000	10.9	0	-200	0	4.5	86.864	67.049	17.048	2.76698	0	0	0	0	0	0	0	0	0	0	0	0	0	0	0	0	0
00.000,00.000	11	0	-200	0	4.5	89.1643	69.0494	17.3477	2.76723	0	0	0	0	0	0	0	0	0	0	0	0	0	0	0	0	0
00.000,00.000	11.1	0	-200	0	4.5	91.5451	71.1175	17.6576	2.76992	0	0	0	0	0	0	0	0	0	0	0	0	0	0	0	0	0
00.000,00.000	11.2	0	-200	0	4.5	93.9981	73.2479	17.977	2.77316	0	0	0	0	0	0	0	0	0	0	0	0	0	0	0	0	0
00.000,00.000	11.3	0	-200	0	4.5	96.5255	75.4418	18.306	2.77767	0	0	0	0	0	0	0	0	0	0	0	0	0	0	0	0	0
00.000,00.000	11.4	0	-200	0	4.5	99.1184	77.6914	18.6435	2.78356	0	0	0	0	0	0	0	0	0	0	0	0	0	0	0	0	0
00.000,00.000	11.5	0	-200	0	4.5	101.768	79.9879	18.9881	2.79181	0	0	0	0	0	0	0	0	0	0	0	0	0	0	0	0	0
00.000,00.000	11.6	0	-200	0	4.5	104.47	82.3297	19.3394	2.80148	0	0	0	0	0	0	0	0	0	0	0	0	0	0	0	0	0
00.000,00.000	11.7	0	-200	0	4.5	107.231	84.7204	19.6977	2.81289	0	0	0	0	0	0	0	0	0	0	0	0	0	0	0	0	0
00.000,00.000	11.8	0	-200	0	4.5	110.057	87.1709	20.0596	2.82645	0	0	0	0	0	0	0	0	0	0	0	0	0	0	0	0	0
00.000,00.000	11.9	0	-200	0	4.5	112.958	89.6973	20.4169	2.84405	0	0	0	0	0	0	0	0	0	0	0	0	0	0	0	0	0
00.000,00.000	12	0	-200	0	4.5	115.939	92.2911	20.7842	2.86353	0	0	0	0	0	0	0	0	0	0	0	0	0	0	0	0	0
00.000,00.000	12.1	0	-200	0	4.5	118.99	94.9422	21.1622	2.88567	0	0	0	0	0	0	0	0	0	0	0	0	0	0	0	0	0
00.000,00.000	12.2	0	-200	0	4.5	122.106	97.6414	21.552	2.9126	0	0	0	0	0	0	0	0	0	0	0	0	0	0	0	0	0
00.000,00.000	12.3	0	-200	0	4.5	125.277	100.381	21.9528	2.94222	0	0	0	0	0	0	0	0	0	0	0	0	0	0	0	0	0
00.000,00.000	12.4	0	-200	0	4.5	128.495	103.155	22.3646	2.97531	0	0	0	0	0	0	0	0	0	0	0	0	0	0	0	0	0
00.000,00.000	12.5	0	-200	0	4.5	131.744	105.948	22.785	3.0116	0	0	0	0	0	0	0	0	0	0	0	0	0	0	0	0	0
00.000,00.000	12.6	0	-200	0	4.5	135.655	109.278	23.319	3.05831	0	0	0	0	0	0	0	0	0	0	0	0	0	0	0	0	0
00.000,00.000	12.7	0	-200	0	4.5	139.619	112.334	24.1768	3.10828	0	0	0	0	0	0	0	0	0	0	0	0	0	0	0	0	0
00.000,00.000	12.8	0	-200	0	4.5	142.708	114.56	24.9981	3.14922	0	0	0	0	0	0	0	0	0	0	0	0	0	0	0	0	0
00.000,00.000	12.9	0	-200	0	4.5	146.371	117.059	26.1124	3.19999	0	0	0	0	0	0	0	0	0	0	0	0	0	0	0	0	0
00.000,00.000	13	0	-200	0	4.5	149.99	119.522	27.2156	3.25201	0	0	0	0	0	0	0	0	0	0	0	0	0	0	0	0	0
00.000,00.000	13.1	0	-200	0	4.5	153.569	121.961	28.3024	3.30535	0	0	0	0	0	0	0	0	0	0	0	0	0	0	0	0	0
00.000,00.000	13.2	0	-200	0	4.5	157.204	124.428	29.4276	3.34794	0	0	0	0	0	0	0	0	0	0	0	0	0	0	0	0	0
00.000,00.000	13.3	0	-200	0	4.5	160.927	126.933	30.6105	3.38376	0	0	0	0	0	0	0	0	0	0	0	0	0	0	0	0	0
00.000,00.000	13.4	0	-200	0	4.5	164.71	129.477	31.8083	3.42401	0	0	0	0	0	0	0	0	0	0	0	0	0	0	0	0	0
00.000,00.000	13.5	0	-200	0	4.5	168.517	132.035	33.0166	3.46581	0	0	0	0	0	0	0	0	0	0	0	0	0	0	0	0	0
00.000,00.000	13.6	0	-200	0	4.5	172.753	134.876	34.3632	3.51424	0	0	0	0	0	0	0	0	0	0	0	0	0	0	0	0	0
00.000,00.000	13.7	0	-200	0	4.5	177.133	137.802	35.7657	3.56525	0	0	0	0	0	0	0	0	0	0	0	0	0	0	0	0	0
00.000,00.000	13.8	0	-200	0	4.5	180.593	140.103	36.8815	3.60807	0	0	0	0	0	0	0	0	0	0	0	0	0	0	0	0	0
00.000,00.000	13.9	0	-200	0	4.5	184.665	142.762	38.2416	3.66134	0	0	0	0	0	0	0	0	0	0	0	0	0	0	0	0	0
00.000,00.000	14	0	-200	0	4.5	188.663	145.354	39.5949	3.71357	0	0	0	0	0	0	0	0	0	0	0	0	0	0	0	0	0
00.000,00.000	14.1	0	-200	0	4.5	192.593	147.905	40.9404	3.74739	0	0	0	0	0	0	0	0	0	0	0	0	0	0	0	0	0
00.000,00.000	14.2	0	-200	0	4.5	196.529	150.444	42.3021	3.78279	0	0	0	0	0	0	0	0	0	0	0	0	0	0	0	0	0
00.000,00.000	14.3	0	-200	0	4.5	200.398	152.926	43.6541	3.81833	0	0	0	0	0	0	0	0	0	0	0	0	0	0	0	0	0
00.000,00.000	14.4	0	-200	0	4.5	204.205	155.353	44.9974	3.85484	0	0	0	0	0	0	0	0	0	0	0	0	0	0	0	0	0
00.000,00.000	14.5	0	-200	0	4.5	211.317	159.858	47.5281	3.93073	0	0	0	0	0	0	0	0	0	0	0	0	0	0	0	0	0
00.000,00.000	14.6	0	-200	0	4.5	216.263	162.969	49.3115	3.9818	0	0	0	0	0	0	0	0	0	0	0	0	0	0	0	0	0
00.000,00.000	14.7	0	-200	0	4.5	220.589	165.66	50.8964	4.03264	0	0	0	0	0	0	0	0	0	0	0	0	0	0	0	0	0
00.000,00.000	14.8	0	-200	0	4.5	221.795	166.388	51.3654	4.04158	0	0	0	0	0	0	0	0	0	0	0	0	0	0	0	0	0
00.000,00.000	14.9	0	-200	0	4.5	223.617	167.487	52.0668	4.06334	0	0	0	0	0	0	0	0	0	0	0	0	0	0	0	0	0
00.000,00.000	15	0	-200	0	4.5	228.576	170.466	54.0089	4.10118	0	0	0	0	0	0	0	0	0	0	0	0	0	0	0	0	0
00.000,00.000	15.1	0	-200	0	4.5	232.328	172.66	55.5518	4.11657	0	0	0	0	0	0	0	0	0	0	0	0	0	0	0	0	0
00.000,00.000	15.2	0	-200	0	4.5	235.518	174.473	56.9125	4.13186	0	0	0	0	0	0	0	0	0	0	0	0	0	0	0	0	0
00.000,00.000	15.3	0	-200	0	4.5	238.666	176.237	58.277	4.15173	0	0	0	0	0	0	0	0	0	0	0	0	0	0	0	0	0
00.000,00.000	15.4	0	-200	0	4.5	241.763	177.948	59.6418	4.17384	0	0	0	0	0	0	0	0	0	0	0	0	0	0	0	0	0
00.000,00.000	15.5	0	-200	0	4.5	249.666	182.268	63.1543	4.24335	0	0	0	0	0	0	0	0	0	0	0	0	0	0	0	0	0
00.000,00.000	15.6	0	-200	0	4.5	253.225	184.166	64.7934	4.26585	0	0	0	0	0	0	0	0	0	0	0	0	0	0	0	0	0
00.000,00.000	15.7	0	-200	0	4.5	256.768	186.024	66.4416	4.30207	0	0	0	0	0	0	0	0	0	0	0	0	0	0	0	0	0
00.000,00.000	15.8	0	-200	0	4.5	257.564	186.44	66.8201	4.3042	0	0	0	0	0	0	0	0	0	0	0	0	0	0	0	0	0
00.000,00.000	15.9	0	-200	0	4.5	258.454	186.902	67.2402	4.31165	0	0	0	0	0	0	0	0	0	0	0	0	0	0	0	0	0
00.000,00.000	16	0	-200	0	4.5	262.883	189.16	69.2932	4.42943	0	0	0	0	0	0	0	0	0	0	0	0	0	0	0	0	0
00.000,00.000	16.1	0	-200	0	4.5	265.954	190.695	70.4911	4.76826	0	0	0	0	0	0	0	0	0	0	0	0	0	0	0	0	0
00.000,00.000	16.2	0	-200	0	4.5	268.429	191.933	71.4603	5.03485	0	0	0	0	0	0	0	0	0	0	0	0	0	0	0	0	0
00.000,00.000	16.3	0	-200	0	4.5	270.848	193.143	72.3993	5.30546	0	0	0	0	0	0	0	0	0	0	0	0	0	0	0	0	0
00.000,00.000	16.4	0	-200	0	4.5	273.222	194.335	73.221	5.66643	0	0	0	0	0	0	0	0	0	0	0	0	0	0	0	0	0
00.000,00.000	16.5	0	-200	0	4.5	284.709	200.089	76.5188	8.10168	0	0	0	0	0	0	0	0	0	0	0	0	0	0	0	0	0
00.000,00.000	16.6	0	-200	0	4.5	287.013	201.172	77.2271	8.61338	0	0	0	0	0	0	0	0	0	0	0	0	0	0	0	0	0
00.000,00.000	16.7	0	-200	0	4.5	297.669	206.33	80.3979	10.9411	0	0	0	0	0	0	0	0	0	0	0	0	0	0	0	0	0
00.000,00.000	16.8	0	-200	0	4.5	300.155	207.51	81.1512	11.4934	0	0	0	0	0	0	0	0	0	0	0	0	0	0	0	0	0
00.000,00.000	16.9	0	-200	0	4.5	305.557	210.092	82.7823	12.6822	0	0	0	0	0	0	0	0	0	0	0	0	0	0	0	0	0
00.000,00.000	17	0	-200	0	4.5	310.358	212.372	84.2429	13.7427	0	0	0	0	0	0	0	0	0	0	0	0	0	0	0	0	0
00.000,00.000	17.1	0	-200	0	4.5	312.807	213.533	84.9939	14.28	0	0	0	0	0	0	0	0	0	0	0	0	0	0	0	0	0
00.000,00.000	17.2	0	-200	0	4.5	314.855	214.503	85.6028	14.7493	0	0	0	0	0	0	0	0	0	0	0	0	0	0	0	0	0
00.000,00.000	17.3	0	-200	0	4.5	316.905	215.471	86.2121	15.2223	0	0	0	0	0	0	0	0	0	0	0	0	0	0	0	0	0
00.000,00.000	17.4	0	-200	0	4.5	318.947	216.432	86.8219	15.6931	0	0	0	0	0	0	0	0	0	0	0	0	0	0	0	0	0
00.000,00.000	17.5	0	-200	0	4.5	332.293	222.74	90.8037	18.7492	0	0	0	0	0	0	0	0	0	0	0	0	0	0	0	0	0
00.000,00.000	17.6	0	-200	0	4.5	335.055	223.985	91.6739	19.3964	0	0	0	0	0	0	0	0	0	0	0	0	0	0	0	0	0
00.000,00.000	17.7	0	-200	0	4.5	355.659	233.596	98.2163	23.8464	0	0	0	0	0	0	0	0	0	0	0	0	0	0	0	0	0
00.000,00.000	17.8	0	-200	0	4.5	360.639	235.874	99.845	24.7482	0.172138	0	0	0	0	0	0	0	0	0	0	0	0	0	0	0	0
00.000,00.000	17.9	0	-200	0	4.5	371.763	241.035	103.502	26.2674	0.959099	0	0	0	0	0	0	0	0	0	0	0	0	0	0	0	0
00.000,00.000	18	0	-200	0	4.5	377.631	243.715	105.467	26.713	1.73651	0	0	0	0	0	0	0	0	0	0	0	0	0	0	0	0
00.000,00.000	18.1	0	-200	0	4.5	379.966	244.777	106.27	26.8479	2.07173	0	0	0	0	0	0	0	0	0	0	0	0	0	0	0	0
00.000,00.000	18.2	0	-200	0	4.5	382.216	245.807	107.051	26.9689	2.38903	0	0	0	0	0	0	0	0	0	0	0	0	0	0	0	0
00.000,00.000	18.3	0	-200	0	4.5	384.547	246.879	107.867	27.0858	2.71592	0	0	0	0	0	0	0	0	0	0	0	0	0	0	0	0
00.000,00.000	18.4	0	-200	0	4.5	386.923	247.972	108.701	27.2061	3.0438	0	0	0	0	0	0	0	0	0	0	0	0	0	0	0	0
00.000,00.000	18.5	0	-200	0	4.5	406.691	254.15	118.713	28.1699	5.65818	0	0	0	0	0	0	0	0	0	0	0	0	0	0	0	0
00.000,00.000	18.6	0	-200	0	4.5	410.846	255.327	120.98	28.3598	6.1791	0	0	0	0	0	0	0	0	0	0	0	0	0	0	0	0
00.000,00.000	18.7	0	-200	0	4.5	441.096	263.866	137.713	29.9372	9.57891	0	0	0	0	0	0	0	0	0	0	0	0	0	0	0	0
00.000,00.000	18.8	0	-200	0	4.5	448.016	265.939	141.727	30.3512	9.99854	0	0	0	0	0	0	0	0	0	0	0	0	0	0	0	0
00.000,00.000	18.9	0	-200	0	4.5	463.933	270.758	150.828	31.462	10.8848	0	0	0	0	0	0	0	0	0	0	0	0	0	0	0	0
00.000,00.000	19	0	-200	0	4.5	471.626	273.278	154.999	32.0303	11.3189	0	0	0	0	0	0	0	0	0	0	0	0	0	0	0	0
00.000,00.000	19.1	0	-200	0	4.5	474.213	274.15	156.345	32.2516	11.4658	0	0	0	0	0	0	0	0	0	0	0	0	0	0	0	0
00.000,00.000	19.2	0	-200	0	4.5	476.661	274.979	157.608	32.4727	11.6007	0	0	0	0	0	0	0	0	0	0	0	0	0	0	0	0
00.000,00.000	19.3	0	-200	0	4.5	479.154	275.829	158.882	32.7093	11.7339	0	0	0	0	0	0	0	0	0	0	0	0	0	0	0	0
00.000,00.000	19.4	0	-200	0	4.5	481.719	276.71	160.177	32.9648	11.8673	0	0	0	0	0	0	0	0	0	0	0	0	0	0	0	0
00.000,00.000	19.5	0	-200	0	4.5	488.64	279.115	163.618	33.69	12.2173	0	0	0	0	0	0	0	0	0	0	0	0	0	0	0	0
00.000,00.000	19.6	0	-200	0	4.5	500.578	283.254	169.154	35.3739	12.796	0	0	0	0	0	0	0	0	0	0	0	0	0	0	0	0
00.000,00.000	19.7	0	-200	0	4.5	502.667	283.973	170.025	35.7742	12.8955	0	0	0	0	0	0	0	0	0	0	0	0	0	0	0	0
00.000,00.000	19.8	0	-200	0	4.5	511.507	287.107	173.599	37.4962	13.0188	0.286131	0	0	0	0	0	0	0	0	0	0	0	0	0	0	0
00.000,00.000	19.9	0	-200	0	4.5	513.78	287.951	174.484	37.9361	13.0188	0.389336	0	0	0	0	0	0	0	0	0	0	0	0	0	0	0
00.000,00.000	20	0	-200	0	4.5	514.469	288.208	174.752	38.0704	13.0188	0.419599	0	0	0	0	0	0	0	0	0	0	0	0	0	0	0
00.000,00.000	20.1	0	-200	0	4.5	523.657	291.647	178.338	39.8439	13.0188	0.80961	0	0	0	0	0	0	0	0	0	0	0	0	0	0	0
00.000,00.000	20.2	0	-200	0	4.5	528.782	293.596	180.331	40.8177	13.0188	1.01942	0	0	0	0	0	0	0	0	0	0	0	0	0	0	0
00.000,00.000	20.3	0	-200	0	4.5	531.848	294.774	181.52	41.3958	13.0188	1.13978	0	0	0	0	0	0	0	0	0	0	0	0	0	0	0
00.000,00.000	20.4	0	-200	0	4.5	535.023	296.008	182.741	41.9939	13.0188	1.26126	0	0	0	0	0	0	0	0	0	0	0	0	0	0	0
00.000,00.000	20.5	0	-200	0	4.5	552.299	302.794	189.327	45.2527	13.0189	1.90698	0	0	0	0	0	0	0	0	0	0	0	0	0	0	0
00.000,00.000	20.6	0	-200	0	4.5	565.311	307.944	194.301	47.6684	13.0216	2.37674	0	0	0	0	0	0	0	0	0	0	0	0	0	0	0
00.000,00.000	20.7	0	-200	0	4.5	567.142	308.671	194.997	48.0097	13.0227	2.4413	0	0	0	0	0	0	0	0	0	0	0	0	0	0	0
00.000,00.000	20.8	0	-200	0	4.5	569.081	309.446	195.726	48.3767	13.0243	2.50755	0	0	0	0	0	0	0	0	0	0	0	0	0	0	0
00.000,00.000	20.9	0	-200	0	4.5	569.44	309.591	195.862	48.4438	13.0247	2.51957	0	0	0	0	0	0	0	0	0	0	0	0	0	0	0
00.000,00.000	21	0	-200	0	4.5	569.954	309.799	196.055	48.5395	13.0254	2.5363	0	0	0	0	0	0	0	0	0	0	0	0	0	0	0
00.000,00.000	21.1	0	-200	0	4.5	592.524	318.79	204.396	53.0463	13.0629	3.2286	0	0	0	0	0	0	0	0	0	0	0	0	0	0	0
00.000,00.000	21.2	0	-200	0	4.5	602.504	322.776	208.14	54.9762	13.0845	3.52745	0	0	0	0	0	0	0	0	0	0	0	0	0	0	0
00.000,00.000	21.3	0	-200	0	4.5	606.319	324.301	209.572	55.7108	13.0984	3.6366	0	0	0	0	0	0	0	0	0	0	0	0	0	0	0
00.000,00.000	21.4	0	-200	0	4.5	610.267	325.869	211.065	56.4707	13.1144	3.7477	0	0	0	0	0	0	0	0	0	0	0	0	0	0	0
00.000,00.000	21.5	0	-200	0	4.5	644.53	339.114	224.194	63.2222	13.291	4.70856	0	0	0	0	0	0	0	0	0	0	0	0	0	0	0
00.000,00.000	21.6	0	-200	0	4.5	651.582	341.744	226.923	64.6737	13.3345	4.90614	0	0	0	0	0	0	0	0	0	0	0	0	0	0	0
00.000,00.000	21.7	0	-200	0	4.5	673.326	350.037	235.265	68.922	13.608	5.49463	0	0	0	0	0	0	0	0	0	0	0	0	0	0	0
00.000,00.000	21.8	0	-200	0	4.5	709.588	364.188	249.367	74.1858	15.3887	6.45905	0	0	0	0	0	0	0	0	0	0	0	0	0	0	0
00.000,00.000	21.9	0	-200	0	4.5	715.693	366.553	251.7	75.1149	15.7001	6.6254	0	0	0	0	0	0	0	0	0	0	0	0	0	0	0
00.000,00.000	22	0	-200	0	4.5	735.557	374.415	259.312	78.0029	16.7011	7.12562	0	0	0	0	0	0	0	0	0	0	0	0	0	0	0
00.000,00.000	22.1	0	-200	0	4.5	745.082	378.156	262.98	79.4006	17.1809	7.36429	0	0	0	0	0	0	0	0	0	0	0	0	0	0	0
00.000,00.000	22.2	0	-200	0	4.5	749.534	379.929	264.684	80.0433	17.4066	7.47055	0	0	0	0	0	0	0	0	0	0	0	0	0	0	0
00.000,00.000	22.3	0	-200	0	4.5	754.17	381.78	266.456	80.7106	17.6439	7.57844	0	0	0	0	0	0	0	0	0	0	0	0	0	0	0
00.000,00.000	22.4	0	-200	0	4.5	758.962	383.579	268.411	81.3951	17.8903	7.68637	0	0	0	0	0	0	0	0	0	0	0	0	0	0	0
00.000,00.000	22.5	0	-200	0	4.5	797.281	397.712	284.347	86.8879	19.8898	8.44445	0	0	0	0	0	0	0	0	0	0	0	0	0	0	0
00.000,00.000	22.6	0	-200	0	4.5	805.271	400.462	288.073	88.0751	20.3182	8.34326	0	0	0	0	0	0	0	0	0	0	0	0	0	0	0
00.000,00.000	22.7	0	-200	0	4.5	833.715	410.321	300.708	92.4129	21.8873	8.38637	0	0	0	0	0	0	0	0	0	0	0	0	0	0	0
00.000,00.000	22.8	0	-200	0	4.5	877.335	426.093	319.224	99.3072	24.3253	8.38637	0	0	0	0	0	0	0	0	0	0	0	0	0	0	0
00.000,00.000	22.9	0	-200	0	4.5	884.524	428.758	322.194	100.457	24.7288	8.38637	0	0	0	0	0	0	0	0	0	0	0	0	0	0	0
00.000,00.000	23	0	-200	0	4.5	885.228	429.024	322.482	100.568	24.7673	8.38637	0	0	0	0	0	0	0	0	0	0	0	0	0	0	0
00.000,00.000	23.1	0	-200	0	4.5	915.877	440.906	334.808	105.339	26.437	8.38637	0	0	0	0	0	0	0	0	0	0	0	0	0	0	0
00.000,00.000	23.2	0	-200	0	4.5	929.67	446.24	340.333	107.524	27.1878	8.38664	0	0	0	0	0	0	0	0	0	0	0	0	0	0	0
00.000,00.000	23.3	0	-200	0	4.5	935.287	448.517	342.492	108.409	27.4826	8.38737	0	0	0	0	0	0	0	0	0	0	0	0	0	0	0
00.000,00.000	23.4	0	-200	0	4.5	941.223	450.947	344.745	109.351	27.7911	8.38809	0	0	0	0	0	0	0	0	0	0	0	0	0	0	0
00.000,00.000	23.5	0	-200	0	4.5	981.205	467.73	359.209	115.976	29.895	8.39511	0	0	0	0	0	0	0	0	0	0	0	0	0	0	0
00.000,00.000	23.6	0	-200	0	4.5	989.447	471.314	361.921	117.463	30.3523	8.3973	0	0	0	0	0	0	0	0	0	0	0	0	0	0	0
00.000,00.000	23.7	0	-200	0	4.5	1014.92	482.826	370.201	121.781	31.3989	8.71299	0	0	0	0	0	0	0	0	0	0	0	0	0	0	0
00.000,00.000	23.8	0	-200	0	4.5	1027.54	488.653	374.198	123.894	31.8421	8.9542	0	0	0	0	0	0	0	0	0	0	0	0	0	0	0
00.000,00.000	23.9	0	-200	0	4.5	1071.66	509.372	388.025	131.085	33.4048	9.77374	0	0	0	0	0	0	0	0	0	0	0	0	0	0	0
00.000,00.000	24	0	-200	0	4.5	1081.07	514.047	390.715	132.61	33.7466	9.94838	0	0	0	0	0	0	0	0	0	0	0	0	0	0	0
00.000,00.000	24.1	0	-200	0	4.5	1110.65	528.503	399.707	137.23	34.7546	10.4589	0	0	0	0	0	0	0	0	0	0	0	0	0	0	0
00.000,00.000	24.2	0	-200	0	4.5	1124.98	535.609	403.93	139.497	35.2416	10.7078	0	0	0	0	0	0	0	0	0	0	0	0	0	0	0
00.000,00.000	24.3	0	-200	0	4.5	1132.13	539.151	406.073	140.596	35.4867	10.8269	0	0	0	0	0	0	0	0	0	0	0	0	0	0	0
00.000,00.000	24.4	0	-200	0	4.5	1139.63	542.869	408.329	141.738	35.7426	10.9495	0	0	0	0	0	0	0	0	0	0	0	0	0	0	0
00.000,00.000	24.5	0	-200	0	4.5	1180.98	563.346	420.721	148.057	37.2312	11.6218	0	0	0	0	0	0	0	0	0	0	0	0	0	0	0
00.000,00.000	24.6	0	-200	0	4.5	1190.02	567.706	423.507	149.503	37.5302	11.7701	0	0	0	0	0	0	0	0	0	0	0	0	0	0	0
00.000,00.000	24.7	0	-200	0	4.5	1217.21	580.876	431.964	153.652	38.5151	12.1984	0	0	0	0	0	0	0	0	0	0	0	0	0	0	0
00.000,00.000	24.8	0	-200	0	4.5	1223.49	583.864	433.995	154.625	38.7129	12.2972	0	0	0	0	0	0	0	0	0	0	0	0	0	0	0
00.000,00.000	24.9	0	-200	0	4.5	1271.98	607.195	449.261	162.058	40.4249	13.0403	0	0	0	0	0	0	0	0	0	0	0	0	0	0	0
00.000,00.000	25	0	-200	0	4.5	1285.92	613.903	453.645	164.28	40.8417	13.2543	0	0	0	0	0	0	0	0	0	0	0	0	0	0	0
00.000,00.000	25.1	0	-200	0	4.5	1316.02	628.4	463.179	168.862	41.8849	13.6985	0	0	0	0	0	0	0	0	0	0	0	0	0	0	0
00.000,00.000	25.2	0	-200	0	4.5	1332.21	636.175	468.331	171.349	42.4188	13.9403	0	0	0	0	0	0	0	0	0	0	0	0	0	0	0
00.000,00.000	25.3	0	-200	0	4.5	1341.41	640.548	471.291	172.751	42.7454	14.0777	0	0	0	0	0	0	0	0	0	0	0	0	0	0	0
00.000,00.000	25.4	0	-200	0	4.5	1350.81	645.004	474.341	174.166	43.0833	14.2187	0	0	0	0	0	0	0	0	0	0	0	0	0	0	0
00.000,00.000	25.5	0	-200	0	4.5	1376.3	656.907	482.69	178.061	44.0377	14.6087	0	0	0	0	0	0	0	0	0	0	0	0	0	0	0
00.000,00.000	25.6	0	-200	0	4.5	1421.82	677.969	497.739	185.025	45.774	15.3177	0	0	0	0	0	0	0	0	0	0	0	0	0	0	0
00.000,00.000	25.7	0	-200	0	4.5	1429.55	681.551	500.374	186.122	46.0632	15.4427	0	0	0	0	0	0	0	0	0	0	0	0	0	0	0
00.000,00.000	25.8	0	-200	0	4.5	1460.23	695.301	510.895	190.793	47.294	15.9432	0	0	0	0	0	0	0	0	0	0	0	0	0	0	0
00.000,00.000	25.9	0	-200	0	4.5	1468.66	698.836	514.026	192.075	47.6259	16.0928	0	0	0	0	0	0	0	0	0	0	0	0	0	0	0
00.000,00.000	26	0	-200	0	4.5	1470.71	699.706	514.775	192.391	47.711	16.1284	0	0	0	0	0	0	0	0	0	0	0	0	0	0	0
00.000,00.000	26.1	0	-200	0	4.5	1494.04	709.52	523.288	195.992	48.7046	16.539	0	0	0	0	0	0	0	0	0	0	0	0	0	0	0
00.000,00.000	26.2	0	-200	0	4.5	1508.08	715.328	528.514	198.144	49.2993	16.7939	0	0	0	0	0	0	0	0	0	0	0	0	0	0	0
00.000,00.000	26.3	0	-200	0	4.5	1517.37	719.126	531.972	199.588	49.7149	16.9649	0	0	0	0	0	0	0	0	0	0	0	0	0	0	0
00.000,00.000	26.4	0	-200	0	4.5	1526.71	722.89	535.488	201.049	50.1423	17.14	0	0	0	0	0	0	0	0	0	0	0	0	0	0	0
00.000,00.000	26.5	0	-200	0	4.5	1560.82	735.831	548.895	206.503	51.7852	17.8039	0	0	0	0	0	0	0	0	0	0	0	0	0	0	0
00.000,00.000	26.6	0	-200	0	4.5	1568.92	738.924	552.07	207.782	52.1799	17.9655	0	0	0	0	0	0	0	0	0	0	0	0	0	0	0
00.000,00.000	26.7	0	-200	0	4.5	1582.93	744.209	557.574	210.018	52.8856	18.2467	0	0	0	0	0	0	0	0	0	0	0	0	0	0	0
00.000,00.000	26.8	0	-200	0	4.5	1588.54	746.322	559.776	210.909	53.1724	18.3625	0	0	0	0	0	0	0	0	0	0	0	0	0	0	0
00.000,00.000	26.9	0	-200	0	4.5	1647.65	767.902	583.218	220.558	56.346	19.6229	0	0	0	0	0	0	0	0	0	0	0	0	0	0	0
00.000,00.000	27	0	-200	0	4.5	1661.6	772.842	588.873	222.839	57.1033	19.9388	0	0	0	0	0	0	0	0	0	0	0	0	0	0	0
00.000,00.000	27.1	0	-200	0	4.5	1696.24	785.243	602.796	228.507	58.9897	20.704	0	0	0	0	0	0	0	0	0	0	0	0	0	0	0
00.000,00.000	27.2	0	-200	0	4.5	1713.75	791.544	609.759	231.426	59.9136	21.109	0	0	0	0	0	0	0	0	0	0	0	0	0	0	0
00.000,00.000	27.3	0	-200	0	4.5	1722.84	794.833	613.341	232.937	60.4121	21.3171	0	0	0	0	0	0	0	0	0	0	0	0	0	0	0
00.000,00.000	27.4	0	-200	0	4.5	1732.04	798.171	616.943	234.47	60.9283	21.5289	0	0	0	0	0	0	0	0	0	0	0	0	0	0	0
00.000,00.000	27.5	0	-200	0	4.5	1772.06	812.625	632.397	241.272	63.2813	22.271	0.213879	0	0	0	0	0	0	0	0	0	0	0	0	0	0
00.000,00.000	27.6	0	-200	0	4.5	1781.23	816.061	635.816	242.81	63.833	22.3363	0.370448	0	0	0	0	0	0	0	0	0	0	0	0	0	0
00.000,00.000	27.7	0	-200	0	4.5	1784.01	817.124	636.828	243.284	64.0021	22.3714	0.403002	0	0	0	0	0	0	0	0	0	0	0	0	0	0
00.000,00.000	27.8	0	-200	0	4.5	1802.18	824.007	643.474	246.374	65.1099	22.6236	0.595267	0	0	0	0	0	0	0	0	0	0	0	0	0	0
00.000,00.000	27.9	0	-200	0	4.5	1843.96	839.909	658.597	253.474	67.7091	23.2158	1.05348	0	0	0	0	0	0	0	0	0	0	0	0	0	0
00.000,00.000	28	0	-200	0	4.5	1852.88	843.385	661.816	254.919	68.2597	23.3446	1.1519	0	0	0	0	0	0	0	0	0	0	0	0	0	0
00.000,00.000	28.1	0	-200	0	4.5	1878.27	853.321	670.903	259.045	69.8652	23.7123	1.42088	0	0	0	0	0	0	0	0	0	0	0	0	0	0
00.000,00.000	28.2	0	-200	0	4.5	1893.05	859.148	676.117	261.48	70.7772	23.9429	1.57982	0	0	0	0	0	0	0	0	0	0	0	0	0	0
00.000,00.000	28.3	0	-200	0	4.5	1902.41	862.872	679.401	263.014	71.3526	24.0891	1.67871	0	0	0	0	0	0	0	0	0	0	0	0	0	0
00.000,00.000	28.4	0	-200	0	4.5	1911.79	866.658	682.646	264.547	71.9152	24.2442	1.77796	0	0	0	0	0	0	0	0	0	0	0	0	0	0
00.000,00.000	28.5	0	-200	0	4.5	1928.85	873.553	688.461	267.37	72.9698	24.5361	1.96238	0	0	0	0	0	0	0	0	0	0	0	0	0	0
00.000,00.000	28.6	0	-200	0	4.5	1982.06	895.359	706.156	276.243	76.2753	25.4769	2.5454	0	0	0	0	0	0	0	0	0	0	0	0	0	0
00.000,00.000	28.7	0	-200	0	4.5	1992.31	899.666	709.455	277.963	76.8932	25.6704	2.65942	0	0	0	0	0	0	0	0	0	0	0	0	0	0
00.000,00.000	28.8	0	-200	0	4.5	2010.52	907.337	715.3	280.979	78.0434	26.003	2.85841	0	0	0	0	0	0	0	0	0	0	0	0	0	0
00.000,00.000	28.9	0	-200	0	4.5	2015.66	909.56	716.901	281.826	78.359	26.1007	2.91469	0	0	0	0	0	0	0	0	0	0	0	0	0	0
00.000,00.000	29	0	-200	0	4.5	2028.32	915.103	720.822	283.873	79.1281	26.3468	3.04978	0	0	0	0	0	0	0	0	0	0	0	0	0	0
00.000,00.000	29.1	0	-200	0	4.5	2051.35	925.286	727.905	287.58	80.4804	26.8029	3.29621	0	0	0	0	0	0	0	0	0	0	0	0	0	0
00.000,00.000	29.2	0	-200	0	4.5	2063.81	930.876	731.751	289.576	81.1165	27.0575	3.43001	0	0	0	0	0	0	0	0	0	0	0	0	0	0
00.000,00.000	29.3	0	-200	0	4.5	2073.08	935.059	734.607	291.033	81.6005	27.2496	3.52938	0	0	0	0	0	0	0	0	0	0	0	0	0	0
00.000,00.000	29.4	0	-200	0	4.5	2082.4	939.299	737.452	292.487	82.0859	27.4483	3.62921	0	0	0	0	0	0	0	0	0	0	0	0	0	0
00.000,00.000	29.5	0	-200	0	4.5	2095.2	945.128	741.313	294.479	82.775	27.7334	3.77035	0	0	0	0	0	0	0	0	0	0	0	0	0	0
00.000,00.000	29.6	0	-200	0	4.5	2148.86	969.717	757.327	302.714	85.7428	28.9886	4.37479	0	0	0	0	0	0	0	0	0	0	0	0	0	0
00.000,00.000	29.7	0	-200	0	4.5	2159.78	974.873	760.514	304.355	86.2968	29.2482	4.4979	0	0	0	0	0	0	0	0	0	0	0	0	0	0
00.000,00.000	29.8	0	-200	0	4.5	2171.9	980.632	763.986	306.141	86.9841	29.5236	4.63587	0	0	0	0	0	0	0	0	0	0	0	0	0	0
00.000,00.000	29.9	0	-200	0	4.5	2175.61	982.458	764.997	306.679	87.1935	29.6022	4.67827	0	0	0	0	0	0	0	0	0	0	0	0	0	0
00.000,00.000	30	0	-200	0	4.5	2182.94	986.097	766.997	307.712	87.6014	29.7695	4.76078	0	0	0	0	0	0	0	0	0	0	0	0	0	0
00.000,00.000	30.1	0	-200	0	4.5	2204.29	996.565	772.936	310.711	88.7972	30.2825	5.003	0	0	0	0	0	0	0	0	0	0	0	0	0	0
00.000,00.000	30.2	0	-200	0	4.5	2216.02	1002.18	776.28	312.365	89.472	30.5796	5.14111	0	0	0	0	0	0	0	0	0	0	0	0	0	0
00.000,00.000	30.3	0	-200	0	4.5	2224.38	1006.15	778.699	313.531	89.9573	30.7994	5.24068	0	0	0	0	0	0	0	0	0	0	0	0	0	0
00.000,00.000	30.4	0	-200	0	4.5	2232.68	1010.12	781.093	314.68	90.4374	31.0127	5.34066	0	0	0	0	0	0	0	0	0	0	0	0	0	0
00.000,00.000	30.5	0	-200	0	4.5	2241.19	1014.16	783.536	315.863	90.9447	31.2394	5.44707	0	0	0	0	0	0	0	0	0	0	0	0	0	0
00.000,00.000	30.6	0	-200	0	4.5	2283.94	1032.69	797.222	321.968	93.6037	32.451	6.00543	0	0	0	0	0	0	0	0	0	0	0	0	0	0
00.000,00.000	30.7	0	-200	0	4.5	2297.22	1037.96	801.938	323.923	94.4366	32.7743	6.18463	0	0	0	0	0	0	0	0	0	0	0	0	0	0
00.000,00.000	30.8	0	-200	0	4.5	2298.09	1038.31	802.252	324.047	94.4929	32.7985	6.19657	0	0	0	0	0	0	0	0	0	0	0	0	0	0
00.000,00.000	30.9	0	-200	0	4.5	2299.08	1038.69	802.606	324.184	94.556	32.826	6.21	0	0	0	0	0	0	0	0	0	0	0	0	0	0
00.000,00.000	31	0	-200	0	4.5	2303.25	1040.36	804.107	324.762	94.8235	32.9272	6.26791	0	0	0	0	0	0	0	0	0	0	0	0	0	0
00.000,00.000	31.1	0	-200	0	4.5	2323.62	1048.45	811.457	327.515	96.1475	33.505	6.55067	0	0	0	0	0	0	0	0	0	0	0	0	0	0
00.000,00.000	31.2	0	-200	0	4.5	2334.24	1052.72	815.227	328.938	96.8519	33.8004	6.70243	0	0	0	0	0	0	0	0	0	0	0	0	0	0
00.000,00.000	31.3	0	-200	0	4.5	2341.21	1055.52	817.711	329.854	97.3166	34.0113	6.80239	0	0	0	0	0	0	0	0	0	0	0	0	0	0
00.000,00.000	31.4	0	-200	0	4.5	2348.12	1058.31	820.155	330.751	97.7796	34.2242	6.90268	0	0	0	0	0	0	0	0	0	0	0	0	0	0
00.000,00.000	31.5	0	-200	0	4.5	2376.49	1069.66	830.059	334.501	99.799	35.1287	7.34739	0	0	0	0	0	0	0	0	0	0	0	0	0	0
00.000,00.000	31.6	0	-200	0	4.5	2416.69	1085.91	843.746	339.851	102.76	36.4082	8.00889	0	0	0	0	0	0	0	0	0	0	0	0	0	0
00.000,00.000	31.7	0	-200	0	4.5	2425.48	1089.74	846.474	341.019	103.41	36.6777	8.15794	0	0	0	0	0	0	0	0	0	0	0	0	0	0
00.000,00.000	31.8	0	-200	0	4.5	2425.7	1089.84	846.543	341.047	103.426	36.6852	8.16168	0	0	0	0	0	0	0	0	0	0	0	0	0	0
00.000,00.000	31.9	0	-200	0	4.5	2428.12	1090.94	847.258	341.356	103.603	36.7597	8.20425	0	0	0	0	0	0	0	0	0	0	0	0	0	0
00.000,00.000	32	0	-200	0	4.5	2431.25	1092.38	848.169	341.76	103.826	36.8591	8.26004	0	0	0	0	0	0	0	0	0	0	0	0	0	0
00.000,00.000	32.1	0	-200	0	4.5	2450.88	1101.6	853.651	344.23	105.244	37.5506	8.61149	0	0	0	0	0	0	0	0	0	0	0	0	0	0
00.000,00.000	32.2	0	-200	0	4.5	2460.96	1106.51	856.297	345.501	105.969	37.891	8.79618	0	0	0	0	0	0	0	0	0	0	0	0	0	0
00.000,00.000	32.3	0	-200	0	4.5	2466.48	1109.23	857.746	346.158	106.361	38.0813	8.89618	0	0	0	0	0	0	0	0	0	0	0	0	0	0
00.000,00.000	32.4	0	-200	0	4.5	2471.97	1111.99	859.173	346.794	106.749	38.2693	8.99679	0	0	0	0	0	0	0	0	0	0	0	0	0	0
00.000,00.000	32.5	0	-200	0	4.5	2489.1	1120.59	863.525	348.76	108.003	38.8925	9.33037	0	0	0	0	0	0	0	0	0	0	0	0	0	0
00.000,00.000	32.6	0	-200	0	4.5	2510.41	1131.5	868.845	351.123	109.536	39.6637	9.46587	0.27898	0	0	0	0	0	0	0	0	0	0	0	0	0
00.000,00.000	32.7	0	-200	0	4.5	2548.43	1150.58	878.257	355.4	112.449	41.1806	9.46587	1.09316	0	0	0	0	0	0	0	0	0	0	0	0	0
00.000,00.000	32.8	0	-200	0	4.5	2554.25	1153.64	879.635	356.029	112.841	41.425	9.46587	1.21371	0	0	0	0	0	0	0	0	0	0	0	0	0
00.000,00.000	32.9	0	-200	0	4.5	2554.76	1153.92	879.754	356.077	112.874	41.4444	9.46587	1.22365	0	0	0	0	0	0	0	0	0	0	0	0	0
00.000,00.000	33	0	-200	0	4.5	2556.41	1154.82	880.139	356.235	112.98	41.51	9.46587	1.25672	0	0	0	0	0	0	0	0	0	0	0	0	0
00.000,00.000	33.1	0	-200	0	4.5	2578.11	1167.01	885.151	358.166	114.317	42.3269	9.46587	1.67406	0	0	0	0	0	0	0	0	0	0	0	0	0
00.000,00.000	33.2	0	-200	0	4.5	2588.67	1172.96	887.544	359.094	114.965	42.7608	9.46595	1.87889	0	0	0	0	0	0	0	0	0	0	0	0	0
00.000,00.000	33.3	0	-200	0	4.5	2593.91	1175.97	888.728	359.525	115.284	42.9572	9.46643	1.97846	0	0	0	0	0	0	0	0	0	0	0	0	0
00.000,00.000	33.4	0	-200	0	4.5	2599.24	1179.09	889.915	359.941	115.597	43.1527	9.46692	2.07853	0	0	0	0	0	0	0	0	0	0	0	0	0
00.000,00.000	33.5	0	-200	0	4.5	2604.62	1182.22	891.105	360.354	115.924	43.3604	9.46763	2.18629	0	0	0	0	0	0	0	0	0	0	0	0	0
00.000,00.000	33.6	0	-200	0	4.5	2643.05	1204.9	899.54	363.144	118.124	44.9184	9.47488	2.95049	0	0	0	0	0	0	0	0	0	0	0	0	0
00.000,00.000	33.7	0	-200	0	4.5	2680.85	1227.01	907.857	365.887	120.318	46.5445	9.48855	3.74485	0	0	0	0	0	0	0	0	0	0	0	0	0
00.000,00.000	33.8	0	-200	0	4.5	2684.5	1229.14	908.67	366.168	120.516	46.6958	9.49443	3.81867	0	0	0	0	0	0	0	0	0	0	0	0	0
00.000,00.000	33.9	0	-200	0	4.5	2712.41	1245.42	915.123	368.029	121.962	47.8616	9.63012	4.38466	0	0	0	0	0	0	0	0	0	0	0	0	0
00.000,00.000	34	0	-200	0	4.5	2723.56	1251.98	917.689	368.734	122.516	48.3051	9.73572	4.60269	0	0	0	0	0	0	0	0	0	0	0	0	0
00.000,00.000	34.1	0	-200	0	4.5	2737.69	1260.5	920.958	369.534	123.158	48.8472	9.82376	4.8668	0	0	0	0	0	0	0	0	0	0	0	0	0
00.000,00.000	34.2	0	-200	0	4.5	2746.03	1265.47	922.941	370.002	123.535	49.1705	9.88955	5.02606	0	0	0	0	0	0	0	0	0	0	0	0	0
00.000,00.000	34.3	0	-200	0	4.5	2751.28	1268.67	924.161	370.274	123.756	49.3671	9.92642	5.12277	0	0	0	0	0	0	0	0	0	0	0	0	0
00.000,00.000	34.4	0	-200	0	4.5	2756.76	1272.05	925.433	370.544	123.977	49.5696	9.96653	5.22297	0	0	0	0	0	0	0	0	0	0	0	0	0
00.000,00.000	34.5	0	-200	0	4.5	2762.32	1275.44	926.726	370.817	124.206	49.7874	10.0126	5.33218	0	0	0	0	0	0	0	0	0	0	0	0	0
00.000,00.000	34.6	0	-200	0	4.5	2810.47	1304.69	937.951	373.153	126.176	51.7475	10.4303	6.31957	0	0	0	0	0	0	0	0	0	0	0	0	0
00.000,00.000	34.7	0	-200	0	4.5	2824.94	1313.7	941.198	373.809	126.731	52.315	10.5756	6.6076	0	0	0	0	0	0	0	0	0	0	0	0	0
00.000,00.000	34.8	0	-200	0	4.5	2825.07	1313.78	941.229	373.815	126.736	52.3203	10.5768	6.61034	0	0	0	0	0	0	0	0	0	0	0	0	0
00.000,00.000	34.9	0	-200	0	4.5	2833.7	1319.15	943.234	374.179	127.03	52.6585	10.6618	6.78171	0	0	0	0	0	0	0	0	0	0	0	0	0
00.000,00.000	35	0	-200	0	4.5	2838	1321.87	944.207	374.352	127.169	52.8226	10.7075	6.86473	0	0	0	0	0	0	0	0	0	0	0	0	0
00.000,00.000	35.1	0	-200	0	4.5	2861.79	1337.4	949.375	375.226	127.849	53.7043	10.9327	7.30839	0	0	0	0	0	0	0	0	0	0	0	0	0
00.000,00.000	35.2	0	-200	0	4.5	2873.01	1344.69	951.794	375.643	128.171	54.1372	11.0524	7.52542	0	0	0	0	0	0	0	0	0	0	0	0	0
00.000,00.000	35.3	0	-200	0	4.5	2878.01	1348.02	952.854	375.808	128.297	54.3206	11.1022	7.61712	0	0	0	0	0	0	0	0	0	0	0	0	0
00.000,00.000	35.4	0	-200	0	4.5	2883.6	1351.76	954.029	375.978	128.427	54.5232	11.1582	7.71796	0	0	0	0	0	0	0	0	0	0	0	0	0
00.000,00.000	35.5	0	-200	0	4.5	2889.35	1355.6	955.244	376.147	128.561	54.7481	11.2222	7.83053	0	0	0	0	0	0	0	0	0	0	0	0	0
00.000,00.000	35.6	0	-200	0	4.5	2930.24	1382.09	964.414	377.349	129.511	56.4647	11.7195	8.6892	0	0	0	0	0	0	0	0	0	0	0	0	0
00.000,00.000	35.7	0	-200	0	4.5	2943.2	1390.84	967.088	377.675	129.777	56.9661	11.9106	8.94076	0	0	0	0	0	0	0	0	0	0	0	0	0
00.000,00.000	35.8	0	-200	0	4.5	2943.39	1390.97	967.13	377.68	129.781	56.9735	11.9134	8.94448	0	0	0	0	0	0	0	0	0	0	0	0	0
00.000,00.000	35.9	0	-200	0	4.5	2972.06	1411.07	972.643	378.291	130.247	58.0212	12.3184	9.47055	0	0	0	0	0	0	0	0	0	0	0	0	0
00.000,00.000	36	0	-200	0	4.5	2980.46	1416.92	974.261	378.47	130.385	58.3425	12.4491	9.48526	0.145705	0	0	0	0	0	0	0	0	0	0	0	0
00.000,00.000	36.1	0	-200	0	4.5	2996.96	1428	977.835	378.813	130.637	58.9988	12.713	9.54266	0.414446	0	0	0	0	0	0	0	0	0	0	0	0
00.000,00.000	36.2	0	-200	0	4.5	3005.6	1434.2	979.409	378.969	130.752	59.3111	12.8399	9.54266	0.568656	0	0	0	0	0	0	0	0	0	0	0	0
00.000,00.000	36.3	0	-200	0	4.5	3012.43	1439.01	980.753	379.086	130.836	59.5654	12.9453	9.54266	0.693494	0	0	0	0	0	0	0	0	0	0	0	0
00.000,00.000	36.4	0	-200	0	4.5	3017.54	1442.72	981.684	379.163	130.89	59.7437	13.0199	9.54266	0.780559	0	0	0	0	0	0	0	0	0	0	0	0
00.000,00.000	36.5	0	-200	0	4.5	3023.98	1447.22	982.952	379.264	130.961	60.0048	13.1309	9.54266	0.9079	0	0	0	0	0	0	0	0	0	0	0	0
00.000,00.000	36.6	0	-200	0	4.5	3056.2	1471.68	987.846	379.662	131.243	61.1391	13.6242	9.54266	1.46462	0	0	0	0	0	0	0	0	0	0	0	0
00.000,00.000	36.7	0	-200	0	4.5	3061.76	1475.88	988.685	379.732	131.293	61.3461	13.7158	9.54267	1.5658	0	0	0	0	0	0	0	0	0	0	0	0
00.000,00.000	36.8	0	-200	0	4.5	3062.08	1476.11	988.745	379.736	131.295	61.3591	13.7218	9.54271	1.57218	0	0	0	0	0	0	0	0	0	0	0	0
00.000,00.000	36.9	0	-200	0	4.5	3066.48	1479.5	989.396	379.778	131.323	61.5053	13.7917	9.54333	1.64434	0	0	0	0	0	0	0	0	0	0	0	0
00.000,00.000	37	0	-200	0	4.5	3068.69	1481.18	989.723	379.801	131.338	61.5853	13.8304	9.54373	1.68367	0	0	0	0	0	0	0	0	0	0	0	0
00.000,00.000	37.1	0	-200	0	4.5	3081.07	1490.35	991.841	379.916	131.411	62.0401	14.0586	9.54702	1.90735	0	0	0	0	0	0	0	0	0	0	0	0
00.000,00.000	37.2	0	-200	0	4.5	3089.07	1496.48	993.056	379.982	131.452	62.3125	14.1977	9.54928	2.04148	0	0	0	0	0	0	0	0	0	0	0	0
00.000,00.000	37.3	0	-200	0	4.5	3095.16	1501.07	994.041	380.029	131.48	62.5249	14.3096	9.55145	2.14633	0	0	0	0	0	0	0	0	0	0	0	0
00.000,00.000	37.4	0	-200	0	4.5	3100.67	1505.29	994.897	380.066	131.502	62.7095	14.4092	9.55366	2.23769	0	0	0	0	0	0	0	0	0	0	0	0
00.000,00.000	37.5	0	-200	0	4.5	3106.61	1509.86	995.814	380.103	131.522	62.9053	14.5176	9.55651	2.3349	0	0	0	0	0	0	0	0	0	0	0	0
00.000,00.000	37.6	0	-200	0	4.5	3123.22	1522.02	998.641	380.215	131.583	63.6005	14.9142	9.56859	2.6853	0	0	0	0	0	0	0	0	0	0	0	0
00.000,00.000	37.7	0	-200	0	4.5	3158.39	1549.56	1003.53	380.384	131.673	64.7667	15.5981	9.59589	3.27855	0	0	0	0	0	0	0	0	0	0	0	0
00.000,00.000	37.8	0	-200	0	4.5	3162.58	1552.72	1004.17	380.407	131.685	64.9328	15.6969	9.60034	3.36308	0	0	0	0	0	0	0	0	0	0	0	0
00.000,00.000	37.9	0	-200	0	4.5	3180.1	1565.95	1007.04	380.479	131.717	65.5408	16.0758	9.62326	3.67708	0	0	0	0	0	0	0	0	0	0	0	0
00.000,00.000	38	0	-200	0	4.5	3185.28	1569.69	1008.04	380.501	131.726	65.7289	16.1943	9.63093	3.77414	0	0	0	0	0	0	0	0	0	0	0	0
00.000,00.000	38.1	0	-200	0	4.5	3201.25	1581.18	1011.24	380.551	131.746	66.2694	16.5498	9.65956	4.05697	0	0	0	0	0	0	0	0	0	0	0	0
00.000,00.000	38.2	0	-200	0	4.5	3210.43	1587.36	1013.51	380.577	131.756	66.5775	16.7562	9.67789	4.2192	0	0	0	0	0	0	0	0	0	0	0	0
00.000,00.000	38.3	0	-200	0	4.5	3215.9	1591.07	1014.84	380.59	131.76	66.7539	16.8785	9.69091	4.31322	0	0	0	0	0	0	0	0	0	0	0	0
00.000,00.000	38.4	0	-200	0	4.5	3221.49	1594.84	1016.24	380.599	131.764	66.9293	17.0037	9.70588	4.40753	0	0	0	0	0	0	0	0	0	0	0	0
00.000,00.000	38.5	0	-200	0	4.5	3227.11	1598.61	1017.67	380.607	131.767	67.103	17.1313	9.72273	4.502	0	0	0	0	0	0	0	0	0	0	0	0
00.000,00.000	38.6	0	-200	0	4.5	3235.93	1604.17	1020.07	380.618	131.77	67.4497	17.3959	9.7609	4.69546	0	0	0	0	0	0	0	0	0	0	0	0
00.000,00.000	38.7	0	-200	0	4.5	3273.22	1628.2	1030.25	380.645	131.779	68.6692	18.3687	9.91265	5.3935	0	0	0	0	0	0	0	0	0	0	0	0
00.000,00.000	38.8	0	-200	0	4.5	3278.96	1631.61	1032.02	380.649	131.78	68.8894	18.548	9.94208	5.51935	0	0	0	0	0	0	0	0	0	0	0	0
00.000,00.000	38.9	0	-200	0	4.5	3280.52	1632.56	1032.49	380.65	131.78	68.942	18.5942	9.95064	5.55057	0	0	0	0	0	0	0	0	0	0	0	0
00.000,00.000	39	0	-200	0	4.5	3281.39	1633.08	1032.77	380.65	131.78	68.9725	18.6216	9.95586	5.56881	0	0	0	0	0	0	0	0	0	0	0	0
00.000,00.000	39.1	0	-200	0	4.5	3299.09	1643.79	1038.12	380.656	131.78	69.5587	19.1841	10.0719	5.93073	0	0	0	0	0	0	0	0	0	0	0	0
00.000,00.000	39.2	0	-200	0	4.5	3308.38	1649.41	1040.91	380.659	131.78	69.8679	19.4896	10.1375	6.12338	0	0	0	0	0	0	0	0	0	0	0	0
00.000,00.000	39.3	0	-200	0	4.5	3313.15	1652.33	1042.33	380.66	131.78	70.0134	19.6423	10.1726	6.21696	0	0	0	0	0	0	0	0	0	0	0	0
00.000,00.000	39.4	0	-200	0	4.5	3317.94	1655.25	1043.78	380.661	131.78	70.1541	19.7975	10.21	6.30967	0	0	0	0	0	0	0	0	0	0	0	0
00.000,00.000	39.5	0	-200	0	4.5	3322.73	1658.14	1045.24	380.662	131.78	70.2914	19.9563	10.2499	6.40245	0	0	0	0	0	0	0	0	0	0	0	0
00.000,00.000	39.6	0	-200	0	4.5	3332	1663.32	1048.32	380.664	131.78	70.6034	20.3375	10.3502	6.62115	0	0	0	0	0	0	0	0	0	0	0	0
00.000,00.000	39.7	0	-200	0	4.5	3353.43	1675.29	1055.37	380.666	131.78	71.315	21.2591	10.6032	7.13524	0	0	0	0	0	0	0	0	0	0	0	0
00.000,00.000	39.8	0	-200	0	4.5	3359.5	1678.79	1057.31	380.667	131.78	71.4999	21.5083	10.6742	7.27254	0	0	0	0	0	0	0	0	0	0	0	0
00.000,00.000	39.9	0	-200	0	4.5	3359.55	1678.82	1057.32	380.667	131.78	71.5011	21.51	10.6747	7.27344	0	0	0	0	0	0	0	0	0	0	0	0
00.000,00.000	40	0	-200	0	4.5	3378.45	1688.47	1064.28	380.747	131.78	72.0694	22.4139	10.9596	7.74086	0	0	0	0	0	0	0	0	0	0	0	0
00.000,00.000	40.1	0	-200	0	4.5	3389.12	1694.45	1067.59	380.852	131.78	72.3823	22.9322	11.1278	8.00529	0	0	0	0	0	0	0	0	0	0	0	0
00.000,00.000	40.2	0	-200	0	4.5	3393.37	1696.8	1068.97	380.879	131.78	72.4961	23.1366	11.1978	8.10693	0	0	0	0	0	0	0	0	0	0	0	0
00.000,00.000	40.3	0	-200	0	4.5	3397.28	1698.98	1070.23	380.899	131.78	72.5932	23.3244	11.2649	8.19856	0	0	0	0	0	0	0	0	0	0	0	0
00.000,00.000	40.4	0	-200	0	4.5	3401.35	1701.28	1071.5	380.955	131.78	72.6859	23.5169	11.3363	8.29091	0	0	0	0	0	0	0	0	0	0	0	0
00.000,00.000	40.5	0	-200	0	4.5	3405.94	1703.7	1073.06	381.023	131.78	72.7923	23.7543	11.4274	8.40252	0	0	0	0	0	0	0	0	0	0	0	0
00.000,00.000	40.6	0	-200	0	4.5	3435.05	1719.25	1082.19	381.607	131.78	73.4969	25.4454	12.1021	9.19003	0	0	0	0	0	0	0	0	0	0	0	0
00.000,00.000	40.7	0	-200	0	4.5	3440.92	1722.32	1083.81	381.991	131.78	73.6359	25.7892	12.2417	9.3157	0.0319476	0	0	0	0	0	0	0	0	0	0	0
00.000,00.000	40.8	0	-200	0	4.5	3440.99	1722.36	1083.83	381.995	131.78	73.6373	25.793	12.2434	9.31659	0.0327684	0	0	0	0	0	0	0	0	0	0	0
00.000,00.000	40.9	0	-200	0	4.5	3470.25	1738.53	1091.47	383.764	131.78	74.2023	27.4296	12.9885	9.4482	0.636993	0	0	0	0	0	0	0	0	0	0	0
00.000,00.000	41	0	-200	0	4.5	3477.78	1742.76	1093.33	384.166	131.78	74.3582	27.8917	13.2026	9.4482	0.841906	0	0	0	0	0	0	0	0	0	0	0
00.000,00.000	41.1	0	-200	0	4.5	3478.92	1743.42	1093.61	384.207	131.78	74.3795	27.9622	13.238	9.4482	0.873168	0	0	0	0	0	0	0	0	0	0	0
00.000,00.000	41.2	0	-200	0	4.5	3490.56	1750.09	1096.55	384.609	131.78	74.5889	28.6892	13.6161	9.4482	1.19217	0	0	0	0	0	0	0	0	0	0	0
00.000,00.000	41.3	0	-200	0	4.5	3494.69	1752.57	1097.5	384.742	131.78	74.6586	28.9394	13.749	9.4482	1.30159	0	0	0	0	0	0	0	0	0	0	0
00.000,00.000	41.4	0	-200	0	4.5	3500.43	1755.85	1098.96	384.913	131.78	74.7511	29.3064	13.9556	9.4482	1.46143	0	0	0	0	0	0	0	0	0	0	0
00.000,00.000	41.5	0	-200	0	4.5	3504.45	1758.1	1099.96	385.068	131.78	74.8158	29.578	14.1134	9.44833	1.57974	0	0	0	0	0	0	0	0	0	0	0
00.000,00.000	41.6	0	-200	0	4.5	3550.51	1786.2	1108.4	387.594	131.78	75.4702	32.5698	16.1489	9.45675	2.8909	0	0	0	0	0	0	0	0	0	0	0
00.000,00.000	41.7	0	-200	0	4.5	3559.96	1791.74	1110.02	388.409	131.78	75.5999	33.1812	16.6128	9.46058	3.15559	0	0	0	0	0	0	0	0	0	0	0
00.000,00.000	41.8	0	-200	0	4.5	3584.44	1806.48	1114.08	390.322	131.78	75.8945	34.7224	17.8401	9.48581	3.83023	0	0	0	0	0	0	0	0	0	0	0
00.000,00.000	41.9	0	-200	0	4.5	3599.9	1815.72	1116.76	391.549	131.78	76.0673	35.6692	18.6094	9.50618	4.24392	0	0	0	0	0	0	0	0	0	0	0
00.000,00.000	42	0	-200	0	4.5	3600.89	1816.31	1116.92	391.631	131.78	76.0778	35.7297	18.6595	9.50783	4.2704	0	0	0	0	0	0	0	0	0	0	0