
label	time(d)	x	depth	z	radius	total	0-10	10-20	20-30	30-40	40-50	50-60	60-70	70-80	80-90	90-100	100-110	110-120	120-130	130-140	140-150	150-160	160-170	170-180	180-190	190-200
00.000,00.000	0	0	-200	0	4.5	0	0	0	0	0	0	0	0	0	0	0	0	0	0	0	0	0	0	0	0	0
00.000,00.000	0.1	0	-200	0	4.5	0.37949	0.37949	0	0	0	0	0	0	0	0	0	0	0	0	0	0	0	0	0	0	0
00.000,00.000	0.2	0	-200	0	4.5	0.761528	0.761528	0	0	0	0	0	0	0	0	0	0	0	0	0	0	0	0	0	0	0
00.000,00.000	0.3	0	-200	0	4.5	1.14629	1.14629	0	0	0	0	0	0	0	0	0	0	0	0	0	0	0	0	0	0	0
00.000,00.000	0.4	0	-200	0	4.5	1.53381	1.53381	0	0	0	0	0	0	0	0	0	0	0	0	0	0	0	0	0	0	0
00.000,00.000	0.5	0	-200	0	4.5	1.92346	1.92346	0	0	0	0	0	0	0	0	0	0	0	0	0	0	0	0	0	0	0
00.000,00.000	0.6	0	-200	0	4.5	2.31491	2.31491	0	0	0	0	0	0	0	0	0	0	0	0	0	0	0	0	0	0	0
00.000,00.000	0.7	0	-200	0	4.5	2.70843	2.70843	0	0	0	0	0	0	0	0	0	0	0	0	0	0	0	0	0	0	0
00.000,00.000	0.8	0	-200	0	4.5	3.10412	3.10412	0	0	0	0	0	0	0	0	0	0	0	0	0	0	0	0	0	0	0
00.000,00.000	0.9	0	-200	0	4.5	3.50219	3.50219	0	0	0	0	0	0	0	0	0	0	0	0	0	0	0	0	0	0	0
00.000,00.000	1	0	-200	0	4.5	3.90313	3.90313	0	0	0	0	0	0	0	0	0	0	0	0	0	0	0	0	0	0	0
00.000,00.000	1.1	0	-200	0	4.5	4.30996	4.30996	0	0	0	0	0	0	0	0	0	0	0	0	0	0	0	0	0	0	0
00.000,00.000	1.2	0	-200	0	4.5	4.72212	4.72212	0	0	0	0	0	0	0	0	0	0	0	0	0	0	0	0	0	0	0
00.000,00.000	1.3	0	-200	0	4.5	5.13924	5.13924	0	0	0	0	0	0	0	0	0	0	0	0	0	0	0	0	0	0	0
00.000,00.000	1.4	0	-200	0	4.5	5.56101	5.56101	0	0	0	0	0	0	0	0	0	0	0	0	0	0	0	0	0	0	0
00.000,00.000	1.5	0	-200	0	4.5	5.98628	5.98628	0	0	0	0	0	0	0	0	0	0	0	0	0	0	0	0	0	0	0
00.000,00.000	1.6	0	-200	0	4.5	6.41339	6.41339	0	0	0	0	0	0	0	0	0	0	0	0	0	0	0	0	0	0	0
00.000,00.000	1.7	0	-200	0	4.5	6.84636	6.84636	0	0	0	0	0	0	0	0	0	0	0	0	0	0	0	0	0	0	0
00.000,00.000	1.8	0	-200	0	4.5	7.28689	7.21961	0.0672848	0	0	0	0	0	0	0	0	0	0	0	0	0	0	0	0	0	0
00.000,00.000	1.9	0	-200	0	4.5	7.73688	7.39479	0.342092	0	0	0	0	0	0	0	0	0	0	0	0	0	0	0	0	0	0
00.000,00.000	2	0	-200	0	4.5	8.19242	7.57851	0.613911	0	0	0	0	0	0	0	0	0	0	0	0	0	0	0	0	0	0
00.000,00.000	2.1	0	-200	0	4.5	8.68574	7.80061	0.885133	0	0	0	0	0	0	0	0	0	0	0	0	0	0	0	0	0	0
00.000,00.000	2.2	0	-200	0	4.5	9.24611	8.08916	1.15695	0	0	0	0	0	0	0	0	0	0	0	0	0	0	0	0	0	0
00.000,00.000	2.3	0	-200	0	4.5	9.87139	8.44384	1.42755	0	0	0	0	0	0	0	0	0	0	0	0	0	0	0	0	0	0
00.000,00.000	2.4	0	-200	0	4.5	10.5616	8.8646	1.69701	0	0	0	0	0	0	0	0	0	0	0	0	0	0	0	0	0	0
00.000,00.000	2.5	0	-200	0	4.5	11.3175	9.3509	1.96659	0	0	0	0	0	0	0	0	0	0	0	0	0	0	0	0	0	0
00.000,00.000	2.6	0	-200	0	4.5	12.1372	9.9011	2.23607	0	0	0	0	0	0	0	0	0	0	0	0	0	0	0	0	0	0
00.000,00.000	2.7	0	-200	0	4.5	13.0226	10.5181	2.50448	0	0	0	0	0	0	0	0	0	0	0	0	0	0	0	0	0	0
00.000,00.000	2.8	0	-200	0	4.5	13.9674	11.1957	2.77166	0	0	0	0	0	0	0	0	0	0	0	0	0	0	0	0	0	0
00.000,00.000	2.9	0	-200	0	4.5	14.9836	11.9444	3.03924	0	0	0	0	0	0	0	0	0	0	0	0	0	0	0	0	0	0
00.000,00.000	3	0	-200	0	4.5	16.0707	12.7642	3.3065	0	0	0	0	0	0	0	0	0	0	0	0	0	0	0	0	0	0
00.000,00.000	3.1	0	-200	0	4.5	17.1867	13.614	3.57269	0	0	0	0	0	0	0	0	0	0	0	0	0	0	0	0	0	0
00.000,00.000	3.2	0	-200	0	4.5	18.2999	14.4618	3.83811	0	0	0	0	0	0	0	0	0	0	0	0	0	0	0	0	0	0
00.000,00.000	3.3	0	-200	0	4.5	19.4104	15.3066	4.10381	0	0	0	0	0	0	0	0	0	0	0	0	0	0	0	0	0	0
00.000,00.000	3.4	0	-200	0	4.5	20.5174	16.1486	4.36881	0	0	0	0	0	0	0	0	0	0	0	0	0	0	0	0	0	0
00.000,00.000	3.5	0	-200	0	4.5	21.6163	16.9838	4.63249	0	0	0	0	0	0	0	0	0	0	0	0	0	0	0	0	0	0
00.000,00.000	3.6	0	-200	0	4.5	22.7009	17.8057	4.89528	0	0	0	0	0	0	0	0	0	0	0	0	0	0	0	0	0	0
00.000,00.000	3.7	0	-200	0	4.5	23.7794	18.6211	5.15835	0	0	0	0	0	0	0	0	0	0	0	0	0	0	0	0	0	0
00.000,00.000	3.8	0	-200	0	4.5	24.8524	19.4319	5.42046	0	0	0	0	0	0	0	0	0	0	0	0	0	0	0	0	0	0
00.000,00.000	3.9	0	-200	0	4.5	25.9208	20.239	5.68174	0	0	0	0	0	0	0	0	0	0	0	0	0	0	0	0	0	0
00.000,00.000	4	0	-200	0	4.5	26.9877	21.0448	5.94293	0	0	0	0	0	0	0	0	0	0	0	0	0	0	0	0	0	0
00.000,00.000	4.1	0	-200	0	4.5	28.0497	21.8457	6.20404	0	0	0	0	0	0	0	0	0	0	0	0	0	0	0	0	0	0
00.000,00.000	4.2	0	-200	0	4.5	29.1057	22.6415	6.46419	0	0	0	0	0	0	0	0	0	0	0	0	0	0	0	0	0	0
00.000,00.000	4.3	0	-200	0	4.5	30.1583	23.4348	6.72354	0	0	0	0	0	0	0	0	0	0	0	0	0	0	0	0	0	0
00.000,00.000	4.4	0	-200	0	4.5	31.207	24.2242	6.98272	0	0	0	0	0	0	0	0	0	0	0	0	0	0	0	0	0	0
00.000,00.000	4.5	0	-200	0	4.5	32.2482	25.0072	7.241	0	0	0	0	0	0	0	0	0	0	0	0	0	0	0	0	0	0
00.000,00.000	4.6	0	-200	0	4.5	33.2821	25.7837	7.49831	0	0	0	0	0	0	0	0	0	0	0	0	0	0	0	0	0	0
00.000,00.000	4.7	0	-200	0	4.5	34.3108	26.4886	7.82218	0	0	0	0	0	0	0	0	0	0	0	0	0	0	0	0	0	0
00.000,00.000	4.8	0	-200	0	4.5	35.3373	26.9827	8.35464	0	0	0	0	0	0	0	0	0	0	0	0	0	0	0	0	0	0
00.000,00.000	4.9	0	-200	0	4.5	36.363	27.4775	8.88547	0	0	0	0	0	0	0	0	0	0	0	0	0	0	0	0	0	0
00.000,00.000	5	0	-200	0	4.5	37.3884	27.9732	9.41521	0	0	0	0	0	0	0	0	0	0	0	0	0	0	0	0	0	0
00.000,00.000	5.1	0	-200	0	4.5	38.4169	28.2102	10.2067	0	0	0	0	0	0	0	0	0	0	0	0	0	0	0	0	0	0
00.000,00.000	5.2	0	-200	0	4.5	39.3408	28.4599	10.8809	0	0	0	0	0	0	0	0	0	0	0	0	0	0	0	0	0	0
00.000,00.000	5.3	0	-200	0	4.5	40.1297	28.7177	11.412	0	0	0	0	0	0	0	0	0	0	0	0	0	0	0	0	0	0
00.000,00.000	5.4	0	-200	0	4.5	40.8207	28.9811	11.8396	0	0	0	0	0	0	0	0	0	0	0	0	0	0	0	0	0	0
00.000,00.000	5.5	0	-200	0	4.5	41.3368	29.2458	12.091	0	0	0	0	0	0	0	0	0	0	0	0	0	0	0	0	0	0
00.000,00.000	5.6	0	-200	0	4.5	41.8644	29.5218	12.3393	0.00326347	0	0	0	0	0	0	0	0	0	0	0	0	0	0	0	0	0
00.000,00.000	5.7	0	-200	0	4.5	42.3962	29.6198	12.5221	0.254299	0	0	0	0	0	0	0	0	0	0	0	0	0	0	0	0	0
00.000,00.000	5.8	0	-200	0	4.5	42.8715	29.7047	12.6628	0.504122	0	0	0	0	0	0	0	0	0	0	0	0	0	0	0	0	0
00.000,00.000	5.9	0	-200	0	4.5	43.2157	29.7989	12.6629	0.753926	0	0	0	0	0	0	0	0	0	0	0	0	0	0	0	0	0
00.000,00.000	6	0	-200	0	4.5	43.5672	29.9004	12.6635	1.00331	0	0	0	0	0	0	0	0	0	0	0	0	0	0	0	0	0
00.000,00.000	6.1	0	-200	0	4.5	43.9301	30.0107	12.6673	1.25209	0	0	0	0	0	0	0	0	0	0	0	0	0	0	0	0	0
00.000,00.000	6.2	0	-200	0	4.5	44.2977	30.1294	12.6682	1.50015	0	0	0	0	0	0	0	0	0	0	0	0	0	0	0	0	0
00.000,00.000	6.3	0	-200	0	4.5	44.6759	30.2569	12.6714	1.74761	0	0	0	0	0	0	0	0	0	0	0	0	0	0	0	0	0
00.000,00.000	6.4	0	-200	0	4.5	45.0635	30.3932	12.6758	1.99453	0	0	0	0	0	0	0	0	0	0	0	0	0	0	0	0	0
00.000,00.000	6.5	0	-200	0	4.5	45.4532	30.5305	12.6825	2.24027	0	0	0	0	0	0	0	0	0	0	0	0	0	0	0	0	0
00.000,00.000	6.6	0	-200	0	4.5	45.8613	30.6824	12.6931	2.48572	0	0	0	0	0	0	0	0	0	0	0	0	0	0	0	0	0
00.000,00.000	6.7	0	-200	0	4.5	46.2783	30.8415	12.7065	2.73029	0	0	0	0	0	0	0	0	0	0	0	0	0	0	0	0	0
00.000,00.000	6.8	0	-200	0	4.5	46.7156	31.0156	12.7255	2.97453	0	0	0	0	0	0	0	0	0	0	0	0	0	0	0	0	0
00.000,00.000	6.9	0	-200	0	4.5	47.1738	31.2067	12.7486	3.2185	0	0	0	0	0	0	0	0	0	0	0	0	0	0	0	0	0
00.000,00.000	7	0	-200	0	4.5	47.6533	31.4144	12.7771	3.46169	0	0	0	0	0	0	0	0	0	0	0	0	0	0	0	0	0
00.000,00.000	7.1	0	-200	0	4.5	48.1583	31.6423	12.8119	3.70416	0	0	0	0	0	0	0	0	0	0	0	0	0	0	0	0	0
00.000,00.000	7.2	0	-200	0	4.5	48.6916	31.8929	12.8524	3.94631	0	0	0	0	0	0	0	0	0	0	0	0	0	0	0	0	0
00.000,00.000	7.3	0	-200	0	4.5	49.2558	32.1676	12.9002	4.18796	0	0	0	0	0	0	0	0	0	0	0	0	0	0	0	0	0
00.000,00.000	7.4	0	-200	0	4.5	49.8565	32.4715	12.9562	4.42888	0	0	0	0	0	0	0	0	0	0	0	0	0	0	0	0	0
00.000,00.000	7.5	0	-200	0	4.5	50.4799	32.7926	13.0187	4.66853	0	0	0	0	0	0	0	0	0	0	0	0	0	0	0	0	0
00.000,00.000	7.6	0	-200	0	4.5	51.1462	33.148	13.0902	4.90799	0	0	0	0	0	0	0	0	0	0	0	0	0	0	0	0	0
00.000,00.000	7.7	0	-200	0	4.5	51.8466	33.5303	13.1693	5.14701	0	0	0	0	0	0	0	0	0	0	0	0	0	0	0	0	0
00.000,00.000	7.8	0	-200	0	4.5	52.5911	33.949	13.2567	5.38545	0	0	0	0	0	0	0	0	0	0	0	0	0	0	0	0	0
00.000,00.000	7.9	0	-200	0	4.5	53.3883	34.4116	13.3535	5.62331	0	0	0	0	0	0	0	0	0	0	0	0	0	0	0	0	0
00.000,00.000	8	0	-200	0	4.5	54.2321	34.9131	13.4583	5.86074	0	0	0	0	0	0	0	0	0	0	0	0	0	0	0	0	0
00.000,00.000	8.1	0	-200	0	4.5	55.1339	35.4643	13.5719	6.09765	0	0	0	0	0	0	0	0	0	0	0	0	0	0	0	0	0
00.000,00.000	8.2	0	-200	0	4.5	56.0941	36.0648	13.6953	6.33402	0	0	0	0	0	0	0	0	0	0	0	0	0	0	0	0	0
00.000,00.000	8.3	0	-200	0	4.5	57.1124	36.7146	13.828	6.5698	0	0	0	0	0	0	0	0	0	0	0	0	0	0	0	0	0
00.000,00.000	8.4	0	-200	0	4.5	58.1914	37.4167	13.9697	6.80503	0	0	0	0	0	0	0	0	0	0	0	0	0	0	0	0	0
00.000,00.000	8.5	0	-200	0	4.5	59.3022	38.147	14.116	7.0392	0	0	0	0	0	0	0	0	0	0	0	0	0	0	0	0	0
00.000,00.000	8.6	0	-200	0	4.5	60.491	38.9425	14.2752	7.27319	0	0	0	0	0	0	0	0	0	0	0	0	0	0	0	0	0
00.000,00.000	8.7	0	-200	0	4.5	61.729	39.7808	14.4418	7.50644	0	0	0	0	0	0	0	0	0	0	0	0	0	0	0	0	0
00.000,00.000	8.8	0	-200	0	4.5	63.0453	40.6714	14.6346	7.73923	0	0	0	0	0	0	0	0	0	0	0	0	0	0	0	0	0
00.000,00.000	8.9	0	-200	0	4.5	64.4396	41.6117	14.8562	7.97163	0	0	0	0	0	0	0	0	0	0	0	0	0	0	0	0	0
00.000,00.000	9	0	-200	0	4.5	65.9042	42.6109	15.0899	8.20342	0	0	0	0	0	0	0	0	0	0	0	0	0	0	0	0	0
00.000,00.000	9.1	0	-200	0	4.5	67.453	43.6811	15.3373	8.43462	0	0	0	0	0	0	0	0	0	0	0	0	0	0	0	0	0
00.000,00.000	9.2	0	-200	0	4.5	69.0976	44.8268	15.6055	8.66531	0	0	0	0	0	0	0	0	0	0	0	0	0	0	0	0	0
00.000,00.000	9.3	0	-200	0	4.5	70.8414	46.0551	15.8908	8.89552	0	0	0	0	0	0	0	0	0	0	0	0	0	0	0	0	0
00.000,00.000	9.4	0	-200	0	4.5	72.6862	47.3681	16.193	9.12514	0	0	0	0	0	0	0	0	0	0	0	0	0	0	0	0	0
00.000,00.000	9.5	0	-200	0	4.5	74.5773	48.7127	16.5109	9.35371	0	0	0	0	0	0	0	0	0	0	0	0	0	0	0	0	0
00.000,00.000	9.6	0	-200	0	4.5	76.5852	50.1419	16.8613	9.5819	0	0	0	0	0	0	0	0	0	0	0	0	0	0	0	0	0
00.000,00.000	9.7	0	-200	0	4.5	78.6815	51.6342	17.2376	9.80958	0	0	0	0	0	0	0	0	0	0	0	0	0	0	0	0	0
00.000,00.000	9.8	0	-200	0	4.5	80.8819	53.205	17.6402	10.0367	0	0	0	0	0	0	0	0	0	0	0	0	0	0	0	0	0
00.000,00.000	9.9	0	-200	0	4.5	83.2078	54.8699	18.0745	10.1266	0.136786	0	0	0	0	0	0	0	0	0	0	0	0	0	0	0	0
00.000,00.000	10	0	-200	0	4.5	85.6368	56.6083	18.5389	10.1268	0.362732	0	0	0	0	0	0	0	0	0	0	0	0	0	0	0	0
00.000,00.000	10.1	0	-200	0	4.5	88.179	58.4355	19.0283	10.1269	0.588288	0	0	0	0	0	0	0	0	0	0	0	0	0	0	0	0
00.000,00.000	10.2	0	-200	0	4.5	90.8401	60.3572	19.5426	10.1269	0.813386	0	0	0	0	0	0	0	0	0	0	0	0	0	0	0	0
00.000,00.000	10.3	0	-200	0	4.5	93.6256	62.3749	20.0858	10.1269	1.03801	0	0	0	0	0	0	0	0	0	0	0	0	0	0	0	0
00.000,00.000	10.4	0	-200	0	4.5	96.533	64.491	20.653	10.127	1.26198	0	0	0	0	0	0	0	0	0	0	0	0	0	0	0	0
00.000,00.000	10.5	0	-200	0	4.5	99.4661	66.6208	21.2324	10.128	1.4849	0	0	0	0	0	0	0	0	0	0	0	0	0	0	0	0
00.000,00.000	10.6	0	-200	0	4.5	102.523	68.8435	21.8397	10.132	1.7074	0	0	0	0	0	0	0	0	0	0	0	0	0	0	0	0
00.000,00.000	10.7	0	-200	0	4.5	105.686	71.1488	22.47	10.1376	1.92956	0	0	0	0	0	0	0	0	0	0	0	0	0	0	0	0
00.000,00.000	10.8	0	-200	0	4.5	108.959	73.5361	23.1244	10.147	2.15123	0	0	0	0	0	0	0	0	0	0	0	0	0	0	0	0
00.000,00.000	10.9	0	-200	0	4.5	112.391	76.0495	23.8087	10.1605	2.37242	0	0	0	0	0	0	0	0	0	0	0	0	0	0	0	0
00.000,00.000	11	0	-200	0	4.5	115.948	78.6612	24.5163	10.1775	2.59294	0	0	0	0	0	0	0	0	0	0	0	0	0	0	0	0
00.000,00.000	11.1	0	-200	0	4.5	119.642	81.3816	25.2486	10.1989	2.81297	0	0	0	0	0	0	0	0	0	0	0	0	0	0	0	0
00.000,00.000	11.2	0	-200	0	4.5	123.5	84.2353	26.0067	10.2253	3.03253	0	0	0	0	0	0	0	0	0	0	0	0	0	0	0	0
00.000,00.000	11.3	0	-200	0	4.5	127.528	87.2379	26.7812	10.2576	3.25159	0	0	0	0	0	0	0	0	0	0	0	0	0	0	0	0
00.000,00.000	11.4	0	-200	0	4.5	131.722	90.3746	27.5817	10.2953	3.47017	0	0	0	0	0	0	0	0	0	0	0	0	0	0	0	0
00.000,00.000	11.5	0	-200	0	4.5	135.951	93.5302	28.3943	10.3392	3.68778	0	0	0	0	0	0	0	0	0	0	0	0	0	0	0	0
00.000,00.000	11.6	0	-200	0	4.5	140.318	96.7874	29.236	10.3898	3.90477	0	0	0	0	0	0	0	0	0	0	0	0	0	0	0	0
00.000,00.000	11.7	0	-200	0	4.5	144.796	100.119	30.1077	10.448	4.12133	0	0	0	0	0	0	0	0	0	0	0	0	0	0	0	0
00.000,00.000	11.8	0	-200	0	4.5	149.395	103.531	31.0146	10.5122	4.33742	0	0	0	0	0	0	0	0	0	0	0	0	0	0	0	0
00.000,00.000	11.9	0	-200	0	4.5	154.18	107.091	31.9525	10.5835	4.55309	0	0	0	0	0	0	0	0	0	0	0	0	0	0	0	0
00.000,00.000	12	0	-200	0	4.5	159.306	110.913	32.9521	10.665	4.77594	0	0	0	0	0	0	0	0	0	0	0	0	0	0	0	0
00.000,00.000	12.1	0	-200	0	4.5	164.596	114.864	33.9769	10.7532	5.00211	0	0	0	0	0	0	0	0	0	0	0	0	0	0	0	0
00.000,00.000	12.2	0	-200	0	4.5	169.825	118.767	34.9962	10.8459	5.21617	0	0	0	0	0	0	0	0	0	0	0	0	0	0	0	0
00.000,00.000	12.3	0	-200	0	4.5	175.17	122.749	36.0462	10.9453	5.42966	0	0	0	0	0	0	0	0	0	0	0	0	0	0	0	0
00.000,00.000	12.4	0	-200	0	4.5	180.627	126.801	37.1309	11.0522	5.64257	0	0	0	0	0	0	0	0	0	0	0	0	0	0	0	0
00.000,00.000	12.5	0	-200	0	4.5	187.534	131.921	38.5127	11.1949	5.90593	0	0	0	0	0	0	0	0	0	0	0	0	0	0	0	0
00.000,00.000	12.6	0	-200	0	4.5	193.412	136.258	39.7001	11.3227	6.13102	0	0	0	0	0	0	0	0	0	0	0	0	0	0	0	0
00.000,00.000	12.7	0	-200	0	4.5	199.299	140.284	41.2047	11.4573	6.35287	0	0	0	0	0	0	0	0	0	0	0	0	0	0	0	0
00.000,00.000	12.8	0	-200	0	4.5	205.029	144.032	42.8363	11.5948	6.56542	0	0	0	0	0	0	0	0	0	0	0	0	0	0	0	0
00.000,00.000	12.9	0	-200	0	4.5	209.459	146.79	44.2381	11.7048	6.72581	0	0	0	0	0	0	0	0	0	0	0	0	0	0	0	0
00.000,00.000	13	0	-200	0	4.5	216.07	150.937	46.2961	11.876	6.96034	0	0	0	0	0	0	0	0	0	0	0	0	0	0	0	0
00.000,00.000	13.1	0	-200	0	4.5	222.405	154.909	48.2689	12.0465	7.18055	0	0	0	0	0	0	0	0	0	0	0	0	0	0	0	0
00.000,00.000	13.2	0	-200	0	4.5	228.515	158.742	50.1156	12.2681	7.38882	0	0	0	0	0	0	0	0	0	0	0	0	0	0	0	0
00.000,00.000	13.3	0	-200	0	4.5	234.737	162.649	51.9756	12.5157	7.59661	0	0	0	0	0	0	0	0	0	0	0	0	0	0	0	0
00.000,00.000	13.4	0	-200	0	4.5	241.088	166.645	53.8764	12.7629	7.80412	0	0	0	0	0	0	0	0	0	0	0	0	0	0	0	0
00.000,00.000	13.5	0	-200	0	4.5	250.456	172.538	56.6779	13.1299	8.11001	0	0	0	0	0	0	0	0	0	0	0	0	0	0	0	0
00.000,00.000	13.6	0	-200	0	4.5	256.353	176.249	58.4246	13.3804	8.29971	0	0	0	0	0	0	0	0	0	0	0	0	0	0	0	0
00.000,00.000	13.7	0	-200	0	4.5	262.86	180.337	60.3621	13.6542	8.50673	0	0	0	0	0	0	0	0	0	0	0	0	0	0	0	0
00.000,00.000	13.8	0	-200	0	4.5	268.137	183.651	61.9302	13.8834	8.67269	0	0	0	0	0	0	0	0	0	0	0	0	0	0	0	0
00.000,00.000	13.9	0	-200	0	4.5	272.068	186.127	63.0886	14.0584	8.79374	0	0	0	0	0	0	0	0	0	0	0	0	0	0	0	0
00.000,00.000	14	0	-200	0	4.5	280.247	191.289	65.497	14.4206	9.04103	0	0	0	0	0	0	0	0	0	0	0	0	0	0	0	0
00.000,00.000	14.1	0	-200	0	4.5	287.692	195.989	67.6733	14.7586	9.27109	0	0	0	0	0	0	0	0	0	0	0	0	0	0	0	0
00.000,00.000	14.2	0	-200	0	4.5	294.629	200.399	69.675	15.0805	9.47437	0	0	0	0	0	0	0	0	0	0	0	0	0	0	0	0
00.000,00.000	14.3	0	-200	0	4.5	301.643	204.869	71.6792	15.4172	9.67761	0	0	0	0	0	0	0	0	0	0	0	0	0	0	0	0
00.000,00.000	14.4	0	-200	0	4.5	308.701	209.362	73.691	15.7674	9.88011	0	0	0	0	0	0	0	0	0	0	0	0	0	0	0	0
00.000,00.000	14.5	0	-200	0	4.5	322.739	218.22	77.7577	16.495	10.1568	0.109347	0	0	0	0	0	0	0	0	0	0	0	0	0	0	0
00.000,00.000	14.6	0	-200	0	4.5	325.657	220.036	78.6208	16.6502	10.1398	0.210331	0	0	0	0	0	0	0	0	0	0	0	0	0	0	0
00.000,00.000	14.7	0	-200	0	4.5	332.189	224.094	80.5368	17.02	10.1532	0.38534	0	0	0	0	0	0	0	0	0	0	0	0	0	0	0
00.000,00.000	14.8	0	-200	0	4.5	333.606	224.969	80.955	17.1022	10.1486	0.430945	0	0	0	0	0	0	0	0	0	0	0	0	0	0	0
00.000,00.000	14.9	0	-200	0	4.5	337.15	227.162	81.9901	17.3178	10.151	0.529401	0	0	0	0	0	0	0	0	0	0	0	0	0	0	0
00.000,00.000	15	0	-200	0	4.5	346.989	233.217	84.8777	17.9349	10.1544	0.804626	0	0	0	0	0	0	0	0	0	0	0	0	0	0	0
00.000,00.000	15.1	0	-200	0	4.5	354.95	238.15	87.1659	18.4494	10.155	1.02944	0	0	0	0	0	0	0	0	0	0	0	0	0	0	0
00.000,00.000	15.2	0	-200	0	4.5	361.966	242.474	89.1889	18.9199	10.1558	1.22734	0	0	0	0	0	0	0	0	0	0	0	0	0	0	0
00.000,00.000	15.3	0	-200	0	4.5	368.952	246.725	91.2375	19.4073	10.1571	1.42548	0	0	0	0	0	0	0	0	0	0	0	0	0	0	0
00.000,00.000	15.4	0	-200	0	4.5	375.951	250.933	93.3243	19.9107	10.1601	1.62337	0	0	0	0	0	0	0	0	0	0	0	0	0	0	0
00.000,00.000	15.5	0	-200	0	4.5	397.39	263.451	100.002	21.5258	10.1744	2.23768	0	0	0	0	0	0	0	0	0	0	0	0	0	0	0
00.000,00.000	15.6	0	-200	0	4.5	401.473	265.678	101.411	21.8489	10.1779	2.35833	0	0	0	0	0	0	0	0	0	0	0	0	0	0	0
00.000,00.000	15.7	0	-200	0	4.5	402.993	266.533	101.902	21.9744	10.1803	2.40402	0	0	0	0	0	0	0	0	0	0	0	0	0	0	0
00.000,00.000	15.8	0	-200	0	4.5	403.004	266.539	101.906	21.9754	10.1803	2.40436	0	0	0	0	0	0	0	0	0	0	0	0	0	0	0
00.000,00.000	15.9	0	-200	0	4.5	422.176	276.9	108.351	23.7022	10.2283	2.9946	0	0	0	0	0	0	0	0	0	0	0	0	0	0	0
00.000,00.000	16	0	-200	0	4.5	432.856	282.652	111.62	25.0086	10.2605	3.3146	0	0	0	0	0	0	0	0	0	0	0	0	0	0	0
00.000,00.000	16.1	0	-200	0	4.5	439.283	286.062	113.555	25.8728	10.2866	3.50657	0	0	0	0	0	0	0	0	0	0	0	0	0	0	0
00.000,00.000	16.2	0	-200	0	4.5	445.738	289.446	115.515	26.7593	10.317	3.69996	0	0	0	0	0	0	0	0	0	0	0	0	0	0	0
00.000,00.000	16.3	0	-200	0	4.5	452.089	292.753	117.369	27.7234	10.352	3.89071	0	0	0	0	0	0	0	0	0	0	0	0	0	0	0
00.000,00.000	16.4	0	-200	0	4.5	458.419	296.026	119.038	28.88	10.3928	4.08198	0	0	0	0	0	0	0	0	0	0	0	0	0	0	0
00.000,00.000	16.5	0	-200	0	4.5	485.027	309.488	126.291	33.8282	10.592	4.82725	0	0	0	0	0	0	0	0	0	0	0	0	0	0	0
00.000,00.000	16.6	0	-200	0	4.5	490.185	311.961	127.795	34.809	10.6343	4.98574	0	0	0	0	0	0	0	0	0	0	0	0	0	0	0
00.000,00.000	16.7	0	-200	0	4.5	540.942	334.66	143.252	45.2982	11.1973	6.53413	0	0	0	0	0	0	0	0	0	0	0	0	0	0	0
00.000,00.000	16.8	0	-200	0	4.5	553.686	339.863	147.505	47.7883	11.3403	7.18856	0	0	0	0	0	0	0	0	0	0	0	0	0	0	0
00.000,00.000	16.9	0	-200	0	4.5	579.692	349.814	156.15	53.1607	11.7512	8.81603	0	0	0	0	0	0	0	0	0	0	0	0	0	0	0
00.000,00.000	17	0	-200	0	4.5	591.885	354.528	160.179	55.6069	11.953	9.61853	0	0	0	0	0	0	0	0	0	0	0	0	0	0	0
00.000,00.000	17.1	0	-200	0	4.5	597.902	357.043	162.049	56.7594	12.0648	9.9855	0	0	0	0	0	0	0	0	0	0	0	0	0	0	0
00.000,00.000	17.2	0	-200	0	4.5	604.088	359.478	164.043	57.9961	12.1957	10.3746	0	0	0	0	0	0	0	0	0	0	0	0	0	0	0
00.000,00.000	17.3	0	-200	0	4.5	610.066	361.807	165.974	59.2053	12.3299	10.7494	0	0	0	0	0	0	0	0	0	0	0	0	0	0	0
00.000,00.000	17.4	0	-200	0	4.5	615.887	364.097	167.907	60.4454	12.4715	10.9658	0	0	0	0	0	0	0	0	0	0	0	0	0	0	0
00.000,00.000	17.5	0	-200	0	4.5	644.311	374.994	177.436	66.6664	13.2461	11.9693	0	0	0	0	0	0	0	0	0	0	0	0	0	0	0
00.000,00.000	17.6	0	-200	0	4.5	649.835	377.012	179.346	67.8353	13.4856	12.1569	0	0	0	0	0	0	0	0	0	0	0	0	0	0	0
00.000,00.000	17.7	0	-200	0	4.5	704.069	394.218	199.053	78.6684	17.9764	14.1527	0	0	0	0	0	0	0	0	0	0	0	0	0	0	0
00.000,00.000	17.8	0	-200	0	4.5	717.566	398.89	203.878	80.6468	19.5339	14.6171	0	0	0	0	0	0	0	0	0	0	0	0	0	0	0
00.000,00.000	17.9	0	-200	0	4.5	737.398	404.791	211.318	83.9403	21.9981	15.3505	0	0	0	0	0	0	0	0	0	0	0	0	0	0	0
00.000,00.000	18	0	-200	0	4.5	751.564	408.956	216.818	86.2246	23.7106	15.6888	0.166633	0	0	0	0	0	0	0	0	0	0	0	0	0	0
00.000,00.000	18.1	0	-200	0	4.5	758.186	411.132	219.199	87.2994	24.4746	15.7045	0.376905	0	0	0	0	0	0	0	0	0	0	0	0	0	0
00.000,00.000	18.2	0	-200	0	4.5	763.914	413.267	221.112	88.1875	25.0849	15.7202	0.542304	0	0	0	0	0	0	0	0	0	0	0	0	0	0
00.000,00.000	18.3	0	-200	0	4.5	771.1	415.758	223.646	89.4061	25.8874	15.7456	0.657226	0	0	0	0	0	0	0	0	0	0	0	0	0	0
00.000,00.000	18.4	0	-200	0	4.5	777.352	417.903	225.838	90.497	26.584	15.7711	0.758417	0	0	0	0	0	0	0	0	0	0	0	0	0	0
00.000,00.000	18.5	0	-200	0	4.5	820.234	432.148	241.281	98.3512	31.4135	15.9826	1.05796	0	0	0	0	0	0	0	0	0	0	0	0	0	0
00.000,00.000	18.6	0	-200	0	4.5	828.929	434.889	244.681	99.906	32.3667	16.029	1.05796	0	0	0	0	0	0	0	0	0	0	0	0	0	0
00.000,00.000	18.7	0	-200	0	4.5	903.676	452.443	277.288	115.66	40.3651	16.8614	1.05796	0	0	0	0	0	0	0	0	0	0	0	0	0	0
00.000,00.000	18.8	0	-200	0	4.5	923.058	457.107	286.915	119.2	41.7323	17.0462	1.05796	0	0	0	0	0	0	0	0	0	0	0	0	0	0
00.000,00.000	18.9	0	-200	0	4.5	951.458	465.198	300.036	124.21	43.1342	17.8221	1.05796	0	0	0	0	0	0	0	0	0	0	0	0	0	0
00.000,00.000	19	0	-200	0	4.5	968.324	469.494	308.065	127.354	43.7751	18.5778	1.05796	0	0	0	0	0	0	0	0	0	0	0	0	0	0
00.000,00.000	19.1	0	-200	0	4.5	976.691	471.615	311.991	128.961	44.11	18.9553	1.05796	0	0	0	0	0	0	0	0	0	0	0	0	0	0
00.000,00.000	19.2	0	-200	0	4.5	984.149	473.516	315.423	130.437	44.4148	19.2996	1.05796	0	0	0	0	0	0	0	0	0	0	0	0	0	0
00.000,00.000	19.3	0	-200	0	4.5	991.818	475.483	318.901	131.981	44.7331	19.662	1.05796	0	0	0	0	0	0	0	0	0	0	0	0	0	0
00.000,00.000	19.4	0	-200	0	4.5	999.761	477.523	322.46	133.608	45.0673	20.0444	1.05796	0	0	0	0	0	0	0	0	0	0	0	0	0	0
00.000,00.000	19.5	0	-200	0	4.5	1008.26	479.666	326.242	135.393	45.4356	20.4695	1.05796	0	0	0	0	0	0	0	0	0	0	0	0	0	0
00.000,00.000	19.6	0	-200	0	4.5	1016.22	481.631	329.75	137.105	45.7957	20.8797	1.05796	0	0	0	0	0	0	0	0	0	0	0	0	0	0
00.000,00.000	19.7	0	-200	0	4.5	1024.5	483.699	333.351	138.906	46.1751	21.3114	1.05796	0	0	0	0	0	0	0	0	0	0	0	0	0	0
00.000,00.000	19.8	0	-200	0	4.5	1033.03	485.783	337.044	140.798	46.5774	21.7673	1.05796	0	0	0	0	0	0	0	0	0	0	0	0	0	0
00.000,00.000	19.9	0	-200	0	4.5	1079.06	496.716	356.864	151.366	48.6998	24.3543	1.05796	0	0	0	0	0	0	0	0	0	0	0	0	0	0
00.000,00.000	20	0	-200	0	4.5	1088.71	499.131	361.049	153.517	49.0644	24.8915	1.05796	0	0	0	0	0	0	0	0	0	0	0	0	0	0
00.000,00.000	20.1	0	-200	0	4.5	1120.31	507.359	373.717	160.942	50.5534	26.6811	1.05796	0	0	0	0	0	0	0	0	0	0	0	0	0	0
00.000,00.000	20.2	0	-200	0	4.5	1137.13	511.752	380.273	165.07	51.3366	27.6432	1.05796	0	0	0	0	0	0	0	0	0	0	0	0	0	0
00.000,00.000	20.3	0	-200	0	4.5	1146.51	514.268	383.841	167.361	51.7993	28.1866	1.05796	0	0	0	0	0	0	0	0	0	0	0	0	0	0
00.000,00.000	20.4	0	-200	0	4.5	1170.05	520.642	392.481	173.301	52.9902	29.5762	1.05796	0	0	0	0	0	0	0	0	0	0	0	0	0	0
00.000,00.000	20.5	0	-200	0	4.5	1175.26	522.059	394.288	174.719	53.2521	29.8796	1.05817	0	0	0	0	0	0	0	0	0	0	0	0	0	0
00.000,00.000	20.6	0	-200	0	4.5	1192.04	526.595	400.038	179.256	54.1892	30.902	1.06394	0	0	0	0	0	0	0	0	0	0	0	0	0	0
00.000,00.000	20.7	0	-200	0	4.5	1255.86	543.21	421.974	196.293	58.1824	35.1101	1.09475	0	0	0	0	0	0	0	0	0	0	0	0	0	0
00.000,00.000	20.8	0	-200	0	4.5	1285.07	551.529	431.932	203.625	59.9789	36.87	1.13226	0	0	0	0	0	0	0	0	0	0	0	0	0	0
00.000,00.000	20.9	0	-200	0	4.5	1285.07	551.529	431.933	203.626	59.9791	36.8702	1.13227	0	0	0	0	0	0	0	0	0	0	0	0	0	0
00.000,00.000	21	0	-200	0	4.5	1351.69	570.722	454.538	220.017	64.3958	40.7133	1.30257	0	0	0	0	0	0	0	0	0	0	0	0	0	0
00.000,00.000	21.1	0	-200	0	4.5	1380.65	578.91	464.354	227.39	66.4468	42.1734	1.3807	0	0	0	0	0	0	0	0	0	0	0	0	0	0
00.000,00.000	21.2	0	-200	0	4.5	1391.61	581.98	468.039	230.152	67.2431	42.78	1.41122	0	0	0	0	0	0	0	0	0	0	0	0	0	0
00.000,00.000	21.3	0	-200	0	4.5	1402.99	585.132	471.868	233.028	68.1066	43.3167	1.53831	0	0	0	0	0	0	0	0	0	0	0	0	0	0
00.000,00.000	21.4	0	-200	0	4.5	1437.39	594.612	483.361	241.743	70.8252	44.6776	2.16773	0	0	0	0	0	0	0	0	0	0	0	0	0	0
00.000,00.000	21.5	0	-200	0	4.5	1444.63	596.595	485.789	243.628	71.425	44.8848	2.31104	0	0	0	0	0	0	0	0	0	0	0	0	0	0
00.000,00.000	21.6	0	-200	0	4.5	1468.41	602.943	493.679	249.698	73.4999	45.8292	2.76352	0	0	0	0	0	0	0	0	0	0	0	0	0	0
00.000,00.000	21.7	0	-200	0	4.5	1532.11	618.324	514.765	266.081	80.3046	48.5497	4.08878	0	0	0	0	0	0	0	0	0	0	0	0	0	0
00.000,00.000	21.8	0	-200	0	4.5	1596.7	635.741	535.474	281.402	87.6078	51.1193	5.35985	0	0	0	0	0	0	0	0	0	0	0	0	0	0
00.000,00.000	21.9	0	-200	0	4.5	1603.09	637.46	537.488	282.961	88.3627	51.3154	5.50368	0	0	0	0	0	0	0	0	0	0	0	0	0	0
00.000,00.000	22	0	-200	0	4.5	1687.59	660.138	564.425	302.866	98.2323	54.6941	7.23404	0	0	0	0	0	0	0	0	0	0	0	0	0	0
00.000,00.000	22.1	0	-200	0	4.5	1723.8	669.523	576.425	311.358	102.468	55.9645	8.0642	0	0	0	0	0	0	0	0	0	0	0	0	0	0
00.000,00.000	22.2	0	-200	0	4.5	1736.71	672.904	580.583	314.413	103.993	56.4909	8.33059	0	0	0	0	0	0	0	0	0	0	0	0	0	0
00.000,00.000	22.3	0	-200	0	4.5	1750.19	676.471	584.876	317.598	105.592	57.0455	8.60637	0	0	0	0	0	0	0	0	0	0	0	0	0	0
00.000,00.000	22.4	0	-200	0	4.5	1793.59	687.95	598.584	327.83	110.816	58.8949	9.51944	0	0	0	0	0	0	0	0	0	0	0	0	0	0
00.000,00.000	22.5	0	-200	0	4.5	1802.7	690.253	601.518	330.01	111.961	59.2156	9.74263	0	0	0	0	0	0	0	0	0	0	0	0	0	0
00.000,00.000	22.6	0	-200	0	4.5	1832.34	697.905	610.873	337.14	115.497	60.5416	10.3832	0	0	0	0	0	0	0	0	0	0	0	0	0	0
00.000,00.000	22.7	0	-200	0	4.5	1906.58	714.225	634.994	356.417	124.601	64.191	12.1512	0	0	0	0	0	0	0	0	0	0	0	0	0	0
00.000,00.000	22.8	0	-200	0	4.5	1985.18	734.702	659.903	375.388	133.602	67.7141	13.868	0	0	0	0	0	0	0	0	0	0	0	0	0	0
00.000,00.000	22.9	0	-200	0	4.5	1993.04	736.555	662.503	377.364	134.542	68.013	14.0646	0	0	0	0	0	0	0	0	0	0	0	0	0	0
00.000,00.000	23	0	-200	0	4.5	2093.65	759.938	696.344	402.044	146.394	72.6618	16.2653	0	0	0	0	0	0	0	0	0	0	0	0	0	0
00.000,00.000	23.1	0	-200	0	4.5	2136.86	770.018	710.901	412.72	151.507	74.4268	17.0181	0.265869	0	0	0	0	0	0	0	0	0	0	0	0	0
00.000,00.000	23.2	0	-200	0	4.5	2152.01	773.814	715.829	416.347	153.303	75.1104	17.2093	0.399335	0	0	0	0	0	0	0	0	0	0	0	0	0
00.000,00.000	23.3	0	-200	0	4.5	2168.08	777.972	720.98	420.148	155.182	75.8465	17.4045	0.546469	0	0	0	0	0	0	0	0	0	0	0	0	0
00.000,00.000	23.4	0	-200	0	4.5	2204.27	787.718	732.426	428.518	159.368	77.5394	17.7876	0.91535	0	0	0	0	0	0	0	0	0	0	0	0	0
00.000,00.000	23.5	0	-200	0	4.5	2212.32	789.918	734.969	430.362	160.314	77.8733	17.8894	0.998051	0	0	0	0	0	0	0	0	0	0	0	0	0
00.000,00.000	23.6	0	-200	0	4.5	2281.52	807.986	756.235	446.514	168.943	81.4054	18.704	1.72922	0	0	0	0	0	0	0	0	0	0	0	0	0
00.000,00.000	23.7	0	-200	0	4.5	2298.57	812.874	761.149	450.486	171.008	82.1888	18.961	1.90361	0	0	0	0	0	0	0	0	0	0	0	0	0
00.000,00.000	23.8	0	-200	0	4.5	2330.22	821.915	770.483	457.578	174.829	83.8455	19.3618	2.21114	0	0	0	0	0	0	0	0	0	0	0	0	0
00.000,00.000	23.9	0	-200	0	4.5	2349.09	827.48	775.918	461.746	177.088	84.8384	19.6267	2.39124	0	0	0	0	0	0	0	0	0	0	0	0	0
00.000,00.000	24	0	-200	0	4.5	2352.01	828.363	776.755	462.377	177.429	84.9925	19.6714	2.41804	0	0	0	0	0	0	0	0	0	0	0	0	0
00.000,00.000	24.1	0	-200	0	4.5	2398.02	842.459	790.181	472.078	182.795	87.3703	20.3099	2.82535	0	0	0	0	0	0	0	0	0	0	0	0	0
00.000,00.000	24.2	0	-200	0	4.5	2426.47	851.225	798.428	478.033	186.067	88.894	20.7476	3.0778	0	0	0	0	0	0	0	0	0	0	0	0	0
00.000,00.000	24.3	0	-200	0	4.5	2445.65	857.143	804.026	481.978	188.294	89.9331	21.0291	3.24414	0	0	0	0	0	0	0	0	0	0	0	0	0
00.000,00.000	24.4	0	-200	0	4.5	2465.17	863.174	809.724	485.989	190.556	90.9963	21.3195	3.41127	0	0	0	0	0	0	0	0	0	0	0	0	0
00.000,00.000	24.5	0	-200	0	4.5	2484.86	869.236	815.455	490.04	192.85	92.0814	21.6208	3.57825	0	0	0	0	0	0	0	0	0	0	0	0	0
00.000,00.000	24.6	0	-200	0	4.5	2504.59	875.292	821.145	494.117	195.165	93.1869	21.9361	3.74622	0	0	0	0	0	0	0	0	0	0	0	0	0
00.000,00.000	24.7	0	-200	0	4.5	2524.23	881.328	826.808	498.181	197.453	94.2819	22.2702	3.91113	0	0	0	0	0	0	0	0	0	0	0	0	0
00.000,00.000	24.8	0	-200	0	4.5	2544.09	887.423	832.458	502.281	199.803	95.4302	22.618	4.07803	0	0	0	0	0	0	0	0	0	0	0	0	0
00.000,00.000	24.9	0	-200	0	4.5	2622.09	911.447	854.065	518.586	209.147	100.09	24.0157	4.73675	0	0	0	0	0	0	0	0	0	0	0	0	0
00.000,00.000	25	0	-200	0	4.5	2638.3	916.504	858.316	522.168	211.036	101.04	24.3628	4.87302	0	0	0	0	0	0	0	0	0	0	0	0	0
00.000,00.000	25.1	0	-200	0	4.5	2690.74	932.943	872.383	533.392	217.234	104.123	25.3691	5.29583	0	0	0	0	0	0	0	0	0	0	0	0	0
00.000,00.000	25.2	0	-200	0	4.5	2722.54	942.859	880.766	540.308	221.022	106.002	26.0336	5.55342	0	0	0	0	0	0	0	0	0	0	0	0	0
00.000,00.000	25.3	0	-200	0	4.5	2743.32	949.309	886.259	544.784	223.517	107.255	26.4791	5.71845	0	0	0	0	0	0	0	0	0	0	0	0	0
00.000,00.000	25.4	0	-200	0	4.5	2775.51	959.28	894.741	551.701	227.405	109.229	27.1812	5.97178	0	0	0	0	0	0	0	0	0	0	0	0	0
00.000,00.000	25.5	0	-200	0	4.5	2783.17	961.652	896.723	553.369	228.332	109.697	27.3671	6.03275	0	0	0	0	0	0	0	0	0	0	0	0	0
00.000,00.000	25.6	0	-200	0	4.5	2807.8	969.155	903.199	558.648	231.374	111.254	27.9407	6.22719	0	0	0	0	0	0	0	0	0	0	0	0	0
00.000,00.000	25.7	0	-200	0	4.5	2830.8	976.172	909.233	563.546	234.222	112.712	28.5027	6.40817	0	0	0	0	0	0	0	0	0	0	0	0	0
00.000,00.000	25.8	0	-200	0	4.5	2851.76	982.555	914.767	567.953	236.833	114.048	29.0262	6.5729	0	0	0	0	0	0	0	0	0	0	0	0	0
00.000,00.000	25.9	0	-200	0	4.5	2937.45	1008.19	937.635	585.734	247.725	119.648	31.2586	7.26354	0	0	0	0	0	0	0	0	0	0	0	0	0
00.000,00.000	26	0	-200	0	4.5	2955.3	1013.8	942.369	589.315	249.837	120.799	31.7766	7.4074	0	0	0	0	0	0	0	0	0	0	0	0	0
00.000,00.000	26.1	0	-200	0	4.5	3012.57	1031.61	957.704	600.651	256.863	124.489	33.3912	7.85467	0	0	0	0	0	0	0	0	0	0	0	0	0
00.000,00.000	26.2	0	-200	0	4.5	3046.13	1042.03	966.813	607.211	260.902	126.634	34.4172	8.1187	0	0	0	0	0	0	0	0	0	0	0	0	0
00.000,00.000	26.3	0	-200	0	4.5	3067.03	1048.18	972.793	611.256	263.464	127.993	35.0644	8.2818	0	0	0	0	0	0	0	0	0	0	0	0	0
00.000,00.000	26.4	0	-200	0	4.5	3070.41	1049.1	973.811	611.918	263.864	128.224	35.1774	8.30914	0	0	0	0	0	0	0	0	0	0	0	0	0
00.000,00.000	26.5	0	-200	0	4.5	3071.16	1049.32	974.028	612.062	263.957	128.275	35.2022	8.31503	0	0	0	0	0	0	0	0	0	0	0	0	0
00.000,00.000	26.6	0	-200	0	4.5	3072.12	1049.59	974.307	612.247	264.078	128.341	35.2352	8.32277	0	0	0	0	0	0	0	0	0	0	0	0	0
00.000,00.000	26.7	0	-200	0	4.5	3194.7	1083.92	1010.32	635.409	279.348	136.752	39.6627	9.29045	0	0	0	0	0	0	0	0	0	0	0	0	0
00.000,00.000	26.8	0	-200	0	4.5	3247.62	1097.48	1026.45	645.757	285.918	140.516	41.7707	9.29554	0.43104	0	0	0	0	0	0	0	0	0	0	0	0
00.000,00.000	26.9	0	-200	0	4.5	3258.15	1100.27	1029.45	647.822	287.295	141.295	42.1982	9.29596	0.518514	0	0	0	0	0	0	0	0	0	0	0	0
00.000,00.000	27	0	-200	0	4.5	3260.47	1100.89	1030.12	648.268	287.595	141.464	42.2939	9.29604	0.537363	0	0	0	0	0	0	0	0	0	0	0	0
00.000,00.000	27.1	0	-200	0	4.5	3264.89	1102.07	1031.4	649.118	288.161	141.786	42.4838	9.29607	0.573474	0	0	0	0	0	0	0	0	0	0	0	0
00.000,00.000	27.2	0	-200	0	4.5	3269.09	1103.18	1032.63	649.932	288.69	142.089	42.6687	9.29609	0.607983	0	0	0	0	0	0	0	0	0	0	0	0
00.000,00.000	27.3	0	-200	0	4.5	3271.41	1103.8	1033.3	650.376	288.984	142.257	42.7718	9.29616	0.626826	0	0	0	0	0	0	0	0	0	0	0	0
00.000,00.000	27.4	0	-200	0	4.5	3271.77	1103.89	1033.41	650.447	289.029	142.283	42.7889	9.29615	0.629894	0	0	0	0	0	0	0	0	0	0	0	0
00.000,00.000	27.5	0	-200	0	4.5	3322.24	1117.03	1048.13	660.213	295.364	145.982	45.1748	9.29687	1.04946	0	0	0	0	0	0	0	0	0	0	0	0
00.000,00.000	27.6	0	-200	0	4.5	3345.68	1123	1054.91	664.842	298.296	147.696	46.3851	9.29687	1.2527	0	0	0	0	0	0	0	0	0	0	0	0
00.000,00.000	27.7	0	-200	0	4.5	3352.35	1124.72	1056.83	666.149	299.125	148.189	46.7392	9.29687	1.30989	0	0	0	0	0	0	0	0	0	0	0	0
00.000,00.000	27.8	0	-200	0	4.5	3405.89	1138.42	1072.03	676.545	305.952	152.259	49.6107	9.29687	1.77569	0	0	0	0	0	0	0	0	0	0	0	0
00.000,00.000	27.9	0	-200	0	4.5	3420.89	1142.22	1076.26	679.304	308.024	153.426	50.4348	9.29705	1.91179	0	0	0	0	0	0	0	0	0	0	0	0
00.000,00.000	28	0	-200	0	4.5	3422.99	1142.78	1076.86	679.688	308.304	153.589	50.5506	9.29717	1.93036	0	0	0	0	0	0	0	0	0	0	0	0
00.000,00.000	28.1	0	-200	0	4.5	3425.23	1143.37	1077.48	680.093	308.6	153.762	50.6752	9.29735	1.95026	0	0	0	0	0	0	0	0	0	0	0	0
00.000,00.000	28.2	0	-200	0	4.5	3427.19	1143.89	1078.03	680.449	308.859	153.916	50.787	9.29755	1.96792	0	0	0	0	0	0	0	0	0	0	0	0
00.000,00.000	28.3	0	-200	0	4.5	3428.92	1144.35	1078.5	680.76	309.084	154.052	50.8863	9.29778	1.98354	0	0	0	0	0	0	0	0	0	0	0	0
00.000,00.000	28.4	0	-200	0	4.5	3429.18	1144.43	1078.57	680.807	309.119	154.073	50.9022	9.29782	1.986	0	0	0	0	0	0	0	0	0	0	0	0
00.000,00.000	28.5	0	-200	0	4.5	3566.81	1182.69	1114.69	705.624	326.744	164.884	59.3856	9.51421	3.27152	0	0	0	0	0	0	0	0	0	0	0	0
00.000,00.000	28.6	0	-200	0	4.5	3665.72	1207.64	1138.87	724.437	340.108	173.717	66.7268	9.86977	4.3519	0	0	0	0	0	0	0	0	0	0	0	0
00.000,00.000	28.7	0	-200	0	4.5	3788.16	1244.56	1166.42	745.576	355.465	184.046	75.5805	10.8953	5.61338	0	0	0	0	0	0	0	0	0	0	0	0
00.000,00.000	28.8	0	-200	0	4.5	3804.92	1249.35	1170.31	748.517	357.521	185.546	76.795	11.0837	5.79582	0	0	0	0	0	0	0	0	0	0	0	0
00.000,00.000	28.9	0	-200	0	4.5	3805.88	1249.66	1170.52	748.677	357.634	185.626	76.864	11.0949	5.80556	0	0	0	0	0	0	0	0	0	0	0	0
00.000,00.000	29	0	-200	0	4.5	3823.39	1255.36	1174.41	751.557	359.629	187.033	78.1102	11.3143	5.9827	0	0	0	0	0	0	0	0	0	0	0	0
00.000,00.000	29.1	0	-200	0	4.5	3870.9	1270.7	1184.9	759.459	365.049	190.869	81.5099	11.9419	6.46758	0	0	0	0	0	0	0	0	0	0	0	0
00.000,00.000	29.2	0	-200	0	4.5	3894.73	1278.97	1189.97	763.303	367.692	192.703	83.0973	12.2961	6.70396	0	0	0	0	0	0	0	0	0	0	0	0
00.000,00.000	29.3	0	-200	0	4.5	3911.1	1284.83	1193.39	765.894	369.46	193.915	84.1881	12.5503	6.86307	0	0	0	0	0	0	0	0	0	0	0	0
00.000,00.000	29.4	0	-200	0	4.5	4002.68	1318.16	1212.33	780.09	379.188	200.497	90.3939	14.2703	7.75521	0	0	0	0	0	0	0	0	0	0	0	0
00.000,00.000	29.5	0	-200	0	4.5	4043.18	1333.57	1220.62	785.915	383.241	203.318	93.0873	15.2698	8.14757	0.00719671	0	0	0	0	0	0	0	0	0	0	0
00.000,00.000	29.6	0	-200	0	4.5	4058.99	1339.48	1223.82	788.243	384.886	204.386	94.1666	15.6924	8.14757	0.167098	0	0	0	0	0	0	0	0	0	0	0
00.000,00.000	29.7	0	-200	0	4.5	4061.85	1340.5	1224.38	788.665	385.206	204.59	94.3828	15.7827	8.14757	0.200843	0	0	0	0	0	0	0	0	0	0	0
00.000,00.000	29.8	0	-200	0	4.5	4293.7	1431.58	1272.6	820.622	406.581	219.902	109.035	22.5969	8.30508	2.47652	0	0	0	0	0	0	0	0	0	0	0
00.000,00.000	29.9	0	-200	0	4.5	4339.74	1448.18	1282.25	827.405	410.953	223.272	112.051	24.0723	8.57676	2.98532	0	0	0	0	0	0	0	0	0	0	0
00.000,00.000	30	0	-200	0	4.5	4353.44	1453.39	1285.04	829.417	412.22	224.217	112.843	24.5372	8.64583	3.13073	0	0	0	0	0	0	0	0	0	0	0
00.000,00.000	30.1	0	-200	0	4.5	4412.88	1476.38	1297.47	837.903	417.508	228.141	116.296	26.5564	8.8904	3.73596	0	0	0	0	0	0	0	0	0	0	0
00.000,00.000	30.2	0	-200	0	4.5	4439.42	1486.83	1303.09	841.576	419.815	229.826	117.783	27.4823	9.00768	4.00912	0	0	0	0	0	0	0	0	0	0	0
00.000,00.000	30.3	0	-200	0	4.5	4454.79	1493.02	1306.3	843.699	421.113	230.768	118.635	28.0172	9.0775	4.16277	0	0	0	0	0	0	0	0	0	0	0
00.000,00.000	30.4	0	-200	0	4.5	4457.33	1494.05	1306.84	844.039	421.324	230.918	118.76	28.1073	9.08984	4.18847	0	0	0	0	0	0	0	0	0	0	0
00.000,00.000	30.5	0	-200	0	4.5	4458.35	1494.48	1307.06	844.175	421.406	230.975	118.815	28.1431	9.09486	4.19839	0	0	0	0	0	0	0	0	0	0	0
00.000,00.000	30.6	0	-200	0	4.5	4458.84	1494.68	1307.16	844.241	421.446	231.003	118.841	28.1614	9.09754	4.20345	0	0	0	0	0	0	0	0	0	0	0
00.000,00.000	30.7	0	-200	0	4.5	4546.39	1532.31	1325.75	855.648	427.938	235.489	123.313	31.2754	9.62604	5.04702	0	0	0	0	0	0	0	0	0	0	0
00.000,00.000	30.8	0	-200	0	4.5	4590.49	1550.84	1335.17	861.528	431.141	237.776	125.568	32.9784	9.98854	5.49335	0	0	0	0	0	0	0	0	0	0	0
00.000,00.000	30.9	0	-200	0	4.5	4634.82	1570.13	1344.31	867.26	434.37	239.968	127.818	34.6809	10.3555	5.93088	0	0	0	0	0	0	0	0	0	0	0
00.000,00.000	31	0	-200	0	4.5	4642.38	1573.43	1345.91	868.2	434.923	240.341	128.17	34.977	10.4219	6.00462	0	0	0	0	0	0	0	0	0	0	0
00.000,00.000	31.1	0	-200	0	4.5	4686.91	1593.13	1355.26	873.803	438.1	242.405	130.268	36.6955	10.8206	6.43192	0	0	0	0	0	0	0	0	0	0	0
00.000,00.000	31.2	0	-200	0	4.5	4701.94	1599.81	1358.47	875.659	439.164	243.094	130.916	37.2882	10.9629	6.57692	0	0	0	0	0	0	0	0	0	0	0
00.000,00.000	31.3	0	-200	0	4.5	4703.86	1600.68	1358.87	875.893	439.295	243.177	131.001	37.3613	10.9815	6.59496	0	0	0	0	0	0	0	0	0	0	0
00.000,00.000	31.4	0	-200	0	4.5	4704.16	1600.82	1358.94	875.93	439.315	243.19	131.013	37.3732	10.9847	6.59785	0	0	0	0	0	0	0	0	0	0	0
00.000,00.000	31.5	0	-200	0	4.5	4805.21	1648.11	1379.73	887.956	446.056	247.252	135.294	41.2087	12.058	7.53898	0	0	0	0	0	0	0	0	0	0	0
00.000,00.000	31.6	0	-200	0	4.5	4847.24	1667.27	1388.11	893.116	449.084	249.108	137.014	42.9862	12.5793	7.97043	0	0	0	0	0	0	0	0	0	0	0
00.000,00.000	31.7	0	-200	0	4.5	4881.71	1683.82	1394.93	897.138	451.325	250.448	138.399	44.3321	13.0249	8.2972	0	0	0	0	0	0	0	0	0	0	0
00.000,00.000	31.8	0	-200	0	4.5	4889.64	1687.55	1396.49	898.084	451.864	250.765	138.706	44.6575	13.1448	8.37713	0	0	0	0	0	0	0	0	0	0	0
00.000,00.000	31.9	0	-200	0	4.5	4974.09	1729.35	1412.5	907.544	457.2	253.812	142.126	47.9415	14.4349	8.64138	0.549311	0	0	0	0	0	0	0	0	0	0
00.000,00.000	32	0	-200	0	4.5	4991.87	1738.3	1415.72	909.538	458.352	254.174	143.043	48.6299	14.7493	8.64138	0.722284	0	0	0	0	0	0	0	0	0	0
00.000,00.000	32.1	0	-200	0	4.5	5051.4	1767.76	1427.11	916.309	462.176	255.676	145.737	50.9153	15.7879	8.64138	1.28393	0	0	0	0	0	0	0	0	0	0
00.000,00.000	32.2	0	-200	0	4.5	5082.95	1784	1432.98	919.725	464.139	256.388	147.062	52.0889	16.3508	8.64138	1.57474	0	0	0	0	0	0	0	0	0	0
00.000,00.000	32.3	0	-200	0	4.5	5099.66	1792.69	1436.16	921.508	465.146	256.737	147.701	52.6957	16.6488	8.64138	1.72388	0	0	0	0	0	0	0	0	0	0
00.000,00.000	32.4	0	-200	0	4.5	5102.49	1794.19	1436.7	921.812	465.32	256.794	147.772	52.7991	16.7034	8.64138	1.74984	0	0	0	0	0	0	0	0	0	0
00.000,00.000	32.5	0	-200	0	4.5	5230.07	1861.93	1460.96	935.095	472.812	259.14	152.163	57.3313	19.1244	8.64188	2.86845	0	0	0	0	0	0	0	0	0	0
00.000,00.000	32.6	0	-200	0	4.5	5267.45	1881.54	1467.82	939.029	475.12	259.923	153.477	58.6749	19.9971	8.64432	3.22883	0	0	0	0	0	0	0	0	0	0
00.000,00.000	32.7	0	-200	0	4.5	5333.74	1917.52	1480.25	945.53	478.945	261.04	155.584	60.897	21.4963	8.66931	3.80471	0	0	0	0	0	0	0	0	0	0
00.000,00.000	32.8	0	-200	0	4.5	5436.5	1974.59	1497.2	955.321	484.922	262.85	159.196	64.6009	24.2785	8.73368	4.80877	0	0	0	0	0	0	0	0	0	0
00.000,00.000	32.9	0	-200	0	4.5	5454.62	1984.89	1500.14	957.008	486.035	263.156	159.786	65.1189	24.7574	8.74853	4.97814	0	0	0	0	0	0	0	0	0	0
00.000,00.000	33	0	-200	0	4.5	5455.38	1985.33	1500.27	957.074	486.079	263.166	159.809	65.1416	24.7764	8.74952	4.98451	0	0	0	0	0	0	0	0	0	0
00.000,00.000	33.1	0	-200	0	4.5	5536.51	2031.49	1514.62	964.298	490.74	264.276	162.197	67.4177	26.9375	8.88441	5.64995	0	0	0	0	0	0	0	0	0	0
00.000,00.000	33.2	0	-200	0	4.5	5576.6	2054.04	1521.62	967.817	493.546	264.818	163.335	68.3995	28.0931	8.95958	5.97308	0	0	0	0	0	0	0	0	0	0
00.000,00.000	33.3	0	-200	0	4.5	5595.71	2064.88	1525	969.44	494.825	265.075	163.857	68.8865	28.6273	9.00445	6.11832	0	0	0	0	0	0	0	0	0	0
00.000,00.000	33.4	0	-200	0	4.5	5704.55	2126.38	1544.72	978.638	502.055	266.525	166.765	71.5781	31.646	9.30844	6.92678	0	0	0	0	0	0	0	0	0	0
00.000,00.000	33.5	0	-200	0	4.5	5752.92	2153.42	1553.62	982.809	505.342	267.151	168.073	72.6869	33.0637	9.46157	7.29126	0	0	0	0	0	0	0	0	0	0
00.000,00.000	33.6	0	-200	0	4.5	5772.63	2164.8	1557.11	984.317	506.585	267.407	168.605	73.1635	33.6591	9.53817	7.44201	0	0	0	0	0	0	0	0	0	0
00.000,00.000	33.7	0	-200	0	4.5	5861.14	2216.91	1572.69	990.448	511.979	268.551	170.914	75.2996	36.3206	9.92353	8.10587	0	0	0	0	0	0	0	0	0	0
00.000,00.000	33.8	0	-200	0	4.5	5878.77	2227.25	1575.76	991.741	513.067	268.783	171.376	75.6887	36.8574	10.0065	8.23938	0	0	0	0	0	0	0	0	0	0
00.000,00.000	33.9	0	-200	0	4.5	5880.4	2228.21	1576.06	991.857	513.165	268.804	171.414	75.7244	36.9037	10.0148	8.25064	0	0	0	0	0	0	0	0	0	0
00.000,00.000	34	0	-200	0	4.5	5925.83	2254.67	1584.68	995.078	515.857	269.397	172.427	76.6903	38.2119	10.2656	8.55794	0	0	0	0	0	0	0	0	0	0
00.000,00.000	34.1	0	-200	0	4.5	5960.86	2275.08	1591.27	997.637	517.938	269.859	173.179	77.382	39.249	10.4724	8.62643	0.169176	0	0	0	0	0	0	0	0	0
00.000,00.000	34.2	0	-200	0	4.5	5984.93	2289.54	1595.84	999.241	519.237	270.16	173.632	77.8271	39.8961	10.6116	8.64391	0.298623	0	0	0	0	0	0	0	0	0
00.000,00.000	34.3	0	-200	0	4.5	6010.18	2304.65	1600.83	1000.93	520.547	270.473	174.068	78.2795	40.5531	10.7618	8.64391	0.446191	0	0	0	0	0	0	0	0	0
00.000,00.000	34.4	0	-200	0	4.5	6035.9	2319.96	1605.96	1002.76	521.837	270.791	174.481	78.7282	41.2234	10.92	8.64391	0.59194	0	0	0	0	0	0	0	0	0
00.000,00.000	34.5	0	-200	0	4.5	6062.29	2335.6	1611.25	1004.76	523.147	271.113	174.879	79.18	41.8933	11.0865	8.64391	0.736502	0	0	0	0	0	0	0	0	0
00.000,00.000	34.6	0	-200	0	4.5	6089.23	2351.63	1616.67	1006.77	524.495	271.428	175.263	79.6127	42.5756	11.2644	8.64391	0.884029	0	0	0	0	0	0	0	0	0
00.000,00.000	34.7	0	-200	0	4.5	6134.39	2378.3	1625.62	1010.19	527.084	271.951	175.836	80.3158	43.7578	11.5709	8.64391	1.12398	0	0	0	0	0	0	0	0	0
00.000,00.000	34.8	0	-200	0	4.5	6162.37	2394.74	1631.14	1012.31	528.848	272.285	176.169	80.7166	44.4828	11.7662	8.64391	1.26996	0	0	0	0	0	0	0	0	0
00.000,00.000	34.9	0	-200	0	4.5	6166.76	2397.31	1632.01	1012.65	529.129	272.346	176.216	80.7725	44.5967	11.798	8.64391	1.29276	0	0	0	0	0	0	0	0	0
00.000,00.000	35	0	-200	0	4.5	6206.91	2420.61	1640.01	1015.68	531.772	273.028	176.638	81.3619	45.5888	12.09	8.64391	1.48976	0	0	0	0	0	0	0	0	0
00.000,00.000	35.1	0	-200	0	4.5	6240.88	2440.29	1646.79	1018.23	534.051	273.62	176.975	81.8359	46.4353	12.3475	8.64391	1.65704	0	0	0	0	0	0	0	0	0
00.000,00.000	35.2	0	-200	0	4.5	6269.78	2456.88	1652.48	1020.37	536.056	274.161	177.298	82.2817	47.2068	12.5927	8.64391	1.80862	0	0	0	0	0	0	0	0	0
00.000,00.000	35.3	0	-200	0	4.5	6296.42	2472.21	1657.72	1022.29	537.883	274.668	177.597	82.6855	47.947	12.8307	8.64391	1.94942	0	0	0	0	0	0	0	0	0
00.000,00.000	35.4	0	-200	0	4.5	6323.22	2487.68	1662.95	1024.18	539.691	275.187	177.907	83.0999	48.7164	13.0808	8.64391	2.091	0	0	0	0	0	0	0	0	0
00.000,00.000	35.5	0	-200	0	4.5	6350.19	2503.29	1668.19	1025.99	541.529	275.719	178.219	83.528	49.4955	13.3443	8.64391	2.23394	0	0	0	0	0	0	0	0	0
00.000,00.000	35.6	0	-200	0	4.5	6377.23	2518.89	1673.48	1027.73	543.409	276.264	178.564	83.9722	50.2732	13.6224	8.64391	2.37956	0	0	0	0	0	0	0	0	0
00.000,00.000	35.7	0	-200	0	4.5	6415.61	2541.14	1680.91	1030.14	545.972	277.12	179.042	84.6244	51.3872	14.0369	8.64406	2.58731	0	0	0	0	0	0	0	0	0
00.000,00.000	35.8	0	-200	0	4.5	6445.77	2558.73	1686.73	1032.02	547.618	278.084	179.407	85.1254	52.2712	14.3782	8.64492	2.75167	0	0	0	0	0	0	0	0	0
00.000,00.000	35.9	0	-200	0	4.5	6450.94	2561.77	1687.74	1032.33	547.881	278.252	179.467	85.2044	52.4239	14.4399	8.64528	2.78054	0	0	0	0	0	0	0	0	0
00.000,00.000	36	0	-200	0	4.5	6484.94	2581.7	1694.21	1034.4	549.733	279.348	179.844	85.7938	53.4352	14.8571	8.64944	2.96501	0	0	0	0	0	0	0	0	0
00.000,00.000	36.1	0	-200	0	4.5	6514.71	2599.14	1699.92	1036.18	551.334	280.326	180.158	86.2568	54.3744	15.2386	8.65452	3.12863	0	0	0	0	0	0	0	0	0
00.000,00.000	36.2	0	-200	0	4.5	6540.75	2614.5	1704.89	1037.59	552.751	281.186	180.45	86.6761	55.1911	15.5827	8.66087	3.27081	0	0	0	0	0	0	0	0	0
00.000,00.000	36.3	0	-200	0	4.5	6566.85	2629.89	1709.86	1038.97	554.179	282.056	180.745	87.0965	56.0244	15.9386	8.66901	3.41292	0	0	0	0	0	0	0	0	0
00.000,00.000	36.4	0	-200	0	4.5	6593.05	2645.29	1714.83	1040.34	555.6	282.942	181.122	87.5161	56.8695	16.307	8.67922	3.5551	0	0	0	0	0	0	0	0	0
00.000,00.000	36.5	0	-200	0	4.5	6619.27	2660.65	1719.81	1041.66	556.998	283.841	181.594	87.9348	57.7076	16.6876	8.69143	3.69723	0	0	0	0	0	0	0	0	0
00.000,00.000	36.6	0	-200	0	4.5	6645.36	2675.97	1724.67	1042.94	558.407	284.755	182.059	88.356	58.5667	17.0858	8.70606	3.84247	0	0	0	0	0	0	0	0	0
00.000,00.000	36.7	0	-200	0	4.5	6690.46	2702.53	1732.96	1045.13	560.869	286.356	182.838	89.0867	60.0697	17.8019	8.73585	4.09439	0	0	0	0	0	0	0	0	0
00.000,00.000	36.8	0	-200	0	4.5	6719.27	2719.42	1738.28	1046.48	562.438	287.424	183.339	89.5452	61.0466	18.2772	8.75836	4.25632	0	0	0	0	0	0	0	0	0
00.000,00.000	36.9	0	-200	0	4.5	6722.99	2721.58	1738.98	1046.65	562.64	287.566	183.404	89.6003	61.1777	18.341	8.76168	4.27748	0	0	0	0	0	0	0	0	0
00.000,00.000	37	0	-200	0	4.5	6762.06	2744.55	1746.06	1048.45	564.844	289.064	184.036	90.2068	62.5147	19.0352	8.80328	4.49718	0	0	0	0	0	0	0	0	0
00.000,00.000	37.1	0	-200	0	4.5	6792.5	2762.41	1751.69	1049.84	566.436	290.273	184.52	90.6709	63.5502	19.6012	8.84012	4.67116	0	0	0	0	0	0	0	0	0
00.000,00.000	37.2	0	-200	0	4.5	6817.23	2777.16	1756.17	1050.95	567.745	291.277	184.83	91.0116	64.3404	20.0679	8.8733	4.8083	0	0	0	0	0	0	0	0	0
00.000,00.000	37.3	0	-200	0	4.5	6842.62	2792.36	1760.76	1052.06	569.108	292.312	185.131	91.3473	65.1314	20.5593	8.91109	4.9469	0	0	0	0	0	0	0	0	0
00.000,00.000	37.4	0	-200	0	4.5	6867.95	2807.58	1765.3	1053.13	570.496	293.312	185.433	91.6711	65.9284	21.0642	8.9525	5.08366	0	0	0	0	0	0	0	0	0
00.000,00.000	37.5	0	-200	0	4.5	6893.08	2822.55	1769.85	1054.19	571.916	294.312	185.735	91.9804	66.7386	21.5825	8.99789	5.21858	0	0	0	0	0	0	0	0	0
00.000,00.000	37.6	0	-200	0	4.5	6918.21	2837.5	1774.32	1055.29	573.373	295.319	186.047	92.2783	67.5545	22.1223	9.04848	5.35442	0	0	0	0	0	0	0	0	0
00.000,00.000	37.7	0	-200	0	4.5	6953.73	2858.65	1780.54	1056.85	575.491	296.746	186.502	92.6908	68.6675	22.9097	9.12658	5.54458	0	0	0	0	0	0	0	0	0
00.000,00.000	37.8	0	-200	0	4.5	6979.66	2874.01	1785.1	1058.01	577.076	297.784	186.833	92.9852	69.4856	23.5049	9.18904	5.68304	0	0	0	0	0	0	0	0	0
00.000,00.000	37.9	0	-200	0	4.5	6983.76	2876.41	1785.85	1058.19	577.328	297.953	186.887	93.0306	69.6129	23.6027	9.19975	5.70516	0	0	0	0	0	0	0	0	0
00.000,00.000	38	0	-200	0	4.5	7013.78	2894.03	1790.98	1059.57	579.289	299.238	187.264	93.345	70.5782	24.3382	9.28632	5.86256	0	0	0	0	0	0	0	0	0
00.000,00.000	38.1	0	-200	0	4.5	7040.55	2909.5	1795.65	1060.83	581.099	300.398	187.599	93.6213	71.4491	25.0267	9.37056	6.00532	0	0	0	0	0	0	0	0	0
00.000,00.000	38.2	0	-200	0	4.5	7063.98	2922.76	1799.8	1061.94	582.754	301.462	187.903	93.86	72.2365	25.6656	9.45219	6.13263	0	0	0	0	0	0	0	0	0
00.000,00.000	38.3	0	-200	0	4.5	7086.27	2935.18	1803.84	1063.01	584.43	302.437	188.197	94.0812	72.9954	26.3034	9.53712	6.25504	0	0	0	0	0	0	0	0	0
00.000,00.000	38.4	0	-200	0	4.5	7108.27	2947.19	1807.99	1064.05	586.154	303.388	188.489	94.2925	73.7607	26.9509	9.6278	6.3763	0	0	0	0	0	0	0	0	0
00.000,00.000	38.5	0	-200	0	4.5	7129.93	2958.92	1812.06	1065.08	587.869	304.367	188.779	94.4931	74.5364	27.6057	9.72491	6.49653	0	0	0	0	0	0	0	0	0
00.000,00.000	38.6	0	-200	0	4.5	7151.21	2970.44	1815.94	1066.07	589.563	305.384	189.071	94.6852	75.321	28.2881	9.83	6.6175	0	0	0	0	0	0	0	0	0
00.000,00.000	38.7	0	-200	0	4.5	7180.07	2985.92	1821.24	1067.42	591.875	306.806	189.465	94.9328	76.3777	29.2576	9.98405	6.78229	0	0	0	0	0	0	0	0	0
00.000,00.000	38.8	0	-200	0	4.5	7199.56	2996.14	1825.16	1068.34	593.465	307.606	189.724	95.0946	77.0947	29.948	10.0974	6.89591	0	0	0	0	0	0	0	0	0
00.000,00.000	38.9	0	-200	0	4.5	7204.85	2998.92	1826.22	1068.59	593.906	307.8	189.794	95.1362	77.2887	30.1427	10.1302	6.92689	0	0	0	0	0	0	0	0	0
00.000,00.000	39	0	-200	0	4.5	7228.25	3011.23	1830.77	1069.64	595.885	308.78	190.12	95.3033	78.1313	31.0471	10.287	7.0627	0	0	0	0	0	0	0	0	0
00.000,00.000	39.1	0	-200	0	4.5	7249.41	3022.29	1834.96	1070.59	597.632	309.642	190.422	95.4469	78.8977	31.8992	10.4391	7.18744	0	0	0	0	0	0	0	0	0
00.000,00.000	39.2	0	-200	0	4.5	7267.97	3031.92	1838.66	1071.41	599.171	310.441	190.697	95.5626	79.5611	32.6628	10.5832	7.29759	0	0	0	0	0	0	0	0	0
00.000,00.000	39.3	0	-200	0	4.5	7286.19	3041.09	1842.54	1072.19	600.695	311.267	190.971	95.666	80.1999	33.4295	10.7348	7.40629	0	0	0	0	0	0	0	0	0
00.000,00.000	39.4	0	-200	0	4.5	7304.03	3049.91	1846.41	1072.94	602.214	312.109	191.244	95.7573	80.8174	34.2136	10.8939	7.51358	0	0	0	0	0	0	0	0	0
00.000,00.000	39.5	0	-200	0	4.5	7321.42	3058.47	1850.16	1073.67	603.709	312.969	191.499	95.8364	81.4123	35.0144	11.0605	7.61946	0	0	0	0	0	0	0	0	0
00.000,00.000	39.6	0	-200	0	4.5	7338.42	3066.82	1853.78	1074.37	605.175	313.838	191.73	95.9058	81.9977	35.8456	11.2381	7.72631	0	0	0	0	0	0	0	0	0
00.000,00.000	39.7	0	-200	0	4.5	7382.71	3088.51	1863.19	1076.16	609.055	316.098	192.379	96.0635	83.4991	38.0161	11.7341	8.00712	0	0	0	0	0	0	0	0	0
00.000,00.000	39.8	0	-200	0	4.5	7391.23	3092.69	1865.07	1076.51	609.773	316.503	192.487	96.0928	83.7962	38.4204	11.8355	8.06284	0	0	0	0	0	0	0	0	0
00.000,00.000	39.9	0	-200	0	4.5	7416.22	3104.96	1870.35	1077.49	612.047	317.698	192.862	96.1618	84.6011	39.6755	12.151	8.22078	0	0	0	0	0	0	0	0	0
00.000,00.000	40	0	-200	0	4.5	7437.63	3115.5	1874.93	1078.32	613.972	318.7	193.181	96.2157	85.2879	40.7177	12.4379	8.35817	0	0	0	0	0	0	0	0	0
00.000,00.000	40.1	0	-200	0	4.5	7453.4	3123.23	1878.29	1078.93	615.418	319.458	193.429	96.2493	85.781	41.4997	12.6632	8.45989	0	0	0	0	0	0	0	0	0
00.000,00.000	40.2	0	-200	0	4.5	7468.24	3130.47	1881.43	1079.49	616.793	320.196	193.667	96.2757	86.226	42.2535	12.8881	8.55607	0	0	0	0	0	0	0	0	0
00.000,00.000	40.3	0	-200	0	4.5	7482.45	3137.52	1884.18	1080.03	618.163	320.934	193.906	96.2967	86.644	42.9988	13.1213	8.65068	0	0	0	0	0	0	0	0	0
00.000,00.000	40.4	0	-200	0	4.5	7496.34	3144.4	1886.84	1080.58	619.507	321.655	194.147	96.3124	87.0422	43.7405	13.3639	8.74395	0	0	0	0	0	0	0	0	0
00.000,00.000	40.5	0	-200	0	4.5	7509.84	3151.08	1889.43	1081.1	620.819	322.358	194.388	96.3236	87.4203	44.4769	13.6156	8.83584	0	0	0	0	0	0	0	0	0
00.000,00.000	40.6	0	-200	0	4.5	7531.19	3161.51	1893.48	1081.88	622.944	323.509	194.793	96.3356	88.0134	45.6895	14.048	8.98585	0	0	0	0	0	0	0	0	0
00.000,00.000	40.7	0	-200	0	4.5	7547.48	3169.42	1896.6	1082.47	624.596	324.382	195.106	96.3409	88.4485	46.619	14.395	9.10075	0	0	0	0	0	0	0	0	0
00.000,00.000	40.8	0	-200	0	4.5	7550	3170.66	1897.1	1082.56	624.839	324.506	195.154	96.3413	88.5134	46.7555	14.4526	9.11907	0	0	0	0	0	0	0	0	0
00.000,00.000	40.9	0	-200	0	4.5	7554.38	3172.75	1897.97	1082.71	625.292	324.749	195.244	96.3413	88.6179	47.0004	14.5583	9.15035	0	0	0	0	0	0	0	0	0
00.000,00.000	41	0	-200	0	4.5	7571.12	3180.67	1901.26	1083.28	627.086	325.697	195.597	96.3413	88.9955	47.9407	14.9841	9.27058	0	0	0	0	0	0	0	0	0
00.000,00.000	41.1	0	-200	0	4.5	7584.42	3186.96	1903.91	1083.72	628.556	326.378	195.883	96.3413	89.2835	48.6448	15.3725	9.36769	0	0	0	0	0	0	0	0	0
00.000,00.000	41.2	0	-200	0	4.5	7595.62	3192.19	1906.15	1084.08	629.839	326.971	196.133	96.3413	89.5184	49.227	15.718	9.45006	0	0	0	0	0	0	0	0	0
00.000,00.000	41.3	0	-200	0	4.5	7606.52	3197.21	1908.34	1084.42	631.121	327.567	196.239	96.4876	89.7372	49.7981	16.0734	9.53105	0	0	0	0	0	0	0	0	0
00.000,00.000	41.4	0	-200	0	4.5	7617.17	3202.02	1910.53	1084.75	632.394	328.149	196.318	96.6617	89.9403	50.3583	16.4394	9.61068	0	0	0	0	0	0	0	0	0
00.000,00.000	41.5	0	-200	0	4.5	7627.47	3206.63	1912.38	1085.33	633.645	328.726	196.391	96.8423	90.1276	50.8977	16.8169	9.68895	0	0	0	0	0	0	0	0	0
00.000,00.000	41.6	0	-200	0	4.5	7637.7	3211.16	1914.03	1085.92	634.951	329.341	196.471	97.0332	90.3096	51.4531	17.2533	9.77071	0	0	0	0	0	0	0	0	0
00.000,00.000	41.7	0	-200	0	4.5	7655.53	3218.98	1916.8	1087.01	637.265	330.452	196.617	97.3751	90.607	52.443	18.0746	9.85409	0.0609278	0	0	0	0	0	0	0	0
00.000,00.000	41.8	0	-200	0	4.5	7659.28	3220.63	1917.39	1087.26	637.723	330.682	196.651	97.4496	90.665	52.6265	18.26	9.83913	0.107055	0	0	0	0	0	0	0	0
00.000,00.000	41.9	0	-200	0	4.5	7670.24	3225.31	1919.07	1087.96	639.175	331.423	196.75	97.6672	90.8187	53.2122	18.809	9.84388	0.190948	0	0	0	0	0	0	0	0
00.000,00.000	42	0	-200	0	4.5	7681.01	3229.86	1920.73	1088.68	640.636	332.163	196.854	97.8876	90.9589	53.7397	19.3789	9.8415	0.281872	0	0	0	0	0	0	0	0