
label	time(d)	x	depth	z	radius	total	0-10	10-20	20-30	30-40	40-50	50-60	60-70	70-80	80-90	90-100	100-110	110-120	120-130	130-140	140-150	150-160	160-170	170-180	180-190	190-200
05.500,00.000	0	5.5	-200	0	4.5	0	0	0	0	0	0	0	0	0	0	0	0	0	0	0	0	0	0	0	0	0
05.500,00.000	0.1	5.5	-200	0	4.5	0	0	0	0	0	0	0	0	0	0	0	0	0	0	0	0	0	0	0	0	0
05.500,00.000	0.2	5.5	-200	0	4.5	0	0	0	0	0	0	0	0	0	0	0	0	0	0	0	0	0	0	0	0	0
05.500,00.000	0.3	5.5	-200	0	4.5	0	0	0	0	0	0	0	0	0	0	0	0	0	0	0	0	0	0	0	0	0
05.500,00.000	0.4	5.5	-200	0	4.5	0	0	0	0	0	0	0	0	0	0	0	0	0	0	0	0	0	0	0	0	0
05.500,00.000	0.5	5.5	-200	0	4.5	0	0	0	0	0	0	0	0	0	0	0	0	0	0	0	0	0	0	0	0	0
05.500,00.000	0.6	5.5	-200	0	4.5	0	0	0	0	0	0	0	0	0	0	0	0	0	0	0	0	0	0	0	0	0
05.500,00.000	0.7	5.5	-200	0	4.5	0	0	0	0	0	0	0	0	0	0	0	0	0	0	0	0	0	0	0	0	0
05.500,00.000	0.8	5.5	-200	0	4.5	0	0	0	0	0	0	0	0	0	0	0	0	0	0	0	0	0	0	0	0	0
05.500,00.000	0.9	5.5	-200	0	4.5	0	0	0	0	0	0	0	0	0	0	0	0	0	0	0	0	0	0	0	0	0
05.500,00.000	1	5.5	-200	0	4.5	0	0	0	0	0	0	0	0	0	0	0	0	0	0	0	0	0	0	0	0	0
05.500,00.000	1.1	5.5	-200	0	4.5	0	0	0	0	0	0	0	0	0	0	0	0	0	0	0	0	0	0	0	0	0
05.500,00.000	1.2	5.5	-200	0	4.5	0	0	0	0	0	0	0	0	0	0	0	0	0	0	0	0	0	0	0	0	0
05.500,00.000	1.3	5.5	-200	0	4.5	0	0	0	0	0	0	0	0	0	0	0	0	0	0	0	0	0	0	0	0	0
05.500,00.000	1.4	5.5	-200	0	4.5	0	0	0	0	0	0	0	0	0	0	0	0	0	0	0	0	0	0	0	0	0
05.500,00.000	1.5	5.5	-200	0	4.5	0	0	0	0	0	0	0	0	0	0	0	0	0	0	0	0	0	0	0	0	0
05.500,00.000	1.6	5.5	-200	0	4.5	0	0	0	0	0	0	0	0	0	0	0	0	0	0	0	0	0	0	0	0	0
05.500,00.000	1.7	5.5	-200	0	4.5	0	0	0	0	0	0	0	0	0	0	0	0	0	0	0	0	0	0	0	0	0
05.500,00.000	1.8	5.5	-200	0	4.5	0	0	0	0	0	0	0	0	0	0	0	0	0	0	0	0	0	0	0	0	0
05.500,00.000	1.9	5.5	-200	0	4.5	0	0	0	0	0	0	0	0	0	0	0	0	0	0	0	0	0	0	0	0	0
05.500,00.000	2	5.5	-200	0	4.5	0	0	0	0	0	0	0	0	0	0	0	0	0	0	0	0	0	0	0	0	0
05.500,00.000	2.1	5.5	-200	0	4.5	0	0	0	0	0	0	0	0	0	0	0	0	0	0	0	0	0	0	0	0	0
05.500,00.000	2.2	5.5	-200	0	4.5	0	0	0	0	0	0	0	0	0	0	0	0	0	0	0	0	0	0	0	0	0
05.500,00.000	2.3	5.5	-200	0	4.5	0	0	0	0	0	0	0	0	0	0	0	0	0	0	0	0	0	0	0	0	0
05.500,00.000	2.4	5.5	-200	0	4.5	0	0	0	0	0	0	0	0	0	0	0	0	0	0	0	0	0	0	0	0	0
05.500,00.000	2.5	5.5	-200	0	4.5	0	0	0	0	0	0	0	0	0	0	0	0	0	0	0	0	0	0	0	0	0
05.500,00.000	2.6	5.5	-200	0	4.5	0	0	0	0	0	0	0	0	0	0	0	0	0	0	0	0	0	0	0	0	0
05.500,00.000	2.7	5.5	-200	0	4.5	0	0	0	0	0	0	0	0	0	0	0	0	0	0	0	0	0	0	0	0	0
05.500,00.000	2.8	5.5	-200	0	4.5	0	0	0	0	0	0	0	0	0	0	0	0	0	0	0	0	0	0	0	0	0
05.500,00.000	2.9	5.5	-200	0	4.5	0	0	0	0	0	0	0	0	0	0	0	0	0	0	0	0	0	0	0	0	0
05.500,00.000	3	5.5	-200	0	4.5	0	0	0	0	0	0	0	0	0	0	0	0	0	0	0	0	0	0	0	0	0
05.500,00.000	3.1	5.5	-200	0	4.5	0	0	0	0	0	0	0	0	0	0	0	0	0	0	0	0	0	0	0	0	0
05.500,00.000	3.2	5.5	-200	0	4.5	0	0	0	0	0	0	0	0	0	0	0	0	0	0	0	0	0	0	0	0	0
05.500,00.000	3.3	5.5	-200	0	4.5	0	0	0	0	0	0	0	0	0	0	0	0	0	0	0	0	0	0	0	0	0
05.500,00.000	3.4	5.5	-200	0	4.5	0	0	0	0	0	0	0	0	0	0	0	0	0	0	0	0	0	0	0	0	0
05.500,00.000	3.5	5.5	-200	0	4.5	0	0	0	0	0	0	0	0	0	0	0	0	0	0	0	0	0	0	0	0	0
05.500,00.000	3.6	5.5	-200	0	4.5	0	0	0	0	0	0	0	0	0	0	0	0	0	0	0	0	0	0	0	0	0
05.500,00.000	3.7	5.5	-200	0	4.5	0	0	0	0	0	0	0	0	0	0	0	0	0	0	0	0	0	0	0	0	0
05.500,00.000	3.8	5.5	-200	0	4.5	0.171327	0.171327	0	0	0	0	0	0	0	0	0	0	0	0	0	0	0	0	0	0	0
05.500,00.000	3.9	5.5	-200	0	4.5	0.421415	0.421415	0	0	0	0	0	0	0	0	0	0	0	0	0	0	0	0	0	0	0
05.500,00.000	4	5.5	-200	0	4.5	0.673249	0.673249	0	0	0	0	0	0	0	0	0	0	0	0	0	0	0	0	0	0	0
05.500,00.000	4.1	5.5	-200	0	4.5	0.925515	0.925515	0	0	0	0	0	0	0	0	0	0	0	0	0	0	0	0	0	0	0
05.500,00.000	4.2	5.5	-200	0	4.5	1.17779	1.17779	0	0	0	0	0	0	0	0	0	0	0	0	0	0	0	0	0	0	0
05.500,00.000	4.3	5.5	-200	0	4.5	1.43029	1.43029	0	0	0	0	0	0	0	0	0	0	0	0	0	0	0	0	0	0	0
05.500,00.000	4.4	5.5	-200	0	4.5	1.6832	1.6832	0	0	0	0	0	0	0	0	0	0	0	0	0	0	0	0	0	0	0
05.500,00.000	4.5	5.5	-200	0	4.5	1.93541	1.93541	0	0	0	0	0	0	0	0	0	0	0	0	0	0	0	0	0	0	0
05.500,00.000	4.6	5.5	-200	0	4.5	2.1869	2.1869	0	0	0	0	0	0	0	0	0	0	0	0	0	0	0	0	0	0	0
05.500,00.000	4.7	5.5	-200	0	4.5	2.43778	2.43778	0	0	0	0	0	0	0	0	0	0	0	0	0	0	0	0	0	0	0
05.500,00.000	4.8	5.5	-200	0	4.5	2.68812	2.68812	0	0	0	0	0	0	0	0	0	0	0	0	0	0	0	0	0	0	0
05.500,00.000	4.9	5.5	-200	0	4.5	2.93878	2.93878	0	0	0	0	0	0	0	0	0	0	0	0	0	0	0	0	0	0	0
05.500,00.000	5	5.5	-200	0	4.5	3.18998	3.08787	0.10211	0	0	0	0	0	0	0	0	0	0	0	0	0	0	0	0	0	0
05.500,00.000	5.1	5.5	-200	0	4.5	3.44035	3.08444	0.355907	0	0	0	0	0	0	0	0	0	0	0	0	0	0	0	0	0	0
05.500,00.000	5.2	5.5	-200	0	4.5	3.68989	3.08253	0.607359	0	0	0	0	0	0	0	0	0	0	0	0	0	0	0	0	0	0
05.500,00.000	5.3	5.5	-200	0	4.5	3.93952	3.08253	0.856985	0	0	0	0	0	0	0	0	0	0	0	0	0	0	0	0	0	0
05.500,00.000	5.4	5.5	-200	0	4.5	4.18973	3.08253	1.1072	0	0	0	0	0	0	0	0	0	0	0	0	0	0	0	0	0	0
05.500,00.000	5.5	5.5	-200	0	4.5	4.43782	3.08253	1.35528	0	0	0	0	0	0	0	0	0	0	0	0	0	0	0	0	0	0
05.500,00.000	5.6	5.5	-200	0	4.5	4.68653	3.08253	1.60399	0	0	0	0	0	0	0	0	0	0	0	0	0	0	0	0	0	0
05.500,00.000	5.7	5.5	-200	0	4.5	4.9344	3.08253	1.85187	0	0	0	0	0	0	0	0	0	0	0	0	0	0	0	0	0	0
05.500,00.000	5.8	5.5	-200	0	4.5	5.18254	3.08253	2.1	0	0	0	0	0	0	0	0	0	0	0	0	0	0	0	0	0	0
05.500,00.000	5.9	5.5	-200	0	4.5	5.43063	3.08253	2.34809	0	0	0	0	0	0	0	0	0	0	0	0	0	0	0	0	0	0
05.500,00.000	6	5.5	-200	0	4.5	5.67888	3.08253	2.59635	0	0	0	0	0	0	0	0	0	0	0	0	0	0	0	0	0	0
05.500,00.000	6.1	5.5	-200	0	4.5	5.92663	3.08253	2.84409	0	0	0	0	0	0	0	0	0	0	0	0	0	0	0	0	0	0
05.500,00.000	6.2	5.5	-200	0	4.5	6.174	3.08253	3.09147	0	0	0	0	0	0	0	0	0	0	0	0	0	0	0	0	0	0
05.500,00.000	6.3	5.5	-200	0	4.5	6.42152	3.08253	3.33899	0	0	0	0	0	0	0	0	0	0	0	0	0	0	0	0	0	0
05.500,00.000	6.4	5.5	-200	0	4.5	6.66853	3.08253	3.586	0	0	0	0	0	0	0	0	0	0	0	0	0	0	0	0	0	0
05.500,00.000	6.5	5.5	-200	0	4.5	6.91414	3.08253	3.83161	0	0	0	0	0	0	0	0	0	0	0	0	0	0	0	0	0	0
05.500,00.000	6.6	5.5	-200	0	4.5	7.16014	3.08253	4.0776	0	0	0	0	0	0	0	0	0	0	0	0	0	0	0	0	0	0
05.500,00.000	6.7	5.5	-200	0	4.5	7.40583	3.08253	4.32329	0	0	0	0	0	0	0	0	0	0	0	0	0	0	0	0	0	0
05.500,00.000	6.8	5.5	-200	0	4.5	7.65139	3.08253	4.56886	0	0	0	0	0	0	0	0	0	0	0	0	0	0	0	0	0	0
05.500,00.000	6.9	5.5	-200	0	4.5	7.89647	3.08253	4.81394	0	0	0	0	0	0	0	0	0	0	0	0	0	0	0	0	0	0
05.500,00.000	7	5.5	-200	0	4.5	8.1413	3.08253	5.05876	0	0	0	0	0	0	0	0	0	0	0	0	0	0	0	0	0	0
05.500,00.000	7.1	5.5	-200	0	4.5	8.38599	3.08253	5.30346	0	0	0	0	0	0	0	0	0	0	0	0	0	0	0	0	0	0
05.500,00.000	7.2	5.5	-200	0	4.5	8.63029	3.08253	5.54776	0	0	0	0	0	0	0	0	0	0	0	0	0	0	0	0	0	0
05.500,00.000	7.3	5.5	-200	0	4.5	8.8743	3.08253	5.79176	0	0	0	0	0	0	0	0	0	0	0	0	0	0	0	0	0	0
05.500,00.000	7.4	5.5	-200	0	4.5	9.11798	3.08253	6.03544	0	0	0	0	0	0	0	0	0	0	0	0	0	0	0	0	0	0
05.500,00.000	7.5	5.5	-200	0	4.5	9.36082	3.08253	6.27829	0	0	0	0	0	0	0	0	0	0	0	0	0	0	0	0	0	0
05.500,00.000	7.6	5.5	-200	0	4.5	9.60387	3.08253	6.52133	0	0	0	0	0	0	0	0	0	0	0	0	0	0	0	0	0	0
05.500,00.000	7.7	5.5	-200	0	4.5	9.84613	3.08253	6.7636	0	0	0	0	0	0	0	0	0	0	0	0	0	0	0	0	0	0
05.500,00.000	7.8	5.5	-200	0	4.5	10.0882	3.08253	7.00568	0	0	0	0	0	0	0	0	0	0	0	0	0	0	0	0	0	0
05.500,00.000	7.9	5.5	-200	0	4.5	10.3302	3.08253	7.24771	0	0	0	0	0	0	0	0	0	0	0	0	0	0	0	0	0	0
05.500,00.000	8	5.5	-200	0	4.5	10.5719	3.08253	7.4894	0	0	0	0	0	0	0	0	0	0	0	0	0	0	0	0	0	0
05.500,00.000	8.1	5.5	-200	0	4.5	10.8131	3.08253	7.73062	0	0	0	0	0	0	0	0	0	0	0	0	0	0	0	0	0	0
05.500,00.000	8.2	5.5	-200	0	4.5	11.0539	3.08253	7.97136	0	0	0	0	0	0	0	0	0	0	0	0	0	0	0	0	0	0
05.500,00.000	8.3	5.5	-200	0	4.5	11.2944	3.08264	8.21178	0	0	0	0	0	0	0	0	0	0	0	0	0	0	0	0	0	0
05.500,00.000	8.4	5.5	-200	0	4.5	11.5373	3.08537	8.45193	0	0	0	0	0	0	0	0	0	0	0	0	0	0	0	0	0	0
05.500,00.000	8.5	5.5	-200	0	4.5	11.782	3.09044	8.69153	0	0	0	0	0	0	0	0	0	0	0	0	0	0	0	0	0	0
05.500,00.000	8.6	5.5	-200	0	4.5	12.0305	3.09991	8.93058	0	0	0	0	0	0	0	0	0	0	0	0	0	0	0	0	0	0
05.500,00.000	8.7	5.5	-200	0	4.5	12.2803	3.11207	9.16821	0	0	0	0	0	0	0	0	0	0	0	0	0	0	0	0	0	0
05.500,00.000	8.8	5.5	-200	0	4.5	12.5341	3.12772	9.40639	0	0	0	0	0	0	0	0	0	0	0	0	0	0	0	0	0	0
05.500,00.000	8.9	5.5	-200	0	4.5	12.7919	3.14832	9.64358	0	0	0	0	0	0	0	0	0	0	0	0	0	0	0	0	0	0
05.500,00.000	9	5.5	-200	0	4.5	13.0544	3.17388	9.88049	0	0	0	0	0	0	0	0	0	0	0	0	0	0	0	0	0	0
05.500,00.000	9.1	5.5	-200	0	4.5	13.321	3.20411	10.1169	0	0	0	0	0	0	0	0	0	0	0	0	0	0	0	0	0	0
05.500,00.000	9.2	5.5	-200	0	4.5	13.5931	3.24023	10.3529	0	0	0	0	0	0	0	0	0	0	0	0	0	0	0	0	0	0
05.500,00.000	9.3	5.5	-200	0	4.5	13.8708	3.28251	10.438	0.150336	0	0	0	0	0	0	0	0	0	0	0	0	0	0	0	0	0
05.500,00.000	9.4	5.5	-200	0	4.5	14.1547	3.33135	10.437	0.386352	0	0	0	0	0	0	0	0	0	0	0	0	0	0	0	0	0
05.500,00.000	9.5	5.5	-200	0	4.5	14.4433	3.38566	10.437	0.620586	0	0	0	0	0	0	0	0	0	0	0	0	0	0	0	0	0
05.500,00.000	9.6	5.5	-200	0	4.5	14.7384	3.44536	10.4389	0.854114	0	0	0	0	0	0	0	0	0	0	0	0	0	0	0	0	0
05.500,00.000	9.7	5.5	-200	0	4.5	15.0405	3.50971	10.4437	1.08713	0	0	0	0	0	0	0	0	0	0	0	0	0	0	0	0	0
05.500,00.000	9.8	5.5	-200	0	4.5	15.349	3.57922	10.45	1.31972	0	0	0	0	0	0	0	0	0	0	0	0	0	0	0	0	0
05.500,00.000	9.9	5.5	-200	0	4.5	15.6641	3.65377	10.4586	1.55167	0	0	0	0	0	0	0	0	0	0	0	0	0	0	0	0	0
05.500,00.000	10	5.5	-200	0	4.5	15.9877	3.73337	10.4711	1.78321	0	0	0	0	0	0	0	0	0	0	0	0	0	0	0	0	0
05.500,00.000	10.1	5.5	-200	0	4.5	16.319	3.81762	10.487	2.01437	0	0	0	0	0	0	0	0	0	0	0	0	0	0	0	0	0
05.500,00.000	10.2	5.5	-200	0	4.5	16.6591	3.9065	10.5075	2.24512	0	0	0	0	0	0	0	0	0	0	0	0	0	0	0	0	0
05.500,00.000	10.3	5.5	-200	0	4.5	17.0074	3.99981	10.5323	2.47525	0	0	0	0	0	0	0	0	0	0	0	0	0	0	0	0	0
05.500,00.000	10.4	5.5	-200	0	4.5	17.3652	4.09723	10.5633	2.70474	0	0	0	0	0	0	0	0	0	0	0	0	0	0	0	0	0
05.500,00.000	10.5	5.5	-200	0	4.5	17.7329	4.19799	10.6012	2.93371	0	0	0	0	0	0	0	0	0	0	0	0	0	0	0	0	0
05.500,00.000	10.6	5.5	-200	0	4.5	18.1095	4.30157	10.6457	3.16222	0	0	0	0	0	0	0	0	0	0	0	0	0	0	0	0	0
05.500,00.000	10.7	5.5	-200	0	4.5	18.4953	4.40823	10.6971	3.39001	0	0	0	0	0	0	0	0	0	0	0	0	0	0	0	0	0
05.500,00.000	10.8	5.5	-200	0	4.5	18.8894	4.51759	10.7549	3.6169	0	0	0	0	0	0	0	0	0	0	0	0	0	0	0	0	0
05.500,00.000	10.9	5.5	-200	0	4.5	19.2979	4.63169	10.8227	3.8435	0	0	0	0	0	0	0	0	0	0	0	0	0	0	0	0	0
05.500,00.000	11	5.5	-200	0	4.5	19.7178	4.74982	10.898	4.07001	0	0	0	0	0	0	0	0	0	0	0	0	0	0	0	0	0
05.500,00.000	11.1	5.5	-200	0	4.5	20.149	4.87185	10.981	4.2961	0	0	0	0	0	0	0	0	0	0	0	0	0	0	0	0	0
05.500,00.000	11.2	5.5	-200	0	4.5	20.5929	4.99859	11.0729	4.52147	0	0	0	0	0	0	0	0	0	0	0	0	0	0	0	0	0
05.500,00.000	11.3	5.5	-200	0	4.5	21.0598	5.1401	11.1735	4.74615	0	0	0	0	0	0	0	0	0	0	0	0	0	0	0	0	0
05.500,00.000	11.4	5.5	-200	0	4.5	21.5582	5.30404	11.2836	4.97051	0	0	0	0	0	0	0	0	0	0	0	0	0	0	0	0	0
05.500,00.000	11.5	5.5	-200	0	4.5	22.058	5.46186	11.4017	5.19444	0	0	0	0	0	0	0	0	0	0	0	0	0	0	0	0	0
05.500,00.000	11.6	5.5	-200	0	4.5	22.5423	5.59668	11.5279	5.41764	0	0	0	0	0	0	0	0	0	0	0	0	0	0	0	0	0
05.500,00.000	11.7	5.5	-200	0	4.5	23.0317	5.72878	11.6628	5.64005	0	0	0	0	0	0	0	0	0	0	0	0	0	0	0	0	0
05.500,00.000	11.8	5.5	-200	0	4.5	23.5307	5.86311	11.8058	5.86186	0	0	0	0	0	0	0	0	0	0	0	0	0	0	0	0	0
05.500,00.000	11.9	5.5	-200	0	4.5	24.0475	6.0046	11.9593	6.08356	0	0	0	0	0	0	0	0	0	0	0	0	0	0	0	0	0
05.500,00.000	12	5.5	-200	0	4.5	24.6287	6.1834	12.1304	6.31485	0	0	0	0	0	0	0	0	0	0	0	0	0	0	0	0	0
05.500,00.000	12.1	5.5	-200	0	4.5	25.2308	6.37235	12.3127	6.54571	0	0	0	0	0	0	0	0	0	0	0	0	0	0	0	0	0
05.500,00.000	12.2	5.5	-200	0	4.5	25.8166	6.55323	12.4972	6.76615	0	0	0	0	0	0	0	0	0	0	0	0	0	0	0	0	0
05.500,00.000	12.3	5.5	-200	0	4.5	26.4886	6.83227	12.6703	6.98602	0	0	0	0	0	0	0	0	0	0	0	0	0	0	0	0	0
05.500,00.000	12.4	5.5	-200	0	4.5	27.1991	7.13761	12.856	7.2055	0	0	0	0	0	0	0	0	0	0	0	0	0	0	0	0	0
05.500,00.000	12.5	5.5	-200	0	4.5	28.1909	7.54955	13.1331	7.5082	0	0	0	0	0	0	0	0	0	0	0	0	0	0	0	0	0
05.500,00.000	12.6	5.5	-200	0	4.5	28.9323	7.85466	13.3457	7.73195	0	0	0	0	0	0	0	0	0	0	0	0	0	0	0	0	0
05.500,00.000	12.7	5.5	-200	0	4.5	29.7124	8.17079	13.58	7.96156	0	0	0	0	0	0	0	0	0	0	0	0	0	0	0	0	0
05.500,00.000	12.8	5.5	-200	0	4.5	30.4544	8.47021	13.8091	8.17516	0	0	0	0	0	0	0	0	0	0	0	0	0	0	0	0	0
05.500,00.000	12.9	5.5	-200	0	4.5	30.9972	8.70219	13.9747	8.32034	0	0	0	0	0	0	0	0	0	0	0	0	0	0	0	0	0
05.500,00.000	13	5.5	-200	0	4.5	31.9637	9.11024	14.2817	8.57174	0	0	0	0	0	0	0	0	0	0	0	0	0	0	0	0	0
05.500,00.000	13.1	5.5	-200	0	4.5	32.8779	9.49582	14.5785	8.80361	0	0	0	0	0	0	0	0	0	0	0	0	0	0	0	0	0
05.500,00.000	13.2	5.5	-200	0	4.5	33.7507	9.85991	14.8719	9.01887	0	0	0	0	0	0	0	0	0	0	0	0	0	0	0	0	0
05.500,00.000	13.3	5.5	-200	0	4.5	34.6457	10.2319	15.1804	9.23342	0	0	0	0	0	0	0	0	0	0	0	0	0	0	0	0	0
05.500,00.000	13.4	5.5	-200	0	4.5	35.5666	10.6137	15.5052	9.44779	0	0	0	0	0	0	0	0	0	0	0	0	0	0	0	0	0
05.500,00.000	13.5	5.5	-200	0	4.5	37.163	11.2709	16.0743	9.81769	0	0	0	0	0	0	0	0	0	0	0	0	0	0	0	0	0
05.500,00.000	13.6	5.5	-200	0	4.5	37.7679	11.5088	16.294	9.96517	0	0	0	0	0	0	0	0	0	0	0	0	0	0	0	0	0
05.500,00.000	13.7	5.5	-200	0	4.5	38.6538	11.8462	16.6375	10.17	0	0	0	0	0	0	0	0	0	0	0	0	0	0	0	0	0
05.500,00.000	13.8	5.5	-200	0	4.5	39.1957	12.0513	16.8471	10.1684	0.128902	0	0	0	0	0	0	0	0	0	0	0	0	0	0	0	0
05.500,00.000	13.9	5.5	-200	0	4.5	39.5795	12.198	16.9956	10.1635	0.222347	0	0	0	0	0	0	0	0	0	0	0	0	0	0	0	0
05.500,00.000	14	5.5	-200	0	4.5	40.8286	12.6755	17.4922	10.1869	0.473974	0	0	0	0	0	0	0	0	0	0	0	0	0	0	0	0
05.500,00.000	14.1	5.5	-200	0	4.5	41.913	13.0863	17.9284	10.1869	0.711366	0	0	0	0	0	0	0	0	0	0	0	0	0	0	0	0
05.500,00.000	14.2	5.5	-200	0	4.5	42.8989	13.4471	18.3426	10.187	0.922192	0	0	0	0	0	0	0	0	0	0	0	0	0	0	0	0
05.500,00.000	14.3	5.5	-200	0	4.5	43.8921	13.8009	18.7697	10.1885	1.13293	0	0	0	0	0	0	0	0	0	0	0	0	0	0	0	0
05.500,00.000	14.4	5.5	-200	0	4.5	44.9002	14.1598	19.2062	10.192	1.34209	0	0	0	0	0	0	0	0	0	0	0	0	0	0	0	0
05.500,00.000	14.5	5.5	-200	0	4.5	47.7224	15.239	20.3981	10.2046	1.88075	0	0	0	0	0	0	0	0	0	0	0	0	0	0	0	0
05.500,00.000	14.6	5.5	-200	0	4.5	48.2163	15.4194	20.6018	10.208	1.98714	0	0	0	0	0	0	0	0	0	0	0	0	0	0	0	0
05.500,00.000	14.7	5.5	-200	0	4.5	49.0315	15.7262	20.9543	10.2163	2.13473	0	0	0	0	0	0	0	0	0	0	0	0	0	0	0	0
05.500,00.000	14.8	5.5	-200	0	4.5	49.1506	15.7684	21.0055	10.2178	2.15892	0	0	0	0	0	0	0	0	0	0	0	0	0	0	0	0
05.500,00.000	14.9	5.5	-200	0	4.5	51.5611	16.6521	22.0761	10.2544	2.57859	0	0	0	0	0	0	0	0	0	0	0	0	0	0	0	0
05.500,00.000	15	5.5	-200	0	4.5	53.4844	17.3145	22.9982	10.2854	2.8864	0	0	0	0	0	0	0	0	0	0	0	0	0	0	0	0
05.500,00.000	15.1	5.5	-200	0	4.5	54.8235	17.7753	23.6394	10.3113	3.09758	0	0	0	0	0	0	0	0	0	0	0	0	0	0	0	0
05.500,00.000	15.2	5.5	-200	0	4.5	56.1434	18.2224	24.2778	10.3402	3.30293	0	0	0	0	0	0	0	0	0	0	0	0	0	0	0	0
05.500,00.000	15.3	5.5	-200	0	4.5	57.48	18.6815	24.9179	10.3728	3.50774	0	0	0	0	0	0	0	0	0	0	0	0	0	0	0	0
05.500,00.000	15.4	5.5	-200	0	4.5	58.8284	19.1339	25.5704	10.4118	3.71229	0	0	0	0	0	0	0	0	0	0	0	0	0	0	0	0
05.500,00.000	15.5	5.5	-200	0	4.5	64.7467	20.9193	28.6243	10.6024	4.60059	0	0	0	0	0	0	0	0	0	0	0	0	0	0	0	0
05.500,00.000	15.6	5.5	-200	0	4.5	65.8478	21.2296	29.1984	10.644	4.77583	0	0	0	0	0	0	0	0	0	0	0	0	0	0	0	0
05.500,00.000	15.7	5.5	-200	0	4.5	66.0014	21.2734	29.278	10.6508	4.79918	0	0	0	0	0	0	0	0	0	0	0	0	0	0	0	0
05.500,00.000	15.8	5.5	-200	0	4.5	66.0014	21.2734	29.278	10.6508	4.79918	0	0	0	0	0	0	0	0	0	0	0	0	0	0	0	0
05.500,00.000	15.9	5.5	-200	0	4.5	71.4407	22.6852	32.1566	10.9642	5.63468	0	0	0	0	0	0	0	0	0	0	0	0	0	0	0	0
05.500,00.000	16	5.5	-200	0	4.5	74.0014	23.3651	33.4636	11.133	6.03975	0	0	0	0	0	0	0	0	0	0	0	0	0	0	0	0
05.500,00.000	16.1	5.5	-200	0	4.5	75.2574	23.6873	34.1102	11.227	6.23291	0	0	0	0	0	0	0	0	0	0	0	0	0	0	0	0
05.500,00.000	16.2	5.5	-200	0	4.5	76.5161	24.0056	34.7472	11.3326	6.43078	0	0	0	0	0	0	0	0	0	0	0	0	0	0	0	0
05.500,00.000	16.3	5.5	-200	0	4.5	77.7455	24.3083	35.3627	11.4477	6.62678	0	0	0	0	0	0	0	0	0	0	0	0	0	0	0	0
05.500,00.000	16.4	5.5	-200	0	4.5	78.9809	24.6235	35.9614	11.5729	6.82311	0	0	0	0	0	0	0	0	0	0	0	0	0	0	0	0
05.500,00.000	16.5	5.5	-200	0	4.5	86.6534	26.6572	39.589	12.4029	8.00429	0	0	0	0	0	0	0	0	0	0	0	0	0	0	0	0
05.500,00.000	16.6	5.5	-200	0	4.5	88.0468	27.0627	40.1729	12.574	8.2371	0	0	0	0	0	0	0	0	0	0	0	0	0	0	0	0
05.500,00.000	16.7	5.5	-200	0	4.5	102.314	30.8125	46.5014	14.4693	10.2114	0.319107	0	0	0	0	0	0	0	0	0	0	0	0	0	0	0
05.500,00.000	16.8	5.5	-200	0	4.5	105.639	31.7461	47.866	14.9538	10.2125	0.86113	0	0	0	0	0	0	0	0	0	0	0	0	0	0	0
05.500,00.000	16.9	5.5	-200	0	4.5	112.504	33.503	50.7899	16.0413	10.2491	1.92096	0	0	0	0	0	0	0	0	0	0	0	0	0	0	0
05.500,00.000	17	5.5	-200	0	4.5	115.258	34.2775	51.8445	16.4946	10.2635	2.37832	0	0	0	0	0	0	0	0	0	0	0	0	0	0	0
05.500,00.000	17.1	5.5	-200	0	4.5	116.42	34.5792	52.3059	16.6992	10.2757	2.55964	0	0	0	0	0	0	0	0	0	0	0	0	0	0	0
05.500,00.000	17.2	5.5	-200	0	4.5	117.593	34.8767	52.7688	16.9161	10.2904	2.74123	0	0	0	0	0	0	0	0	0	0	0	0	0	0	0
05.500,00.000	17.3	5.5	-200	0	4.5	118.783	35.1683	53.238	17.146	10.3088	2.92164	0	0	0	0	0	0	0	0	0	0	0	0	0	0	0
05.500,00.000	17.4	5.5	-200	0	4.5	119.996	35.4569	53.7155	17.39	10.331	3.10217	0	0	0	0	0	0	0	0	0	0	0	0	0	0	0
05.500,00.000	17.5	5.5	-200	0	4.5	128.408	37.3216	57.0826	19.1587	10.5197	4.32535	0	0	0	0	0	0	0	0	0	0	0	0	0	0	0
05.500,00.000	17.6	5.5	-200	0	4.5	130.126	37.7296	57.7539	19.5139	10.5614	4.56674	0	0	0	0	0	0	0	0	0	0	0	0	0	0	0
05.500,00.000	17.7	5.5	-200	0	4.5	148.891	41.7256	64.9736	23.8096	11.2019	7.18045	0	0	0	0	0	0	0	0	0	0	0	0	0	0	0
05.500,00.000	17.8	5.5	-200	0	4.5	153.296	42.7162	66.5229	24.8881	11.3742	7.79413	0	0	0	0	0	0	0	0	0	0	0	0	0	0	0
05.500,00.000	17.9	5.5	-200	0	4.5	162.99	44.6073	70.2669	27.1934	11.9096	8.90559	0.106907	0	0	0	0	0	0	0	0	0	0	0	0	0	0
05.500,00.000	18	5.5	-200	0	4.5	166.741	45.3346	71.6981	28.0861	12.1315	8.90559	0.585191	0	0	0	0	0	0	0	0	0	0	0	0	0	0
05.500,00.000	18.1	5.5	-200	0	4.5	167.977	45.5599	72.1965	28.3708	12.2161	8.90559	0.727863	0	0	0	0	0	0	0	0	0	0	0	0	0	0
05.500,00.000	18.2	5.5	-200	0	4.5	169.744	45.8694	72.9201	28.7753	12.3485	8.90559	0.924898	0	0	0	0	0	0	0	0	0	0	0	0	0	0
05.500,00.000	18.3	5.5	-200	0	4.5	171.291	46.1319	73.5639	29.1249	12.4734	8.90559	1.09104	0	0	0	0	0	0	0	0	0	0	0	0	0	0
05.500,00.000	18.4	5.5	-200	0	4.5	172.871	46.3882	74.2355	29.4782	12.61	8.90559	1.2537	0	0	0	0	0	0	0	0	0	0	0	0	0	0
05.500,00.000	18.5	5.5	-200	0	4.5	188.586	48.832	80.972	32.9773	14.0717	8.90657	2.82636	0	0	0	0	0	0	0	0	0	0	0	0	0	0
05.500,00.000	18.6	5.5	-200	0	4.5	191.773	49.392	82.2878	33.6709	14.376	8.90897	3.13782	0	0	0	0	0	0	0	0	0	0	0	0	0	0
05.500,00.000	18.7	5.5	-200	0	4.5	222.325	53.9574	95.6946	40.2007	17.4432	9.03414	5.99483	0	0	0	0	0	0	0	0	0	0	0	0	0	0
05.500,00.000	18.8	5.5	-200	0	4.5	229.673	55.1114	98.8194	41.7331	18.2416	9.0766	6.69079	0	0	0	0	0	0	0	0	0	0	0	0	0	0
05.500,00.000	18.9	5.5	-200	0	4.5	239.497	56.4166	103.563	43.5617	19.239	9.22056	7.49627	0	0	0	0	0	0	0	0	0	0	0	0	0	0
05.500,00.000	19	5.5	-200	0	4.5	246.289	57.3154	106.91	44.7727	19.937	9.32583	8.02847	0	0	0	0	0	0	0	0	0	0	0	0	0	0
05.500,00.000	19.1	5.5	-200	0	4.5	249.012	57.6621	108.268	45.256	20.2166	9.37896	8.23084	0	0	0	0	0	0	0	0	0	0	0	0	0	0
05.500,00.000	19.2	5.5	-200	0	4.5	251.305	57.9492	109.416	45.66	20.4526	9.43221	8.39449	0	0	0	0	0	0	0	0	0	0	0	0	0	0
05.500,00.000	19.3	5.5	-200	0	4.5	253.707	58.2496	110.623	46.0773	20.7019	9.49612	8.55932	0	0	0	0	0	0	0	0	0	0	0	0	0	0
05.500,00.000	19.4	5.5	-200	0	4.5	256.181	58.5635	111.866	46.5006	20.9587	9.57031	8.72246	0	0	0	0	0	0	0	0	0	0	0	0	0	0
05.500,00.000	19.5	5.5	-200	0	4.5	258.886	58.8992	113.237	46.9573	21.2392	9.65904	8.81243	0.082365	0	0	0	0	0	0	0	0	0	0	0	0	0
05.500,00.000	19.6	5.5	-200	0	4.5	276.687	61.0608	122.144	50.0024	23.1234	10.3191	8.90158	1.13524	0	0	0	0	0	0	0	0	0	0	0	0	0
05.500,00.000	19.7	5.5	-200	0	4.5	289.151	62.7007	128.034	52.3149	24.4593	10.8308	8.90158	1.91008	0	0	0	0	0	0	0	0	0	0	0	0	0
05.500,00.000	19.8	5.5	-200	0	4.5	289.736	62.7819	128.27	52.4558	24.5237	10.8565	8.90158	1.94653	0	0	0	0	0	0	0	0	0	0	0	0	0
05.500,00.000	19.9	5.5	-200	0	4.5	296.726	63.7131	131.145	54.1107	25.2994	11.1953	8.90191	2.36135	0	0	0	0	0	0	0	0	0	0	0	0	0
05.500,00.000	20	5.5	-200	0	4.5	299.565	64.0834	132.314	54.7648	25.6268	11.3407	8.9025	2.53339	0	0	0	0	0	0	0	0	0	0	0	0	0
05.500,00.000	20.1	5.5	-200	0	4.5	309.417	65.3519	136.335	57.1045	26.7477	11.8706	8.91705	3.09086	0	0	0	0	0	0	0	0	0	0	0	0	0
05.500,00.000	20.2	5.5	-200	0	4.5	314.622	66.041	138.435	58.3265	27.3486	12.1609	8.92606	3.38377	0	0	0	0	0	0	0	0	0	0	0	0	0
05.500,00.000	20.3	5.5	-200	0	4.5	317.494	66.4439	139.626	58.9235	27.6896	12.3323	8.93509	3.54389	0	0	0	0	0	0	0	0	0	0	0	0	0
05.500,00.000	20.4	5.5	-200	0	4.5	327.492	67.859	143.882	60.7833	28.9204	12.9694	8.9755	4.10277	0	0	0	0	0	0	0	0	0	0	0	0	0
05.500,00.000	20.5	5.5	-200	0	4.5	329.597	68.1717	144.779	61.1351	29.1906	13.111	8.98571	4.22385	0	0	0	0	0	0	0	0	0	0	0	0	0
05.500,00.000	20.6	5.5	-200	0	4.5	336.355	69.0661	147.746	62.2922	30.0502	13.5757	9.03151	4.59345	0	0	0	0	0	0	0	0	0	0	0	0	0
05.500,00.000	20.7	5.5	-200	0	4.5	360.727	72.2999	158.258	66.6164	33.1474	15.2727	9.21838	5.91462	0	0	0	0	0	0	0	0	0	0	0	0	0
05.500,00.000	20.8	5.5	-200	0	4.5	369.488	73.4774	162.004	68.162	34.2749	15.9021	9.29122	6.37624	0	0	0	0	0	0	0	0	0	0	0	0	0
05.500,00.000	20.9	5.5	-200	0	4.5	369.506	73.4797	162.012	68.1652	34.2772	15.9034	9.29143	6.37716	0	0	0	0	0	0	0	0	0	0	0	0	0
05.500,00.000	21	5.5	-200	0	4.5	391.461	76.19	171.54	71.8795	37.227	17.5586	9.58085	7.4846	0	0	0	0	0	0	0	0	0	0	0	0	0
05.500,00.000	21.1	5.5	-200	0	4.5	400.696	77.3122	175.542	73.4031	38.4979	18.2759	9.71237	7.95282	0	0	0	0	0	0	0	0	0	0	0	0	0
05.500,00.000	21.2	5.5	-200	0	4.5	403.865	77.6917	176.918	73.924	38.9355	18.5213	9.76769	8.10712	0	0	0	0	0	0	0	0	0	0	0	0	0
05.500,00.000	21.3	5.5	-200	0	4.5	407.163	78.0739	178.345	74.469	39.3976	18.7809	9.83127	8.26537	0	0	0	0	0	0	0	0	0	0	0	0	0
05.500,00.000	21.4	5.5	-200	0	4.5	420.574	79.6013	184.158	76.6198	41.316	19.8632	10.1146	8.90125	0	0	0	0	0	0	0	0	0	0	0	0	0
05.500,00.000	21.5	5.5	-200	0	4.5	423.367	79.9347	185.362	77.0894	41.6711	20.0973	10.1765	9.03613	0	0	0	0	0	0	0	0	0	0	0	0	0
05.500,00.000	21.6	5.5	-200	0	4.5	450.754	83.223	196.88	81.7379	45.2857	22.4353	10.8586	9.76203	0.571481	0	0	0	0	0	0	0	0	0	0	0	0
05.500,00.000	21.7	5.5	-200	0	4.5	457.43	84.1619	199.69	82.9589	45.9184	23.0365	11.0238	9.76203	0.878784	0	0	0	0	0	0	0	0	0	0	0	0
05.500,00.000	21.8	5.5	-200	0	4.5	463.607	84.8977	202.267	84.1114	46.6354	23.5757	11.2047	9.76304	1.15226	0	0	0	0	0	0	0	0	0	0	0	0
05.500,00.000	21.9	5.5	-200	0	4.5	465.32	85.1187	202.98	84.4541	46.7919	23.7295	11.2554	9.76331	1.22707	0	0	0	0	0	0	0	0	0	0	0	0
05.500,00.000	22	5.5	-200	0	4.5	465.888	85.1852	203.212	84.5649	46.8557	23.7812	11.2741	9.76346	1.25124	0	0	0	0	0	0	0	0	0	0	0	0
05.500,00.000	22.1	5.5	-200	0	4.5	475.145	86.2861	206.913	86.3746	47.9432	24.6295	11.5943	9.76649	1.63746	0	0	0	0	0	0	0	0	0	0	0	0
05.500,00.000	22.2	5.5	-200	0	4.5	481.082	87.2263	209.134	87.5394	48.5796	25.1629	11.798	9.76869	1.87246	0	0	0	0	0	0	0	0	0	0	0	0
05.500,00.000	22.3	5.5	-200	0	4.5	485.057	87.8425	210.571	88.3517	49.0272	25.524	11.9418	9.77089	2.02729	0	0	0	0	0	0	0	0	0	0	0	0
05.500,00.000	22.4	5.5	-200	0	4.5	500.654	90.2561	216.105	91.5678	50.8096	26.9719	12.5325	9.78182	2.62949	0	0	0	0	0	0	0	0	0	0	0	0
05.500,00.000	22.5	5.5	-200	0	4.5	504.035	90.871	217.217	92.2609	51.1886	27.2927	12.6608	9.78539	2.75811	0	0	0	0	0	0	0	0	0	0	0	0
05.500,00.000	22.6	5.5	-200	0	4.5	523.737	93.9181	223.695	96.5832	53.5268	29.1943	13.4685	9.8256	3.526	0	0	0	0	0	0	0	0	0	0	0	0
05.500,00.000	22.7	5.5	-200	0	4.5	554.705	97.6401	234.82	103.356	57.2366	32.2528	14.7783	9.90959	4.71119	0	0	0	0	0	0	0	0	0	0	0	0
05.500,00.000	22.8	5.5	-200	0	4.5	559.15	98.1664	236.413	104.292	57.7822	32.7153	14.9732	9.92443	4.8836	0	0	0	0	0	0	0	0	0	0	0	0
05.500,00.000	22.9	5.5	-200	0	4.5	560.576	98.3383	236.92	104.599	57.9556	32.8603	15.0357	9.93158	4.93522	0	0	0	0	0	0	0	0	0	0	0	0
05.500,00.000	23	5.5	-200	0	4.5	561.54	98.4588	237.254	104.804	58.0752	32.9613	15.0791	9.93684	4.97049	0	0	0	0	0	0	0	0	0	0	0	0
05.500,00.000	23.1	5.5	-200	0	4.5	582.025	100.794	244.265	109.485	60.6238	35.0853	16.0103	10.0742	5.68794	0	0	0	0	0	0	0	0	0	0	0	0
05.500,00.000	23.2	5.5	-200	0	4.5	591.664	102.02	247.442	111.601	61.8463	36.1212	16.4594	10.1466	6.02823	0	0	0	0	0	0	0	0	0	0	0	0
05.500,00.000	23.3	5.5	-200	0	4.5	596.178	102.553	248.935	112.651	62.4147	36.5922	16.6679	10.1865	6.17902	0	0	0	0	0	0	0	0	0	0	0	0
05.500,00.000	23.4	5.5	-200	0	4.5	609.209	104.051	253.218	115.732	64.062	37.9541	17.2757	10.3146	6.60194	0	0	0	0	0	0	0	0	0	0	0	0
05.500,00.000	23.5	5.5	-200	0	4.5	611.971	104.401	254.156	116.411	64.4322	38.2665	17.4134	10.3452	6.54646	0	0	0	0	0	0	0	0	0	0	0	0
05.500,00.000	23.6	5.5	-200	0	4.5	639.357	107.467	263.303	123.098	68.1435	41.2788	18.7678	10.6888	6.61083	0	0	0	0	0	0	0	0	0	0	0	0
05.500,00.000	23.7	5.5	-200	0	4.5	652.84	109.317	267.609	126.268	69.961	42.7671	19.4395	10.8682	6.61083	0	0	0	0	0	0	0	0	0	0	0	0
05.500,00.000	23.8	5.5	-200	0	4.5	653.074	109.342	267.684	126.326	69.9942	42.7937	19.4517	10.8718	6.61083	0	0	0	0	0	0	0	0	0	0	0	0
05.500,00.000	23.9	5.5	-200	0	4.5	653.359	109.373	267.774	126.396	70.0353	42.8265	19.4669	10.8764	6.61083	0	0	0	0	0	0	0	0	0	0	0	0
05.500,00.000	24	5.5	-200	0	4.5	661.121	110.251	270.235	128.276	71.1169	43.7279	19.8891	11.0135	6.61083	0	0	0	0	0	0	0	0	0	0	0	0
05.500,00.000	24.1	5.5	-200	0	4.5	674.496	111.882	274.414	131.476	73.0733	45.1653	20.6161	11.2589	6.61083	0	0	0	0	0	0	0	0	0	0	0	0
05.500,00.000	24.2	5.5	-200	0	4.5	681.468	112.757	276.557	133.164	74.0765	45.9116	20.9979	11.3937	6.61083	0	0	0	0	0	0	0	0	0	0	0	0
05.500,00.000	24.3	5.5	-200	0	4.5	686.644	113.391	278.108	134.428	74.8464	46.4763	21.2838	11.4999	6.61083	0	0	0	0	0	0	0	0	0	0	0	0
05.500,00.000	24.4	5.5	-200	0	4.5	694.382	114.372	280.366	136.308	76.0081	47.3318	21.7184	11.6675	6.61083	0	0	0	0	0	0	0	0	0	0	0	0
05.500,00.000	24.5	5.5	-200	0	4.5	696.45	114.646	280.948	136.811	76.3243	47.5585	21.8372	11.7144	6.61083	0	0	0	0	0	0	0	0	0	0	0	0
05.500,00.000	24.6	5.5	-200	0	4.5	702.433	115.377	282.651	138.245	77.2522	48.2477	22.1892	11.8597	6.61083	0	0	0	0	0	0	0	0	0	0	0	0
05.500,00.000	24.7	5.5	-200	0	4.5	708.174	116.08	284.135	139.744	78.1494	48.9138	22.5354	12.0057	6.61083	0	0	0	0	0	0	0	0	0	0	0	0
05.500,00.000	24.8	5.5	-200	0	4.5	713.463	116.716	285.352	141.257	78.9781	49.5397	22.8627	12.1473	6.61083	0	0	0	0	0	0	0	0	0	0	0	0
05.500,00.000	24.9	5.5	-200	0	4.5	729.777	118.639	289.052	145.971	81.5042	51.508	23.89	12.6019	6.61083	0	0	0	0	0	0	0	0	0	0	0	0
05.500,00.000	25	5.5	-200	0	4.5	733.437	119.091	289.835	147.04	82.0557	51.9787	24.121	12.7055	6.61083	0	0	0	0	0	0	0	0	0	0	0	0
05.500,00.000	25.1	5.5	-200	0	4.5	744.984	120.741	292.346	150.231	83.7424	53.4191	24.8508	13.0432	6.61083	0	0	0	0	0	0	0	0	0	0	0	0
05.500,00.000	25.2	5.5	-200	0	4.5	752.954	122.013	293.949	152.402	84.9304	54.4125	25.3565	13.2802	6.61089	0	0	0	0	0	0	0	0	0	0	0	0
05.500,00.000	25.3	5.5	-200	0	4.5	758.703	122.926	295.097	153.962	85.7791	55.1373	25.7309	13.4586	6.61142	0	0	0	0	0	0	0	0	0	0	0	0
05.500,00.000	25.4	5.5	-200	0	4.5	772.106	124.998	297.812	157.576	87.7402	56.851	26.6251	13.8911	6.61309	0	0	0	0	0	0	0	0	0	0	0	0
05.500,00.000	25.5	5.5	-200	0	4.5	775.165	125.467	298.398	158.393	88.2164	57.253	26.8325	13.9923	6.61368	0	0	0	0	0	0	0	0	0	0	0	0
05.500,00.000	25.6	5.5	-200	0	4.5	806.952	130.222	304.692	166.858	92.97	61.3065	29.1891	15.0888	6.62556	0	0	0	0	0	0	0	0	0	0	0	0
05.500,00.000	25.7	5.5	-200	0	4.5	841.006	135.416	311.393	175.786	98.0726	65.3551	32.0283	16.3054	6.6494	0	0	0	0	0	0	0	0	0	0	0	0
05.500,00.000	25.8	5.5	-200	0	4.5	844.66	135.975	312.107	176.732	98.6372	65.7486	32.3705	16.4369	6.65294	0	0	0	0	0	0	0	0	0	0	0	0
05.500,00.000	25.9	5.5	-200	0	4.5	844.927	136.016	312.161	176.801	98.6763	65.7788	32.3944	16.4471	6.65348	0	0	0	0	0	0	0	0	0	0	0	0
05.500,00.000	26	5.5	-200	0	4.5	851.892	137.086	313.573	178.576	99.6839	66.5292	33.0485	16.7236	6.67163	0	0	0	0	0	0	0	0	0	0	0	0
05.500,00.000	26.1	5.5	-200	0	4.5	870.023	139.148	317.661	183.21	102.341	68.6083	34.8294	17.4961	6.7297	0	0	0	0	0	0	0	0	0	0	0	0
05.500,00.000	26.2	5.5	-200	0	4.5	878.174	140.034	319.575	185.096	103.489	69.6348	35.7057	17.8781	6.76142	0	0	0	0	0	0	0	0	0	0	0	0
05.500,00.000	26.3	5.5	-200	0	4.5	883.377	140.598	320.801	186.285	104.249	70.273	36.2565	18.133	6.78229	0	0	0	0	0	0	0	0	0	0	0	0
05.500,00.000	26.4	5.5	-200	0	4.5	895.183	141.867	323.678	188.93	105.968	71.7055	37.4617	18.7252	6.84796	0	0	0	0	0	0	0	0	0	0	0	0
05.500,00.000	26.5	5.5	-200	0	4.5	897.968	142.173	324.386	189.533	106.345	72.046	37.7529	18.8677	6.86457	0	0	0	0	0	0	0	0	0	0	0	0
05.500,00.000	26.6	5.5	-200	0	4.5	906.362	143.052	326.504	191.334	107.529	73.0463	38.6515	19.3152	6.93055	0	0	0	0	0	0	0	0	0	0	0	0
05.500,00.000	26.7	5.5	-200	0	4.5	931.494	145.621	333.067	196.691	111.072	76.0572	41.097	20.7317	7.1573	0	0	0	0	0	0	0	0	0	0	0	0
05.500,00.000	26.8	5.5	-200	0	4.5	936.675	146.293	334.362	197.754	111.756	76.7237	41.5478	21.0329	7.20599	0	0	0	0	0	0	0	0	0	0	0	0
05.500,00.000	26.9	5.5	-200	0	4.5	937.482	146.393	334.552	197.92	111.864	76.8272	41.6267	21.0829	7.21506	0	0	0	0	0	0	0	0	0	0	0	0
05.500,00.000	27	5.5	-200	0	4.5	944.835	147.328	336.296	199.405	112.829	77.7505	42.3679	21.5539	7.30518	0	0	0	0	0	0	0	0	0	0	0	0
05.500,00.000	27.1	5.5	-200	0	4.5	952.437	148.317	338.147	200.898	113.794	78.7361	43.091	22.05	7.40424	0	0	0	0	0	0	0	0	0	0	0	0
05.500,00.000	27.2	5.5	-200	0	4.5	957.696	148.987	339.481	201.913	114.447	79.3888	43.5957	22.4056	7.47865	0	0	0	0	0	0	0	0	0	0	0	0
05.500,00.000	27.3	5.5	-200	0	4.5	962.462	149.582	340.698	202.828	115.023	79.9751	44.065	22.739	7.55176	0	0	0	0	0	0	0	0	0	0	0	0
05.500,00.000	27.4	5.5	-200	0	4.5	967.436	150.204	341.968	203.788	115.606	80.5779	44.5601	23.0985	7.63366	0	0	0	0	0	0	0	0	0	0	0	0
05.500,00.000	27.5	5.5	-200	0	4.5	971.819	150.754	343.087	204.628	116.104	81.1035	45.0036	23.4269	7.71164	0	0	0	0	0	0	0	0	0	0	0	0
05.500,00.000	27.6	5.5	-200	0	4.5	976.452	151.346	344.276	205.492	116.608	81.657	45.4847	23.789	7.80052	0	0	0	0	0	0	0	0	0	0	0	0
05.500,00.000	27.7	5.5	-200	0	4.5	980.952	151.935	345.403	206.327	117.081	82.1914	45.9627	24.158	7.8935	0	0	0	0	0	0	0	0	0	0	0	0
05.500,00.000	27.8	5.5	-200	0	4.5	985.307	152.511	346.464	207.134	117.528	82.7092	46.4366	24.5334	7.99088	0	0	0	0	0	0	0	0	0	0	0	0
05.500,00.000	27.9	5.5	-200	0	4.5	993.559	153.636	348.47	208.635	118.341	83.6731	47.3447	25.2723	8.18701	0	0	0	0	0	0	0	0	0	0	0	0
05.500,00.000	28	5.5	-200	0	4.5	995.629	153.92	348.979	209.013	118.535	83.9103	47.5677	25.4649	8.23869	0	0	0	0	0	0	0	0	0	0	0	0
05.500,00.000	28.1	5.5	-200	0	4.5	1001.47	154.759	350.391	210.03	119.05	84.5495	48.207	26.0223	8.39231	0.0679028	0	0	0	0	0	0	0	0	0	0	0
05.500,00.000	28.2	5.5	-200	0	4.5	1006.47	155.457	351.566	210.905	119.46	85.0731	48.7404	26.5058	8.52748	0.23748	0	0	0	0	0	0	0	0	0	0	0
05.500,00.000	28.3	5.5	-200	0	4.5	1010.67	156.054	352.56	211.629	119.78	85.5004	49.1928	26.9285	8.64773	0.382221	0	0	0	0	0	0	0	0	0	0	0
05.500,00.000	28.4	5.5	-200	0	4.5	1023.27	157.857	355.602	213.758	120.675	86.7342	50.5447	28.2441	9.02813	0.798832	0.0228086	0	0	0	0	0	0	0	0	0	0
05.500,00.000	28.5	5.5	-200	0	4.5	1028.41	158.578	356.872	214.622	121.017	87.2278	51.1	28.7957	9.18895	0.798832	0.204679	0	0	0	0	0	0	0	0	0	0
05.500,00.000	28.6	5.5	-200	0	4.5	1052.12	161.698	362.7	218.606	122.508	89.5049	53.7204	31.5111	9.97643	0.798832	1.10085	0	0	0	0	0	0	0	0	0	0
05.500,00.000	28.7	5.5	-200	0	4.5	1059	162.652	364.354	219.745	122.909	90.1309	54.4674	32.3856	10.2051	0.798832	1.3553	0	0	0	0	0	0	0	0	0	0
05.500,00.000	28.8	5.5	-200	0	4.5	1059.27	162.688	364.418	219.789	122.923	90.1536	54.4952	32.4202	10.2146	0.798832	1.36513	0	0	0	0	0	0	0	0	0	0
05.500,00.000	28.9	5.5	-200	0	4.5	1059.76	162.759	364.537	219.871	122.949	90.1943	54.5463	32.4872	10.2331	0.798832	1.38387	0	0	0	0	0	0	0	0	0	0
05.500,00.000	29	5.5	-200	0	4.5	1071.37	164.48	367.364	221.818	123.502	91.097	55.7138	34.0971	10.6715	0.798832	1.82538	0	0	0	0	0	0	0	0	0	0
05.500,00.000	29.1	5.5	-200	0	4.5	1078.04	165.643	368.917	222.96	123.78	91.5848	56.3571	35.0116	10.9166	0.798832	2.07279	0	0	0	0	0	0	0	0	0	0
05.500,00.000	29.2	5.5	-200	0	4.5	1081.83	166.354	369.783	223.603	123.931	91.8411	56.7073	35.5366	11.0637	0.798832	2.21065	0	0	0	0	0	0	0	0	0	0
05.500,00.000	29.3	5.5	-200	0	4.5	1085.69	167.115	370.658	224.257	124.074	92.0867	57.0538	36.0815	11.2189	0.798832	2.35042	0	0	0	0	0	0	0	0	0	0
05.500,00.000	29.4	5.5	-200	0	4.5	1095.59	169.385	372.813	225.876	124.406	92.6501	57.8875	37.4583	11.6204	0.798832	2.69475	0	0	0	0	0	0	0	0	0	0
05.500,00.000	29.5	5.5	-200	0	4.5	1097.9	169.982	373.295	226.261	124.473	92.7685	58.0772	37.7795	11.6952	0.798832	2.77424	0	0	0	0	0	0	0	0	0	0
05.500,00.000	29.6	5.5	-200	0	4.5	1104.83	171.677	374.825	227.405	124.666	93.0987	58.6048	38.7734	11.9663	0.798832	3.01233	0	0	0	0	0	0	0	0	0	0
05.500,00.000	29.7	5.5	-200	0	4.5	1127.65	176.373	379.999	231.348	125.485	94.1895	60.2977	42.3376	12.9463	0.798832	3.86967	0	0	0	0	0	0	0	0	0	0
05.500,00.000	29.8	5.5	-200	0	4.5	1158.59	184.302	386.423	236.609	126.738	95.5129	62.3984	46.7487	14.1023	0.798832	4.96151	0	0	0	0	0	0	0	0	0	0
05.500,00.000	29.9	5.5	-200	0	4.5	1162.36	185.238	387.217	237.324	126.884	95.6717	62.6427	47.3009	14.1909	0.798832	5.09701	0	0	0	0	0	0	0	0	0	0
05.500,00.000	30	5.5	-200	0	4.5	1195.22	193.382	394.549	243.159	128.127	97.0233	64.6927	51.9433	15.3215	0.798832	6.22328	0	0	0	0	0	0	0	0	0	0
05.500,00.000	30.1	5.5	-200	0	4.5	1208.45	195.612	398.95	245.485	128.588	97.5552	65.4679	53.6661	15.6469	0.798832	6.678	0	0	0	0	0	0	0	0	0	0
05.500,00.000	30.2	5.5	-200	0	4.5	1212.08	196.168	400.207	246.109	128.718	97.6901	65.6753	54.1535	15.7581	0.798832	6.79791	0	0	0	0	0	0	0	0	0	0
05.500,00.000	30.3	5.5	-200	0	4.5	1215.86	196.75	401.542	246.758	128.852	97.8251	65.887	54.6607	15.8702	0.798832	6.9217	0	0	0	0	0	0	0	0	0	0
05.500,00.000	30.4	5.5	-200	0	4.5	1226.79	198.469	405.411	248.608	129.232	98.1963	66.4821	56.108	16.2116	0.798832	7.27362	0	0	0	0	0	0	0	0	0	0
05.500,00.000	30.5	5.5	-200	0	4.5	1229.2	198.869	406.3	249.011	129.312	98.2784	66.6117	56.3985	16.267	0.798832	7.35292	0	0	0	0	0	0	0	0	0	0
05.500,00.000	30.6	5.5	-200	0	4.5	1236.56	200.048	408.98	250.243	129.561	98.5054	66.9977	57.3488	16.4866	0.798832	7.59005	0	0	0	0	0	0	0	0	0	0
05.500,00.000	30.7	5.5	-200	0	4.5	1261.75	203.504	418.337	254.454	130.644	99.307	68.397	60.5495	17.2737	0.798832	8.48457	0	0	0	0	0	0	0	0	0	0
05.500,00.000	30.8	5.5	-200	0	4.5	1282.53	207.087	425.796	257.665	131.627	99.9447	69.5417	63.0255	17.8431	0.798832	9.20497	0	0	0	0	0	0	0	0	0	0
05.500,00.000	30.9	5.5	-200	0	4.5	1283.85	207.305	426.238	257.866	131.7	99.9926	69.6326	63.2021	17.8552	0.798832	9.25962	0	0	0	0	0	0	0	0	0	0
05.500,00.000	31	5.5	-200	0	4.5	1310.2	211.864	435.031	262.16	133.085	100.815	71.1849	66.5231	18.4947	0.798832	9.76029	0.487432	0	0	0	0	0	0	0	0	0
05.500,00.000	31.1	5.5	-200	0	4.5	1319.65	213.622	437.821	263.699	133.643	101.146	71.7456	67.9024	18.6158	0.800782	9.76029	0.889539	0	0	0	0	0	0	0	0	0
05.500,00.000	31.2	5.5	-200	0	4.5	1322.34	214.198	438.574	264.143	133.792	101.228	71.8875	68.2749	18.6884	0.802541	9.76029	0.995344	0	0	0	0	0	0	0	0	0
05.500,00.000	31.3	5.5	-200	0	4.5	1325.09	214.795	439.368	264.577	133.942	101.307	72.0262	68.6492	18.7633	0.805221	9.76029	1.10167	0	0	0	0	0	0	0	0	0
05.500,00.000	31.4	5.5	-200	0	4.5	1332.24	216.443	441.44	265.677	134.323	101.494	72.3685	69.5774	18.9712	0.818251	9.76029	1.36988	0	0	0	0	0	0	0	0	0
05.500,00.000	31.5	5.5	-200	0	4.5	1333.86	216.877	441.911	265.879	134.417	101.536	72.4405	69.7819	19.0008	0.824575	9.76029	1.43239	0	0	0	0	0	0	0	0	0
05.500,00.000	31.6	5.5	-200	0	4.5	1338.91	218.154	443.332	266.615	134.707	101.651	72.6625	70.4241	19.1463	0.84114	9.76031	1.61904	0	0	0	0	0	0	0	0	0
05.500,00.000	31.7	5.5	-200	0	4.5	1342.59	219.156	444.357	267.108	134.924	101.731	72.8147	70.8697	19.2636	0.853819	9.76078	1.75339	0	0	0	0	0	0	0	0	0
05.500,00.000	31.8	5.5	-200	0	4.5	1345.25	219.869	445.113	267.473	135.077	101.784	72.9231	71.1786	19.354	0.864611	9.76142	1.84983	0	0	0	0	0	0	0	0	0
05.500,00.000	31.9	5.5	-200	0	4.5	1372.37	227.019	452.793	271.316	136.657	102.302	74.0211	74.2905	20.3671	0.981083	9.77731	2.84642	0	0	0	0	0	0	0	0	0
05.500,00.000	32	5.5	-200	0	4.5	1378.05	228.697	454.355	272.081	136.994	102.404	74.2219	74.8491	20.6226	0.988485	9.78463	3.0461	0	0	0	0	0	0	0	0	0
05.500,00.000	32.1	5.5	-200	0	4.5	1394.82	233.724	459.035	274.411	137.916	102.671	74.8174	76.5187	21.2262	1.04425	9.83762	3.61547	0	0	0	0	0	0	0	0	0
05.500,00.000	32.2	5.5	-200	0	4.5	1402.27	235.873	461.102	275.494	138.374	102.835	75.0679	77.2676	21.4515	1.06608	9.86757	3.86883	0	0	0	0	0	0	0	0	0
05.500,00.000	32.3	5.5	-200	0	4.5	1405.04	236.703	461.872	275.872	138.559	102.898	75.1566	77.5185	21.5428	1.07604	9.88456	3.95762	0	0	0	0	0	0	0	0	0
05.500,00.000	32.4	5.5	-200	0	4.5	1409.58	238.077	463.146	276.458	138.881	102.991	75.3038	77.9132	21.6933	1.09324	9.92013	4.10048	0	0	0	0	0	0	0	0	0
05.500,00.000	32.5	5.5	-200	0	4.5	1410.78	238.438	463.479	276.614	138.976	103.016	75.3423	78.0182	21.7297	1.09737	9.93092	4.13817	0	0	0	0	0	0	0	0	0
05.500,00.000	32.6	5.5	-200	0	4.5	1414.28	239.477	464.489	277.04	139.247	103.087	75.4481	78.3081	21.8494	1.11231	9.97125	4.24879	0	0	0	0	0	0	0	0	0
05.500,00.000	32.7	5.5	-200	0	4.5	1440.57	246.863	471.697	280.364	141.577	103.688	76.2771	80.5129	22.8377	1.24886	10.3361	5.17391	0	0	0	0	0	0	0	0	0
05.500,00.000	32.8	5.5	-200	0	4.5	1446.16	248.406	473.19	281.164	142.091	103.8	76.4649	80.9223	23.0409	1.31814	10.4079	5.35507	0	0	0	0	0	0	0	0	0
05.500,00.000	32.9	5.5	-200	0	4.5	1446.19	248.415	473.197	281.167	142.093	103.801	76.4657	80.924	23.0419	1.31842	10.4084	5.35587	0	0	0	0	0	0	0	0	0
05.500,00.000	33	5.5	-200	0	4.5	1446.51	248.513	473.287	281.209	142.119	103.807	76.4751	80.9429	23.0537	1.32203	10.414	5.36512	0	0	0	0	0	0	0	0	0
05.500,00.000	33.1	5.5	-200	0	4.5	1460.56	252.973	477.269	282.979	143.224	104.063	76.8697	81.7123	23.5578	1.48351	10.6764	5.75542	0	0	0	0	0	0	0	0	0
05.500,00.000	33.2	5.5	-200	0	4.5	1467.53	255.144	479.248	283.906	143.764	104.221	77.0583	82.0741	23.7962	1.56796	10.8043	5.94322	0	0	0	0	0	0	0	0	0
05.500,00.000	33.3	5.5	-200	0	4.5	1470.67	256.159	480.146	284.312	143.997	104.288	77.1388	82.2262	23.9068	1.60478	10.865	6.02448	0	0	0	0	0	0	0	0	0
05.500,00.000	33.4	5.5	-200	0	4.5	1473.43	257.077	480.934	284.661	144.196	104.345	77.2059	82.3533	24.0039	1.63764	10.921	6.09369	0	0	0	0	0	0	0	0	0
05.500,00.000	33.5	5.5	-200	0	4.5	1476.56	258.148	481.824	285.05	144.416	104.407	77.278	82.4898	24.1137	1.67524	10.9876	6.16946	0	0	0	0	0	0	0	0	0
05.500,00.000	33.6	5.5	-200	0	4.5	1480.35	259.376	482.876	285.55	144.717	104.49	77.3717	82.6706	24.2683	1.72859	11.0856	6.21993	0	0	0	0	0	0	0	0	0
05.500,00.000	33.7	5.5	-200	0	4.5	1497.93	265.683	487.71	287.663	146.081	104.856	77.7899	83.4448	24.972	1.97543	11.5226	6.23509	0	0	0	0	0	0	0	0	0
05.500,00.000	33.8	5.5	-200	0	4.5	1508.38	269.362	490.677	288.912	146.874	105.076	78.0449	83.8895	25.3813	2.17598	11.7569	6.23509	0	0	0	0	0	0	0	0	0
05.500,00.000	33.9	5.5	-200	0	4.5	1508.66	269.461	490.756	288.944	146.895	105.085	78.0518	83.901	25.3922	2.18164	11.7581	6.23509	0	0	0	0	0	0	0	0	0
05.500,00.000	34	5.5	-200	0	4.5	1509.39	269.732	490.963	289.027	146.946	105.106	78.0676	83.9275	25.4203	2.19651	11.7665	6.23509	0	0	0	0	0	0	0	0	0
05.500,00.000	34.1	5.5	-200	0	4.5	1520.89	274.104	494.167	290.387	147.717	105.406	78.297	84.3109	25.8559	2.42701	11.9847	6.23509	0	0	0	0	0	0	0	0	0
05.500,00.000	34.2	5.5	-200	0	4.5	1526.7	276.285	495.759	291.096	148.109	105.607	78.4116	84.5006	26.0775	2.55012	12.0692	6.23509	0	0	0	0	0	0	0	0	0
05.500,00.000	34.3	5.5	-200	0	4.5	1529.67	277.426	496.565	291.462	148.303	105.693	78.4642	84.5867	26.1864	2.61208	12.1321	6.23509	0	0	0	0	0	0	0	0	0
05.500,00.000	34.4	5.5	-200	0	4.5	1532.67	278.59	497.381	291.827	148.498	105.789	78.5135	84.6668	26.2932	2.6757	12.1985	6.23509	0	0	0	0	0	0	0	0	0
05.500,00.000	34.5	5.5	-200	0	4.5	1535.69	279.768	498.207	292.19	148.689	105.887	78.5598	84.7416	26.398	2.74114	12.2686	6.23509	0	0	0	0	0	0	0	0	0
05.500,00.000	34.6	5.5	-200	0	4.5	1539.05	280.991	499.108	292.613	148.925	106.009	78.6133	84.8278	26.5297	2.827	12.367	6.23509	0	0	0	0	0	0	0	0	0
05.500,00.000	34.7	5.5	-200	0	4.5	1579.78	296.414	510.181	297.3	151.595	107.511	79.17	85.8601	28.0101	3.96958	13.5321	6.23509	0	0	0	0	0	0	0	0	0
05.500,00.000	34.8	5.5	-200	0	4.5	1588.01	299.388	512.313	298.265	152.279	107.926	79.2798	86.0977	28.3003	4.28106	13.6487	6.23509	0	0	0	0	0	0	0	0	0
05.500,00.000	34.9	5.5	-200	0	4.5	1615.23	310.011	519.629	301.194	154.131	108.924	79.5959	86.7658	29.1992	5.17003	14.3749	6.23509	0	0	0	0	0	0	0	0	0
05.500,00.000	35	5.5	-200	0	4.5	1622.62	313.024	521.526	301.889	154.718	109.231	79.693	86.9041	29.4492	5.46986	14.4795	6.23509	0	0	0	0	0	0	0	0	0
05.500,00.000	35.1	5.5	-200	0	4.5	1637.21	319.013	525.428	303.28	155.76	109.732	79.8377	87.1694	29.8895	5.99339	14.874	6.23509	0	0	0	0	0	0	0	0	0
05.500,00.000	35.2	5.5	-200	0	4.5	1644.57	322.083	527.277	304.019	156.304	109.999	79.9353	87.2883	30.1114	6.27134	15.0438	6.23509	0	0	0	0	0	0	0	0	0
05.500,00.000	35.3	5.5	-200	0	4.5	1647.85	323.45	528.137	304.334	156.51	110.107	79.9732	87.3389	30.203	6.38898	15.1689	6.23509	0	0	0	0	0	0	0	0	0
05.500,00.000	35.4	5.5	-200	0	4.5	1651.07	324.804	528.995	304.639	156.704	110.212	80.0078	87.3849	30.2896	6.50548	15.2972	6.23509	0	0	0	0	0	0	0	0	0
05.500,00.000	35.5	5.5	-200	0	4.5	1654.37	326.211	529.871	304.939	156.894	110.317	80.0409	87.4276	30.3739	6.62448	15.4313	6.23509	0	0	0	0	0	0	0	0	0
05.500,00.000	35.6	5.5	-200	0	4.5	1658	327.725	530.853	305.262	157.113	110.437	80.0767	87.4724	30.4676	6.7711	15.5909	6.23509	0	0	0	0	0	0	0	0	0
05.500,00.000	35.7	5.5	-200	0	4.5	1672.15	333.76	534.37	306.473	158.058	110.916	80.207	87.6345	30.8301	7.39413	16.2755	6.23509	0	0	0	0	0	0	0	0	0
05.500,00.000	35.8	5.5	-200	0	4.5	1697.06	344.222	540.962	308.592	159.628	111.794	80.4349	87.9	31.423	8.47168	17.3959	6.23509	0	0	0	0	0	0	0	0	0
05.500,00.000	35.9	5.5	-200	0	4.5	1700.52	345.713	541.793	308.919	159.837	111.948	80.478	87.9291	31.5053	8.63472	17.5296	6.23509	0	0	0	0	0	0	0	0	0
05.500,00.000	36	5.5	-200	0	4.5	1700.73	345.804	541.848	308.936	159.849	111.957	80.4798	87.931	31.5098	8.64408	17.5397	6.23509	0	0	0	0	0	0	0	0	0
05.500,00.000	36.1	5.5	-200	0	4.5	1714.24	351.658	545.296	310.054	160.629	112.521	80.5892	88.038	31.7802	9.24965	18.1898	6.23509	0	0	0	0	0	0	0	0	0
05.500,00.000	36.2	5.5	-200	0	4.5	1722.44	355.095	547.367	310.772	161.122	112.891	80.6926	88.0968	31.946	9.64577	18.5746	6.23509	0	0	0	0	0	0	0	0	0
05.500,00.000	36.3	5.5	-200	0	4.5	1725.82	356.559	548.213	311.056	161.317	113.033	80.7417	88.1195	32.0084	9.80614	18.7336	6.23509	0	0	0	0	0	0	0	0	0
05.500,00.000	36.4	5.5	-200	0	4.5	1737.72	361.615	551.301	312.034	161.988	113.513	80.9041	88.1937	32.2118	10.3858	19.3393	6.23509	0	0	0	0	0	0	0	0	0
05.500,00.000	36.5	5.5	-200	0	4.5	1740.09	362.603	551.89	312.247	162.128	113.619	80.9432	88.2192	32.2532	10.5115	19.4441	6.23509	0	0	0	0	0	0	0	0	0
05.500,00.000	36.6	5.5	-200	0	4.5	1751.43	367.517	554.725	313.176	162.753	114.057	81.0942	88.3315	32.4212	11.079	20.0425	6.23648	0	0	0	0	0	0	0	0	0
05.500,00.000	36.7	5.5	-200	0	4.5	1760.98	371.581	556.965	313.984	163.33	114.459	81.2366	88.4236	32.568	11.6055	20.5902	6.23837	0	0	0	0	0	0	0	0	0
05.500,00.000	36.8	5.5	-200	0	4.5	1781.31	380.297	561.761	315.763	164.514	115.266	81.5209	88.6044	32.8563	12.7171	21.763	6.24406	0	0	0	0	0	0	0	0	0
05.500,00.000	36.9	5.5	-200	0	4.5	1784.49	381.71	562.438	316.061	164.703	115.41	81.5674	88.6315	32.9018	12.9033	21.9165	6.24525	0	0	0	0	0	0	0	0	0
05.500,00.000	37	5.5	-200	0	4.5	1801.14	388.961	566.321	317.599	165.672	116.022	81.8195	88.7476	33.1148	13.7811	22.8442	6.25523	0	0	0	0	0	0	0	0	0
05.500,00.000	37.1	5.5	-200	0	4.5	1806.65	391.448	567.514	318.107	165.993	116.234	81.9715	88.7845	33.1836	14.0345	23.1183	6.25888	0	0	0	0	0	0	0	0	0
05.500,00.000	37.2	5.5	-200	0	4.5	1810.98	393.417	568.474	318.491	166.248	116.377	82.0636	88.8091	33.2338	14.2392	23.3638	6.26334	0	0	0	0	0	0	0	0	0
05.500,00.000	37.3	5.5	-200	0	4.5	1817.15	396.246	569.827	319.053	166.612	116.57	82.1988	88.842	33.3024	14.5198	23.7097	6.27084	0	0	0	0	0	0	0	0	0
05.500,00.000	37.4	5.5	-200	0	4.5	1829.66	401.983	572.589	320.19	167.357	116.938	82.469	88.903	33.4343	15.0797	24.4233	6.28881	0	0	0	0	0	0	0	0	0
05.500,00.000	37.5	5.5	-200	0	4.5	1831.86	403.003	573.059	320.382	167.493	117.006	82.5261	88.9136	33.4578	15.1756	24.5542	6.29236	0	0	0	0	0	0	0	0	0
05.500,00.000	37.6	5.5	-200	0	4.5	1842.36	407.794	575.387	321.291	168.148	117.285	82.7589	88.9563	33.5599	15.6307	25.2346	6.31334	0	0	0	0	0	0	0	0	0
05.500,00.000	37.7	5.5	-200	0	4.5	1852.98	412.271	577.987	322.152	168.855	117.638	83.0156	88.9975	33.6609	16.1103	25.9561	6.33811	0	0	0	0	0	0	0	0	0
05.500,00.000	37.8	5.5	-200	0	4.5	1860.9	415.592	579.946	322.82	169.404	117.892	83.1929	89.0257	33.7339	16.4494	26.4886	6.35805	0	0	0	0	0	0	0	0	0
05.500,00.000	37.9	5.5	-200	0	4.5	1861.61	415.892	580.115	322.877	169.456	117.919	83.2104	89.0281	33.7404	16.4793	26.5322	6.35998	0	0	0	0	0	0	0	0	0
05.500,00.000	38	5.5	-200	0	4.5	1862.8	416.419	580.393	322.973	169.539	117.96	83.2382	89.0314	33.7505	16.5274	26.6069	6.36373	0	0	0	0	0	0	0	0	0
05.500,00.000	38.1	5.5	-200	0	4.5	1868.97	419.113	581.882	323.47	169.954	118.146	83.3874	89.0476	33.7979	16.7712	27.0116	6.38374	0	0	0	0	0	0	0	0	0
05.500,00.000	38.2	5.5	-200	0	4.5	1872.5	420.674	582.732	323.744	170.193	118.255	83.4815	89.0561	33.8243	16.9076	27.234	6.39592	0	0	0	0	0	0	0	0	0
05.500,00.000	38.3	5.5	-200	0	4.5	1876.92	422.624	583.817	324.09	170.478	118.377	83.5678	89.0923	33.8552	17.0706	27.5343	6.41202	0	0	0	0	0	0	0	0	0
05.500,00.000	38.4	5.5	-200	0	4.5	1882.59	425.123	585.214	324.529	170.86	118.528	83.6546	89.158	33.8909	17.2741	27.9203	6.4338	0	0	0	0	0	0	0	0	0
05.500,00.000	38.5	5.5	-200	0	4.5	1884.29	425.864	585.648	324.661	170.978	118.576	83.68	89.1787	33.9015	17.3357	28.0308	6.44084	0	0	0	0	0	0	0	0	0
05.500,00.000	38.6	5.5	-200	0	4.5	1891.79	429.106	587.588	325.225	171.471	118.761	83.7928	89.2587	33.9417	17.5967	28.5794	6.47354	0	0	0	0	0	0	0	0	0
05.500,00.000	38.7	5.5	-200	0	4.5	1906.29	435.384	591.408	326.265	172.426	119.114	84.0053	89.4114	34.0149	18.0676	29.653	6.5403	0	0	0	0	0	0	0	0	0
05.500,00.000	38.8	5.5	-200	0	4.5	1908.34	436.3	591.925	326.401	172.575	119.173	84.0367	89.4352	34.0254	18.1342	29.7841	6.55078	0	0	0	0	0	0	0	0	0
05.500,00.000	38.9	5.5	-200	0	4.5	1925.56	443.707	596.498	327.599	173.659	119.551	84.5561	89.5976	34.0967	18.5465	31.1134	6.63749	0	0	0	0	0	0	0	0	0
05.500,00.000	39	5.5	-200	0	4.5	1929.7	445.478	597.597	327.875	173.928	119.651	84.8091	89.6381	34.1135	18.5754	31.3797	6.65895	0	0	0	0	0	0	0	0	0
05.500,00.000	39.1	5.5	-200	0	4.5	1940.92	450.049	600.526	328.605	174.575	119.865	85.3898	89.7295	34.1471	18.833	32.1557	7.04228	0	0	0	0	0	0	0	0	0
05.500,00.000	39.2	5.5	-200	0	4.5	1946.07	452.122	601.902	328.925	174.874	119.962	85.6629	89.7716	34.1614	18.9346	32.4492	7.30225	0	0	0	0	0	0	0	0	0
05.500,00.000	39.3	5.5	-200	0	4.5	1948.45	453.083	602.519	329.071	175.006	120.003	85.789	89.7928	34.1672	18.9867	32.6099	7.42295	0	0	0	0	0	0	0	0	0
05.500,00.000	39.4	5.5	-200	0	4.5	1959.1	457.339	605.255	329.703	175.577	120.171	86.3385	90.002	34.1885	19.2141	33.3494	7.96361	0	0	0	0	0	0	0	0	0
05.500,00.000	39.5	5.5	-200	0	4.5	1961.19	458.174	605.796	329.819	175.702	120.204	86.4472	90.0706	34.1927	19.2568	33.4582	8.07205	0	0	0	0	0	0	0	0	0
05.500,00.000	39.6	5.5	-200	0	4.5	1971.06	461.96	608.292	330.363	176.272	120.348	86.9666	90.3437	34.2062	19.4699	34.1867	8.65288	0	0	0	0	0	0	0	0	0
05.500,00.000	39.7	5.5	-200	0	4.5	1981.61	465.966	610.989	330.976	176.864	120.49	87.5391	90.6446	34.2185	19.69	34.9267	9.30776	0	0	0	0	0	0	0	0	0
05.500,00.000	39.8	5.5	-200	0	4.5	1982.88	466.443	611.32	331.055	176.936	120.507	87.6091	90.6841	34.2206	19.7197	34.9986	9.38775	0	0	0	0	0	0	0	0	0
05.500,00.000	39.9	5.5	-200	0	4.5	1985.26	467.34	611.946	331.193	177.059	120.533	87.7361	90.7483	34.2231	19.767	35.1791	9.53557	0	0	0	0	0	0	0	0	0
05.500,00.000	40	5.5	-200	0	4.5	1985.75	467.525	612.077	331.223	177.086	120.539	87.7629	90.7632	34.2237	19.7779	35.2089	9.56701	0	0	0	0	0	0	0	0	0
05.500,00.000	40.1	5.5	-200	0	4.5	1991.2	469.561	613.541	331.532	177.353	120.589	88.0508	90.9118	34.2323	19.8847	35.6272	9.91496	0	0	0	0	0	0	0	0	0
05.500,00.000	40.2	5.5	-200	0	4.5	1995.2	471.08	614.637	331.769	177.548	120.624	88.1983	91.0287	34.2382	19.9651	35.9281	10.1803	0	0	0	0	0	0	0	0	0
05.500,00.000	40.3	5.5	-200	0	4.5	1998.17	472.234	615.483	331.95	177.684	120.647	88.2316	91.1114	34.241	20.024	36.1767	10.3844	0	0	0	0	0	0	0	0	0
05.500,00.000	40.4	5.5	-200	0	4.5	2003.53	474.33	617.004	332.272	177.92	120.685	88.287	91.2576	34.2492	20.1292	36.6383	10.7631	0	0	0	0	0	0	0	0	0
05.500,00.000	40.5	5.5	-200	0	4.5	2004.52	474.728	617.276	332.338	177.961	120.692	88.2855	91.2871	34.2502	20.1498	36.7149	10.8373	0	0	0	0	0	0	0	0	0
05.500,00.000	40.6	5.5	-200	0	4.5	2015.41	479.003	620.364	332.884	178.407	120.753	88.3908	91.5759	34.266	20.354	37.7112	11.6966	0	0	0	0	0	0	0	0	0
05.500,00.000	40.7	5.5	-200	0	4.5	2017.63	479.876	620.979	333.03	178.473	120.766	88.4244	91.6376	34.2681	20.3966	37.8955	11.8857	0	0	0	0	0	0	0	0	0
05.500,00.000	40.8	5.5	-200	0	4.5	2019.4	480.552	621.489	333.125	178.534	120.773	88.4478	91.6819	34.2696	20.4288	38.0661	12.0351	0	0	0	0	0	0	0	0	0
05.500,00.000	40.9	5.5	-200	0	4.5	2021.59	481.371	622.131	333.246	178.603	120.782	88.4756	91.7365	34.2722	20.4673	38.278	12.2246	0	0	0	0	0	0	0	0	0
05.500,00.000	41	5.5	-200	0	4.5	2022.47	481.7	622.395	333.296	178.627	120.785	88.4863	91.7587	34.2733	20.4827	38.3644	12.3032	0	0	0	0	0	0	0	0	0
05.500,00.000	41.1	5.5	-200	0	4.5	2022.7	481.782	622.464	333.31	178.632	120.786	88.4889	91.7644	34.2734	20.4866	38.3862	12.3241	0	0	0	0	0	0	0	0	0
05.500,00.000	41.2	5.5	-200	0	4.5	2024.41	482.39	622.991	333.408	178.676	120.79	88.5064	91.8042	34.2747	20.5149	38.5672	12.483	0	0	0	0	0	0	0	0	0
05.500,00.000	41.3	5.5	-200	0	4.5	2026.6	483.155	623.673	333.544	178.726	120.796	88.5273	91.8573	34.2769	20.5504	38.8027	12.6913	0	0	0	0	0	0	0	0	0
05.500,00.000	41.4	5.5	-200	0	4.5	2031.91	484.984	625.335	333.859	178.847	120.807	88.5727	91.9827	34.2815	20.6337	39.3941	13.2084	0	0	0	0	0	0	0	0	0
05.500,00.000	41.5	5.5	-200	0	4.5	2032.93	485.332	625.598	333.992	178.863	120.809	88.5812	92.0071	34.2824	20.6501	39.5036	13.3117	0	0	0	0	0	0	0	0	0
05.500,00.000	41.6	5.5	-200	0	4.5	2041.85	488.4	627.642	335.182	179.04	120.824	88.6425	92.2139	34.2882	20.7803	40.5791	14.2623	0	0	0	0	0	0	0	0	0
05.500,00.000	41.7	5.5	-200	0	4.5	2043.87	489.074	628.113	335.487	179.061	120.827	88.6557	92.2604	34.2898	20.8116	40.807	14.4267	0.054083	0	0	0	0	0	0	0	0
05.500,00.000	41.8	5.5	-200	0	4.5	2045.17	489.495	628.409	335.672	179.082	120.828	88.6628	92.2879	34.2907	20.8334	40.9693	14.517	0.120928	0	0	0	0	0	0	0	0
05.500,00.000	41.9	5.5	-200	0	4.5	2046.75	489.995	628.767	335.902	179.106	120.83	88.671	92.3202	34.2916	20.8556	41.1605	14.6154	0.233431	0	0	0	0	0	0	0	0
05.500,00.000	42	5.5	-200	0	4.5	2048.24	490.464	629.09	336.123	179.128	120.83	88.6782	92.3497	34.2923	20.8793	41.3449	14.7069	0.350088	0	0	0	0	0	0	0	0