
label	time(d)	x	depth	z	radius	total	0-10	10-20	20-30	30-40	40-50	50-60	60-70	70-80	80-90	90-100	100-110	110-120	120-130	130-140	140-150	150-160	160-170	170-180	180-190	190-200
00.000,00.000	0	0	-200	0	4.5	0	0	0	0	0	0	0	0	0	0	0	0	0	0	0	0	0	0	0	0	0
00.000,00.000	0.1	0	-200	0	4.5	0.293975	0.293975	0	0	0	0	0	0	0	0	0	0	0	0	0	0	0	0	0	0	0
00.000,00.000	0.2	0	-200	0	4.5	0.590923	0.590923	0	0	0	0	0	0	0	0	0	0	0	0	0	0	0	0	0	0	0
00.000,00.000	0.3	0	-200	0	4.5	0.890002	0.890002	0	0	0	0	0	0	0	0	0	0	0	0	0	0	0	0	0	0	0
00.000,00.000	0.4	0	-200	0	4.5	1.19143	1.19143	0	0	0	0	0	0	0	0	0	0	0	0	0	0	0	0	0	0	0
00.000,00.000	0.5	0	-200	0	4.5	1.49521	1.49521	0	0	0	0	0	0	0	0	0	0	0	0	0	0	0	0	0	0	0
00.000,00.000	0.6	0	-200	0	4.5	1.80104	1.80104	0	0	0	0	0	0	0	0	0	0	0	0	0	0	0	0	0	0	0
00.000,00.000	0.7	0	-200	0	4.5	2.10883	2.10883	0	0	0	0	0	0	0	0	0	0	0	0	0	0	0	0	0	0	0
00.000,00.000	0.8	0	-200	0	4.5	2.41858	2.41858	0	0	0	0	0	0	0	0	0	0	0	0	0	0	0	0	0	0	0
00.000,00.000	0.9	0	-200	0	4.5	2.72975	2.72975	0	0	0	0	0	0	0	0	0	0	0	0	0	0	0	0	0	0	0
00.000,00.000	1	0	-200	0	4.5	3.04097	3.04097	0	0	0	0	0	0	0	0	0	0	0	0	0	0	0	0	0	0	0
00.000,00.000	1.1	0	-200	0	4.5	3.35479	3.35479	0	0	0	0	0	0	0	0	0	0	0	0	0	0	0	0	0	0	0
00.000,00.000	1.2	0	-200	0	4.5	3.67348	3.67348	0	0	0	0	0	0	0	0	0	0	0	0	0	0	0	0	0	0	0
00.000,00.000	1.3	0	-200	0	4.5	3.9986	3.9986	0	0	0	0	0	0	0	0	0	0	0	0	0	0	0	0	0	0	0
00.000,00.000	1.4	0	-200	0	4.5	4.33146	4.33146	0	0	0	0	0	0	0	0	0	0	0	0	0	0	0	0	0	0	0
00.000,00.000	1.5	0	-200	0	4.5	4.67312	4.67312	0	0	0	0	0	0	0	0	0	0	0	0	0	0	0	0	0	0	0
00.000,00.000	1.6	0	-200	0	4.5	5.02363	5.02363	0	0	0	0	0	0	0	0	0	0	0	0	0	0	0	0	0	0	0
00.000,00.000	1.7	0	-200	0	4.5	5.38289	5.38289	0	0	0	0	0	0	0	0	0	0	0	0	0	0	0	0	0	0	0
00.000,00.000	1.8	0	-200	0	4.5	5.75094	5.75094	0	0	0	0	0	0	0	0	0	0	0	0	0	0	0	0	0	0	0
00.000,00.000	1.9	0	-200	0	4.5	6.15181	6.15181	0	0	0	0	0	0	0	0	0	0	0	0	0	0	0	0	0	0	0
00.000,00.000	2	0	-200	0	4.5	6.58691	6.58691	0	0	0	0	0	0	0	0	0	0	0	0	0	0	0	0	0	0	0
00.000,00.000	2.1	0	-200	0	4.5	7.07516	7.07516	0	0	0	0	0	0	0	0	0	0	0	0	0	0	0	0	0	0	0
00.000,00.000	2.2	0	-200	0	4.5	7.67072	7.67072	0	0	0	0	0	0	0	0	0	0	0	0	0	0	0	0	0	0	0
00.000,00.000	2.3	0	-200	0	4.5	8.36603	8.1226	0.243435	0	0	0	0	0	0	0	0	0	0	0	0	0	0	0	0	0	0
00.000,00.000	2.4	0	-200	0	4.5	9.14756	8.62398	0.523582	0	0	0	0	0	0	0	0	0	0	0	0	0	0	0	0	0	0
00.000,00.000	2.5	0	-200	0	4.5	9.99918	9.19536	0.803815	0	0	0	0	0	0	0	0	0	0	0	0	0	0	0	0	0	0
00.000,00.000	2.6	0	-200	0	4.5	10.917	9.83404	1.08299	0	0	0	0	0	0	0	0	0	0	0	0	0	0	0	0	0	0
00.000,00.000	2.7	0	-200	0	4.5	11.9061	10.5446	1.36147	0	0	0	0	0	0	0	0	0	0	0	0	0	0	0	0	0	0
00.000,00.000	2.8	0	-200	0	4.5	12.9853	11.345	1.6403	0	0	0	0	0	0	0	0	0	0	0	0	0	0	0	0	0	0
00.000,00.000	2.9	0	-200	0	4.5	14.1798	12.2572	1.92263	0	0	0	0	0	0	0	0	0	0	0	0	0	0	0	0	0	0
00.000,00.000	3	0	-200	0	4.5	15.4739	13.2636	2.21033	0	0	0	0	0	0	0	0	0	0	0	0	0	0	0	0	0	0
00.000,00.000	3.1	0	-200	0	4.5	16.8219	14.319	2.50285	0	0	0	0	0	0	0	0	0	0	0	0	0	0	0	0	0	0
00.000,00.000	3.2	0	-200	0	4.5	18.1403	15.3452	2.79512	0	0	0	0	0	0	0	0	0	0	0	0	0	0	0	0	0	0
00.000,00.000	3.3	0	-200	0	4.5	19.4498	16.3625	3.08725	0	0	0	0	0	0	0	0	0	0	0	0	0	0	0	0	0	0
00.000,00.000	3.4	0	-200	0	4.5	20.7439	17.3645	3.37943	0	0	0	0	0	0	0	0	0	0	0	0	0	0	0	0	0	0
00.000,00.000	3.5	0	-200	0	4.5	22.0085	18.3382	3.6703	0	0	0	0	0	0	0	0	0	0	0	0	0	0	0	0	0	0
00.000,00.000	3.6	0	-200	0	4.5	23.2446	19.2853	3.95928	0	0	0	0	0	0	0	0	0	0	0	0	0	0	0	0	0	0
00.000,00.000	3.7	0	-200	0	4.5	24.4598	20.2131	4.24673	0	0	0	0	0	0	0	0	0	0	0	0	0	0	0	0	0	0
00.000,00.000	3.8	0	-200	0	4.5	25.6649	21.1319	4.53302	0	0	0	0	0	0	0	0	0	0	0	0	0	0	0	0	0	0
00.000,00.000	3.9	0	-200	0	4.5	26.8627	22.0447	4.81804	0	0	0	0	0	0	0	0	0	0	0	0	0	0	0	0	0	0
00.000,00.000	4	0	-200	0	4.5	27.6416	22.5388	5.10281	0	0	0	0	0	0	0	0	0	0	0	0	0	0	0	0	0	0
00.000,00.000	4.1	0	-200	0	4.5	28.2478	22.8598	5.388	0	0	0	0	0	0	0	0	0	0	0	0	0	0	0	0	0	0
00.000,00.000	4.2	0	-200	0	4.5	28.8496	23.1754	5.67418	0	0	0	0	0	0	0	0	0	0	0	0	0	0	0	0	0	0
00.000,00.000	4.3	0	-200	0	4.5	29.4063	23.4447	5.96152	0	0	0	0	0	0	0	0	0	0	0	0	0	0	0	0	0	0
00.000,00.000	4.4	0	-200	0	4.5	29.734	23.4842	6.24984	0	0	0	0	0	0	0	0	0	0	0	0	0	0	0	0	0	0
00.000,00.000	4.5	0	-200	0	4.5	30.0542	23.5164	6.5378	0	0	0	0	0	0	0	0	0	0	0	0	0	0	0	0	0	0
00.000,00.000	4.6	0	-200	0	4.5	30.3674	23.5426	6.8248	0	0	0	0	0	0	0	0	0	0	0	0	0	0	0	0	0	0
00.000,00.000	4.7	0	-200	0	4.5	30.6751	23.5647	7.11041	0	0	0	0	0	0	0	0	0	0	0	0	0	0	0	0	0	0
00.000,00.000	4.8	0	-200	0	4.5	30.9787	23.5841	7.39465	0	0	0	0	0	0	0	0	0	0	0	0	0	0	0	0	0	0
00.000,00.000	4.9	0	-200	0	4.5	31.2794	23.6018	7.6776	0	0	0	0	0	0	0	0	0	0	0	0	0	0	0	0	0	0
00.000,00.000	5	0	-200	0	4.5	31.5778	23.6185	7.95931	0	0	0	0	0	0	0	0	0	0	0	0	0	0	0	0	0	0
00.000,00.000	5.1	0	-200	0	4.5	31.8765	23.6364	8.24008	0	0	0	0	0	0	0	0	0	0	0	0	0	0	0	0	0	0
00.000,00.000	5.2	0	-200	0	4.5	32.1794	23.6594	8.51998	0	0	0	0	0	0	0	0	0	0	0	0	0	0	0	0	0	0
00.000,00.000	5.3	0	-200	0	4.5	32.4873	23.688	8.79927	0	0	0	0	0	0	0	0	0	0	0	0	0	0	0	0	0	0
00.000,00.000	5.4	0	-200	0	4.5	32.801	23.7228	9.07823	0	0	0	0	0	0	0	0	0	0	0	0	0	0	0	0	0	0
00.000,00.000	5.5	0	-200	0	4.5	33.1199	23.7632	9.3567	0	0	0	0	0	0	0	0	0	0	0	0	0	0	0	0	0	0
00.000,00.000	5.6	0	-200	0	4.5	33.444	23.8089	9.63515	0	0	0	0	0	0	0	0	0	0	0	0	0	0	0	0	0	0
00.000,00.000	5.7	0	-200	0	4.5	33.7738	23.8605	9.91327	0	0	0	0	0	0	0	0	0	0	0	0	0	0	0	0	0	0
00.000,00.000	5.8	0	-200	0	4.5	34.11	23.9189	10.1659	0.025197	0	0	0	0	0	0	0	0	0	0	0	0	0	0	0	0	0
00.000,00.000	5.9	0	-200	0	4.5	34.4533	23.9849	10.1659	0.30251	0	0	0	0	0	0	0	0	0	0	0	0	0	0	0	0	0
00.000,00.000	6	0	-200	0	4.5	34.804	24.0592	10.1659	0.57891	0	0	0	0	0	0	0	0	0	0	0	0	0	0	0	0	0
00.000,00.000	6.1	0	-200	0	4.5	35.1621	24.1417	10.1659	0.854508	0	0	0	0	0	0	0	0	0	0	0	0	0	0	0	0	0
00.000,00.000	6.2	0	-200	0	4.5	35.5315	24.2361	10.1661	1.12931	0	0	0	0	0	0	0	0	0	0	0	0	0	0	0	0	0
00.000,00.000	6.3	0	-200	0	4.5	35.9168	24.3459	10.1675	1.40345	0	0	0	0	0	0	0	0	0	0	0	0	0	0	0	0	0
00.000,00.000	6.4	0	-200	0	4.5	36.3226	24.4747	10.1709	1.67702	0	0	0	0	0	0	0	0	0	0	0	0	0	0	0	0	0
00.000,00.000	6.5	0	-200	0	4.5	36.7498	24.623	10.1772	1.94953	0	0	0	0	0	0	0	0	0	0	0	0	0	0	0	0	0
00.000,00.000	6.6	0	-200	0	4.5	37.2046	24.7951	10.1879	2.22163	0	0	0	0	0	0	0	0	0	0	0	0	0	0	0	0	0
00.000,00.000	6.7	0	-200	0	4.5	37.6856	24.9907	10.202	2.49285	0	0	0	0	0	0	0	0	0	0	0	0	0	0	0	0	0
00.000,00.000	6.8	0	-200	0	4.5	38.2007	25.2154	10.2216	2.76372	0	0	0	0	0	0	0	0	0	0	0	0	0	0	0	0	0
00.000,00.000	6.9	0	-200	0	4.5	38.7526	25.4723	10.2462	3.03402	0	0	0	0	0	0	0	0	0	0	0	0	0	0	0	0	0
00.000,00.000	7	0	-200	0	4.5	39.3437	25.7629	10.2772	3.30363	0	0	0	0	0	0	0	0	0	0	0	0	0	0	0	0	0
00.000,00.000	7.1	0	-200	0	4.5	39.9818	26.0943	10.315	3.57257	0	0	0	0	0	0	0	0	0	0	0	0	0	0	0	0	0
00.000,00.000	7.2	0	-200	0	4.5	40.6722	26.4714	10.36	3.84083	0	0	0	0	0	0	0	0	0	0	0	0	0	0	0	0	0
00.000,00.000	7.3	0	-200	0	4.5	41.4111	26.8899	10.4128	4.10843	0	0	0	0	0	0	0	0	0	0	0	0	0	0	0	0	0
00.000,00.000	7.4	0	-200	0	4.5	42.2018	27.354	10.4725	4.37527	0	0	0	0	0	0	0	0	0	0	0	0	0	0	0	0	0
00.000,00.000	7.5	0	-200	0	4.5	43.0271	27.8468	10.5393	4.64102	0	0	0	0	0	0	0	0	0	0	0	0	0	0	0	0	0
00.000,00.000	7.6	0	-200	0	4.5	43.9062	28.3853	10.6148	4.90616	0	0	0	0	0	0	0	0	0	0	0	0	0	0	0	0	0
00.000,00.000	7.7	0	-200	0	4.5	44.832	28.9622	10.6991	5.17075	0	0	0	0	0	0	0	0	0	0	0	0	0	0	0	0	0
00.000,00.000	7.8	0	-200	0	4.5	45.8042	29.5777	10.7918	5.43473	0	0	0	0	0	0	0	0	0	0	0	0	0	0	0	0	0
00.000,00.000	7.9	0	-200	0	4.5	46.8355	30.2438	10.8934	5.69829	0	0	0	0	0	0	0	0	0	0	0	0	0	0	0	0	0
00.000,00.000	8	0	-200	0	4.5	47.9201	30.9555	11.0033	5.96125	0	0	0	0	0	0	0	0	0	0	0	0	0	0	0	0	0
00.000,00.000	8.1	0	-200	0	4.5	49.0642	31.718	11.1225	6.22367	0	0	0	0	0	0	0	0	0	0	0	0	0	0	0	0	0
00.000,00.000	8.2	0	-200	0	4.5	50.2868	32.5508	11.2505	6.4854	0	0	0	0	0	0	0	0	0	0	0	0	0	0	0	0	0
00.000,00.000	8.3	0	-200	0	4.5	51.5952	33.4588	11.3898	6.74651	0	0	0	0	0	0	0	0	0	0	0	0	0	0	0	0	0
00.000,00.000	8.4	0	-200	0	4.5	52.9754	34.4273	11.5411	7.00702	0	0	0	0	0	0	0	0	0	0	0	0	0	0	0	0	0
00.000,00.000	8.5	0	-200	0	4.5	54.3895	35.4213	11.7017	7.2665	0	0	0	0	0	0	0	0	0	0	0	0	0	0	0	0	0
00.000,00.000	8.6	0	-200	0	4.5	55.8471	36.4488	11.8728	7.52545	0	0	0	0	0	0	0	0	0	0	0	0	0	0	0	0	0
00.000,00.000	8.7	0	-200	0	4.5	57.3505	37.5127	12.054	7.78384	0	0	0	0	0	0	0	0	0	0	0	0	0	0	0	0	0
00.000,00.000	8.8	0	-200	0	4.5	58.9049	38.6188	12.2443	8.04186	0	0	0	0	0	0	0	0	0	0	0	0	0	0	0	0	0
00.000,00.000	8.9	0	-200	0	4.5	60.5458	39.7999	12.4462	8.2997	0	0	0	0	0	0	0	0	0	0	0	0	0	0	0	0	0
00.000,00.000	9	0	-200	0	4.5	62.2779	41.0598	12.6611	8.55708	0	0	0	0	0	0	0	0	0	0	0	0	0	0	0	0	0
00.000,00.000	9.1	0	-200	0	4.5	64.1022	42.3971	12.8911	8.81403	0	0	0	0	0	0	0	0	0	0	0	0	0	0	0	0	0
00.000,00.000	9.2	0	-200	0	4.5	66.0163	43.8092	13.1366	9.07056	0	0	0	0	0	0	0	0	0	0	0	0	0	0	0	0	0
00.000,00.000	9.3	0	-200	0	4.5	68.0226	45.2964	13.3995	9.32668	0	0	0	0	0	0	0	0	0	0	0	0	0	0	0	0	0
00.000,00.000	9.4	0	-200	0	4.5	70.1092	46.8472	13.6795	9.58245	0	0	0	0	0	0	0	0	0	0	0	0	0	0	0	0	0
00.000,00.000	9.5	0	-200	0	4.5	72.2341	48.4237	13.9729	9.83746	0	0	0	0	0	0	0	0	0	0	0	0	0	0	0	0	0
00.000,00.000	9.6	0	-200	0	4.5	74.4035	50.0305	14.2806	10.0924	0	0	0	0	0	0	0	0	0	0	0	0	0	0	0	0	0
00.000,00.000	9.7	0	-200	0	4.5	76.623	51.6735	14.6023	10.1664	0.180804	0	0	0	0	0	0	0	0	0	0	0	0	0	0	0	0
00.000,00.000	9.8	0	-200	0	4.5	78.911	53.3706	14.9384	10.1657	0.436206	0	0	0	0	0	0	0	0	0	0	0	0	0	0	0	0
00.000,00.000	9.9	0	-200	0	4.5	81.316	55.1686	15.2903	10.1657	0.691338	0	0	0	0	0	0	0	0	0	0	0	0	0	0	0	0
00.000,00.000	10	0	-200	0	4.5	83.8375	57.0656	15.6599	10.1658	0.946229	0	0	0	0	0	0	0	0	0	0	0	0	0	0	0	0
00.000,00.000	10.1	0	-200	0	4.5	86.4728	59.0568	16.0486	10.1666	1.20082	0	0	0	0	0	0	0	0	0	0	0	0	0	0	0	0
00.000,00.000	10.2	0	-200	0	4.5	89.2149	61.1349	16.4561	10.1685	1.45542	0	0	0	0	0	0	0	0	0	0	0	0	0	0	0	0
00.000,00.000	10.3	0	-200	0	4.5	92.0664	63.3029	16.882	10.1715	1.71	0	0	0	0	0	0	0	0	0	0	0	0	0	0	0	0
00.000,00.000	10.4	0	-200	0	4.5	95.0086	65.542	17.3258	10.1766	1.96424	0	0	0	0	0	0	0	0	0	0	0	0	0	0	0	0
00.000,00.000	10.5	0	-200	0	4.5	97.982	67.7953	17.7834	10.1853	2.21795	0	0	0	0	0	0	0	0	0	0	0	0	0	0	0	0
00.000,00.000	10.6	0	-200	0	4.5	101.003	70.0796	18.2543	10.1968	2.47187	0	0	0	0	0	0	0	0	0	0	0	0	0	0	0	0
00.000,00.000	10.7	0	-200	0	4.5	104.079	72.4031	18.7378	10.2126	2.72589	0	0	0	0	0	0	0	0	0	0	0	0	0	0	0	0
00.000,00.000	10.8	0	-200	0	4.5	107.24	74.7932	19.2342	10.233	2.97988	0	0	0	0	0	0	0	0	0	0	0	0	0	0	0	0
00.000,00.000	10.9	0	-200	0	4.5	110.547	77.3089	19.7453	10.2586	3.23397	0	0	0	0	0	0	0	0	0	0	0	0	0	0	0	0
00.000,00.000	11	0	-200	0	4.5	113.995	79.9439	20.2731	10.2901	3.48792	0	0	0	0	0	0	0	0	0	0	0	0	0	0	0	0
00.000,00.000	11.1	0	-200	0	4.5	117.576	82.6875	20.8194	10.3277	3.74168	0	0	0	0	0	0	0	0	0	0	0	0	0	0	0	0
00.000,00.000	11.2	0	-200	0	4.5	121.328	85.5744	21.3868	10.3716	3.99529	0	0	0	0	0	0	0	0	0	0	0	0	0	0	0	0
00.000,00.000	11.3	0	-200	0	4.5	125.226	88.5788	21.9767	10.4216	4.24865	0	0	0	0	0	0	0	0	0	0	0	0	0	0	0	0
00.000,00.000	11.4	0	-200	0	4.5	129.242	91.6737	22.588	10.479	4.5018	0	0	0	0	0	0	0	0	0	0	0	0	0	0	0	0
00.000,00.000	11.5	0	-200	0	4.5	133.298	94.7849	23.214	10.5442	4.75449	0	0	0	0	0	0	0	0	0	0	0	0	0	0	0	0
00.000,00.000	11.6	0	-200	0	4.5	137.393	97.9146	23.8534	10.6179	5.00719	0	0	0	0	0	0	0	0	0	0	0	0	0	0	0	0
00.000,00.000	11.7	0	-200	0	4.5	141.546	101.081	24.5053	10.6995	5.25992	0	0	0	0	0	0	0	0	0	0	0	0	0	0	0	0
00.000,00.000	11.8	0	-200	0	4.5	145.804	104.331	25.1714	10.7886	5.51273	0	0	0	0	0	0	0	0	0	0	0	0	0	0	0	0
00.000,00.000	11.9	0	-200	0	4.5	150.262	107.754	25.8564	10.8861	5.76574	0	0	0	0	0	0	0	0	0	0	0	0	0	0	0	0
00.000,00.000	12	0	-200	0	4.5	154.909	111.329	26.568	10.9923	6.02005	0	0	0	0	0	0	0	0	0	0	0	0	0	0	0	0
00.000,00.000	12.1	0	-200	0	4.5	159.694	115.008	27.3037	11.1077	6.27418	0	0	0	0	0	0	0	0	0	0	0	0	0	0	0	0
00.000,00.000	12.2	0	-200	0	4.5	164.54	118.715	28.0624	11.2332	6.52964	0	0	0	0	0	0	0	0	0	0	0	0	0	0	0	0
00.000,00.000	12.3	0	-200	0	4.5	169.367	122.39	28.8285	11.3671	6.78202	0	0	0	0	0	0	0	0	0	0	0	0	0	0	0	0
00.000,00.000	12.4	0	-200	0	4.5	174.205	126.01	29.6491	11.511	7.03423	0	0	0	0	0	0	0	0	0	0	0	0	0	0	0	0
00.000,00.000	12.5	0	-200	0	4.5	179.008	129.534	30.5171	11.6663	7.2903	0	0	0	0	0	0	0	0	0	0	0	0	0	0	0	0
00.000,00.000	12.6	0	-200	0	4.5	184.644	133.616	31.5833	11.8593	7.58534	0	0	0	0	0	0	0	0	0	0	0	0	0	0	0	0
00.000,00.000	12.7	0	-200	0	4.5	189.644	137.263	32.4895	12.0401	7.8511	0	0	0	0	0	0	0	0	0	0	0	0	0	0	0	0
00.000,00.000	12.8	0	-200	0	4.5	193.556	140.108	33.2027	12.188	8.05784	0	0	0	0	0	0	0	0	0	0	0	0	0	0	0	0
00.000,00.000	12.9	0	-200	0	4.5	198.749	143.888	34.144	12.391	8.32647	0	0	0	0	0	0	0	0	0	0	0	0	0	0	0	0
00.000,00.000	13	0	-200	0	4.5	203.878	147.6	35.0934	12.5978	8.58689	0	0	0	0	0	0	0	0	0	0	0	0	0	0	0	0
00.000,00.000	13.1	0	-200	0	4.5	208.933	150.993	36.2921	12.8087	8.83843	0	0	0	0	0	0	0	0	0	0	0	0	0	0	0	0
00.000,00.000	13.2	0	-200	0	4.5	214.073	154.453	37.5021	13.0303	9.08793	0	0	0	0	0	0	0	0	0	0	0	0	0	0	0	0
00.000,00.000	13.3	0	-200	0	4.5	219.325	157.986	38.7378	13.2639	9.33758	0	0	0	0	0	0	0	0	0	0	0	0	0	0	0	0
00.000,00.000	13.4	0	-200	0	4.5	224.642	161.488	40.0553	13.5107	9.58754	0	0	0	0	0	0	0	0	0	0	0	0	0	0	0	0
00.000,00.000	13.5	0	-200	0	4.5	230.412	165.068	41.6892	13.7948	9.86061	0	0	0	0	0	0	0	0	0	0	0	0	0	0	0	0
00.000,00.000	13.6	0	-200	0	4.5	237.098	169.174	43.6057	14.1447	10.0931	0.0803799	0	0	0	0	0	0	0	0	0	0	0	0	0	0	0
00.000,00.000	13.7	0	-200	0	4.5	242.529	172.476	45.2039	14.4159	10.0916	0.341582	0	0	0	0	0	0	0	0	0	0	0	0	0	0	0
00.000,00.000	13.8	0	-200	0	4.5	246.063	174.597	46.2561	14.6058	10.0902	0.513987	0	0	0	0	0	0	0	0	0	0	0	0	0	0	0
00.000,00.000	13.9	0	-200	0	4.5	251.181	177.63	47.7958	14.9016	10.0919	0.761864	0	0	0	0	0	0	0	0	0	0	0	0	0	0	0
00.000,00.000	14	0	-200	0	4.5	256.731	180.907	49.4722	15.2298	10.092	1.03067	0	0	0	0	0	0	0	0	0	0	0	0	0	0	0
00.000,00.000	14.1	0	-200	0	4.5	261.71	183.973	50.8121	15.5521	10.0928	1.28082	0	0	0	0	0	0	0	0	0	0	0	0	0	0	0
00.000,00.000	14.2	0	-200	0	4.5	266.519	186.94	52.0714	15.888	10.0945	1.52603	0	0	0	0	0	0	0	0	0	0	0	0	0	0	0
00.000,00.000	14.3	0	-200	0	4.5	271.308	189.87	53.3319	16.238	10.0981	1.77072	0	0	0	0	0	0	0	0	0	0	0	0	0	0	0
00.000,00.000	14.4	0	-200	0	4.5	276.051	192.737	54.588	16.6067	10.1045	2.01451	0	0	0	0	0	0	0	0	0	0	0	0	0	0	0
00.000,00.000	14.5	0	-200	0	4.5	281.83	196.185	56.134	17.0791	10.1161	2.31552	0	0	0	0	0	0	0	0	0	0	0	0	0	0	0
00.000,00.000	14.6	0	-200	0	4.5	287.867	199.724	57.7741	17.6037	10.1331	2.63287	0	0	0	0	0	0	0	0	0	0	0	0	0	0	0
00.000,00.000	14.7	0	-200	0	4.5	292.742	202.522	59.1184	18.0512	10.1519	2.89785	0	0	0	0	0	0	0	0	0	0	0	0	0	0	0
00.000,00.000	14.8	0	-200	0	4.5	295.296	203.957	59.828	18.2947	10.1775	3.03839	0	0	0	0	0	0	0	0	0	0	0	0	0	0	0
00.000,00.000	14.9	0	-200	0	4.5	300.053	206.469	61.0689	18.7424	10.4856	3.28691	0	0	0	0	0	0	0	0	0	0	0	0	0	0	0
00.000,00.000	15	0	-200	0	4.5	305.311	209.211	62.4328	19.2539	10.8507	3.56227	0	0	0	0	0	0	0	0	0	0	0	0	0	0	0
00.000,00.000	15.1	0	-200	0	4.5	309.935	211.57	63.647	19.7255	11.1837	3.80871	0	0	0	0	0	0	0	0	0	0	0	0	0	0	0
00.000,00.000	15.2	0	-200	0	4.5	314.373	213.802	64.8149	20.1969	11.5123	4.04692	0	0	0	0	0	0	0	0	0	0	0	0	0	0	0
00.000,00.000	15.3	0	-200	0	4.5	318.772	215.986	65.9738	20.6816	11.8461	4.28491	0	0	0	0	0	0	0	0	0	0	0	0	0	0	0
00.000,00.000	15.4	0	-200	0	4.5	323.105	218.095	67.1221	21.1809	12.1852	4.5225	0	0	0	0	0	0	0	0	0	0	0	0	0	0	0
00.000,00.000	15.5	0	-200	0	4.5	331.058	221.855	69.2544	22.1436	12.8358	4.96847	0	0	0	0	0	0	0	0	0	0	0	0	0	0	0
00.000,00.000	15.6	0	-200	0	4.5	335.662	223.984	70.5041	22.7189	13.2248	5.23053	0	0	0	0	0	0	0	0	0	0	0	0	0	0	0
00.000,00.000	15.7	0	-200	0	4.5	340.871	226.331	71.9197	23.4052	13.6831	5.53263	0	0	0	0	0	0	0	0	0	0	0	0	0	0	0
00.000,00.000	15.8	0	-200	0	4.5	346.012	228.62	73.315	24.096	14.1477	5.83311	0	0	0	0	0	0	0	0	0	0	0	0	0	0	0
00.000,00.000	15.9	0	-200	0	4.5	347.352	229.212	73.6791	24.2777	14.2713	5.91173	0	0	0	0	0	0	0	0	0	0	0	0	0	0	0
00.000,00.000	16	0	-200	0	4.5	352.616	231.5	75.0818	25.0346	14.7764	6.22324	0	0	0	0	0	0	0	0	0	0	0	0	0	0	0
00.000,00.000	16.1	0	-200	0	4.5	357.147	233.453	76.2824	25.6984	15.2205	6.49272	0	0	0	0	0	0	0	0	0	0	0	0	0	0	0
00.000,00.000	16.2	0	-200	0	4.5	361.04	235.11	77.3	26.2909	15.6134	6.72598	0	0	0	0	0	0	0	0	0	0	0	0	0	0	0
00.000,00.000	16.3	0	-200	0	4.5	364.895	236.727	78.2969	26.8975	16.0152	6.95862	0	0	0	0	0	0	0	0	0	0	0	0	0	0	0
00.000,00.000	16.4	0	-200	0	4.5	368.696	238.292	79.2693	27.519	16.425	7.19104	0	0	0	0	0	0	0	0	0	0	0	0	0	0	0
00.000,00.000	16.5	0	-200	0	4.5	379.319	242.593	81.9586	29.3356	17.6204	7.81103	0	0	0	0	0	0	0	0	0	0	0	0	0	0	0
00.000,00.000	16.6	0	-200	0	4.5	381.395	243.43	82.4659	29.6948	17.861	7.94276	0	0	0	0	0	0	0	0	0	0	0	0	0	0	0
00.000,00.000	16.7	0	-200	0	4.5	388.666	246.24	84.2358	31.0551	18.7588	8.37637	0	0	0	0	0	0	0	0	0	0	0	0	0	0	0
00.000,00.000	16.8	0	-200	0	4.5	390.342	246.892	84.6194	31.3745	18.8743	8.5812	0	0	0	0	0	0	0	0	0	0	0	0	0	0	0
00.000,00.000	16.9	0	-200	0	4.5	392.123	247.564	85.0275	31.7265	18.9816	8.82317	0	0	0	0	0	0	0	0	0	0	0	0	0	0	0
00.000,00.000	17	0	-200	0	4.5	398.164	249.863	86.3764	32.9321	19.3493	9.64321	0	0	0	0	0	0	0	0	0	0	0	0	0	0	0
00.000,00.000	17.1	0	-200	0	4.5	402.493	251.513	87.3196	33.8085	19.6026	10.2496	0	0	0	0	0	0	0	0	0	0	0	0	0	0	0
00.000,00.000	17.2	0	-200	0	4.5	406.016	252.838	88.0717	34.5397	19.8228	10.7441	0	0	0	0	0	0	0	0	0	0	0	0	0	0	0
00.000,00.000	17.3	0	-200	0	4.5	409.585	254.197	88.8101	35.2843	20.0547	11.2381	0	0	0	0	0	0	0	0	0	0	0	0	0	0	0
00.000,00.000	17.4	0	-200	0	4.5	413.184	255.572	89.4377	36.1424	20.3	11.5109	0.220734	0	0	0	0	0	0	0	0	0	0	0	0	0	0
00.000,00.000	17.5	0	-200	0	4.5	426.746	260.68	91.3713	39.8468	21.2939	12.5207	1.03306	0	0	0	0	0	0	0	0	0	0	0	0	0	0
00.000,00.000	17.6	0	-200	0	4.5	429.456	261.709	91.7213	40.6008	21.4965	12.7209	1.2071	0	0	0	0	0	0	0	0	0	0	0	0	0	0
00.000,00.000	17.7	0	-200	0	4.5	438.84	265.04	92.9833	43.3227	22.2781	13.4393	1.77685	0	0	0	0	0	0	0	0	0	0	0	0	0	0
00.000,00.000	17.8	0	-200	0	4.5	441.065	265.858	93.2644	43.9545	22.4631	13.605	1.92034	0	0	0	0	0	0	0	0	0	0	0	0	0	0
00.000,00.000	17.9	0	-200	0	4.5	443.508	266.75	93.5737	44.6447	22.6795	13.7856	2.07502	0	0	0	0	0	0	0	0	0	0	0	0	0	0
00.000,00.000	18	0	-200	0	4.5	450.725	269.443	94.466	46.643	23.3272	14.3074	2.5376	0	0	0	0	0	0	0	0	0	0	0	0	0	0
00.000,00.000	18.1	0	-200	0	4.5	455.405	271.2	95.0407	47.9331	23.7604	14.6462	2.82491	0	0	0	0	0	0	0	0	0	0	0	0	0	0
00.000,00.000	18.2	0	-200	0	4.5	459.125	272.613	95.4929	48.9416	24.1165	14.9131	3.04798	0	0	0	0	0	0	0	0	0	0	0	0	0	0
00.000,00.000	18.3	0	-200	0	4.5	462.933	274.07	95.9587	49.9578	24.49	15.1846	3.27212	0	0	0	0	0	0	0	0	0	0	0	0	0	0
00.000,00.000	18.4	0	-200	0	4.5	466.803	275.55	96.4517	50.9627	24.8808	15.461	3.49676	0	0	0	0	0	0	0	0	0	0	0	0	0	0
00.000,00.000	18.5	0	-200	0	4.5	484.014	282.121	98.6602	55.4126	26.6974	16.7072	4.41641	0	0	0	0	0	0	0	0	0	0	0	0	0	0
00.000,00.000	18.6	0	-200	0	4.5	487.452	283.433	99.0921	56.284	27.0697	16.9584	4.61494	0	0	0	0	0	0	0	0	0	0	0	0	0	0
00.000,00.000	18.7	0	-200	0	4.5	490.172	284.453	99.4313	56.9734	27.3836	17.1607	4.76952	0	0	0	0	0	0	0	0	0	0	0	0	0	0
00.000,00.000	18.8	0	-200	0	4.5	490.912	284.735	99.5236	57.1561	27.4707	17.2158	4.81113	0	0	0	0	0	0	0	0	0	0	0	0	0	0
00.000,00.000	18.9	0	-200	0	4.5	491.364	284.911	99.5788	57.2639	27.5259	17.2491	4.8356	0	0	0	0	0	0	0	0	0	0	0	0	0	0
00.000,00.000	19	0	-200	0	4.5	499.857	288.281	100.61	59.2176	28.5893	17.874	5.28525	0	0	0	0	0	0	0	0	0	0	0	0	0	0
00.000,00.000	19.1	0	-200	0	4.5	505.615	290.599	101.312	60.4761	29.3344	18.3039	5.58958	0	0	0	0	0	0	0	0	0	0	0	0	0	0
00.000,00.000	19.2	0	-200	0	4.5	509.88	292.305	101.814	61.42	29.9065	18.6244	5.81073	0	0	0	0	0	0	0	0	0	0	0	0	0	0
00.000,00.000	19.3	0	-200	0	4.5	514.209	294.036	102.33	62.3549	30.5023	18.9528	6.0325	0	0	0	0	0	0	0	0	0	0	0	0	0	0
00.000,00.000	19.4	0	-200	0	4.5	518.594	295.509	103.14	63.2795	31.1229	19.2885	6.254	0	0	0	0	0	0	0	0	0	0	0	0	0	0
00.000,00.000	19.5	0	-200	0	4.5	523.061	296.862	104.035	64.2328	31.7993	19.6466	6.48527	0	0	0	0	0	0	0	0	0	0	0	0	0	0
00.000,00.000	19.6	0	-200	0	4.5	529.163	298.51	105.309	65.567	32.7958	20.1663	6.81446	0	0	0	0	0	0	0	0	0	0	0	0	0	0
00.000,00.000	19.7	0	-200	0	4.5	558.371	306.04	111.473	71.9047	37.8066	21.0645	10.0811	0	0	0	0	0	0	0	0	0	0	0	0	0	0
00.000,00.000	19.8	0	-200	0	4.5	564.006	307.537	112.653	73.1042	38.7638	21.2244	10.7241	0	0	0	0	0	0	0	0	0	0	0	0	0	0
00.000,00.000	19.9	0	-200	0	4.5	565.19	307.853	112.904	73.3373	38.9778	21.2657	10.8521	0	0	0	0	0	0	0	0	0	0	0	0	0	0
00.000,00.000	20	0	-200	0	4.5	576.789	311.024	115.391	75.548	41.0545	21.6919	12.0797	0	0	0	0	0	0	0	0	0	0	0	0	0	0
00.000,00.000	20.1	0	-200	0	4.5	584.344	313.126	117.042	76.9654	42.361	21.9702	12.6706	0.208388	0	0	0	0	0	0	0	0	0	0	0	0	0
00.000,00.000	20.2	0	-200	0	4.5	589.079	314.462	118.083	77.6839	43.3268	22.1604	12.9436	0.419283	0	0	0	0	0	0	0	0	0	0	0	0	0
00.000,00.000	20.3	0	-200	0	4.5	593.682	315.782	119.108	78.2938	44.3111	22.363	13.1989	0.625557	0	0	0	0	0	0	0	0	0	0	0	0	0
00.000,00.000	20.4	0	-200	0	4.5	598.394	317.148	120.165	78.8708	45.3371	22.5864	13.443	0.843429	0	0	0	0	0	0	0	0	0	0	0	0	0
00.000,00.000	20.5	0	-200	0	4.5	603.172	318.539	121.248	79.4206	46.3861	22.8313	13.6868	1.06105	0	0	0	0	0	0	0	0	0	0	0	0	0
00.000,00.000	20.6	0	-200	0	4.5	607.959	319.929	122.347	79.9532	47.4215	23.1002	13.9301	1.27847	0	0	0	0	0	0	0	0	0	0	0	0	0
00.000,00.000	20.7	0	-200	0	4.5	612.833	321.362	123.47	80.4616	48.48	23.3941	14.1717	1.49424	0	0	0	0	0	0	0	0	0	0	0	0	0
00.000,00.000	20.8	0	-200	0	4.5	617.792	322.831	124.618	80.941	49.5638	23.7128	14.415	1.71091	0	0	0	0	0	0	0	0	0	0	0	0	0
00.000,00.000	20.9	0	-200	0	4.5	628.535	326.13	126.633	82.0421	52.0719	24.4881	14.9671	2.20146	0	0	0	0	0	0	0	0	0	0	0	0	0
00.000,00.000	21	0	-200	0	4.5	631.048	326.958	127.089	82.2997	52.6241	24.6687	15.0948	2.31456	0	0	0	0	0	0	0	0	0	0	0	0	0
00.000,00.000	21.1	0	-200	0	4.5	639.156	329.667	128.533	83.0624	54.4791	25.2783	15.4812	2.65509	0	0	0	0	0	0	0	0	0	0	0	0	0
00.000,00.000	21.2	0	-200	0	4.5	645.593	331.857	129.686	83.639	55.94	25.7665	15.7839	2.92068	0	0	0	0	0	0	0	0	0	0	0	0	0
00.000,00.000	21.3	0	-200	0	4.5	650.992	333.742	130.654	84.0938	57.1383	26.1961	16.0308	3.13588	0	0	0	0	0	0	0	0	0	0	0	0	0
00.000,00.000	21.4	0	-200	0	4.5	659.94	336.991	132.3	84.7861	58.9952	26.9386	16.44	3.48981	0	0	0	0	0	0	0	0	0	0	0	0	0
00.000,00.000	21.5	0	-200	0	4.5	662.106	337.801	132.709	84.9533	59.4147	27.1095	16.5414	3.57707	0	0	0	0	0	0	0	0	0	0	0	0	0
00.000,00.000	21.6	0	-200	0	4.5	727.545	358.961	144.769	90.6569	74.1516	33.017	19.7182	6.27217	0	0	0	0	0	0	0	0	0	0	0	0	0
00.000,00.000	21.7	0	-200	0	4.5	741.293	364.027	147.084	91.8289	76.9977	34.137	19.9272	7.2912	0	0	0	0	0	0	0	0	0	0	0	0	0
00.000,00.000	21.8	0	-200	0	4.5	741.399	364.063	147.103	91.8385	77.0198	34.1473	19.9281	7.29942	0	0	0	0	0	0	0	0	0	0	0	0	0
00.000,00.000	21.9	0	-200	0	4.5	750.617	367.505	148.687	92.6084	78.8055	35.0328	20.0135	7.96413	0	0	0	0	0	0	0	0	0	0	0	0	0
00.000,00.000	22	0	-200	0	4.5	756.393	369.66	149.711	93.092	79.8661	35.5965	20.0749	8.39227	0	0	0	0	0	0	0	0	0	0	0	0	0
00.000,00.000	22.1	0	-200	0	4.5	771.973	375.399	152.53	94.3973	82.7228	37.1905	20.2733	9.45993	0	0	0	0	0	0	0	0	0	0	0	0	0
00.000,00.000	22.2	0	-200	0	4.5	781.484	378.984	154.268	95.1848	84.3868	38.1472	20.4084	10.104	0	0	0	0	0	0	0	0	0	0	0	0	0
00.000,00.000	22.3	0	-200	0	4.5	788.445	381.573	155.545	95.7875	85.5954	38.8738	20.5218	10.5485	0	0	0	0	0	0	0	0	0	0	0	0	0
00.000,00.000	22.4	0	-200	0	4.5	795.648	384.255	156.886	96.4058	86.8143	39.6398	20.6522	10.9954	0	0	0	0	0	0	0	0	0	0	0	0	0
00.000,00.000	22.5	0	-200	0	4.5	802.992	386.948	158.275	97.0376	88.0561	40.4291	20.802	11.4444	0	0	0	0	0	0	0	0	0	0	0	0	0
00.000,00.000	22.6	0	-200	0	4.5	836.402	398.437	164.742	100.03	93.8449	44.2465	21.5795	13.4994	0.0219379	0	0	0	0	0	0	0	0	0	0	0	0
00.000,00.000	22.7	0	-200	0	4.5	853.976	404.123	168.242	101.772	96.8821	46.2697	22.0424	14.0915	0.553656	0	0	0	0	0	0	0	0	0	0	0	0
00.000,00.000	22.8	0	-200	0	4.5	854.532	404.317	168.351	101.825	96.9682	46.3341	22.0579	14.109	0.569409	0	0	0	0	0	0	0	0	0	0	0	0
00.000,00.000	22.9	0	-200	0	4.5	854.978	404.47	168.439	101.867	97.0387	46.3876	22.0714	14.1223	0.581385	0	0	0	0	0	0	0	0	0	0	0	0
00.000,00.000	23	0	-200	0	4.5	876.436	411.975	172.677	103.882	100.112	49.1504	22.7616	14.7409	1.13747	0	0	0	0	0	0	0	0	0	0	0	0
00.000,00.000	23.1	0	-200	0	4.5	897.004	418.824	176.977	105.835	102.769	52.111	23.4771	15.3377	1.67271	0	0	0	0	0	0	0	0	0	0	0	0
00.000,00.000	23.2	0	-200	0	4.5	907.195	421.744	179.488	106.839	104.071	53.6252	23.8614	15.6321	1.9334	0	0	0	0	0	0	0	0	0	0	0	0
00.000,00.000	23.3	0	-200	0	4.5	915.251	424.122	181.254	107.665	105.127	54.8737	24.1986	15.8689	2.14164	0	0	0	0	0	0	0	0	0	0	0	0
00.000,00.000	23.4	0	-200	0	4.5	936.193	430.266	185.904	109.827	107.79	58.119	25.1346	16.4803	2.67222	0	0	0	0	0	0	0	0	0	0	0	0
00.000,00.000	23.5	0	-200	0	4.5	940.811	431.614	186.96	110.32	108.316	58.8343	25.3544	16.6193	2.7919	0	0	0	0	0	0	0	0	0	0	0	0
00.000,00.000	23.6	0	-200	0	4.5	988.42	444.44	197.849	115.491	114.247	66.4584	27.8326	18.0807	4.02156	0	0	0	0	0	0	0	0	0	0	0	0
00.000,00.000	23.7	0	-200	0	4.5	1011.89	450.251	203.344	118.328	116.993	70.318	29.1643	18.8408	4.65021	0	0	0	0	0	0	0	0	0	0	0	0
00.000,00.000	23.8	0	-200	0	4.5	1012.29	450.364	203.433	118.375	117.038	70.3818	29.1874	18.8531	4.66009	0	0	0	0	0	0	0	0	0	0	0	0
00.000,00.000	23.9	0	-200	0	4.5	1012.66	450.462	203.517	118.418	117.08	70.4424	29.2101	18.8645	4.66895	0	0	0	0	0	0	0	0	0	0	0	0
00.000,00.000	24	0	-200	0	4.5	1046.64	460.45	210.868	122.246	120.713	75.7622	31.3052	19.1711	6.12222	0	0	0	0	0	0	0	0	0	0	0	0
00.000,00.000	24.1	0	-200	0	4.5	1071.39	467.493	216.306	125.203	123.236	79.6056	32.9329	19.3027	7.31443	0	0	0	0	0	0	0	0	0	0	0	0
00.000,00.000	24.2	0	-200	0	4.5	1082.48	470.694	218.762	126.504	124.325	81.2836	33.6998	19.3711	7.83829	0	0	0	0	0	0	0	0	0	0	0	0
00.000,00.000	24.3	0	-200	0	4.5	1091.93	473.461	220.845	127.59	125.236	82.7182	34.3738	19.4356	8.27115	0	0	0	0	0	0	0	0	0	0	0	0
00.000,00.000	24.4	0	-200	0	4.5	1142.37	488.423	231.831	133.372	130.005	90.2692	38.1158	19.8207	10.5319	0	0	0	0	0	0	0	0	0	0	0	0
00.000,00.000	24.5	0	-200	0	4.5	1156.11	492.572	234.68	135.09	131.185	92.3227	39.1597	19.9411	11.1627	0	0	0	0	0	0	0	0	0	0	0	0
00.000,00.000	24.6	0	-200	0	4.5	1157.16	492.873	234.901	135.214	131.285	92.4841	39.2423	19.9532	11.2096	0	0	0	0	0	0	0	0	0	0	0	0
00.000,00.000	24.7	0	-200	0	4.5	1180.87	499.704	239.848	137.993	133.515	96.1303	41.1757	20.2644	12.2367	0	0	0	0	0	0	0	0	0	0	0	0
00.000,00.000	24.8	0	-200	0	4.5	1197.64	504.45	243.337	140	135.067	98.7081	42.6052	20.508	12.9681	0	0	0	0	0	0	0	0	0	0	0	0
00.000,00.000	24.9	0	-200	0	4.5	1200.49	505.254	243.91	140.35	135.324	99.1553	42.8595	20.5439	13.0938	0	0	0	0	0	0	0	0	0	0	0	0
00.000,00.000	25	0	-200	0	4.5	1201.76	505.647	244.16	140.494	135.436	99.3467	42.9685	20.5633	13.1444	0	0	0	0	0	0	0	0	0	0	0	0
00.000,00.000	25.1	0	-200	0	4.5	1203.1	506.051	244.427	140.648	135.556	99.552	43.0874	20.5859	13.1979	0	0	0	0	0	0	0	0	0	0	0	0
00.000,00.000	25.2	0	-200	0	4.5	1204.36	506.431	244.674	140.79	135.666	99.7441	43.1996	20.6085	13.2469	0	0	0	0	0	0	0	0	0	0	0	0
00.000,00.000	25.3	0	-200	0	4.5	1205.54	506.799	244.904	140.921	135.768	99.922	43.3049	20.631	13.2914	0	0	0	0	0	0	0	0	0	0	0	0
00.000,00.000	25.4	0	-200	0	4.5	1205.73	506.858	244.939	140.943	135.782	99.9503	43.3222	20.6342	13.2985	0	0	0	0	0	0	0	0	0	0	0	0
00.000,00.000	25.5	0	-200	0	4.5	1206.18	507	245.028	140.992	135.821	100.019	43.364	20.6441	13.3151	0	0	0	0	0	0	0	0	0	0	0	0
00.000,00.000	25.6	0	-200	0	4.5	1206.29	507.034	245.049	141.005	135.829	100.036	43.3745	20.6462	13.3192	0	0	0	0	0	0	0	0	0	0	0	0
00.000,00.000	25.7	0	-200	0	4.5	1207.22	507.319	245.229	141.103	135.906	100.178	43.4635	20.6681	13.3526	0	0	0	0	0	0	0	0	0	0	0	0
00.000,00.000	25.8	0	-200	0	4.5	1266.73	525.361	256.829	147.458	140.804	109.382	49.261	22.1304	14.8415	0.661277	0	0	0	0	0	0	0	0	0	0	0
00.000,00.000	25.9	0	-200	0	4.5	1285.46	531.019	260.528	149.475	142.295	112.339	51.0425	22.5706	15.2005	0.986073	0	0	0	0	0	0	0	0	0	0	0
00.000,00.000	26	0	-200	0	4.5	1286.49	531.352	260.724	149.581	142.377	112.494	51.1412	22.5985	15.2187	1.00256	0	0	0	0	0	0	0	0	0	0	0
00.000,00.000	26.1	0	-200	0	4.5	1287.7	531.735	260.956	149.706	142.475	112.676	51.2586	22.6325	15.2398	1.02171	0	0	0	0	0	0	0	0	0	0	0
00.000,00.000	26.2	0	-200	0	4.5	1288.84	532.099	261.173	149.821	142.565	112.845	51.3691	22.6655	15.2592	1.03923	0	0	0	0	0	0	0	0	0	0	0
00.000,00.000	26.3	0	-200	0	4.5	1289.91	532.443	261.379	149.929	142.65	113.001	51.4734	22.6977	15.277	1.05532	0	0	0	0	0	0	0	0	0	0	0
00.000,00.000	26.4	0	-200	0	4.5	1290.08	532.499	261.412	149.946	142.664	113.027	51.49	22.7026	15.2798	1.05791	0	0	0	0	0	0	0	0	0	0	0
00.000,00.000	26.5	0	-200	0	4.5	1293.88	533.715	262.157	150.328	142.963	113.58	51.8575	22.8234	15.3411	1.11334	0	0	0	0	0	0	0	0	0	0	0
00.000,00.000	26.6	0	-200	0	4.5	1366.1	556.029	276.699	157.512	148.543	124.062	59.2061	25.3357	16.525	2.1852	0	0	0	0	0	0	0	0	0	0	0
00.000,00.000	26.7	0	-200	0	4.5	1450.32	579.932	294.33	166.227	155.034	135.529	69.0996	28.5927	17.979	3.59342	0	0	0	0	0	0	0	0	0	0	0
00.000,00.000	26.8	0	-200	0	4.5	1462.88	583.465	296.996	167.657	156.043	137.193	70.4163	29.0979	17.9826	4.02889	0	0	0	0	0	0	0	0	0	0	0
00.000,00.000	26.9	0	-200	0	4.5	1463.67	583.683	297.161	167.745	156.105	137.3	70.5025	29.1311	17.9832	4.05414	0	0	0	0	0	0	0	0	0	0	0
00.000,00.000	27	0	-200	0	4.5	1521.46	599.663	309.382	174.271	160.612	145.098	76.8741	31.6327	18.0439	5.88651	0	0	0	0	0	0	0	0	0	0	0
00.000,00.000	27.1	0	-200	0	4.5	1549.37	607.176	315.439	177.579	162.922	148.616	79.9762	32.7918	18.081	6.78555	0	0	0	0	0	0	0	0	0	0	0
00.000,00.000	27.2	0	-200	0	4.5	1562.93	610.84	318.332	179.198	164.018	150.345	81.4886	33.3977	18.1062	7.20426	0	0	0	0	0	0	0	0	0	0	0
00.000,00.000	27.3	0	-200	0	4.5	1576.85	614.616	321.266	180.878	165.131	152.108	83.0451	34.04	18.1376	7.62738	0	0	0	0	0	0	0	0	0	0	0
00.000,00.000	27.4	0	-200	0	4.5	1635.92	630.731	333.607	187.808	169.854	159.581	89.7751	36.8572	18.3008	9.40914	0	0	0	0	0	0	0	0	0	0	0
00.000,00.000	27.5	0	-200	0	4.5	1664.16	638.499	339.508	190.964	172.212	163.017	93.0642	38.2171	18.3995	10.2822	0	0	0	0	0	0	0	0	0	0	0
00.000,00.000	27.6	0	-200	0	4.5	1678.21	642.341	342.433	192.549	173.34	164.726	94.7077	38.9392	18.4684	10.7072	0	0	0	0	0	0	0	0	0	0	0
00.000,00.000	27.7	0	-200	0	4.5	1692.29	646.235	345.276	194.143	174.486	166.419	96.376	39.6793	18.55	11.1248	0	0	0	0	0	0	0	0	0	0	0
00.000,00.000	27.8	0	-200	0	4.5	1772.38	668.768	361.479	203.081	180.849	175.961	105.583	44.0165	19.1007	13.5401	0	0	0	0	0	0	0	0	0	0	0
00.000,00.000	27.9	0	-200	0	4.5	1787.84	673.452	364.363	204.717	182.195	177.765	107.267	44.8226	19.2275	14.0282	0	0	0	0	0	0	0	0	0	0	0
00.000,00.000	28	0	-200	0	4.5	1839.47	688.983	374.075	210.142	186.462	183.794	113.051	47.7014	19.7555	15.08	0.428355	0	0	0	0	0	0	0	0	0	0
00.000,00.000	28.1	0	-200	0	4.5	1866.46	697.282	378.985	213.201	188.667	186.889	115.924	49.1557	20.0648	15.4893	0.803797	0	0	0	0	0	0	0	0	0	0
00.000,00.000	28.2	0	-200	0	4.5	1881.76	701.881	381.731	214.944	190.02	188.638	117.557	50.0091	20.2652	15.7081	1.00203	0	0	0	0	0	0	0	0	0	0
00.000,00.000	28.3	0	-200	0	4.5	1897.38	706.685	384.518	216.444	191.557	190.438	119.22	50.8958	20.4942	15.9288	1.19994	0	0	0	0	0	0	0	0	0	0
00.000,00.000	28.4	0	-200	0	4.5	1989.45	735.404	400.336	224.984	200.711	201.134	129.109	56.2174	22.0138	17.2079	2.33356	0	0	0	0	0	0	0	0	0	0
00.000,00.000	28.5	0	-200	0	4.5	2029.52	747.77	407.223	228.659	204.852	205.61	133.487	58.5539	22.7453	17.5245	3.09381	0	0	0	0	0	0	0	0	0	0
00.000,00.000	28.6	0	-200	0	4.5	2089.69	766.265	417.311	234.104	212.035	211.923	139.866	62.0715	23.9535	17.6445	4.51834	0	0	0	0	0	0	0	0	0	0
00.000,00.000	28.7	0	-200	0	4.5	2104.94	771.003	419.822	235.431	213.908	213.418	141.539	62.9711	24.2865	17.6491	4.91338	0	0	0	0	0	0	0	0	0	0
00.000,00.000	28.8	0	-200	0	4.5	2112.08	773.261	420.991	236.048	214.744	214.16	142.288	63.3983	24.4541	17.6525	5.08586	0	0	0	0	0	0	0	0	0	0
00.000,00.000	28.9	0	-200	0	4.5	2113.6	773.749	421.239	236.175	214.92	214.315	142.45	63.4896	24.4924	17.6535	5.12194	0	0	0	0	0	0	0	0	0	0
00.000,00.000	29	0	-200	0	4.5	2162.5	789.625	429.012	240.249	219.904	219.862	147.623	66.4753	25.808	17.6911	6.25021	0	0	0	0	0	0	0	0	0	0
00.000,00.000	29.1	0	-200	0	4.5	2190.87	798.829	433.462	242.575	222.749	223.097	150.69	68.2264	26.6141	17.7181	6.90765	0	0	0	0	0	0	0	0	0	0
00.000,00.000	29.2	0	-200	0	4.5	2208.72	804.557	436.25	244.079	224.54	225.126	152.616	69.3535	27.1503	17.7405	7.30706	0	0	0	0	0	0	0	0	0	0
00.000,00.000	29.3	0	-200	0	4.5	2226.73	810.325	439.047	245.582	226.348	227.152	154.574	70.5099	27.7185	17.7677	7.70201	0	0	0	0	0	0	0	0	0	0
00.000,00.000	29.4	0	-200	0	4.5	2253.82	819.018	443.208	247.819	229.074	230.165	157.545	72.272	28.6205	17.8194	8.28398	0	0	0	0	0	0	0	0	0	0
00.000,00.000	29.5	0	-200	0	4.5	2274.85	825.642	446.436	249.595	231.21	232.456	159.892	73.6618	29.3538	17.8674	8.73357	0	0	0	0	0	0	0	0	0	0
00.000,00.000	29.6	0	-200	0	4.5	2307.58	835.738	451.457	252.492	234.489	236.02	163.595	75.876	30.5257	17.9655	9.42572	0	0	0	0	0	0	0	0	0	0
00.000,00.000	29.7	0	-200	0	4.5	2314.94	838.032	452.571	253.123	235.228	236.799	164.431	76.375	30.7771	18.0169	9.58243	0	0	0	0	0	0	0	0	0	0
00.000,00.000	29.8	0	-200	0	4.5	2399.01	864.092	465.181	260.715	243.605	245.707	173.702	82.3231	33.9619	18.3987	11.3217	0	0	0	0	0	0	0	0	0	0
00.000,00.000	29.9	0	-200	0	4.5	2417.34	869.833	467.97	262.417	245.38	247.581	175.596	83.6484	34.7043	18.4962	11.7098	0	0	0	0	0	0	0	0	0	0
00.000,00.000	30	0	-200	0	4.5	2466.8	884.36	475.46	267.13	250.253	252.738	181.075	87.3897	36.8539	18.8218	12.718	0	0	0	0	0	0	0	0	0	0
00.000,00.000	30.1	0	-200	0	4.5	2494.96	892.301	479.612	269.928	253.113	255.671	184.23	89.5945	38.1704	19.0344	13.3086	0	0	0	0	0	0	0	0	0	0
00.000,00.000	30.2	0	-200	0	4.5	2512.56	897.248	482.236	271.686	254.826	257.483	186.209	91.0125	39.0037	19.1881	13.6651	0	0	0	0	0	0	0	0	0	0
00.000,00.000	30.3	0	-200	0	4.5	2530.28	902.191	484.931	273.455	256.509	259.295	188.174	92.4747	39.8666	19.3615	14.0183	0	0	0	0	0	0	0	0	0	0
00.000,00.000	30.4	0	-200	0	4.5	2565.17	911.925	490.278	276.861	259.3	263.313	191.997	95.4306	41.6191	19.7441	14.7036	0	0	0	0	0	0	0	0	0	0
00.000,00.000	30.5	0	-200	0	4.5	2588.47	918.393	493.908	279.089	261.062	266.034	194.56	97.4349	42.8019	20.0241	15.1605	0	0	0	0	0	0	0	0	0	0
00.000,00.000	30.6	0	-200	0	4.5	2645.26	933.877	502.742	284.609	265.454	272.6	200.822	102.455	45.693	20.7666	16.2461	0	0	0	0	0	0	0	0	0	0
00.000,00.000	30.7	0	-200	0	4.5	2661.43	938.25	505.318	286.179	266.607	274.473	202.6	103.92	46.5246	20.9992	16.5575	0	0	0	0	0	0	0	0	0	0
00.000,00.000	30.8	0	-200	0	4.5	2670.86	940.83	506.789	287.101	267.316	275.536	203.602	104.782	47.0218	21.1512	16.7311	0	0	0	0	0	0	0	0	0	0
00.000,00.000	30.9	0	-200	0	4.5	2673.01	941.422	507.128	287.311	267.462	275.778	203.829	104.981	47.1373	21.19	16.7704	0	0	0	0	0	0	0	0	0	0
00.000,00.000	31	0	-200	0	4.5	2719.09	954.251	514.259	291.738	270.765	280.849	208.551	109.298	49.7301	22.0558	17.3081	0.279507	0	0	0	0	0	0	0	0	0
00.000,00.000	31.1	0	-200	0	4.5	2746.84	961.984	518.591	294.42	272.691	283.859	211.433	111.865	51.2942	22.6178	17.5835	0.500882	0	0	0	0	0	0	0	0	0
00.000,00.000	31.2	0	-200	0	4.5	2764.89	967.179	521.349	296.128	273.988	285.543	213.462	113.521	52.3223	23.0011	17.7569	0.639893	0	0	0	0	0	0	0	0	0
00.000,00.000	31.3	0	-200	0	4.5	2783.36	972.553	524.158	297.85	275.311	287.247	215.491	115.234	53.3905	23.4145	17.931	0.779238	0	0	0	0	0	0	0	0	0
00.000,00.000	31.4	0	-200	0	4.5	2801.82	977.989	526.941	299.542	276.64	288.94	217.486	116.972	54.4418	23.8489	18.1023	0.916044	0	0	0	0	0	0	0	0	0
00.000,00.000	31.5	0	-200	0	4.5	2820.22	983.467	529.696	301.202	277.974	290.571	219.446	118.725	55.508	24.3055	18.2709	1.0505	0	0	0	0	0	0	0	0	0
00.000,00.000	31.6	0	-200	0	4.5	2848.43	991.927	533.944	303.748	280.068	292.755	222.466	121.457	57.2331	25.0448	18.4691	1.3182	0	0	0	0	0	0	0	0	0
00.000,00.000	31.7	0	-200	0	4.5	2854.9	993.886	534.974	304.324	280.542	293.223	223.148	122.076	57.5983	25.2277	18.4251	1.47027	0	0	0	0	0	0	0	0	0
00.000,00.000	31.8	0	-200	0	4.5	2891.73	1005.12	540.4	307.494	283.307	296.079	226.925	125.679	59.946	26.2979	18.4676	2.01695	0	0	0	0	0	0	0	0	0
00.000,00.000	31.9	0	-200	0	4.5	2901.01	1007.92	541.841	308.27	283.979	296.813	227.884	126.593	60.4826	26.5915	18.4676	2.16997	0	0	0	0	0	0	0	0	0
00.000,00.000	32	0	-200	0	4.5	2925.01	1015.39	545.284	310.253	285.768	298.67	230.243	128.947	62.0802	27.3658	18.4676	2.54365	0	0	0	0	0	0	0	0	0
00.000,00.000	32.1	0	-200	0	4.5	2945.77	1021.87	548.252	311.925	287.301	300.295	232.261	130.986	63.4758	28.0682	18.4676	2.86611	0	0	0	0	0	0	0	0	0
00.000,00.000	32.2	0	-200	0	4.5	2963.72	1027.48	550.743	313.36	288.649	301.71	233.952	132.77	64.7347	28.7054	18.4677	3.14168	0	0	0	0	0	0	0	0	0
00.000,00.000	32.3	0	-200	0	4.5	2981.48	1033.07	553.143	314.767	289.994	303.117	235.584	134.549	66.0176	29.3615	18.468	3.41114	0	0	0	0	0	0	0	0	0
00.000,00.000	32.4	0	-200	0	4.5	3004.68	1040.43	556.197	316.576	291.77	304.933	237.668	136.894	67.7285	30.2544	18.4688	3.75897	0	0	0	0	0	0	0	0	0
00.000,00.000	32.5	0	-200	0	4.5	3024.08	1046.62	558.699	318.049	293.266	306.446	239.38	138.872	69.1984	31.0284	18.47	4.04735	0	0	0	0	0	0	0	0	0
00.000,00.000	32.6	0	-200	0	4.5	3049.26	1054.65	561.849	319.945	295.211	308.457	241.569	141.431	71.18	32.074	18.4726	4.41932	0	0	0	0	0	0	0	0	0
00.000,00.000	32.7	0	-200	0	4.5	3056.03	1056.82	562.717	320.436	295.728	308.995	242.145	142.108	71.7246	32.3678	18.4737	4.5197	0	0	0	0	0	0	0	0	0
00.000,00.000	32.8	0	-200	0	4.5	3170.9	1093.03	576.799	328.713	304.734	318.504	251.581	154.039	81.3852	37.4204	18.5205	6.17757	0	0	0	0	0	0	0	0	0
00.000,00.000	32.9	0	-200	0	4.5	3194.75	1100.68	579.782	330.349	306.563	320.394	253.5	156.489	83.7834	38.157	18.5355	6.51981	0	0	0	0	0	0	0	0	0
00.000,00.000	33	0	-200	0	4.5	3266.29	1124.43	588.167	335.136	311.985	326.202	258.935	163.658	90.327	41.3129	18.64	7.50264	0	0	0	0	0	0	0	0	0
00.000,00.000	33.1	0	-200	0	4.5	3301.17	1136.49	592.317	337.43	314.53	329.058	260.984	167.168	93.4357	43.0657	18.7046	7.99269	0	0	0	0	0	0	0	0	0
00.000,00.000	33.2	0	-200	0	4.5	3318.28	1142.5	594.253	338.51	315.806	330.516	261.947	168.845	94.9804	43.9442	18.7527	8.22278	0	0	0	0	0	0	0	0	0
00.000,00.000	33.3	0	-200	0	4.5	3335.54	1148.59	596.169	339.607	317.078	332.011	262.878	170.508	96.5767	44.8592	18.8133	8.45036	0	0	0	0	0	0	0	0	0
00.000,00.000	33.4	0	-200	0	4.5	3364.64	1158.98	599.3	341.379	319.25	334.494	264.388	173.296	99.3271	46.4524	18.9385	8.82611	0	0	0	0	0	0	0	0	0
00.000,00.000	33.5	0	-200	0	4.5	3385.85	1166.62	601.597	342.617	320.916	336.22	265.446	175.305	101.347	47.6428	19.0442	9.09536	0	0	0	0	0	0	0	0	0
00.000,00.000	33.6	0	-200	0	4.5	3433.24	1183.46	606.573	345.231	324.792	340.241	267.729	179.835	105.965	50.4084	19.3251	9.68577	0	0	0	0	0	0	0	0	0
00.000,00.000	33.7	0	-200	0	4.5	3443.2	1187.12	607.612	345.769	325.594	341.022	268.188	180.765	106.949	50.9818	19.3897	9.80949	0	0	0	0	0	0	0	0	0
00.000,00.000	33.8	0	-200	0	4.5	3506.3	1210.13	613.791	349.004	330.902	346.457	271.005	186.603	113.221	54.7509	19.8839	10.5586	0	0	0	0	0	0	0	0	0
00.000,00.000	33.9	0	-200	0	4.5	3521.68	1215.93	615.303	349.79	332.183	347.718	271.667	188.036	114.59	55.7023	20.0154	10.7434	0	0	0	0	0	0	0	0	0
00.000,00.000	34	0	-200	0	4.5	3557.54	1229.52	618.596	351.488	335.235	350.851	273.128	191.328	117.882	57.9841	20.3721	11.1488	0	0	0	0	0	0	0	0	0
00.000,00.000	34.1	0	-200	0	4.5	3581.69	1238.79	620.733	352.6	337.299	352.973	274.078	193.517	120.092	59.5625	20.6315	11.4198	0	0	0	0	0	0	0	0	0
00.000,00.000	34.2	0	-200	0	4.5	3598.98	1245.44	622.181	353.352	338.799	354.538	274.734	195.042	121.717	60.729	20.8359	11.6085	0	0	0	0	0	0	0	0	0
00.000,00.000	34.3	0	-200	0	4.5	3616.25	1252.13	623.572	354.067	340.294	356.135	275.365	196.528	123.374	61.9306	21.0576	11.7933	0	0	0	0	0	0	0	0	0
00.000,00.000	34.4	0	-200	0	4.5	3635.92	1259.85	625.088	354.838	341.949	358.011	276.054	198.192	125.268	63.3366	21.3297	11.9986	0	0	0	0	0	0	0	0	0
00.000,00.000	34.5	0	-200	0	4.5	3653.89	1266.94	626.414	355.509	343.474	359.761	276.666	199.678	127.022	64.6485	21.5975	12.1831	0	0	0	0	0	0	0	0	0
00.000,00.000	34.6	0	-200	0	4.5	3686.62	1279.56	628.766	356.682	346.349	363.016	277.823	202.326	130.328	67.1313	22.1247	12.517	0	0	0	0	0	0	0	0	0
00.000,00.000	34.7	0	-200	0	4.5	3740.36	1300	632.519	358.526	351.138	368.388	279.867	206.607	135.864	71.3203	23.0798	13.0592	0	0	0	0	0	0	0	0	0
00.000,00.000	34.8	0	-200	0	4.5	3749.38	1303.54	633.119	358.82	351.928	369.245	280.219	207.315	136.777	72.0217	23.2466	13.1483	0	0	0	0	0	0	0	0	0
00.000,00.000	34.9	0	-200	0	4.5	3750.37	1303.93	633.182	358.85	352.017	369.344	280.257	207.387	136.878	72.1005	23.266	13.1575	0	0	0	0	0	0	0	0	0
00.000,00.000	35	0	-200	0	4.5	3798.32	1322.95	636.091	360.226	356.325	374.218	282.097	210.761	141.729	76.0481	24.2764	13.5962	0	0	0	0	0	0	0	0	0
00.000,00.000	35.1	0	-200	0	4.5	3825.69	1333.89	637.706	360.988	358.786	376.999	283.161	212.682	144.402	78.3396	24.8885	13.8459	0	0	0	0	0	0	0	0	0
00.000,00.000	35.2	0	-200	0	4.5	3842.18	1340.44	638.627	361.42	360.305	378.723	283.808	213.779	146.039	79.7727	25.2746	13.9912	0	0	0	0	0	0	0	0	0
00.000,00.000	35.3	0	-200	0	4.5	3858.69	1347.01	639.503	361.831	361.848	380.47	284.462	214.84	147.674	81.2402	25.6852	14.133	0	0	0	0	0	0	0	0	0
00.000,00.000	35.4	0	-200	0	4.5	3875.18	1353.63	640.333	362.219	363.411	382.232	285.121	215.857	149.284	82.7064	26.1186	14.2705	0	0	0	0	0	0	0	0	0
00.000,00.000	35.5	0	-200	0	4.5	3891.23	1360.2	641.121	362.299	364.99	384.007	285.788	216.829	150.815	84.204	26.572	14.4037	0	0	0	0	0	0	0	0	0
00.000,00.000	35.6	0	-200	0	4.5	3926.92	1374.1	642.787	362.853	368.6	388.028	287.323	218.949	154.251	87.6968	27.6332	14.6969	0	0	0	0	0	0	0	0	0
00.000,00.000	35.7	0	-200	0	4.5	3983.22	1395.48	645.293	363.888	374.459	394.441	289.837	222.12	159.701	93.4249	29.4184	15.1556	0	0	0	0	0	0	0	0	0
00.000,00.000	35.8	0	-200	0	4.5	3991.97	1398.91	645.671	364.042	375.373	395.405	290.227	222.596	160.533	94.2804	29.7091	15.2255	0	0	0	0	0	0	0	0	0
00.000,00.000	35.9	0	-200	0	4.5	3995.38	1400.3	645.8	364.094	375.732	395.78	290.379	222.762	160.836	94.62	29.8288	15.2503	0	0	0	0	0	0	0	0	0
00.000,00.000	36	0	-200	0	4.5	4030.72	1414.54	647.095	364.687	379.525	399.724	291.975	224.428	163.934	98.2336	31.0765	15.4996	0	0	0	0	0	0	0	0	0
00.000,00.000	36.1	0	-200	0	4.5	4052.75	1423.44	647.865	365.194	381.891	402.127	292.979	225.43	165.796	100.496	31.8822	15.6508	0	0	0	0	0	0	0	0	0
00.000,00.000	36.2	0	-200	0	4.5	4068.71	1429.88	648.378	365.736	383.585	403.877	293.703	226.099	167.07	102.146	32.4815	15.7533	0	0	0	0	0	0	0	0	0
00.000,00.000	36.3	0	-200	0	4.5	4084.84	1436.34	648.882	366.352	385.348	405.646	294.437	226.732	168.314	103.834	33.0989	15.8518	0	0	0	0	0	0	0	0	0
00.000,00.000	36.4	0	-200	0	4.5	4101	1442.81	649.377	366.998	387.125	407.43	295.179	227.328	169.527	105.544	33.7413	15.9462	0	0	0	0	0	0	0	0	0
00.000,00.000	36.5	0	-200	0	4.5	4117.1	1449.25	649.838	367.637	388.918	409.225	295.929	227.873	170.708	107.275	34.407	16.0363	0	0	0	0	0	0	0	0	0
00.000,00.000	36.6	0	-200	0	4.5	4149.29	1461.69	650.693	368.509	393.06	412.93	297.485	228.922	173.088	110.893	35.8109	16.2129	0	0	0	0	0	0	0	0	0
00.000,00.000	36.7	0	-200	0	4.5	4181.09	1473.81	651.547	369.302	397.321	416.589	299.085	229.892	175.396	114.525	37.2396	16.3805	0	0	0	0	0	0	0	0	0
00.000,00.000	36.8	0	-200	0	4.5	4185.57	1475.51	651.688	369.443	397.919	417.087	299.32	230.021	175.71	115.055	37.4183	16.4033	0	0	0	0	0	0	0	0	0
00.000,00.000	36.9	0	-200	0	4.5	4186.62	1475.92	651.713	369.47	398.063	417.206	299.373	230.048	175.779	115.173	37.4652	16.4081	0	0	0	0	0	0	0	0	0
00.000,00.000	37	0	-200	0	4.5	4215.62	1487.36	652.352	370.202	402.272	420.463	300.882	230.733	177.593	118.46	38.7742	16.5305	0	0	0	0	0	0	0	0	0
00.000,00.000	37.1	0	-200	0	4.5	4236.49	1495.53	652.833	370.741	405.346	422.773	302.007	231.203	178.869	120.724	39.8451	16.615	0	0	0	0	0	0	0	0	0
00.000,00.000	37.2	0	-200	0	4.5	4252.37	1501.73	653.197	371.13	407.728	424.577	302.862	231.531	179.806	122.444	40.6911	16.6744	0	0	0	0	0	0	0	0	0
00.000,00.000	37.3	0	-200	0	4.5	4268.24	1507.92	653.545	371.513	410.15	426.381	303.761	231.833	180.695	124.146	41.5664	16.7298	0	0	0	0	0	0	0	0	0
00.000,00.000	37.4	0	-200	0	4.5	4283.99	1514.06	653.867	371.885	412.59	428.195	304.659	232.107	181.525	125.857	42.4685	16.7808	0	0	0	0	0	0	0	0	0
00.000,00.000	37.5	0	-200	0	4.5	4299.66	1520.13	654.167	372.245	415.05	430.031	305.572	232.354	182.327	127.561	43.4021	16.8277	0	0	0	0	0	0	0	0	0
00.000,00.000	37.6	0	-200	0	4.5	4325.36	1529.55	654.635	372.826	419.246	433.177	307.129	232.727	183.651	130.465	45.0509	16.9008	0	0	0	0	0	0	0	0	0
00.000,00.000	37.7	0	-200	0	4.5	4355.5	1540.37	655.151	373.495	424.283	436.969	308.952	233.127	185.172	133.911	47.0932	16.9801	0	0	0	0	0	0	0	0	0
00.000,00.000	37.8	0	-200	0	4.5	4361.95	1542.77	655.27	373.639	425.343	437.755	309.338	233.205	185.477	134.623	47.5335	16.9956	0	0	0	0	0	0	0	0	0
00.000,00.000	37.9	0	-200	0	4.5	4362.74	1543.08	655.282	373.655	425.474	437.853	309.385	233.213	185.512	134.707	47.5886	16.9971	0	0	0	0	0	0	0	0	0
00.000,00.000	38	0	-200	0	4.5	4392.99	1554.71	655.703	374.229	430.53	441.641	311.202	233.498	186.783	137.88	49.766	17.0466	0	0	0	0	0	0	0	0	0
00.000,00.000	38.1	0	-200	0	4.5	4413.48	1562.56	655.999	374.612	433.975	444.208	312.475	233.681	187.608	140.009	51.279	17.077	0	0	0	0	0	0	0	0	0
00.000,00.000	38.2	0	-200	0	4.5	4428.15	1568.19	656.185	374.874	436.469	446.086	313.392	233.802	188.169	141.491	52.4014	17.0963	0	0	0	0	0	0	0	0	0
00.000,00.000	38.3	0	-200	0	4.5	4442.72	1573.76	656.358	375.124	438.966	447.982	314.323	233.914	188.698	142.927	53.555	17.1134	0	0	0	0	0	0	0	0	0
00.000,00.000	38.4	0	-200	0	4.5	4457.16	1579.26	656.519	375.364	441.462	449.89	315.26	234.017	189.195	144.327	54.7375	17.1282	0	0	0	0	0	0	0	0	0
00.000,00.000	38.5	0	-200	0	4.5	4471.57	1584.78	656.666	375.592	443.935	451.816	316.206	234.114	189.663	145.699	55.9556	17.1408	0	0	0	0	0	0	0	0	0
00.000,00.000	38.6	0	-200	0	4.5	4511.78	1597.76	657.049	376.241	451.385	457.793	319.121	234.394	191.044	149.925	59.8915	17.173	0	0	0	0	0	0	0	0	0
00.000,00.000	38.7	0	-200	0	4.5	4520.48	1600.87	657.139	376.373	452.906	459.015	319.747	234.45	191.314	150.775	60.7138	17.179	0	0	0	0	0	0	0	0	0
00.000,00.000	38.8	0	-200	0	4.5	4524.34	1602.09	657.17	376.431	453.634	459.61	320.041	234.473	191.429	151.162	61.1189	17.1807	0	0	0	0	0	0	0	0	0
00.000,00.000	38.9	0	-200	0	4.5	4526.68	1602.95	657.188	376.462	454.044	459.946	320.212	234.485	191.489	151.372	61.3518	17.1813	0	0	0	0	0	0	0	0	0
00.000,00.000	39	0	-200	0	4.5	4547.69	1610.51	657.324	376.731	457.769	463.067	321.76	234.588	192	153.22	63.5364	17.1827	0	0	0	0	0	0	0	0	0
00.000,00.000	39.1	0	-200	0	4.5	4563.08	1615.61	657.425	376.93	460.572	465.493	322.97	234.662	192.373	154.605	65.2595	17.1827	0	0	0	0	0	0	0	0	0
00.000,00.000	39.2	0	-200	0	4.5	4575.37	1619.8	657.495	377.077	462.78	467.422	323.938	234.716	192.649	155.654	66.6583	17.1827	0	0	0	0	0	0	0	0	0
00.000,00.000	39.3	0	-200	0	4.5	4587.77	1624.05	657.558	377.217	464.997	469.379	324.924	234.766	192.91	156.674	68.1105	17.1827	0	0	0	0	0	0	0	0	0
00.000,00.000	39.4	0	-200	0	4.5	4600	1628.2	657.614	377.348	467.187	471.333	325.946	234.812	193.152	157.644	69.5899	17.1827	0	0	0	0	0	0	0	0	0
00.000,00.000	39.5	0	-200	0	4.5	4611.92	1632.08	657.662	377.47	469.351	473.289	326.977	234.853	193.382	158.567	71.1029	17.1827	0	0	0	0	0	0	0	0	0
00.000,00.000	39.6	0	-200	0	4.5	4637.37	1638.68	657.754	377.728	474.364	477.853	329.439	234.942	193.914	160.682	74.8354	17.1827	0	0	0	0	0	0	0	0	0
00.000,00.000	39.7	0	-200	0	4.5	4646.53	1641.39	657.785	377.814	476.025	479.436	330.295	234.971	194.094	161.387	76.1503	17.1827	0	0	0	0	0	0	0	0	0
00.000,00.000	39.8	0	-200	0	4.5	4650.04	1642.35	657.794	377.845	476.643	480.089	330.647	234.982	194.164	161.651	76.695	17.1827	0	0	0	0	0	0	0	0	0
00.000,00.000	39.9	0	-200	0	4.5	4650.99	1642.61	657.797	377.854	476.796	480.274	330.747	234.984	194.183	161.721	76.8501	17.1827	0	0	0	0	0	0	0	0	0
00.000,00.000	40	0	-200	0	4.5	4669.09	1647.82	658.199	377.993	479.676	483.581	332.56	235.026	194.51	162.882	79.6678	17.1827	0	0	0	0	0	0	0	0	0
00.000,00.000	40.1	0	-200	0	4.5	4681.62	1650.78	658.626	378.09	481.663	486.069	333.911	235.078	194.747	163.699	81.7716	17.1827	0	0	0	0	0	0	0	0	0
00.000,00.000	40.2	0	-200	0	4.5	4691.29	1653.16	658.977	378.157	483.162	487.966	334.957	235.134	194.924	164.278	83.3943	17.1827	0	0	0	0	0	0	0	0	0
00.000,00.000	40.3	0	-200	0	4.5	4700.99	1655.54	659.451	378.218	484.609	489.852	336.013	235.189	195.095	164.816	85.0307	17.1827	0	0	0	0	0	0	0	0	0
00.000,00.000	40.4	0	-200	0	4.5	4710.4	1657.8	659.931	378.272	485.993	491.697	337.066	235.243	195.258	165.306	86.6511	17.1827	0	0	0	0	0	0	0	0	0
00.000,00.000	40.5	0	-200	0	4.5	4719.63	1659.97	660.415	378.322	487.337	493.514	338.133	235.296	195.415	165.76	88.2863	17.1827	0	0	0	0	0	0	0	0	0
00.000,00.000	40.6	0	-200	0	4.5	4728.04	1661.48	660.831	378.366	488.617	495.263	339.226	235.35	195.569	166.188	89.9709	17.1827	0	0	0	0	0	0	0	0	0
00.000,00.000	40.7	0	-200	0	4.5	4769.29	1669.99	662.1	378.538	493.509	504.213	344.642	235.676	196.924	168.13	98.3863	17.1827	0	0	0	0	0	0	0	0	0
00.000,00.000	40.8	0	-200	0	4.5	4777.41	1671.49	662.341	378.576	494.442	505.998	345.72	235.789	197.303	168.5	100.062	17.1827	0	0	0	0	0	0	0	0	0
00.000,00.000	40.9	0	-200	0	4.5	4777.77	1671.55	662.352	378.577	494.485	506.08	345.771	235.793	197.32	168.515	100.139	17.1827	0	0	0	0	0	0	0	0	0
00.000,00.000	41	0	-200	0	4.5	4801.7	1675.93	663.069	378.67	497.18	511.413	349.243	236.042	198.427	169.402	105.144	17.1827	0	0	0	0	0	0	0	0	0
00.000,00.000	41.1	0	-200	0	4.5	4814.18	1677.88	663.476	378.729	498.721	514.147	351.067	236.192	199.036	169.868	107.881	17.1827	0	0	0	0	0	0	0	0	0
00.000,00.000	41.2	0	-200	0	4.5	4821.25	1679.21	663.704	378.761	499.54	515.642	352.102	236.267	199.366	170.096	109.387	17.1827	0	0	0	0	0	0	0	0	0
00.000,00.000	41.3	0	-200	0	4.5	4828.26	1680.57	663.932	378.79	500.313	517.114	353.132	236.343	199.691	170.301	110.886	17.1827	0	0	0	0	0	0	0	0	0
00.000,00.000	41.4	0	-200	0	4.5	4837.4	1682.42	664.231	378.831	501.342	518.982	354.47	236.443	200.113	170.541	112.843	17.1827	0	0	0	0	0	0	0	0	0
00.000,00.000	41.5	0	-200	0	4.5	4841.1	1683.14	664.356	378.848	501.76	519.736	355.013	236.486	200.287	170.632	113.653	17.1827	0	0	0	0	0	0	0	0	0
00.000,00.000	41.6	0	-200	0	4.5	4847.52	1684.09	664.581	378.867	502.447	521.054	356.082	236.567	200.626	170.786	115.24	17.1827	0	0	0	0	0	0	0	0	0
00.000,00.000	41.7	0	-200	0	4.5	4866.05	1686.52	665.24	378.946	504.513	524.758	359.22	237.003	201.61	171.203	119.856	17.1827	0	0	0	0	0	0	0	0	0
00.000,00.000	41.8	0	-200	0	4.5	4869.82	1687.12	665.375	378.972	504.943	525.454	359.803	237.096	201.809	171.296	120.768	17.1827	0	0	0	0	0	0	0	0	0
00.000,00.000	41.9	0	-200	0	4.5	4870.38	1687.22	665.394	378.976	505.006	525.559	359.891	237.109	201.837	171.306	120.899	17.1827	0	0	0	0	0	0	0	0	0
00.000,00.000	42	0	-200	0	4.5	4880.32	1688.79	665.762	379.011	506.069	527.487	361.53	237.343	202.358	171.47	123.321	17.1827	0	0	0	0	0	0	0	0	0