
label	time(d)	x	depth	z	radius	total	0-10	10-20	20-30	30-40	40-50	50-60	60-70	70-80	80-90	90-100	100-110	110-120	120-130	130-140	140-150	150-160	160-170	170-180	180-190	190-200
05.500,00.000	0	5.5	-200	0	4.5	0	0	0	0	0	0	0	0	0	0	0	0	0	0	0	0	0	0	0	0	0
05.500,00.000	0.1	5.5	-200	0	4.5	0	0	0	0	0	0	0	0	0	0	0	0	0	0	0	0	0	0	0	0	0
05.500,00.000	0.2	5.5	-200	0	4.5	0	0	0	0	0	0	0	0	0	0	0	0	0	0	0	0	0	0	0	0	0
05.500,00.000	0.3	5.5	-200	0	4.5	0	0	0	0	0	0	0	0	0	0	0	0	0	0	0	0	0	0	0	0	0
05.500,00.000	0.4	5.5	-200	0	4.5	0	0	0	0	0	0	0	0	0	0	0	0	0	0	0	0	0	0	0	0	0
05.500,00.000	0.5	5.5	-200	0	4.5	0	0	0	0	0	0	0	0	0	0	0	0	0	0	0	0	0	0	0	0	0
05.500,00.000	0.6	5.5	-200	0	4.5	0	0	0	0	0	0	0	0	0	0	0	0	0	0	0	0	0	0	0	0	0
05.500,00.000	0.7	5.5	-200	0	4.5	0	0	0	0	0	0	0	0	0	0	0	0	0	0	0	0	0	0	0	0	0
05.500,00.000	0.8	5.5	-200	0	4.5	0	0	0	0	0	0	0	0	0	0	0	0	0	0	0	0	0	0	0	0	0
05.500,00.000	0.9	5.5	-200	0	4.5	0	0	0	0	0	0	0	0	0	0	0	0	0	0	0	0	0	0	0	0	0
05.500,00.000	1	5.5	-200	0	4.5	0	0	0	0	0	0	0	0	0	0	0	0	0	0	0	0	0	0	0	0	0
05.500,00.000	1.1	5.5	-200	0	4.5	0	0	0	0	0	0	0	0	0	0	0	0	0	0	0	0	0	0	0	0	0
05.500,00.000	1.2	5.5	-200	0	4.5	0	0	0	0	0	0	0	0	0	0	0	0	0	0	0	0	0	0	0	0	0
05.500,00.000	1.3	5.5	-200	0	4.5	0	0	0	0	0	0	0	0	0	0	0	0	0	0	0	0	0	0	0	0	0
05.500,00.000	1.4	5.5	-200	0	4.5	0	0	0	0	0	0	0	0	0	0	0	0	0	0	0	0	0	0	0	0	0
05.500,00.000	1.5	5.5	-200	0	4.5	0	0	0	0	0	0	0	0	0	0	0	0	0	0	0	0	0	0	0	0	0
05.500,00.000	1.6	5.5	-200	0	4.5	0	0	0	0	0	0	0	0	0	0	0	0	0	0	0	0	0	0	0	0	0
05.500,00.000	1.7	5.5	-200	0	4.5	0	0	0	0	0	0	0	0	0	0	0	0	0	0	0	0	0	0	0	0	0
05.500,00.000	1.8	5.5	-200	0	4.5	0	0	0	0	0	0	0	0	0	0	0	0	0	0	0	0	0	0	0	0	0
05.500,00.000	1.9	5.5	-200	0	4.5	0	0	0	0	0	0	0	0	0	0	0	0	0	0	0	0	0	0	0	0	0
05.500,00.000	2	5.5	-200	0	4.5	0	0	0	0	0	0	0	0	0	0	0	0	0	0	0	0	0	0	0	0	0
05.500,00.000	2.1	5.5	-200	0	4.5	0	0	0	0	0	0	0	0	0	0	0	0	0	0	0	0	0	0	0	0	0
05.500,00.000	2.2	5.5	-200	0	4.5	0	0	0	0	0	0	0	0	0	0	0	0	0	0	0	0	0	0	0	0	0
05.500,00.000	2.3	5.5	-200	0	4.5	0	0	0	0	0	0	0	0	0	0	0	0	0	0	0	0	0	0	0	0	0
05.500,00.000	2.4	5.5	-200	0	4.5	0	0	0	0	0	0	0	0	0	0	0	0	0	0	0	0	0	0	0	0	0
05.500,00.000	2.5	5.5	-200	0	4.5	0	0	0	0	0	0	0	0	0	0	0	0	0	0	0	0	0	0	0	0	0
05.500,00.000	2.6	5.5	-200	0	4.5	0	0	0	0	0	0	0	0	0	0	0	0	0	0	0	0	0	0	0	0	0
05.500,00.000	2.7	5.5	-200	0	4.5	0.0453554	0.0453554	0	0	0	0	0	0	0	0	0	0	0	0	0	0	0	0	0	0	0
05.500,00.000	2.8	5.5	-200	0	4.5	0.290547	0.290547	0	0	0	0	0	0	0	0	0	0	0	0	0	0	0	0	0	0	0
05.500,00.000	2.9	5.5	-200	0	4.5	0.566943	0.566943	0	0	0	0	0	0	0	0	0	0	0	0	0	0	0	0	0	0	0
05.500,00.000	3	5.5	-200	0	4.5	0.872312	0.872312	0	0	0	0	0	0	0	0	0	0	0	0	0	0	0	0	0	0	0
05.500,00.000	3.1	5.5	-200	0	4.5	1.2417	1.2417	0	0	0	0	0	0	0	0	0	0	0	0	0	0	0	0	0	0	0
05.500,00.000	3.2	5.5	-200	0	4.5	1.84288	1.84288	0	0	0	0	0	0	0	0	0	0	0	0	0	0	0	0	0	0	0
05.500,00.000	3.3	5.5	-200	0	4.5	2.47509	2.47509	0	0	0	0	0	0	0	0	0	0	0	0	0	0	0	0	0	0	0
05.500,00.000	3.4	5.5	-200	0	4.5	3.10598	3.10598	0	0	0	0	0	0	0	0	0	0	0	0	0	0	0	0	0	0	0
05.500,00.000	3.5	5.5	-200	0	4.5	3.73392	3.73392	0	0	0	0	0	0	0	0	0	0	0	0	0	0	0	0	0	0	0
05.500,00.000	3.6	5.5	-200	0	4.5	4.35888	4.35888	0	0	0	0	0	0	0	0	0	0	0	0	0	0	0	0	0	0	0
05.500,00.000	3.7	5.5	-200	0	4.5	4.98192	4.98192	0	0	0	0	0	0	0	0	0	0	0	0	0	0	0	0	0	0	0
05.500,00.000	3.8	5.5	-200	0	4.5	5.60471	5.60471	0	0	0	0	0	0	0	0	0	0	0	0	0	0	0	0	0	0	0
05.500,00.000	3.9	5.5	-200	0	4.5	6.22889	6.22889	0	0	0	0	0	0	0	0	0	0	0	0	0	0	0	0	0	0	0
05.500,00.000	4	5.5	-200	0	4.5	6.8545	6.8545	0	0	0	0	0	0	0	0	0	0	0	0	0	0	0	0	0	0	0
05.500,00.000	4.1	5.5	-200	0	4.5	7.48087	7.48087	0	0	0	0	0	0	0	0	0	0	0	0	0	0	0	0	0	0	0
05.500,00.000	4.2	5.5	-200	0	4.5	8.10455	8.10455	0	0	0	0	0	0	0	0	0	0	0	0	0	0	0	0	0	0	0
05.500,00.000	4.3	5.5	-200	0	4.5	8.7272	8.7272	0	0	0	0	0	0	0	0	0	0	0	0	0	0	0	0	0	0	0
05.500,00.000	4.4	5.5	-200	0	4.5	9.34705	9.34705	0	0	0	0	0	0	0	0	0	0	0	0	0	0	0	0	0	0	0
05.500,00.000	4.5	5.5	-200	0	4.5	9.72985	9.72985	0	0	0	0	0	0	0	0	0	0	0	0	0	0	0	0	0	0	0
05.500,00.000	4.6	5.5	-200	0	4.5	10.0402	10.0402	0	0	0	0	0	0	0	0	0	0	0	0	0	0	0	0	0	0	0
05.500,00.000	4.7	5.5	-200	0	4.5	10.3488	10.3488	0	0	0	0	0	0	0	0	0	0	0	0	0	0	0	0	0	0	0
05.500,00.000	4.8	5.5	-200	0	4.5	10.6556	10.6556	0	0	0	0	0	0	0	0	0	0	0	0	0	0	0	0	0	0	0
05.500,00.000	4.9	5.5	-200	0	4.5	10.961	10.961	0	0	0	0	0	0	0	0	0	0	0	0	0	0	0	0	0	0	0
05.500,00.000	5	5.5	-200	0	4.5	11.2654	11.2654	0	0	0	0	0	0	0	0	0	0	0	0	0	0	0	0	0	0	0
05.500,00.000	5.1	5.5	-200	0	4.5	11.5699	11.5699	0	0	0	0	0	0	0	0	0	0	0	0	0	0	0	0	0	0	0
05.500,00.000	5.2	5.5	-200	0	4.5	11.8737	11.8737	0	0	0	0	0	0	0	0	0	0	0	0	0	0	0	0	0	0	0
05.500,00.000	5.3	5.5	-200	0	4.5	12.1769	12.1769	0	0	0	0	0	0	0	0	0	0	0	0	0	0	0	0	0	0	0
05.500,00.000	5.4	5.5	-200	0	4.5	12.479	12.479	0	0	0	0	0	0	0	0	0	0	0	0	0	0	0	0	0	0	0
05.500,00.000	5.5	5.5	-200	0	4.5	12.7796	12.6814	0.0982326	0	0	0	0	0	0	0	0	0	0	0	0	0	0	0	0	0	0
05.500,00.000	5.6	5.5	-200	0	4.5	13.0786	12.681	0.397647	0	0	0	0	0	0	0	0	0	0	0	0	0	0	0	0	0	0
05.500,00.000	5.7	5.5	-200	0	4.5	13.3758	12.681	0.694776	0	0	0	0	0	0	0	0	0	0	0	0	0	0	0	0	0	0
05.500,00.000	5.8	5.5	-200	0	4.5	13.6714	12.681	0.990453	0	0	0	0	0	0	0	0	0	0	0	0	0	0	0	0	0	0
05.500,00.000	5.9	5.5	-200	0	4.5	13.9666	12.681	1.28559	0	0	0	0	0	0	0	0	0	0	0	0	0	0	0	0	0	0
05.500,00.000	6	5.5	-200	0	4.5	14.2613	12.681	1.5803	0	0	0	0	0	0	0	0	0	0	0	0	0	0	0	0	0	0
05.500,00.000	6.1	5.5	-200	0	4.5	14.5553	12.681	1.87429	0	0	0	0	0	0	0	0	0	0	0	0	0	0	0	0	0	0
05.500,00.000	6.2	5.5	-200	0	4.5	14.8375	12.681	2.15649	0	0	0	0	0	0	0	0	0	0	0	0	0	0	0	0	0	0
05.500,00.000	6.3	5.5	-200	0	4.5	14.8417	12.681	2.16066	0	0	0	0	0	0	0	0	0	0	0	0	0	0	0	0	0	0
05.500,00.000	6.4	5.5	-200	0	4.5	14.8444	12.6825	2.16185	0	0	0	0	0	0	0	0	0	0	0	0	0	0	0	0	0	0
05.500,00.000	6.5	5.5	-200	0	4.5	14.8488	12.6867	2.1621	0	0	0	0	0	0	0	0	0	0	0	0	0	0	0	0	0	0
05.500,00.000	6.6	5.5	-200	0	4.5	14.8553	12.6932	2.1621	0	0	0	0	0	0	0	0	0	0	0	0	0	0	0	0	0	0
05.500,00.000	6.7	5.5	-200	0	4.5	14.8657	12.7036	2.1621	0	0	0	0	0	0	0	0	0	0	0	0	0	0	0	0	0	0
05.500,00.000	6.8	5.5	-200	0	4.5	14.8807	12.7186	2.1621	0	0	0	0	0	0	0	0	0	0	0	0	0	0	0	0	0	0
05.500,00.000	6.9	5.5	-200	0	4.5	14.9042	12.7421	2.1621	0	0	0	0	0	0	0	0	0	0	0	0	0	0	0	0	0	0
05.500,00.000	7	5.5	-200	0	4.5	14.9393	12.7772	2.1621	0	0	0	0	0	0	0	0	0	0	0	0	0	0	0	0	0	0
05.500,00.000	7.1	5.5	-200	0	4.5	14.9867	12.8246	2.1621	0	0	0	0	0	0	0	0	0	0	0	0	0	0	0	0	0	0
05.500,00.000	7.2	5.5	-200	0	4.5	15.0495	12.8874	2.1621	0	0	0	0	0	0	0	0	0	0	0	0	0	0	0	0	0	0
05.500,00.000	7.3	5.5	-200	0	4.5	15.1372	12.9751	2.1621	0	0	0	0	0	0	0	0	0	0	0	0	0	0	0	0	0	0
05.500,00.000	7.4	5.5	-200	0	4.5	15.2435	13.0814	2.1621	0	0	0	0	0	0	0	0	0	0	0	0	0	0	0	0	0	0
05.500,00.000	7.5	5.5	-200	0	4.5	15.3694	13.2073	2.1621	0	0	0	0	0	0	0	0	0	0	0	0	0	0	0	0	0	0
05.500,00.000	7.6	5.5	-200	0	4.5	15.5158	13.3537	2.1621	0	0	0	0	0	0	0	0	0	0	0	0	0	0	0	0	0	0
05.500,00.000	7.7	5.5	-200	0	4.5	15.691	13.5289	2.1621	0	0	0	0	0	0	0	0	0	0	0	0	0	0	0	0	0	0
05.500,00.000	7.8	5.5	-200	0	4.5	15.901	13.7389	2.1621	0	0	0	0	0	0	0	0	0	0	0	0	0	0	0	0	0	0
05.500,00.000	7.9	5.5	-200	0	4.5	16.1431	13.981	2.1621	0	0	0	0	0	0	0	0	0	0	0	0	0	0	0	0	0	0
05.500,00.000	8	5.5	-200	0	4.5	16.4225	14.2604	2.1621	0	0	0	0	0	0	0	0	0	0	0	0	0	0	0	0	0	0
05.500,00.000	8.1	5.5	-200	0	4.5	16.7392	14.5771	2.1621	0	0	0	0	0	0	0	0	0	0	0	0	0	0	0	0	0	0
05.500,00.000	8.2	5.5	-200	0	4.5	17.0971	14.935	2.1621	0	0	0	0	0	0	0	0	0	0	0	0	0	0	0	0	0	0
05.500,00.000	8.3	5.5	-200	0	4.5	17.4982	15.3361	2.1621	0	0	0	0	0	0	0	0	0	0	0	0	0	0	0	0	0	0
05.500,00.000	8.4	5.5	-200	0	4.5	17.9412	15.7791	2.1621	0	0	0	0	0	0	0	0	0	0	0	0	0	0	0	0	0	0
05.500,00.000	8.5	5.5	-200	0	4.5	18.4296	16.2675	2.1621	0	0	0	0	0	0	0	0	0	0	0	0	0	0	0	0	0	0
05.500,00.000	8.6	5.5	-200	0	4.5	18.966	16.8039	2.1621	0	0	0	0	0	0	0	0	0	0	0	0	0	0	0	0	0	0
05.500,00.000	8.7	5.5	-200	0	4.5	19.5429	17.3808	2.1621	0	0	0	0	0	0	0	0	0	0	0	0	0	0	0	0	0	0
05.500,00.000	8.8	5.5	-200	0	4.5	20.159	17.9969	2.1621	0	0	0	0	0	0	0	0	0	0	0	0	0	0	0	0	0	0
05.500,00.000	8.9	5.5	-200	0	4.5	20.8173	18.6552	2.1621	0	0	0	0	0	0	0	0	0	0	0	0	0	0	0	0	0	0
05.500,00.000	9	5.5	-200	0	4.5	21.5193	19.3572	2.1621	0	0	0	0	0	0	0	0	0	0	0	0	0	0	0	0	0	0
05.500,00.000	9.1	5.5	-200	0	4.5	22.265	20.1029	2.1621	0	0	0	0	0	0	0	0	0	0	0	0	0	0	0	0	0	0
05.500,00.000	9.2	5.5	-200	0	4.5	23.074	20.9119	2.1621	0	0	0	0	0	0	0	0	0	0	0	0	0	0	0	0	0	0
05.500,00.000	9.3	5.5	-200	0	4.5	23.9344	21.7723	2.1621	0	0	0	0	0	0	0	0	0	0	0	0	0	0	0	0	0	0
05.500,00.000	9.4	5.5	-200	0	4.5	24.8443	22.6815	2.16279	0	0	0	0	0	0	0	0	0	0	0	0	0	0	0	0	0	0
05.500,00.000	9.5	5.5	-200	0	4.5	25.8042	23.6359	2.1683	0	0	0	0	0	0	0	0	0	0	0	0	0	0	0	0	0	0
05.500,00.000	9.6	5.5	-200	0	4.5	26.8128	24.6349	2.17781	0	0	0	0	0	0	0	0	0	0	0	0	0	0	0	0	0	0
05.500,00.000	9.7	5.5	-200	0	4.5	27.8748	25.681	2.19379	0	0	0	0	0	0	0	0	0	0	0	0	0	0	0	0	0	0
05.500,00.000	9.8	5.5	-200	0	4.5	28.9967	26.7798	2.21692	0	0	0	0	0	0	0	0	0	0	0	0	0	0	0	0	0	0
05.500,00.000	9.9	5.5	-200	0	4.5	30.1865	27.9386	2.24789	0	0	0	0	0	0	0	0	0	0	0	0	0	0	0	0	0	0
05.500,00.000	10	5.5	-200	0	4.5	31.4499	29.1615	2.28842	0	0	0	0	0	0	0	0	0	0	0	0	0	0	0	0	0	0
05.500,00.000	10.1	5.5	-200	0	4.5	32.8132	30.4738	2.33942	0	0	0	0	0	0	0	0	0	0	0	0	0	0	0	0	0	0
05.500,00.000	10.2	5.5	-200	0	4.5	34.2207	31.8209	2.39978	0	0	0	0	0	0	0	0	0	0	0	0	0	0	0	0	0	0
05.500,00.000	10.3	5.5	-200	0	4.5	35.6783	33.2087	2.46961	0	0	0	0	0	0	0	0	0	0	0	0	0	0	0	0	0	0
05.500,00.000	10.4	5.5	-200	0	4.5	37.182	34.6333	2.54866	0	0	0	0	0	0	0	0	0	0	0	0	0	0	0	0	0	0
05.500,00.000	10.5	5.5	-200	0	4.5	38.7232	36.0875	2.63573	0	0	0	0	0	0	0	0	0	0	0	0	0	0	0	0	0	0
05.500,00.000	10.6	5.5	-200	0	4.5	40.3012	37.5714	2.72983	0	0	0	0	0	0	0	0	0	0	0	0	0	0	0	0	0	0
05.500,00.000	10.7	5.5	-200	0	4.5	41.9197	39.0893	2.83039	0	0	0	0	0	0	0	0	0	0	0	0	0	0	0	0	0	0
05.500,00.000	10.8	5.5	-200	0	4.5	43.5836	40.6464	2.93724	0	0	0	0	0	0	0	0	0	0	0	0	0	0	0	0	0	0
05.500,00.000	10.9	5.5	-200	0	4.5	45.3305	42.2801	3.05046	0	0	0	0	0	0	0	0	0	0	0	0	0	0	0	0	0	0
05.500,00.000	11	5.5	-200	0	4.5	47.1658	43.9959	3.16991	0	0	0	0	0	0	0	0	0	0	0	0	0	0	0	0	0	0
05.500,00.000	11.1	5.5	-200	0	4.5	49.0873	45.7923	3.29497	0	0	0	0	0	0	0	0	0	0	0	0	0	0	0	0	0	0
05.500,00.000	11.2	5.5	-200	0	4.5	51.061	47.636	3.42504	0	0	0	0	0	0	0	0	0	0	0	0	0	0	0	0	0	0
05.500,00.000	11.3	5.5	-200	0	4.5	53.0676	49.5075	3.56011	0	0	0	0	0	0	0	0	0	0	0	0	0	0	0	0	0	0
05.500,00.000	11.4	5.5	-200	0	4.5	55.1098	51.4101	3.6997	0	0	0	0	0	0	0	0	0	0	0	0	0	0	0	0	0	0
05.500,00.000	11.5	5.5	-200	0	4.5	57.1788	53.3355	3.84326	0	0	0	0	0	0	0	0	0	0	0	0	0	0	0	0	0	0
05.500,00.000	11.6	5.5	-200	0	4.5	59.2837	55.293	3.99064	0	0	0	0	0	0	0	0	0	0	0	0	0	0	0	0	0	0
05.500,00.000	11.7	5.5	-200	0	4.5	61.4077	57.2657	4.14202	0	0	0	0	0	0	0	0	0	0	0	0	0	0	0	0	0	0
05.500,00.000	11.8	5.5	-200	0	4.5	63.5911	59.2933	4.29784	0	0	0	0	0	0	0	0	0	0	0	0	0	0	0	0	0	0
05.500,00.000	11.9	5.5	-200	0	4.5	65.8421	61.3835	4.45858	0	0	0	0	0	0	0	0	0	0	0	0	0	0	0	0	0	0
05.500,00.000	12	5.5	-200	0	4.5	68.1639	63.5393	4.62451	0	0	0	0	0	0	0	0	0	0	0	0	0	0	0	0	0	0
05.500,00.000	12.1	5.5	-200	0	4.5	70.5432	65.7475	4.79574	0	0	0	0	0	0	0	0	0	0	0	0	0	0	0	0	0	0
05.500,00.000	12.2	5.5	-200	0	4.5	72.9762	68.0036	4.97264	0	0	0	0	0	0	0	0	0	0	0	0	0	0	0	0	0	0
05.500,00.000	12.3	5.5	-200	0	4.5	75.4499	70.2951	5.15479	0	0	0	0	0	0	0	0	0	0	0	0	0	0	0	0	0	0
05.500,00.000	12.4	5.5	-200	0	4.5	77.9575	72.6155	5.34201	0	0	0	0	0	0	0	0	0	0	0	0	0	0	0	0	0	0
05.500,00.000	12.5	5.5	-200	0	4.5	80.5113	74.9772	5.53401	0	0	0	0	0	0	0	0	0	0	0	0	0	0	0	0	0	0
05.500,00.000	12.6	5.5	-200	0	4.5	83.1052	77.3742	5.73102	0	0	0	0	0	0	0	0	0	0	0	0	0	0	0	0	0	0
05.500,00.000	12.7	5.5	-200	0	4.5	85.7949	79.8594	5.93542	0	0	0	0	0	0	0	0	0	0	0	0	0	0	0	0	0	0
05.500,00.000	12.8	5.5	-200	0	4.5	88.6367	82.4461	6.1906	0	0	0	0	0	0	0	0	0	0	0	0	0	0	0	0	0	0
05.500,00.000	12.9	5.5	-200	0	4.5	91.9154	85.1827	6.73272	0	0	0	0	0	0	0	0	0	0	0	0	0	0	0	0	0	0
05.500,00.000	13	5.5	-200	0	4.5	95.2205	87.9522	7.26826	0	0	0	0	0	0	0	0	0	0	0	0	0	0	0	0	0	0
05.500,00.000	13.1	5.5	-200	0	4.5	98.6146	90.7986	7.81601	0	0	0	0	0	0	0	0	0	0	0	0	0	0	0	0	0	0
05.500,00.000	13.2	5.5	-200	0	4.5	102.047	93.6809	8.36615	0	0	0	0	0	0	0	0	0	0	0	0	0	0	0	0	0	0
05.500,00.000	13.3	5.5	-200	0	4.5	105.574	96.6463	8.92787	0	0	0	0	0	0	0	0	0	0	0	0	0	0	0	0	0	0
05.500,00.000	13.4	5.5	-200	0	4.5	109.152	99.6577	9.49398	0	0	0	0	0	0	0	0	0	0	0	0	0	0	0	0	0	0
05.500,00.000	13.5	5.5	-200	0	4.5	112.767	102.703	10.0639	0	0	0	0	0	0	0	0	0	0	0	0	0	0	0	0	0	0
05.500,00.000	13.6	5.5	-200	0	4.5	116.427	105.79	10.6373	0	0	0	0	0	0	0	0	0	0	0	0	0	0	0	0	0	0
05.500,00.000	13.7	5.5	-200	0	4.5	120.155	108.941	11.2142	0	0	0	0	0	0	0	0	0	0	0	0	0	0	0	0	0	0
05.500,00.000	13.8	5.5	-200	0	4.5	123.978	112.178	11.8005	0	0	0	0	0	0	0	0	0	0	0	0	0	0	0	0	0	0
05.500,00.000	13.9	5.5	-200	0	4.5	127.85	115.468	12.3822	0	0	0	0	0	0	0	0	0	0	0	0	0	0	0	0	0	0
05.500,00.000	14	5.5	-200	0	4.5	131.764	118.796	12.9674	0	0	0	0	0	0	0	0	0	0	0	0	0	0	0	0	0	0
05.500,00.000	14.1	5.5	-200	0	4.5	135.714	122.154	13.5599	0	0	0	0	0	0	0	0	0	0	0	0	0	0	0	0	0	0
05.500,00.000	14.2	5.5	-200	0	4.5	139.649	125.49	14.1594	0	0	0	0	0	0	0	0	0	0	0	0	0	0	0	0	0	0
05.500,00.000	14.3	5.5	-200	0	4.5	143.522	128.771	14.7516	0	0	0	0	0	0	0	0	0	0	0	0	0	0	0	0	0	0
05.500,00.000	14.4	5.5	-200	0	4.5	147.386	132.039	15.3471	0	0	0	0	0	0	0	0	0	0	0	0	0	0	0	0	0	0
05.500,00.000	14.5	5.5	-200	0	4.5	151.235	135.292	15.942	0	0	0	0	0	0	0	0	0	0	0	0	0	0	0	0	0	0
05.500,00.000	14.6	5.5	-200	0	4.5	155.036	138.508	16.5281	0	0	0	0	0	0	0	0	0	0	0	0	0	0	0	0	0	0
05.500,00.000	14.7	5.5	-200	0	4.5	158.801	141.688	17.1133	0	0	0	0	0	0	0	0	0	0	0	0	0	0	0	0	0	0
05.500,00.000	14.8	5.5	-200	0	4.5	162.572	144.842	17.7296	0	0	0	0	0	0	0	0	0	0	0	0	0	0	0	0	0	0
05.500,00.000	14.9	5.5	-200	0	4.5	166.307	147.957	18.35	0	0	0	0	0	0	0	0	0	0	0	0	0	0	0	0	0	0
05.500,00.000	15	5.5	-200	0	4.5	169.975	151.006	18.9695	0	0	0	0	0	0	0	0	0	0	0	0	0	0	0	0	0	0
05.500,00.000	15.1	5.5	-200	0	4.5	173.645	153.992	19.653	0	0	0	0	0	0	0	0	0	0	0	0	0	0	0	0	0	0
05.500,00.000	15.2	5.5	-200	0	4.5	177.272	156.915	20.3569	0	0	0	0	0	0	0	0	0	0	0	0	0	0	0	0	0	0
05.500,00.000	15.3	5.5	-200	0	4.5	180.841	159.779	21.0622	0	0	0	0	0	0	0	0	0	0	0	0	0	0	0	0	0	0
05.500,00.000	15.4	5.5	-200	0	4.5	184.384	162.617	21.7672	0	0	0	0	0	0	0	0	0	0	0	0	0	0	0	0	0	0
05.500,00.000	15.5	5.5	-200	0	4.5	187.851	165.381	22.4693	0	0	0	0	0	0	0	0	0	0	0	0	0	0	0	0	0	0
05.500,00.000	15.6	5.5	-200	0	4.5	191.236	168.065	23.1713	0	0	0	0	0	0	0	0	0	0	0	0	0	0	0	0	0	0
05.500,00.000	15.7	5.5	-200	0	4.5	194.487	170.631	23.8567	0	0	0	0	0	0	0	0	0	0	0	0	0	0	0	0	0	0
05.500,00.000	15.8	5.5	-200	0	4.5	197.589	173.084	24.5054	0	0	0	0	0	0	0	0	0	0	0	0	0	0	0	0	0	0
05.500,00.000	15.9	5.5	-200	0	4.5	200.592	175.451	25.1171	0.0240615	0	0	0	0	0	0	0	0	0	0	0	0	0	0	0	0	0
05.500,00.000	16	5.5	-200	0	4.5	203.512	177.752	25.4679	0.291954	0	0	0	0	0	0	0	0	0	0	0	0	0	0	0	0	0
05.500,00.000	16.1	5.5	-200	0	4.5	206.378	179.976	25.8457	0.556794	0	0	0	0	0	0	0	0	0	0	0	0	0	0	0	0	0
05.500,00.000	16.2	5.5	-200	0	4.5	209.198	182.128	26.25	0.820341	0	0	0	0	0	0	0	0	0	0	0	0	0	0	0	0	0
05.500,00.000	16.3	5.5	-200	0	4.5	211.977	184.201	26.6941	1.08235	0	0	0	0	0	0	0	0	0	0	0	0	0	0	0	0	0
05.500,00.000	16.4	5.5	-200	0	4.5	214.664	186.18	27.1417	1.34227	0	0	0	0	0	0	0	0	0	0	0	0	0	0	0	0	0
05.500,00.000	16.5	5.5	-200	0	4.5	217.215	188.031	27.5836	1.59966	0	0	0	0	0	0	0	0	0	0	0	0	0	0	0	0	0
05.500,00.000	16.6	5.5	-200	0	4.5	220.543	190.417	28.1798	1.94632	0	0	0	0	0	0	0	0	0	0	0	0	0	0	0	0	0
05.500,00.000	16.7	5.5	-200	0	4.5	222.359	191.701	28.5175	2.14092	0	0	0	0	0	0	0	0	0	0	0	0	0	0	0	0	0
05.500,00.000	16.8	5.5	-200	0	4.5	223.826	192.732	28.7892	2.30445	0	0	0	0	0	0	0	0	0	0	0	0	0	0	0	0	0
05.500,00.000	16.9	5.5	-200	0	4.5	226.259	194.415	29.2605	2.58352	0	0	0	0	0	0	0	0	0	0	0	0	0	0	0	0	0
05.500,00.000	17	5.5	-200	0	4.5	228.483	195.906	29.7343	2.84285	0	0	0	0	0	0	0	0	0	0	0	0	0	0	0	0	0
05.500,00.000	17.1	5.5	-200	0	4.5	230.516	197.223	30.2086	3.08443	0	0	0	0	0	0	0	0	0	0	0	0	0	0	0	0	0
05.500,00.000	17.2	5.5	-200	0	4.5	232.542	198.466	30.7511	3.32549	0	0	0	0	0	0	0	0	0	0	0	0	0	0	0	0	0
05.500,00.000	17.3	5.5	-200	0	4.5	234.491	199.634	31.2916	3.56497	0	0	0	0	0	0	0	0	0	0	0	0	0	0	0	0	0
05.500,00.000	17.4	5.5	-200	0	4.5	236.302	200.715	31.7848	3.80249	0	0	0	0	0	0	0	0	0	0	0	0	0	0	0	0	0
05.500,00.000	17.5	5.5	-200	0	4.5	237.995	201.712	32.2457	4.03791	0	0	0	0	0	0	0	0	0	0	0	0	0	0	0	0	0
05.500,00.000	17.6	5.5	-200	0	4.5	240.733	203.276	33.0231	4.43323	0	0	0	0	0	0	0	0	0	0	0	0	0	0	0	0	0
05.500,00.000	17.7	5.5	-200	0	4.5	241.65	203.779	33.3004	4.57016	0	0	0	0	0	0	0	0	0	0	0	0	0	0	0	0	0
05.500,00.000	17.8	5.5	-200	0	4.5	242.139	204.038	33.4542	4.64705	0	0	0	0	0	0	0	0	0	0	0	0	0	0	0	0	0
05.500,00.000	17.9	5.5	-200	0	4.5	243.876	204.928	34.0177	4.9303	0	0	0	0	0	0	0	0	0	0	0	0	0	0	0	0	0
05.500,00.000	18	5.5	-200	0	4.5	245.382	205.665	34.5359	5.18135	0	0	0	0	0	0	0	0	0	0	0	0	0	0	0	0	0
05.500,00.000	18.1	5.5	-200	0	4.5	246.678	206.275	34.9978	5.40514	0	0	0	0	0	0	0	0	0	0	0	0	0	0	0	0	0
05.500,00.000	18.2	5.5	-200	0	4.5	247.905	206.816	35.461	5.62733	0	0	0	0	0	0	0	0	0	0	0	0	0	0	0	0	0
05.500,00.000	18.3	5.5	-200	0	4.5	249.067	207.29	35.9297	5.84773	0	0	0	0	0	0	0	0	0	0	0	0	0	0	0	0	0
05.500,00.000	18.4	5.5	-200	0	4.5	250.155	207.697	36.3919	6.06638	0	0	0	0	0	0	0	0	0	0	0	0	0	0	0	0	0
05.500,00.000	18.5	5.5	-200	0	4.5	251.394	208.129	36.9375	6.32676	0	0	0	0	0	0	0	0	0	0	0	0	0	0	0	0	0
05.500,00.000	18.6	5.5	-200	0	4.5	253.36	208.874	37.7637	6.72256	0	0	0	0	0	0	0	0	0	0	0	0	0	0	0	0	0
05.500,00.000	18.7	5.5	-200	0	4.5	253.894	209.123	37.9497	6.82131	0	0	0	0	0	0	0	0	0	0	0	0	0	0	0	0	0
05.500,00.000	18.8	5.5	-200	0	4.5	253.978	209.159	37.9823	6.83686	0	0	0	0	0	0	0	0	0	0	0	0	0	0	0	0	0
05.500,00.000	18.9	5.5	-200	0	4.5	255.488	209.78	38.5895	7.11874	0	0	0	0	0	0	0	0	0	0	0	0	0	0	0	0	0
05.500,00.000	19	5.5	-200	0	4.5	256.827	210.325	39.1347	7.36804	0	0	0	0	0	0	0	0	0	0	0	0	0	0	0	0	0
05.500,00.000	19.1	5.5	-200	0	4.5	257.943	210.768	39.5975	7.57806	0	0	0	0	0	0	0	0	0	0	0	0	0	0	0	0	0
05.500,00.000	19.2	5.5	-200	0	4.5	259.012	211.181	40.0481	7.7838	0	0	0	0	0	0	0	0	0	0	0	0	0	0	0	0	0
05.500,00.000	19.3	5.5	-200	0	4.5	260.289	211.782	40.5197	7.98774	0	0	0	0	0	0	0	0	0	0	0	0	0	0	0	0	0
05.500,00.000	19.4	5.5	-200	0	4.5	261.629	212.426	41.0127	8.19027	0	0	0	0	0	0	0	0	0	0	0	0	0	0	0	0	0
05.500,00.000	19.5	5.5	-200	0	4.5	262.982	213.061	41.5296	8.39117	0	0	0	0	0	0	0	0	0	0	0	0	0	0	0	0	0
05.500,00.000	19.6	5.5	-200	0	4.5	265.014	214.004	42.3167	8.69363	0	0	0	0	0	0	0	0	0	0	0	0	0	0	0	0	0
05.500,00.000	19.7	5.5	-200	0	4.5	267.277	215.085	43.1671	9.02465	0	0	0	0	0	0	0	0	0	0	0	0	0	0	0	0	0
05.500,00.000	19.8	5.5	-200	0	4.5	267.705	215.295	43.3249	9.08569	0	0	0	0	0	0	0	0	0	0	0	0	0	0	0	0	0
05.500,00.000	19.9	5.5	-200	0	4.5	267.994	215.437	43.4295	9.12731	0	0	0	0	0	0	0	0	0	0	0	0	0	0	0	0	0
05.500,00.000	20	5.5	-200	0	4.5	269.996	216.423	44.1591	9.41379	0	0	0	0	0	0	0	0	0	0	0	0	0	0	0	0	0
05.500,00.000	20.1	5.5	-200	0	4.5	271.626	217.05	44.9302	9.64521	0	0	0	0	0	0	0	0	0	0	0	0	0	0	0	0	0
05.500,00.000	20.2	5.5	-200	0	4.5	272.999	217.457	45.705	9.83668	0	0	0	0	0	0	0	0	0	0	0	0	0	0	0	0	0
05.500,00.000	20.3	5.5	-200	0	4.5	274.371	217.713	46.6327	9.98184	0.0438151	0	0	0	0	0	0	0	0	0	0	0	0	0	0	0	0
05.500,00.000	20.4	5.5	-200	0	4.5	275.745	217.847	47.6851	9.98745	0.226033	0	0	0	0	0	0	0	0	0	0	0	0	0	0	0	0
05.500,00.000	20.5	5.5	-200	0	4.5	277.125	217.98	48.7432	9.98745	0.413542	0	0	0	0	0	0	0	0	0	0	0	0	0	0	0	0
05.500,00.000	20.6	5.5	-200	0	4.5	281.42	218.513	51.9424	9.98745	0.976976	0	0	0	0	0	0	0	0	0	0	0	0	0	0	0	0
05.500,00.000	20.7	5.5	-200	0	4.5	283.124	218.843	53.1101	9.98769	1.18313	0	0	0	0	0	0	0	0	0	0	0	0	0	0	0	0
05.500,00.000	20.8	5.5	-200	0	4.5	283.554	218.913	53.4182	9.98814	1.23519	0	0	0	0	0	0	0	0	0	0	0	0	0	0	0	0
05.500,00.000	20.9	5.5	-200	0	4.5	283.69	218.937	53.513	9.98828	1.25124	0	0	0	0	0	0	0	0	0	0	0	0	0	0	0	0
05.500,00.000	21	5.5	-200	0	4.5	285.258	219.228	54.6057	9.99069	1.43359	0	0	0	0	0	0	0	0	0	0	0	0	0	0	0	0
05.500,00.000	21.1	5.5	-200	0	4.5	287.991	219.753	56.4952	9.99843	1.74512	0	0	0	0	0	0	0	0	0	0	0	0	0	0	0	0
05.500,00.000	21.2	5.5	-200	0	4.5	289.915	220.171	57.7819	10.0078	1.95505	0	0	0	0	0	0	0	0	0	0	0	0	0	0	0	0
05.500,00.000	21.3	5.5	-200	0	4.5	291.568	220.534	58.8856	10.0178	2.13062	0	0	0	0	0	0	0	0	0	0	0	0	0	0	0	0
05.500,00.000	21.4	5.5	-200	0	4.5	293.261	220.924	60.0003	10.0318	2.30532	0	0	0	0	0	0	0	0	0	0	0	0	0	0	0	0
05.500,00.000	21.5	5.5	-200	0	4.5	298.246	222.015	63.3249	10.0864	2.81946	0	0	0	0	0	0	0	0	0	0	0	0	0	0	0	0
05.500,00.000	21.6	5.5	-200	0	4.5	300.498	222.542	64.7942	10.1164	3.045	0	0	0	0	0	0	0	0	0	0	0	0	0	0	0	0
05.500,00.000	21.7	5.5	-200	0	4.5	303.267	223.119	66.6564	10.1682	3.32288	0	0	0	0	0	0	0	0	0	0	0	0	0	0	0	0
05.500,00.000	21.8	5.5	-200	0	4.5	303.801	223.26	66.9896	10.1783	3.37326	0	0	0	0	0	0	0	0	0	0	0	0	0	0	0	0
05.500,00.000	21.9	5.5	-200	0	4.5	303.946	223.292	67.0847	10.1818	3.38716	0	0	0	0	0	0	0	0	0	0	0	0	0	0	0	0
05.500,00.000	22	5.5	-200	0	4.5	305.323	223.61	67.9755	10.2207	3.51711	0	0	0	0	0	0	0	0	0	0	0	0	0	0	0	0
05.500,00.000	22.1	5.5	-200	0	4.5	308.797	224.489	70.1228	10.3335	3.85138	0	0	0	0	0	0	0	0	0	0	0	0	0	0	0	0
05.500,00.000	22.2	5.5	-200	0	4.5	311.136	225.42	71.2436	10.412	4.05994	0	0	0	0	0	0	0	0	0	0	0	0	0	0	0	0
05.500,00.000	22.3	5.5	-200	0	4.5	313.06	226.196	72.1609	10.4812	4.22215	0	0	0	0	0	0	0	0	0	0	0	0	0	0	0	0
05.500,00.000	22.4	5.5	-200	0	4.5	315.036	226.998	73.0971	10.5574	4.38394	0	0	0	0	0	0	0	0	0	0	0	0	0	0	0	0
05.500,00.000	22.5	5.5	-200	0	4.5	319.288	228.733	75.1009	10.7329	4.72126	0	0	0	0	0	0	0	0	0	0	0	0	0	0	0	0
05.500,00.000	22.6	5.5	-200	0	4.5	328.732	232.689	79.4423	11.154	5.44661	0	0	0	0	0	0	0	0	0	0	0	0	0	0	0	0
05.500,00.000	22.7	5.5	-200	0	4.5	330.302	233.427	80.0718	11.2307	5.5719	0	0	0	0	0	0	0	0	0	0	0	0	0	0	0	0
05.500,00.000	22.8	5.5	-200	0	4.5	330.453	233.493	80.1386	11.2385	5.58289	0	0	0	0	0	0	0	0	0	0	0	0	0	0	0	0
05.500,00.000	22.9	5.5	-200	0	4.5	340.609	237.885	84.612	11.8024	6.30961	0	0	0	0	0	0	0	0	0	0	0	0	0	0	0	0
05.500,00.000	23	5.5	-200	0	4.5	343.707	239.338	85.863	11.9808	6.52503	0	0	0	0	0	0	0	0	0	0	0	0	0	0	0	0
05.500,00.000	23.1	5.5	-200	0	4.5	347.125	240.91	87.2777	12.1942	6.7432	0	0	0	0	0	0	0	0	0	0	0	0	0	0	0	0
05.500,00.000	23.2	5.5	-200	0	4.5	349.928	242.216	88.4137	12.3784	6.91992	0	0	0	0	0	0	0	0	0	0	0	0	0	0	0	0
05.500,00.000	23.3	5.5	-200	0	4.5	352.313	243.147	89.5554	12.5445	7.06619	0	0	0	0	0	0	0	0	0	0	0	0	0	0	0	0
05.500,00.000	23.4	5.5	-200	0	4.5	354.731	243.971	90.7779	12.7704	7.21197	0	0	0	0	0	0	0	0	0	0	0	0	0	0	0	0
05.500,00.000	23.5	5.5	-200	0	4.5	358.885	245.339	92.6365	13.4481	7.46106	0	0	0	0	0	0	0	0	0	0	0	0	0	0	0	0
05.500,00.000	23.6	5.5	-200	0	4.5	367.606	248.224	96.4616	14.9423	7.97797	0	0	0	0	0	0	0	0	0	0	0	0	0	0	0	0
05.500,00.000	23.7	5.5	-200	0	4.5	369.18	248.733	97.1494	15.2237	8.0736	0	0	0	0	0	0	0	0	0	0	0	0	0	0	0	0
05.500,00.000	23.8	5.5	-200	0	4.5	369.385	248.782	97.2579	15.2604	8.08545	0	0	0	0	0	0	0	0	0	0	0	0	0	0	0	0
05.500,00.000	23.9	5.5	-200	0	4.5	369.63	248.838	97.388	15.3045	8.09929	0	0	0	0	0	0	0	0	0	0	0	0	0	0	0	0
05.500,00.000	24	5.5	-200	0	4.5	372.037	249.362	98.6968	15.745	8.23303	0	0	0	0	0	0	0	0	0	0	0	0	0	0	0	0
05.500,00.000	24.1	5.5	-200	0	4.5	376.766	250.336	101.316	16.6214	8.49269	0	0	0	0	0	0	0	0	0	0	0	0	0	0	0	0
05.500,00.000	24.2	5.5	-200	0	4.5	379.873	250.97	103.036	17.2054	8.66039	0	0	0	0	0	0	0	0	0	0	0	0	0	0	0	0
05.500,00.000	24.3	5.5	-200	0	4.5	382.456	251.491	104.47	17.6973	8.79717	0	0	0	0	0	0	0	0	0	0	0	0	0	0	0	0
05.500,00.000	24.4	5.5	-200	0	4.5	385.066	252.019	105.91	18.2036	8.93353	0	0	0	0	0	0	0	0	0	0	0	0	0	0	0	0
05.500,00.000	24.5	5.5	-200	0	4.5	387.988	252.598	107.522	18.7829	9.08534	0	0	0	0	0	0	0	0	0	0	0	0	0	0	0	0
05.500,00.000	24.6	5.5	-200	0	4.5	397.67	254.497	112.865	20.7293	9.57926	0	0	0	0	0	0	0	0	0	0	0	0	0	0	0	0
05.500,00.000	24.7	5.5	-200	0	4.5	400.442	255.158	114.303	21.2671	9.70508	0.00757259	0	0	0	0	0	0	0	0	0	0	0	0	0	0	0
05.500,00.000	24.8	5.5	-200	0	4.5	400.671	255.209	114.426	21.3127	9.7072	0.016289	0	0	0	0	0	0	0	0	0	0	0	0	0	0	0
05.500,00.000	24.9	5.5	-200	0	4.5	400.951	255.272	114.574	21.3685	9.70947	0.0269302	0	0	0	0	0	0	0	0	0	0	0	0	0	0	0
05.500,00.000	25	5.5	-200	0	4.5	406.979	256.637	117.753	22.5815	9.74351	0.264355	0	0	0	0	0	0	0	0	0	0	0	0	0	0	0
05.500,00.000	25.1	5.5	-200	0	4.5	411.633	257.724	120.37	23.3246	9.72103	0.493069	0	0	0	0	0	0	0	0	0	0	0	0	0	0	0
05.500,00.000	25.2	5.5	-200	0	4.5	414.71	258.453	122.136	23.7723	9.72103	0.628383	0	0	0	0	0	0	0	0	0	0	0	0	0	0	0
05.500,00.000	25.3	5.5	-200	0	4.5	417.671	259.158	123.82	24.2148	9.72103	0.756767	0	0	0	0	0	0	0	0	0	0	0	0	0	0	0
05.500,00.000	25.4	5.5	-200	0	4.5	420.707	259.902	125.524	24.6749	9.72103	0.884567	0	0	0	0	0	0	0	0	0	0	0	0	0	0	0
05.500,00.000	25.5	5.5	-200	0	4.5	424.057	260.861	127.286	25.172	9.72103	1.01784	0	0	0	0	0	0	0	0	0	0	0	0	0	0	0
05.500,00.000	25.6	5.5	-200	0	4.5	431.11	262.94	130.87	26.2771	9.72106	1.30246	0	0	0	0	0	0	0	0	0	0	0	0	0	0	0
05.500,00.000	25.7	5.5	-200	0	4.5	435.603	264.51	132.789	27.0806	9.72198	1.50099	0	0	0	0	0	0	0	0	0	0	0	0	0	0	0
05.500,00.000	25.8	5.5	-200	0	4.5	436.217	264.733	133.04	27.1938	9.72225	1.5282	0	0	0	0	0	0	0	0	0	0	0	0	0	0	0
05.500,00.000	25.9	5.5	-200	0	4.5	436.664	264.894	133.225	27.2752	9.72257	1.54684	0	0	0	0	0	0	0	0	0	0	0	0	0	0	0
05.500,00.000	26	5.5	-200	0	4.5	441.921	266.795	135.415	28.2266	9.72772	1.75646	0	0	0	0	0	0	0	0	0	0	0	0	0	0	0
05.500,00.000	26.1	5.5	-200	0	4.5	445.925	268.288	137.032	28.9592	9.73313	1.91287	0	0	0	0	0	0	0	0	0	0	0	0	0	0	0
05.500,00.000	26.2	5.5	-200	0	4.5	449.143	269.489	138.323	29.5558	9.7394	2.03552	0	0	0	0	0	0	0	0	0	0	0	0	0	0	0
05.500,00.000	26.3	5.5	-200	0	4.5	452.418	270.732	139.612	30.1695	9.74686	2.15722	0	0	0	0	0	0	0	0	0	0	0	0	0	0	0
05.500,00.000	26.4	5.5	-200	0	4.5	455.781	272.031	140.915	30.8007	9.75671	2.27846	0	0	0	0	0	0	0	0	0	0	0	0	0	0	0
05.500,00.000	26.5	5.5	-200	0	4.5	459.294	273.372	142.271	31.4768	9.76952	2.40507	0	0	0	0	0	0	0	0	0	0	0	0	0	0	0
05.500,00.000	26.6	5.5	-200	0	4.5	470.49	277.394	146.722	33.738	9.82181	2.81435	0	0	0	0	0	0	0	0	0	0	0	0	0	0	0
05.500,00.000	26.7	5.5	-200	0	4.5	473.343	278.308	147.884	34.3842	9.83778	2.92839	0	0	0	0	0	0	0	0	0	0	0	0	0	0	0
05.500,00.000	26.8	5.5	-200	0	4.5	474.023	278.542	148.152	34.5323	9.84239	2.9536	0	0	0	0	0	0	0	0	0	0	0	0	0	0	0
05.500,00.000	26.9	5.5	-200	0	4.5	474.383	278.669	148.291	34.6117	9.84505	2.96674	0	0	0	0	0	0	0	0	0	0	0	0	0	0	0
05.500,00.000	27	5.5	-200	0	4.5	479.508	280.518	150.221	35.7357	9.88674	3.14678	0	0	0	0	0	0	0	0	0	0	0	0	0	0	0
05.500,00.000	27.1	5.5	-200	0	4.5	485.277	282.614	152.365	37.0147	9.93732	3.34583	0	0	0	0	0	0	0	0	0	0	0	0	0	0	0
05.500,00.000	27.2	5.5	-200	0	4.5	489.16	284.071	153.765	37.8746	9.97433	3.476	0	0	0	0	0	0	0	0	0	0	0	0	0	0	0
05.500,00.000	27.3	5.5	-200	0	4.5	492.68	285.404	155.031	38.6427	10.0111	3.59108	0	0	0	0	0	0	0	0	0	0	0	0	0	0	0
05.500,00.000	27.4	5.5	-200	0	4.5	496.305	286.799	156.327	39.4219	10.0511	3.70586	0	0	0	0	0	0	0	0	0	0	0	0	0	0	0
05.500,00.000	27.5	5.5	-200	0	4.5	500.134	288.274	157.685	40.2522	10.0962	3.82584	0	0	0	0	0	0	0	0	0	0	0	0	0	0	0
05.500,00.000	27.6	5.5	-200	0	4.5	514.616	293.865	162.793	43.4057	10.2807	4.27086	0	0	0	0	0	0	0	0	0	0	0	0	0	0	0
05.500,00.000	27.7	5.5	-200	0	4.5	521.731	296.725	165.247	44.9014	10.3756	4.48253	0	0	0	0	0	0	0	0	0	0	0	0	0	0	0
05.500,00.000	27.8	5.5	-200	0	4.5	522.012	296.839	165.343	44.9601	10.3796	4.49056	0	0	0	0	0	0	0	0	0	0	0	0	0	0	0
05.500,00.000	27.9	5.5	-200	0	4.5	528.102	299.33	167.397	46.242	10.4713	4.66179	0	0	0	0	0	0	0	0	0	0	0	0	0	0	0
05.500,00.000	28	5.5	-200	0	4.5	536.797	302.752	170.473	48.0643	10.6078	4.89962	0	0	0	0	0	0	0	0	0	0	0	0	0	0	0
05.500,00.000	28.1	5.5	-200	0	4.5	541.873	304.627	172.387	49.131	10.6916	5.03543	0	0	0	0	0	0	0	0	0	0	0	0	0	0	0
05.500,00.000	28.2	5.5	-200	0	4.5	546.081	306.193	173.966	50.0129	10.7641	5.14487	0	0	0	0	0	0	0	0	0	0	0	0	0	0	0
05.500,00.000	28.3	5.5	-200	0	4.5	550.402	307.811	175.582	50.9122	10.8419	5.25471	0	0	0	0	0	0	0	0	0	0	0	0	0	0	0
05.500,00.000	28.4	5.5	-200	0	4.5	554.833	309.471	177.224	51.8258	10.9471	5.36456	0	0	0	0	0	0	0	0	0	0	0	0	0	0	0
05.500,00.000	28.5	5.5	-200	0	4.5	559.425	311.154	178.942	52.7887	11.0607	5.47917	0	0	0	0	0	0	0	0	0	0	0	0	0	0	0
05.500,00.000	28.6	5.5	-200	0	4.5	574.479	316.794	184.518	55.8858	11.437	5.84401	0	0	0	0	0	0	0	0	0	0	0	0	0	0	0
05.500,00.000	28.7	5.5	-200	0	4.5	578.893	318.525	186.112	56.7623	11.5466	5.9477	0	0	0	0	0	0	0	0	0	0	0	0	0	0	0
05.500,00.000	28.8	5.5	-200	0	4.5	579.295	318.684	186.256	56.8416	11.5567	5.95689	0	0	0	0	0	0	0	0	0	0	0	0	0	0	0
05.500,00.000	28.9	5.5	-200	0	4.5	580.094	319.007	186.539	56.9958	11.5771	5.97456	0	0	0	0	0	0	0	0	0	0	0	0	0	0	0
05.500,00.000	29	5.5	-200	0	4.5	589.807	323.135	189.888	58.7883	11.8182	6.17698	0	0	0	0	0	0	0	0	0	0	0	0	0	0	0
05.500,00.000	29.1	5.5	-200	0	4.5	597.092	326.411	192.299	60.0675	11.9942	6.32079	0	0	0	0	0	0	0	0	0	0	0	0	0	0	0
05.500,00.000	29.2	5.5	-200	0	4.5	602.788	328.971	194.194	61.0583	12.1334	6.43068	0	0	0	0	0	0	0	0	0	0	0	0	0	0	0
05.500,00.000	29.3	5.5	-200	0	4.5	608.604	331.609	196.119	62.0578	12.2778	6.54083	0	0	0	0	0	0	0	0	0	0	0	0	0	0	0
05.500,00.000	29.4	5.5	-200	0	4.5	614.555	334.324	198.088	63.0649	12.4267	6.65102	0	0	0	0	0	0	0	0	0	0	0	0	0	0	0
05.500,00.000	29.5	5.5	-200	0	4.5	620.737	337.169	200.146	64.0688	12.5873	6.76578	0	0	0	0	0	0	0	0	0	0	0	0	0	0	0
05.500,00.000	29.6	5.5	-200	0	4.5	636.358	344.311	205.398	66.581	13.0091	7.05843	0	0	0	0	0	0	0	0	0	0	0	0	0	0	0
05.500,00.000	29.7	5.5	-200	0	4.5	653.484	352.66	210.617	69.3208	13.4982	7.38753	0	0	0	0	0	0	0	0	0	0	0	0	0	0	0
05.500,00.000	29.8	5.5	-200	0	4.5	655.753	353.817	211.259	69.6783	13.5663	7.4324	0	0	0	0	0	0	0	0	0	0	0	0	0	0	0
05.500,00.000	29.9	5.5	-200	0	4.5	667.627	359.752	214.824	71.4815	13.9186	7.65114	0	0	0	0	0	0	0	0	0	0	0	0	0	0	0
05.500,00.000	30	5.5	-200	0	4.5	679.501	365.694	218.425	73.2195	14.295	7.86676	0	0	0	0	0	0	0	0	0	0	0	0	0	0	0
05.500,00.000	30.1	5.5	-200	0	4.5	686.737	369.297	220.682	74.2232	14.5396	7.9952	0	0	0	0	0	0	0	0	0	0	0	0	0	0	0
05.500,00.000	30.2	5.5	-200	0	4.5	693.092	372.443	222.688	75.0972	14.7569	8.10617	0	0	0	0	0	0	0	0	0	0	0	0	0	0	0
05.500,00.000	30.3	5.5	-200	0	4.5	699.509	375.613	224.733	75.9656	14.9809	8.21673	0	0	0	0	0	0	0	0	0	0	0	0	0	0	0
05.500,00.000	30.4	5.5	-200	0	4.5	705.96	378.783	226.805	76.8322	15.2129	8.3273	0	0	0	0	0	0	0	0	0	0	0	0	0	0	0
05.500,00.000	30.5	5.5	-200	0	4.5	712.582	381.973	228.974	77.7296	15.462	8.44265	0	0	0	0	0	0	0	0	0	0	0	0	0	0	0
05.500,00.000	30.6	5.5	-200	0	4.5	729.773	390.214	234.625	80.0572	16.1334	8.74386	0	0	0	0	0	0	0	0	0	0	0	0	0	0	0
05.500,00.000	30.7	5.5	-200	0	4.5	736.456	393.435	236.814	80.9457	16.4005	8.86118	0	0	0	0	0	0	0	0	0	0	0	0	0	0	0
05.500,00.000	30.8	5.5	-200	0	4.5	736.967	393.678	236.984	81.0128	16.4215	8.87005	0	0	0	0	0	0	0	0	0	0	0	0	0	0	0
05.500,00.000	30.9	5.5	-200	0	4.5	739.069	394.696	237.681	81.2783	16.5085	8.9056	0	0	0	0	0	0	0	0	0	0	0	0	0	0	0
05.500,00.000	31	5.5	-200	0	4.5	744.109	397.139	239.356	81.9037	16.7201	8.98977	0	0	0	0	0	0	0	0	0	0	0	0	0	0	0
05.500,00.000	31.1	5.5	-200	0	4.5	753.788	401.705	242.664	83.1199	17.1447	9.1543	0	0	0	0	0	0	0	0	0	0	0	0	0	0	0
05.500,00.000	31.2	5.5	-200	0	4.5	761.351	405.395	245.181	84.0239	17.4724	9.2782	0	0	0	0	0	0	0	0	0	0	0	0	0	0	0
05.500,00.000	31.3	5.5	-200	0	4.5	768.25	408.713	247.527	84.8393	17.7796	9.3912	0	0	0	0	0	0	0	0	0	0	0	0	0	0	0
05.500,00.000	31.4	5.5	-200	0	4.5	775.028	411.941	249.868	85.5676	18.1498	9.50189	0	0	0	0	0	0	0	0	0	0	0	0	0	0	0
05.500,00.000	31.5	5.5	-200	0	4.5	783.908	415.942	253.081	86.539	18.6903	9.6558	0	0	0	0	0	0	0	0	0	0	0	0	0	0	0
05.500,00.000	31.6	5.5	-200	0	4.5	824.24	431.598	269.587	91.4872	21.1442	9.82938	0.593956	0	0	0	0	0	0	0	0	0	0	0	0	0	0
05.500,00.000	31.7	5.5	-200	0	4.5	832.083	434.827	272.695	92.3745	21.6146	9.82938	0.742515	0	0	0	0	0	0	0	0	0	0	0	0	0	0
05.500,00.000	31.8	5.5	-200	0	4.5	833.451	435.358	273.277	92.5186	21.6996	9.82938	0.768139	0	0	0	0	0	0	0	0	0	0	0	0	0	0
05.500,00.000	31.9	5.5	-200	0	4.5	848.605	441.108	279.819	94.1737	22.6281	9.82938	1.04702	0	0	0	0	0	0	0	0	0	0	0	0	0	0
05.500,00.000	32	5.5	-200	0	4.5	852.449	442.678	281.358	94.6002	22.8624	9.82941	1.12061	0	0	0	0	0	0	0	0	0	0	0	0	0	0
05.500,00.000	32.1	5.5	-200	0	4.5	868.462	449.366	287.68	96.2963	23.8729	9.83128	1.41548	0	0	0	0	0	0	0	0	0	0	0	0	0	0
05.500,00.000	32.2	5.5	-200	0	4.5	877.98	453.468	291.296	97.3003	24.4891	9.83322	1.59342	0	0	0	0	0	0	0	0	0	0	0	0	0	0
05.500,00.000	32.3	5.5	-200	0	4.5	884.055	456.101	293.587	97.946	24.8826	9.83531	1.70303	0	0	0	0	0	0	0	0	0	0	0	0	0	0
05.500,00.000	32.4	5.5	-200	0	4.5	890.314	458.81	295.998	98.5574	25.2955	9.83823	1.81515	0	0	0	0	0	0	0	0	0	0	0	0	0	0
05.500,00.000	32.5	5.5	-200	0	4.5	896.643	461.555	298.445	99.1526	25.7211	9.84202	1.92801	0	0	0	0	0	0	0	0	0	0	0	0	0	0
05.500,00.000	32.6	5.5	-200	0	4.5	927.308	473.083	311.28	102.373	28.1428	9.87048	2.5592	0	0	0	0	0	0	0	0	0	0	0	0	0	0
05.500,00.000	32.7	5.5	-200	0	4.5	940.018	478.681	315.811	103.779	29.0646	9.88449	2.79779	0	0	0	0	0	0	0	0	0	0	0	0	0	0
05.500,00.000	32.8	5.5	-200	0	4.5	940.098	478.716	315.84	103.788	29.0703	9.88461	2.79924	0	0	0	0	0	0	0	0	0	0	0	0	0	0
05.500,00.000	32.9	5.5	-200	0	4.5	951.469	483.527	319.969	105.127	29.9281	9.90729	3.01017	0	0	0	0	0	0	0	0	0	0	0	0	0	0
05.500,00.000	33	5.5	-200	0	4.5	955.946	485.625	321.421	105.636	30.256	9.91683	3.09086	0	0	0	0	0	0	0	0	0	0	0	0	0	0
05.500,00.000	33.1	5.5	-200	0	4.5	971.967	493.092	326.828	107.331	31.3954	9.95821	3.36172	0	0	0	0	0	0	0	0	0	0	0	0	0	0
05.500,00.000	33.2	5.5	-200	0	4.5	981.945	497.881	330.032	108.398	32.116	9.98675	3.53107	0	0	0	0	0	0	0	0	0	0	0	0	0	0
05.500,00.000	33.3	5.5	-200	0	4.5	988.707	501.149	332.227	109.078	32.6012	10.0086	3.64294	0	0	0	0	0	0	0	0	0	0	0	0	0	0
05.500,00.000	33.4	5.5	-200	0	4.5	995.576	504.508	334.444	109.74	33.0955	10.0332	3.75526	0	0	0	0	0	0	0	0	0	0	0	0	0	0
05.500,00.000	33.5	5.5	-200	0	4.5	1006.19	509.244	338.14	110.834	33.9419	10.0801	3.9459	0	0	0	0	0	0	0	0	0	0	0	0	0	0
05.500,00.000	33.6	5.5	-200	0	4.5	1045.58	525.952	352.353	114.981	37.3081	10.2876	4.69789	0	0	0	0	0	0	0	0	0	0	0	0	0	0
05.500,00.000	33.7	5.5	-200	0	4.5	1053.14	529.501	354.839	115.705	37.9299	10.3283	4.83618	0	0	0	0	0	0	0	0	0	0	0	0	0	0
05.500,00.000	33.8	5.5	-200	0	4.5	1067.79	536.513	359.614	117.032	39.1149	10.4182	5.09498	0	0	0	0	0	0	0	0	0	0	0	0	0	0
05.500,00.000	33.9	5.5	-200	0	4.5	1083.6	544.271	364.511	118.492	40.4228	10.5245	5.37687	0	0	0	0	0	0	0	0	0	0	0	0	0	0
05.500,00.000	34	5.5	-200	0	4.5	1086.09	545.558	365.224	118.713	40.6312	10.5422	5.42112	0	0	0	0	0	0	0	0	0	0	0	0	0	0
05.500,00.000	34.1	5.5	-200	0	4.5	1110.49	558.355	372.357	120.706	42.5225	10.7268	5.8242	0	0	0	0	0	0	0	0	0	0	0	0	0	0
05.500,00.000	34.2	5.5	-200	0	4.5	1123.76	565.401	376.169	121.729	43.5745	10.8347	6.04674	0	0	0	0	0	0	0	0	0	0	0	0	0	0
05.500,00.000	34.3	5.5	-200	0	4.5	1130.8	569.226	378.141	122.267	44.1101	10.8955	6.15976	0	0	0	0	0	0	0	0	0	0	0	0	0	0
05.500,00.000	34.4	5.5	-200	0	4.5	1138.01	573.18	380.138	122.802	44.65	10.9615	6.27342	0	0	0	0	0	0	0	0	0	0	0	0	0	0
05.500,00.000	34.5	5.5	-200	0	4.5	1145.61	577	382.454	123.421	45.2839	11.0444	6.40672	0	0	0	0	0	0	0	0	0	0	0	0	0	0
05.500,00.000	34.6	5.5	-200	0	4.5	1168.72	588.394	389.604	125.308	47.2683	11.3212	6.82459	0	0	0	0	0	0	0	0	0	0	0	0	0	0
05.500,00.000	34.7	5.5	-200	0	4.5	1193.27	602.178	396.085	127.067	49.1268	11.5954	7.21903	0	0	0	0	0	0	0	0	0	0	0	0	0	0
05.500,00.000	34.8	5.5	-200	0	4.5	1195.26	603.278	396.605	127.219	49.2885	11.6199	7.25298	0	0	0	0	0	0	0	0	0	0	0	0	0	0
05.500,00.000	34.9	5.5	-200	0	4.5	1201.91	606.964	398.368	127.689	49.8179	11.7089	7.36498	0	0	0	0	0	0	0	0	0	0	0	0	0	0
05.500,00.000	35	5.5	-200	0	4.5	1208.29	610.525	400.037	128.124	50.3304	11.7982	7.47293	0	0	0	0	0	0	0	0	0	0	0	0	0	0
05.500,00.000	35.1	5.5	-200	0	4.5	1216.67	615.37	402.167	128.661	50.9568	11.9144	7.60595	0	0	0	0	0	0	0	0	0	0	0	0	0	0
05.500,00.000	35.2	5.5	-200	0	4.5	1227.47	621.399	405.019	129.387	51.7977	12.0788	7.78472	0	0	0	0	0	0	0	0	0	0	0	0	0	0
05.500,00.000	35.3	5.5	-200	0	4.5	1234.58	625.435	406.873	129.845	52.3356	12.1886	7.8993	0	0	0	0	0	0	0	0	0	0	0	0	0	0
05.500,00.000	35.4	5.5	-200	0	4.5	1241.27	629.349	408.546	130.259	52.8171	12.2922	8.0024	0	0	0	0	0	0	0	0	0	0	0	0	0	0
05.500,00.000	35.5	5.5	-200	0	4.5	1249.02	633.937	410.436	130.745	53.3671	12.4165	8.12082	0	0	0	0	0	0	0	0	0	0	0	0	0	0
05.500,00.000	35.6	5.5	-200	0	4.5	1261.93	640.917	413.898	131.696	54.4085	12.6642	8.34761	0	0	0	0	0	0	0	0	0	0	0	0	0	0
05.500,00.000	35.7	5.5	-200	0	4.5	1300.94	661.624	424.366	134.833	57.5936	13.4676	9.05279	0	0	0	0	0	0	0	0	0	0	0	0	0	0
05.500,00.000	35.8	5.5	-200	0	4.5	1307.94	665.535	426.066	135.429	58.1211	13.6119	9.1767	0	0	0	0	0	0	0	0	0	0	0	0	0	0
05.500,00.000	35.9	5.5	-200	0	4.5	1331.82	679.274	431.724	137.264	59.8689	14.1134	9.48962	0.0887413	0	0	0	0	0	0	0	0	0	0	0	0	0
05.500,00.000	36	5.5	-200	0	4.5	1338.96	683.523	433.382	137.561	60.5102	14.2747	9.43462	0.270026	0	0	0	0	0	0	0	0	0	0	0	0	0
05.500,00.000	36.1	5.5	-200	0	4.5	1346.89	688.279	435.178	137.978	61.1746	14.4464	9.45961	0.371302	0	0	0	0	0	0	0	0	0	0	0	0	0
05.500,00.000	36.2	5.5	-200	0	4.5	1355.95	693.803	437.227	138.441	61.8393	14.6561	9.46458	0.514426	0	0	0	0	0	0	0	0	0	0	0	0	0
05.500,00.000	36.3	5.5	-200	0	4.5	1366.37	700.365	439.495	138.947	62.5306	14.8952	9.46458	0.676797	0	0	0	0	0	0	0	0	0	0	0	0	0
05.500,00.000	36.4	5.5	-200	0	4.5	1370.12	702.75	440.285	139.125	62.7757	14.9837	9.46458	0.735012	0	0	0	0	0	0	0	0	0	0	0	0	0
05.500,00.000	36.5	5.5	-200	0	4.5	1387.54	713.154	444.349	140.054	64.0256	15.4611	9.46458	1.03443	0	0	0	0	0	0	0	0	0	0	0	0	0
05.500,00.000	36.6	5.5	-200	0	4.5	1398.3	719.584	446.817	140.63	64.8073	15.772	9.46458	1.22393	0	0	0	0	0	0	0	0	0	0	0	0	0
05.500,00.000	36.7	5.5	-200	0	4.5	1415.12	729.964	450.467	141.486	65.968	16.2614	9.4646	1.5101	0	0	0	0	0	0	0	0	0	0	0	0	0
05.500,00.000	36.8	5.5	-200	0	4.5	1417.76	731.592	451.047	141.61	66.1503	16.3405	9.46466	1.55535	0	0	0	0	0	0	0	0	0	0	0	0	0
05.500,00.000	36.9	5.5	-200	0	4.5	1426.58	737.196	452.89	141.989	66.728	16.6116	9.46581	1.70135	0	0	0	0	0	0	0	0	0	0	0	0	0
05.500,00.000	37	5.5	-200	0	4.5	1436.49	743.756	455.136	141.913	67.4005	16.9399	9.46769	1.87284	0	0	0	0	0	0	0	0	0	0	0	0	0
05.500,00.000	37.1	5.5	-200	0	4.5	1440.96	746.64	456.042	142.122	67.6712	17.0782	9.46875	1.9431	0	0	0	0	0	0	0	0	0	0	0	0	0
05.500,00.000	37.2	5.5	-200	0	4.5	1451.59	753.524	458.222	142.633	68.3186	17.4302	9.47267	1.98886	0	0	0	0	0	0	0	0	0	0	0	0	0
05.500,00.000	37.3	5.5	-200	0	4.5	1459.91	759.107	459.861	143.013	68.8005	17.7036	9.47642	1.95027	0	0	0	0	0	0	0	0	0	0	0	0	0
05.500,00.000	37.4	5.5	-200	0	4.5	1464.94	762.417	460.863	143.259	69.09	17.8771	9.47947	1.95027	0	0	0	0	0	0	0	0	0	0	0	0	0
05.500,00.000	37.5	5.5	-200	0	4.5	1475.03	769.253	462.756	143.726	69.6334	18.2215	9.48675	1.95027	0	0	0	0	0	0	0	0	0	0	0	0	0
05.500,00.000	37.6	5.5	-200	0	4.5	1492.73	780.656	466.283	144.667	70.7207	18.9464	9.50488	1.95027	0	0	0	0	0	0	0	0	0	0	0	0	0
05.500,00.000	37.7	5.5	-200	0	4.5	1504.94	788.398	468.813	145.319	71.4682	19.4684	9.51997	1.95027	0	0	0	0	0	0	0	0	0	0	0	0	0
05.500,00.000	37.8	5.5	-200	0	4.5	1505.89	789.008	469.01	145.368	71.5258	19.5099	9.52132	1.95027	0	0	0	0	0	0	0	0	0	0	0	0	0
05.500,00.000	37.9	5.5	-200	0	4.5	1516.4	795.843	471.099	145.897	72.1092	19.9671	9.53979	1.95027	0	0	0	0	0	0	0	0	0	0	0	0	0
05.500,00.000	38	5.5	-200	0	4.5	1522.98	800.15	472.378	146.233	72.4627	20.2538	9.55232	1.95027	0	0	0	0	0	0	0	0	0	0	0	0	0
05.500,00.000	38.1	5.5	-200	0	4.5	1527.61	803.222	473.26	146.464	72.6978	20.4561	9.56248	1.95027	0	0	0	0	0	0	0	0	0	0	0	0	0
05.500,00.000	38.2	5.5	-200	0	4.5	1538.36	810.467	475.222	146.989	73.2174	20.9285	9.58842	1.95027	0	0	0	0	0	0	0	0	0	0	0	0	0
05.500,00.000	38.3	5.5	-200	0	4.5	1548.28	817.169	477	147.489	73.6825	21.3715	9.61475	1.95027	0	0	0	0	0	0	0	0	0	0	0	0	0
05.500,00.000	38.4	5.5	-200	0	4.5	1553.44	820.689	477.897	147.748	73.916	21.6055	9.62983	1.95027	0	0	0	0	0	0	0	0	0	0	0	0	0
05.500,00.000	38.5	5.5	-200	0	4.5	1562.94	827.188	479.521	148.224	74.337	22.0537	9.66156	1.95027	0	0	0	0	0	0	0	0	0	0	0	0	0
05.500,00.000	38.6	5.5	-200	0	4.5	1585.23	841.869	483.543	149.47	75.3965	23.2444	9.75213	1.95027	0	0	0	0	0	0	0	0	0	0	0	0	0
05.500,00.000	38.7	5.5	-200	0	4.5	1589.25	844.442	484.346	149.701	75.5821	23.4584	9.76904	1.95027	0	0	0	0	0	0	0	0	0	0	0	0	0
05.500,00.000	38.8	5.5	-200	0	4.5	1593.06	846.954	485.031	149.917	75.7474	23.6705	9.7878	1.95027	0	0	0	0	0	0	0	0	0	0	0	0	0
05.500,00.000	38.9	5.5	-200	0	4.5	1608.77	857.389	487.859	150.784	76.3821	24.5392	9.86806	1.95027	0	0	0	0	0	0	0	0	0	0	0	0	0
05.500,00.000	39	5.5	-200	0	4.5	1611.98	859.516	488.413	150.976	76.5124	24.7227	9.88542	1.95027	0	0	0	0	0	0	0	0	0	0	0	0	0
05.500,00.000	39.1	5.5	-200	0	4.5	1618.48	863.94	489.501	151.332	76.7449	25.0885	9.92294	1.95027	0	0	0	0	0	0	0	0	0	0	0	0	0
05.500,00.000	39.2	5.5	-200	0	4.5	1632.92	873.79	491.839	152.128	77.256	25.9397	10.0135	1.95027	0	0	0	0	0	0	0	0	0	0	0	0	0
05.500,00.000	39.3	5.5	-200	0	4.5	1639.65	878.401	492.926	152.501	77.4805	26.3331	10.0571	1.95027	0	0	0	0	0	0	0	0	0	0	0	0	0
05.500,00.000	39.4	5.5	-200	0	4.5	1648.01	884.136	494.274	152.956	77.7432	26.835	10.1162	1.95027	0	0	0	0	0	0	0	0	0	0	0	0	0
05.500,00.000	39.5	5.5	-200	0	4.5	1657.5	890.668	495.796	153.461	78.0247	27.4094	10.1863	1.95027	0	0	0	0	0	0	0	0	0	0	0	0	0
05.500,00.000	39.6	5.5	-200	0	4.5	1671.2	900.137	497.9	154.203	78.4244	28.2871	10.2987	1.95027	0	0	0	0	0	0	0	0	0	0	0	0	0
05.500,00.000	39.7	5.5	-200	0	4.5	1676.1	903.493	498.674	154.476	78.5611	28.6039	10.3405	1.95027	0	0	0	0	0	0	0	0	0	0	0	0	0
05.500,00.000	39.8	5.5	-200	0	4.5	1676.13	903.513	498.679	154.477	78.5619	28.6058	10.3408	1.95027	0	0	0	0	0	0	0	0	0	0	0	0	0
05.500,00.000	39.9	5.5	-200	0	4.5	1694.24	915.734	501.746	155.416	79.0198	29.855	10.5228	1.95027	0	0	0	0	0	0	0	0	0	0	0	0	0
05.500,00.000	40	5.5	-200	0	4.5	1698.7	918.583	502.619	155.677	79.1328	30.1722	10.5697	1.95027	0	0	0	0	0	0	0	0	0	0	0	0	0
05.500,00.000	40.1	5.5	-200	0	4.5	1704.98	922.674	503.782	156.038	79.2749	30.6215	10.6415	1.95027	0	0	0	0	0	0	0	0	0	0	0	0	0
05.500,00.000	40.2	5.5	-200	0	4.5	1712.84	927.631	505.39	156.48	79.4481	31.2068	10.7379	1.95027	0	0	0	0	0	0	0	0	0	0	0	0	0
05.500,00.000	40.3	5.5	-200	0	4.5	1719.74	931.876	506.878	156.89	79.5906	31.7285	10.8278	1.95027	0	0	0	0	0	0	0	0	0	0	0	0	0
05.500,00.000	40.4	5.5	-200	0	4.5	1723.84	934.382	507.758	157.153	79.67	32.0431	10.8843	1.95027	0	0	0	0	0	0	0	0	0	0	0	0	0
05.500,00.000	40.5	5.5	-200	0	4.5	1732.84	939.891	509.666	157.733	79.832	32.7534	11.0188	1.95027	0	0	0	0	0	0	0	0	0	0	0	0	0
05.500,00.000	40.6	5.5	-200	0	4.5	1747.49	948.623	513.027	158.607	80.0812	33.943	11.2547	1.95027	0	0	0	0	0	0	0	0	0	0	0	0	0
05.500,00.000	40.7	5.5	-200	0	4.5	1749.68	949.821	513.62	158.747	80.1187	34.1306	11.2928	1.95027	0	0	0	0	0	0	0	0	0	0	0	0	0
05.500,00.000	40.8	5.5	-200	0	4.5	1752.31	951.32	514.272	158.924	80.156	34.3469	11.341	1.95027	0	0	0	0	0	0	0	0	0	0	0	0	0
05.500,00.000	40.9	5.5	-200	0	4.5	1760.97	956.179	516.453	159.516	80.2719	35.0828	11.5121	1.95027	0	0	0	0	0	0	0	0	0	0	0	0	0
05.500,00.000	41	5.5	-200	0	4.5	1763.12	957.349	517.027	159.664	80.3002	35.2721	11.5574	1.95027	0	0	0	0	0	0	0	0	0	0	0	0	0
05.500,00.000	41.1	5.5	-200	0	4.5	1764.29	957.985	517.33	159.749	80.3135	35.3746	11.5842	1.95027	0	0	0	0	0	0	0	0	0	0	0	0	0
05.500,00.000	41.2	5.5	-200	0	4.5	1771.67	961.93	519.259	160.323	80.3934	36.0445	11.7676	1.95027	0	0	0	0	0	0	0	0	0	0	0	0	0
05.500,00.000	41.3	5.5	-200	0	4.5	1776.21	964.302	520.48	160.676	80.4405	36.4673	11.8886	1.95027	0	0	0	0	0	0	0	0	0	0	0	0	0
05.500,00.000	41.4	5.5	-200	0	4.5	1778.2	965.337	521.019	160.832	80.4595	36.6572	11.9463	1.95027	0	0	0	0	0	0	0	0	0	0	0	0	0
05.500,00.000	41.5	5.5	-200	0	4.5	1781.42	966.954	521.9	161.113	80.4873	36.9684	12.047	1.95027	0	0	0	0	0	0	0	0	0	0	0	0	0
05.500,00.000	41.6	5.5	-200	0	4.5	1791.86	971.945	524.991	162.011	80.5706	38.0143	12.3785	1.95027	0	0	0	0	0	0	0	0	0	0	0	0	0
05.500,00.000	41.7	5.5	-200	0	4.5	1793.83	972.794	525.654	162.185	80.5861	38.2245	12.439	1.95027	0	0	0	0	0	0	0	0	0	0	0	0	0
05.500,00.000	41.8	5.5	-200	0	4.5	1796.73	974.106	526.555	162.456	80.601	38.5167	12.542	1.95027	0	0	0	0	0	0	0	0	0	0	0	0	0
05.500,00.000	41.9	5.5	-200	0	4.5	1800.1	975.572	527.631	162.795	80.6139	38.8691	12.6665	1.95027	0	0	0	0	0	0	0	0	0	0	0	0	0
05.500,00.000	42	5.5	-200	0	4.5	1802.41	976.554	528.374	163.03	80.6212	39.1182	12.757	1.95027	0	0	0	0	0	0	0	0	0	0	0	0	0