
label	time(d)	x	depth	z	radius	total	0-10	10-20	20-30	30-40	40-50	50-60	60-70	70-80	80-90	90-100	100-110	110-120	120-130	130-140	140-150	150-160	160-170	170-180	180-190	190-200
05.500,00.000	0	5.5	-200	0	4.5	0	0	0	0	0	0	0	0	0	0	0	0	0	0	0	0	0	0	0	0	0
05.500,00.000	0.1	5.5	-200	0	4.5	0	0	0	0	0	0	0	0	0	0	0	0	0	0	0	0	0	0	0	0	0
05.500,00.000	0.2	5.5	-200	0	4.5	0	0	0	0	0	0	0	0	0	0	0	0	0	0	0	0	0	0	0	0	0
05.500,00.000	0.3	5.5	-200	0	4.5	0	0	0	0	0	0	0	0	0	0	0	0	0	0	0	0	0	0	0	0	0
05.500,00.000	0.4	5.5	-200	0	4.5	0	0	0	0	0	0	0	0	0	0	0	0	0	0	0	0	0	0	0	0	0
05.500,00.000	0.5	5.5	-200	0	4.5	0	0	0	0	0	0	0	0	0	0	0	0	0	0	0	0	0	0	0	0	0
05.500,00.000	0.6	5.5	-200	0	4.5	0	0	0	0	0	0	0	0	0	0	0	0	0	0	0	0	0	0	0	0	0
05.500,00.000	0.7	5.5	-200	0	4.5	0	0	0	0	0	0	0	0	0	0	0	0	0	0	0	0	0	0	0	0	0
05.500,00.000	0.8	5.5	-200	0	4.5	0	0	0	0	0	0	0	0	0	0	0	0	0	0	0	0	0	0	0	0	0
05.500,00.000	0.9	5.5	-200	0	4.5	0	0	0	0	0	0	0	0	0	0	0	0	0	0	0	0	0	0	0	0	0
05.500,00.000	1	5.5	-200	0	4.5	0	0	0	0	0	0	0	0	0	0	0	0	0	0	0	0	0	0	0	0	0
05.500,00.000	1.1	5.5	-200	0	4.5	0	0	0	0	0	0	0	0	0	0	0	0	0	0	0	0	0	0	0	0	0
05.500,00.000	1.2	5.5	-200	0	4.5	0	0	0	0	0	0	0	0	0	0	0	0	0	0	0	0	0	0	0	0	0
05.500,00.000	1.3	5.5	-200	0	4.5	0	0	0	0	0	0	0	0	0	0	0	0	0	0	0	0	0	0	0	0	0
05.500,00.000	1.4	5.5	-200	0	4.5	0	0	0	0	0	0	0	0	0	0	0	0	0	0	0	0	0	0	0	0	0
05.500,00.000	1.5	5.5	-200	0	4.5	0	0	0	0	0	0	0	0	0	0	0	0	0	0	0	0	0	0	0	0	0
05.500,00.000	1.6	5.5	-200	0	4.5	0	0	0	0	0	0	0	0	0	0	0	0	0	0	0	0	0	0	0	0	0
05.500,00.000	1.7	5.5	-200	0	4.5	0	0	0	0	0	0	0	0	0	0	0	0	0	0	0	0	0	0	0	0	0
05.500,00.000	1.8	5.5	-200	0	4.5	0	0	0	0	0	0	0	0	0	0	0	0	0	0	0	0	0	0	0	0	0
05.500,00.000	1.9	5.5	-200	0	4.5	0	0	0	0	0	0	0	0	0	0	0	0	0	0	0	0	0	0	0	0	0
05.500,00.000	2	5.5	-200	0	4.5	0	0	0	0	0	0	0	0	0	0	0	0	0	0	0	0	0	0	0	0	0
05.500,00.000	2.1	5.5	-200	0	4.5	0	0	0	0	0	0	0	0	0	0	0	0	0	0	0	0	0	0	0	0	0
05.500,00.000	2.2	5.5	-200	0	4.5	0	0	0	0	0	0	0	0	0	0	0	0	0	0	0	0	0	0	0	0	0
05.500,00.000	2.3	5.5	-200	0	4.5	0	0	0	0	0	0	0	0	0	0	0	0	0	0	0	0	0	0	0	0	0
05.500,00.000	2.4	5.5	-200	0	4.5	0	0	0	0	0	0	0	0	0	0	0	0	0	0	0	0	0	0	0	0	0
05.500,00.000	2.5	5.5	-200	0	4.5	0	0	0	0	0	0	0	0	0	0	0	0	0	0	0	0	0	0	0	0	0
05.500,00.000	2.6	5.5	-200	0	4.5	0	0	0	0	0	0	0	0	0	0	0	0	0	0	0	0	0	0	0	0	0
05.500,00.000	2.7	5.5	-200	0	4.5	0	0	0	0	0	0	0	0	0	0	0	0	0	0	0	0	0	0	0	0	0
05.500,00.000	2.8	5.5	-200	0	4.5	0.0922975	0.0922975	0	0	0	0	0	0	0	0	0	0	0	0	0	0	0	0	0	0	0
05.500,00.000	2.9	5.5	-200	0	4.5	0.318429	0.318429	0	0	0	0	0	0	0	0	0	0	0	0	0	0	0	0	0	0	0
05.500,00.000	3	5.5	-200	0	4.5	0.57142	0.57142	0	0	0	0	0	0	0	0	0	0	0	0	0	0	0	0	0	0	0
05.500,00.000	3.1	5.5	-200	0	4.5	0.84003	0.84003	0	0	0	0	0	0	0	0	0	0	0	0	0	0	0	0	0	0	0
05.500,00.000	3.2	5.5	-200	0	4.5	1.1101	1.1101	0	0	0	0	0	0	0	0	0	0	0	0	0	0	0	0	0	0	0
05.500,00.000	3.3	5.5	-200	0	4.5	1.3809	1.3809	0	0	0	0	0	0	0	0	0	0	0	0	0	0	0	0	0	0	0
05.500,00.000	3.4	5.5	-200	0	4.5	1.69256	1.69256	0	0	0	0	0	0	0	0	0	0	0	0	0	0	0	0	0	0	0
05.500,00.000	3.5	5.5	-200	0	4.5	2.21952	2.21952	0	0	0	0	0	0	0	0	0	0	0	0	0	0	0	0	0	0	0
05.500,00.000	3.6	5.5	-200	0	4.5	2.8059	2.8059	0	0	0	0	0	0	0	0	0	0	0	0	0	0	0	0	0	0	0
05.500,00.000	3.7	5.5	-200	0	4.5	3.18971	3.18971	0	0	0	0	0	0	0	0	0	0	0	0	0	0	0	0	0	0	0
05.500,00.000	3.8	5.5	-200	0	4.5	3.45971	3.45971	0	0	0	0	0	0	0	0	0	0	0	0	0	0	0	0	0	0	0
05.500,00.000	3.9	5.5	-200	0	4.5	3.73052	3.73052	0	0	0	0	0	0	0	0	0	0	0	0	0	0	0	0	0	0	0
05.500,00.000	4	5.5	-200	0	4.5	4.00266	4.00266	0	0	0	0	0	0	0	0	0	0	0	0	0	0	0	0	0	0	0
05.500,00.000	4.1	5.5	-200	0	4.5	4.2751	4.2751	0	0	0	0	0	0	0	0	0	0	0	0	0	0	0	0	0	0	0
05.500,00.000	4.2	5.5	-200	0	4.5	4.54793	4.54793	0	0	0	0	0	0	0	0	0	0	0	0	0	0	0	0	0	0	0
05.500,00.000	4.3	5.5	-200	0	4.5	4.82105	4.82105	0	0	0	0	0	0	0	0	0	0	0	0	0	0	0	0	0	0	0
05.500,00.000	4.4	5.5	-200	0	4.5	5.09427	5.09427	0	0	0	0	0	0	0	0	0	0	0	0	0	0	0	0	0	0	0
05.500,00.000	4.5	5.5	-200	0	4.5	5.36766	5.36766	0	0	0	0	0	0	0	0	0	0	0	0	0	0	0	0	0	0	0
05.500,00.000	4.6	5.5	-200	0	4.5	5.64033	5.64033	0	0	0	0	0	0	0	0	0	0	0	0	0	0	0	0	0	0	0
05.500,00.000	4.7	5.5	-200	0	4.5	5.9119	5.9119	0	0	0	0	0	0	0	0	0	0	0	0	0	0	0	0	0	0	0
05.500,00.000	4.8	5.5	-200	0	4.5	6.18288	6.18288	0	0	0	0	0	0	0	0	0	0	0	0	0	0	0	0	0	0	0
05.500,00.000	4.9	5.5	-200	0	4.5	6.45342	6.45342	0	0	0	0	0	0	0	0	0	0	0	0	0	0	0	0	0	0	0
05.500,00.000	5	5.5	-200	0	4.5	6.72392	6.72392	0	0	0	0	0	0	0	0	0	0	0	0	0	0	0	0	0	0	0
05.500,00.000	5.1	5.5	-200	0	4.5	6.99461	6.99461	0	0	0	0	0	0	0	0	0	0	0	0	0	0	0	0	0	0	0
05.500,00.000	5.2	5.5	-200	0	4.5	7.26438	7.26438	0	0	0	0	0	0	0	0	0	0	0	0	0	0	0	0	0	0	0
05.500,00.000	5.3	5.5	-200	0	4.5	7.53388	7.53388	0	0	0	0	0	0	0	0	0	0	0	0	0	0	0	0	0	0	0
05.500,00.000	5.4	5.5	-200	0	4.5	7.8032	7.8032	0	0	0	0	0	0	0	0	0	0	0	0	0	0	0	0	0	0	0
05.500,00.000	5.5	5.5	-200	0	4.5	8.07156	8.07156	0	0	0	0	0	0	0	0	0	0	0	0	0	0	0	0	0	0	0
05.500,00.000	5.6	5.5	-200	0	4.5	8.34101	8.28525	0.0557529	0	0	0	0	0	0	0	0	0	0	0	0	0	0	0	0	0	0
05.500,00.000	5.7	5.5	-200	0	4.5	8.60953	8.2843	0.325233	0	0	0	0	0	0	0	0	0	0	0	0	0	0	0	0	0	0
05.500,00.000	5.8	5.5	-200	0	4.5	8.8778	8.28176	0.596044	0	0	0	0	0	0	0	0	0	0	0	0	0	0	0	0	0	0
05.500,00.000	5.9	5.5	-200	0	4.5	9.14629	8.28176	0.864524	0	0	0	0	0	0	0	0	0	0	0	0	0	0	0	0	0	0
05.500,00.000	6	5.5	-200	0	4.5	9.41423	8.28176	1.13247	0	0	0	0	0	0	0	0	0	0	0	0	0	0	0	0	0	0
05.500,00.000	6.1	5.5	-200	0	4.5	9.68253	8.28176	1.40077	0	0	0	0	0	0	0	0	0	0	0	0	0	0	0	0	0	0
05.500,00.000	6.2	5.5	-200	0	4.5	9.95013	8.28176	1.66837	0	0	0	0	0	0	0	0	0	0	0	0	0	0	0	0	0	0
05.500,00.000	6.3	5.5	-200	0	4.5	10.2171	8.28176	1.93529	0	0	0	0	0	0	0	0	0	0	0	0	0	0	0	0	0	0
05.500,00.000	6.4	5.5	-200	0	4.5	10.4843	8.28176	2.20251	0	0	0	0	0	0	0	0	0	0	0	0	0	0	0	0	0	0
05.500,00.000	6.5	5.5	-200	0	4.5	10.751	8.28176	2.46923	0	0	0	0	0	0	0	0	0	0	0	0	0	0	0	0	0	0
05.500,00.000	6.6	5.5	-200	0	4.5	11.018	8.28176	2.73628	0	0	0	0	0	0	0	0	0	0	0	0	0	0	0	0	0	0
05.500,00.000	6.7	5.5	-200	0	4.5	11.2847	8.28176	3.00295	0	0	0	0	0	0	0	0	0	0	0	0	0	0	0	0	0	0
05.500,00.000	6.8	5.5	-200	0	4.5	11.5511	8.28176	3.26929	0	0	0	0	0	0	0	0	0	0	0	0	0	0	0	0	0	0
05.500,00.000	6.9	5.5	-200	0	4.5	11.8183	8.28193	3.53637	0	0	0	0	0	0	0	0	0	0	0	0	0	0	0	0	0	0
05.500,00.000	7	5.5	-200	0	4.5	12.0872	8.28395	3.80327	0	0	0	0	0	0	0	0	0	0	0	0	0	0	0	0	0	0
05.500,00.000	7.1	5.5	-200	0	4.5	12.3582	8.28874	4.06949	0	0	0	0	0	0	0	0	0	0	0	0	0	0	0	0	0	0
05.500,00.000	7.2	5.5	-200	0	4.5	12.6333	8.29768	4.33557	0	0	0	0	0	0	0	0	0	0	0	0	0	0	0	0	0	0
05.500,00.000	7.3	5.5	-200	0	4.5	12.9126	8.31097	4.60161	0	0	0	0	0	0	0	0	0	0	0	0	0	0	0	0	0	0
05.500,00.000	7.4	5.5	-200	0	4.5	13.1977	8.33034	4.86741	0	0	0	0	0	0	0	0	0	0	0	0	0	0	0	0	0	0
05.500,00.000	7.5	5.5	-200	0	4.5	13.4884	8.35591	5.1325	0	0	0	0	0	0	0	0	0	0	0	0	0	0	0	0	0	0
05.500,00.000	7.6	5.5	-200	0	4.5	13.7855	8.38801	5.39749	0	0	0	0	0	0	0	0	0	0	0	0	0	0	0	0	0	0
05.500,00.000	7.7	5.5	-200	0	4.5	14.0895	8.42725	5.66224	0	0	0	0	0	0	0	0	0	0	0	0	0	0	0	0	0	0
05.500,00.000	7.8	5.5	-200	0	4.5	14.4004	8.47376	5.92664	0	0	0	0	0	0	0	0	0	0	0	0	0	0	0	0	0	0
05.500,00.000	7.9	5.5	-200	0	4.5	14.7179	8.52728	6.19058	0	0	0	0	0	0	0	0	0	0	0	0	0	0	0	0	0	0
05.500,00.000	8	5.5	-200	0	4.5	15.0404	8.58642	6.45395	0	0	0	0	0	0	0	0	0	0	0	0	0	0	0	0	0	0
05.500,00.000	8.1	5.5	-200	0	4.5	15.3709	8.65375	6.71718	0	0	0	0	0	0	0	0	0	0	0	0	0	0	0	0	0	0
05.500,00.000	8.2	5.5	-200	0	4.5	15.711	8.73111	6.97992	0	0	0	0	0	0	0	0	0	0	0	0	0	0	0	0	0	0
05.500,00.000	8.3	5.5	-200	0	4.5	16.0592	8.81722	7.242	0	0	0	0	0	0	0	0	0	0	0	0	0	0	0	0	0	0
05.500,00.000	8.4	5.5	-200	0	4.5	16.254	8.91106	7.34292	0	0	0	0	0	0	0	0	0	0	0	0	0	0	0	0	0	0
05.500,00.000	8.5	5.5	-200	0	4.5	16.3604	9.01372	7.34666	0	0	0	0	0	0	0	0	0	0	0	0	0	0	0	0	0	0
05.500,00.000	8.6	5.5	-200	0	4.5	16.47	9.12329	7.34666	0	0	0	0	0	0	0	0	0	0	0	0	0	0	0	0	0	0
05.500,00.000	8.7	5.5	-200	0	4.5	16.5878	9.24111	7.34666	0	0	0	0	0	0	0	0	0	0	0	0	0	0	0	0	0	0
05.500,00.000	8.8	5.5	-200	0	4.5	16.7127	9.36609	7.34666	0	0	0	0	0	0	0	0	0	0	0	0	0	0	0	0	0	0
05.500,00.000	8.9	5.5	-200	0	4.5	16.8496	9.50292	7.34666	0	0	0	0	0	0	0	0	0	0	0	0	0	0	0	0	0	0
05.500,00.000	9	5.5	-200	0	4.5	16.9963	9.64962	7.34666	0	0	0	0	0	0	0	0	0	0	0	0	0	0	0	0	0	0
05.500,00.000	9.1	5.5	-200	0	4.5	17.1525	9.80579	7.34666	0	0	0	0	0	0	0	0	0	0	0	0	0	0	0	0	0	0
05.500,00.000	9.2	5.5	-200	0	4.5	17.3258	9.97913	7.34666	0	0	0	0	0	0	0	0	0	0	0	0	0	0	0	0	0	0
05.500,00.000	9.3	5.5	-200	0	4.5	17.523	10.1764	7.34666	0	0	0	0	0	0	0	0	0	0	0	0	0	0	0	0	0	0
05.500,00.000	9.4	5.5	-200	0	4.5	17.7476	10.4009	7.34666	0	0	0	0	0	0	0	0	0	0	0	0	0	0	0	0	0	0
05.500,00.000	9.5	5.5	-200	0	4.5	17.9804	10.6337	7.34666	0	0	0	0	0	0	0	0	0	0	0	0	0	0	0	0	0	0
05.500,00.000	9.6	5.5	-200	0	4.5	18.2194	10.8728	7.34666	0	0	0	0	0	0	0	0	0	0	0	0	0	0	0	0	0	0
05.500,00.000	9.7	5.5	-200	0	4.5	18.4657	11.119	7.34666	0	0	0	0	0	0	0	0	0	0	0	0	0	0	0	0	0	0
05.500,00.000	9.8	5.5	-200	0	4.5	18.7234	11.3767	7.34666	0	0	0	0	0	0	0	0	0	0	0	0	0	0	0	0	0	0
05.500,00.000	9.9	5.5	-200	0	4.5	18.9961	11.6488	7.34722	0	0	0	0	0	0	0	0	0	0	0	0	0	0	0	0	0	0
05.500,00.000	10	5.5	-200	0	4.5	19.2839	11.9337	7.35029	0	0	0	0	0	0	0	0	0	0	0	0	0	0	0	0	0	0
05.500,00.000	10.1	5.5	-200	0	4.5	19.5888	12.2335	7.35531	0	0	0	0	0	0	0	0	0	0	0	0	0	0	0	0	0	0
05.500,00.000	10.2	5.5	-200	0	4.5	19.9115	12.5489	7.36261	0	0	0	0	0	0	0	0	0	0	0	0	0	0	0	0	0	0
05.500,00.000	10.3	5.5	-200	0	4.5	20.2513	12.8783	7.37304	0	0	0	0	0	0	0	0	0	0	0	0	0	0	0	0	0	0
05.500,00.000	10.4	5.5	-200	0	4.5	20.605	13.219	7.38599	0	0	0	0	0	0	0	0	0	0	0	0	0	0	0	0	0	0
05.500,00.000	10.5	5.5	-200	0	4.5	20.975	13.5717	7.40338	0	0	0	0	0	0	0	0	0	0	0	0	0	0	0	0	0	0
05.500,00.000	10.6	5.5	-200	0	4.5	21.3565	13.9299	7.42653	0	0	0	0	0	0	0	0	0	0	0	0	0	0	0	0	0	0
05.500,00.000	10.7	5.5	-200	0	4.5	21.7535	14.2985	7.45497	0	0	0	0	0	0	0	0	0	0	0	0	0	0	0	0	0	0
05.500,00.000	10.8	5.5	-200	0	4.5	22.1689	14.6787	7.49021	0	0	0	0	0	0	0	0	0	0	0	0	0	0	0	0	0	0
05.500,00.000	10.9	5.5	-200	0	4.5	22.6051	15.0738	7.53125	0	0	0	0	0	0	0	0	0	0	0	0	0	0	0	0	0	0
05.500,00.000	11	5.5	-200	0	4.5	23.0634	15.4829	7.58049	0	0	0	0	0	0	0	0	0	0	0	0	0	0	0	0	0	0
05.500,00.000	11.1	5.5	-200	0	4.5	23.5447	15.9063	7.63837	0	0	0	0	0	0	0	0	0	0	0	0	0	0	0	0	0	0
05.500,00.000	11.2	5.5	-200	0	4.5	24.0564	16.3527	7.70368	0	0	0	0	0	0	0	0	0	0	0	0	0	0	0	0	0	0
05.500,00.000	11.3	5.5	-200	0	4.5	24.6066	16.829	7.77759	0	0	0	0	0	0	0	0	0	0	0	0	0	0	0	0	0	0
05.500,00.000	11.4	5.5	-200	0	4.5	25.1847	17.3245	7.86017	0	0	0	0	0	0	0	0	0	0	0	0	0	0	0	0	0	0
05.500,00.000	11.5	5.5	-200	0	4.5	25.7887	17.8348	7.95391	0	0	0	0	0	0	0	0	0	0	0	0	0	0	0	0	0	0
05.500,00.000	11.6	5.5	-200	0	4.5	26.408	18.3512	8.05684	0	0	0	0	0	0	0	0	0	0	0	0	0	0	0	0	0	0
05.500,00.000	11.7	5.5	-200	0	4.5	27.0447	18.8758	8.16888	0	0	0	0	0	0	0	0	0	0	0	0	0	0	0	0	0	0
05.500,00.000	11.8	5.5	-200	0	4.5	27.7006	19.4094	8.29127	0	0	0	0	0	0	0	0	0	0	0	0	0	0	0	0	0	0
05.500,00.000	11.9	5.5	-200	0	4.5	28.3854	19.9615	8.42392	0	0	0	0	0	0	0	0	0	0	0	0	0	0	0	0	0	0
05.500,00.000	12	5.5	-200	0	4.5	29.1135	20.5468	8.5667	0	0	0	0	0	0	0	0	0	0	0	0	0	0	0	0	0	0
05.500,00.000	12.1	5.5	-200	0	4.5	29.8917	21.1718	8.71992	0	0	0	0	0	0	0	0	0	0	0	0	0	0	0	0	0	0
05.500,00.000	12.2	5.5	-200	0	4.5	30.7021	21.8188	8.88328	0	0	0	0	0	0	0	0	0	0	0	0	0	0	0	0	0	0
05.500,00.000	12.3	5.5	-200	0	4.5	31.5393	22.4818	9.05744	0	0	0	0	0	0	0	0	0	0	0	0	0	0	0	0	0	0
05.500,00.000	12.4	5.5	-200	0	4.5	32.3997	23.1575	9.24221	0	0	0	0	0	0	0	0	0	0	0	0	0	0	0	0	0	0
05.500,00.000	12.5	5.5	-200	0	4.5	33.2815	23.8443	9.43722	0	0	0	0	0	0	0	0	0	0	0	0	0	0	0	0	0	0
05.500,00.000	12.6	5.5	-200	0	4.5	34.3192	24.6456	9.67357	0	0	0	0	0	0	0	0	0	0	0	0	0	0	0	0	0	0
05.500,00.000	12.7	5.5	-200	0	4.5	35.2528	25.361	9.89182	0	0	0	0	0	0	0	0	0	0	0	0	0	0	0	0	0	0
05.500,00.000	12.8	5.5	-200	0	4.5	36.0739	25.986	10.0879	0	0	0	0	0	0	0	0	0	0	0	0	0	0	0	0	0	0
05.500,00.000	12.9	5.5	-200	0	4.5	37.0775	26.7455	10.3319	0	0	0	0	0	0	0	0	0	0	0	0	0	0	0	0	0	0
05.500,00.000	13	5.5	-200	0	4.5	38.1042	27.5193	10.5849	0	0	0	0	0	0	0	0	0	0	0	0	0	0	0	0	0	0
05.500,00.000	13.1	5.5	-200	0	4.5	39.1364	28.2938	10.8426	0	0	0	0	0	0	0	0	0	0	0	0	0	0	0	0	0	0
05.500,00.000	13.2	5.5	-200	0	4.5	40.1974	29.087	11.1104	0	0	0	0	0	0	0	0	0	0	0	0	0	0	0	0	0	0
05.500,00.000	13.3	5.5	-200	0	4.5	41.2918	29.9291	11.3627	0	0	0	0	0	0	0	0	0	0	0	0	0	0	0	0	0	0
05.500,00.000	13.4	5.5	-200	0	4.5	42.4407	30.8153	11.6254	0	0	0	0	0	0	0	0	0	0	0	0	0	0	0	0	0	0
05.500,00.000	13.5	5.5	-200	0	4.5	43.6741	31.7478	11.9263	0	0	0	0	0	0	0	0	0	0	0	0	0	0	0	0	0	0
05.500,00.000	13.6	5.5	-200	0	4.5	45.1219	32.7983	12.3236	0	0	0	0	0	0	0	0	0	0	0	0	0	0	0	0	0	0
05.500,00.000	13.7	5.5	-200	0	4.5	46.3382	33.6779	12.6603	0	0	0	0	0	0	0	0	0	0	0	0	0	0	0	0	0	0
05.500,00.000	13.8	5.5	-200	0	4.5	47.3415	34.4057	12.9358	0	0	0	0	0	0	0	0	0	0	0	0	0	0	0	0	0	0
05.500,00.000	13.9	5.5	-200	0	4.5	48.5511	35.2806	13.2706	0	0	0	0	0	0	0	0	0	0	0	0	0	0	0	0	0	0
05.500,00.000	14	5.5	-200	0	4.5	49.8843	36.2266	13.6577	0	0	0	0	0	0	0	0	0	0	0	0	0	0	0	0	0	0
05.500,00.000	14.1	5.5	-200	0	4.5	51.1818	37.1462	14.0356	0	0	0	0	0	0	0	0	0	0	0	0	0	0	0	0	0	0
05.500,00.000	14.2	5.5	-200	0	4.5	52.3996	37.9874	14.4122	0	0	0	0	0	0	0	0	0	0	0	0	0	0	0	0	0	0
05.500,00.000	14.3	5.5	-200	0	4.5	53.5716	38.7729	14.7987	0	0	0	0	0	0	0	0	0	0	0	0	0	0	0	0	0	0
05.500,00.000	14.4	5.5	-200	0	4.5	54.8024	39.6021	15.2003	0	0	0	0	0	0	0	0	0	0	0	0	0	0	0	0	0	0
05.500,00.000	14.5	5.5	-200	0	4.5	56.4795	40.7326	15.7469	0	0	0	0	0	0	0	0	0	0	0	0	0	0	0	0	0	0
05.500,00.000	14.6	5.5	-200	0	4.5	58.0344	41.7798	16.2546	0	0	0	0	0	0	0	0	0	0	0	0	0	0	0	0	0	0
05.500,00.000	14.7	5.5	-200	0	4.5	59.4283	42.7157	16.7126	0	0	0	0	0	0	0	0	0	0	0	0	0	0	0	0	0	0
05.500,00.000	14.8	5.5	-200	0	4.5	60.7564	43.6004	17.156	0	0	0	0	0	0	0	0	0	0	0	0	0	0	0	0	0	0
05.500,00.000	14.9	5.5	-200	0	4.5	61.6024	44.1619	17.4404	0	0	0	0	0	0	0	0	0	0	0	0	0	0	0	0	0	0
05.500,00.000	15	5.5	-200	0	4.5	63.1817	45.2015	17.9801	0	0	0	0	0	0	0	0	0	0	0	0	0	0	0	0	0	0
05.500,00.000	15.1	5.5	-200	0	4.5	64.6375	46.1528	18.4847	0	0	0	0	0	0	0	0	0	0	0	0	0	0	0	0	0	0
05.500,00.000	15.2	5.5	-200	0	4.5	65.988	47.0295	18.9585	0	0	0	0	0	0	0	0	0	0	0	0	0	0	0	0	0	0
05.500,00.000	15.3	5.5	-200	0	4.5	67.3419	47.8994	19.4425	0	0	0	0	0	0	0	0	0	0	0	0	0	0	0	0	0	0
05.500,00.000	15.4	5.5	-200	0	4.5	68.6977	48.7605	19.9372	0	0	0	0	0	0	0	0	0	0	0	0	0	0	0	0	0	0
05.500,00.000	15.5	5.5	-200	0	4.5	71.4696	50.4979	20.9717	0	0	0	0	0	0	0	0	0	0	0	0	0	0	0	0	0	0
05.500,00.000	15.6	5.5	-200	0	4.5	72.0541	50.8716	21.1825	0	0	0	0	0	0	0	0	0	0	0	0	0	0	0	0	0	0
05.500,00.000	15.7	5.5	-200	0	4.5	73.3561	51.6725	21.6836	0	0	0	0	0	0	0	0	0	0	0	0	0	0	0	0	0	0
05.500,00.000	15.8	5.5	-200	0	4.5	73.6681	51.8656	21.8025	0	0	0	0	0	0	0	0	0	0	0	0	0	0	0	0	0	0
05.500,00.000	15.9	5.5	-200	0	4.5	74.3273	52.2586	22.0687	0	0	0	0	0	0	0	0	0	0	0	0	0	0	0	0	0	0
05.500,00.000	16	5.5	-200	0	4.5	76.1956	53.3551	22.8405	0	0	0	0	0	0	0	0	0	0	0	0	0	0	0	0	0	0
05.500,00.000	16.1	5.5	-200	0	4.5	77.7106	54.2325	23.4781	0	0	0	0	0	0	0	0	0	0	0	0	0	0	0	0	0	0
05.500,00.000	16.2	5.5	-200	0	4.5	79.0374	54.9858	24.0516	0	0	0	0	0	0	0	0	0	0	0	0	0	0	0	0	0	0
05.500,00.000	16.3	5.5	-200	0	4.5	80.3804	55.721	24.6594	0	0	0	0	0	0	0	0	0	0	0	0	0	0	0	0	0	0
05.500,00.000	16.4	5.5	-200	0	4.5	81.7263	56.4381	25.2882	0	0	0	0	0	0	0	0	0	0	0	0	0	0	0	0	0	0
05.500,00.000	16.5	5.5	-200	0	4.5	85.5584	58.4345	27.1238	0	0	0	0	0	0	0	0	0	0	0	0	0	0	0	0	0	0
05.500,00.000	16.6	5.5	-200	0	4.5	86.3396	58.8349	27.5047	0	0	0	0	0	0	0	0	0	0	0	0	0	0	0	0	0	0
05.500,00.000	16.7	5.5	-200	0	4.5	91.974	61.6791	30.2949	0	0	0	0	0	0	0	0	0	0	0	0	0	0	0	0	0	0
05.500,00.000	16.8	5.5	-200	0	4.5	93.2585	62.5251	30.7334	0	0	0	0	0	0	0	0	0	0	0	0	0	0	0	0	0	0
05.500,00.000	16.9	5.5	-200	0	4.5	96.5425	64.3295	32.213	0	0	0	0	0	0	0	0	0	0	0	0	0	0	0	0	0	0
05.500,00.000	17	5.5	-200	0	4.5	98.5219	65.4028	33.0185	0	0	0.100658	0	0	0	0	0	0	0	0	0	0	0	0	0	0	0
05.500,00.000	17.1	5.5	-200	0	4.5	99.8663	66.0457	33.5771	0	0	0.243565	0	0	0	0	0	0	0	0	0	0	0	0	0	0	0
05.500,00.000	17.2	5.5	-200	0	4.5	101.202	66.6669	34.1367	0	0	0.398509	0	0	0	0	0	0	0	0	0	0	0	0	0	0	0
05.500,00.000	17.3	5.5	-200	0	4.5	102.542	67.2584	34.7003	0	0	0.58374	0	0	0	0	0	0	0	0	0	0	0	0	0	0	0
05.500,00.000	17.4	5.5	-200	0	4.5	103.861	67.8226	35.2694	0	0	0.768832	0	0	0	0	0	0	0	0	0	0	0	0	0	0	0
05.500,00.000	17.5	5.5	-200	0	4.5	108.386	69.6672	37.3523	0	0	1.36612	0	0	0	0	0	0	0	0	0	0	0	0	0	0	0
05.500,00.000	17.6	5.5	-200	0	4.5	109.287	70.0352	37.7572	0	0	1.49415	0	0	0	0	0	0	0	0	0	0	0	0	0	0	0
05.500,00.000	17.7	5.5	-200	0	4.5	114.503	72.1122	40.1952	0	0	2.19567	0	0	0	0	0	0	0	0	0	0	0	0	0	0	0
05.500,00.000	17.8	5.5	-200	0	4.5	115.709	72.6281	40.7112	0	0	2.36998	0	0	0	0	0	0	0	0	0	0	0	0	0	0	0
05.500,00.000	17.9	5.5	-200	0	4.5	119.062	73.8837	42.3144	0	0	2.86353	0	0	0	0	0	0	0	0	0	0	0	0	0	0	0
05.500,00.000	18	5.5	-200	0	4.5	121.027	74.6507	43.2033	0	0	3.17292	0	0	0	0	0	0	0	0	0	0	0	0	0	0	0
05.500,00.000	18.1	5.5	-200	0	4.5	122.428	75.1512	43.8817	0	0	3.33961	0.055847	0	0	0	0	0	0	0	0	0	0	0	0	0	0
05.500,00.000	18.2	5.5	-200	0	4.5	123.529	75.531	44.4188	0	0	3.35026	0.229038	0	0	0	0	0	0	0	0	0	0	0	0	0	0
05.500,00.000	18.3	5.5	-200	0	4.5	124.529	75.8722	44.9043	0	0	3.35026	0.402086	0	0	0	0	0	0	0	0	0	0	0	0	0	0
05.500,00.000	18.4	5.5	-200	0	4.5	125.521	76.1986	45.3932	0	0	3.35026	0.579412	0	0	0	0	0	0	0	0	0	0	0	0	0	0
05.500,00.000	18.5	5.5	-200	0	4.5	130.551	77.7808	47.9765	0	0	3.35026	1.44343	0	0	0	0	0	0	0	0	0	0	0	0	0	0
05.500,00.000	18.6	5.5	-200	0	4.5	131.534	78.0857	48.4688	0	0	3.35026	1.629	0	0	0	0	0	0	0	0	0	0	0	0	0	0
05.500,00.000	18.7	5.5	-200	0	4.5	142.522	81.9178	53.7925	0	0	3.35026	3.46107	0	0	0	0	0	0	0	0	0	0	0	0	0	0
05.500,00.000	18.8	5.5	-200	0	4.5	145.627	82.6943	55.6035	0.0490145	0	3.35026	3.93003	0	0	0	0	0	0	0	0	0	0	0	0	0	0
05.500,00.000	18.9	5.5	-200	0	4.5	150.555	83.6317	58.7664	0.130042	0	3.35026	4.67648	0	0	0	0	0	0	0	0	0	0	0	0	0	0
05.500,00.000	19	5.5	-200	0	4.5	153.4	84.1011	60.6559	0.178777	0	3.35026	5.11415	0	0	0	0	0	0	0	0	0	0	0	0	0	0
05.500,00.000	19.1	5.5	-200	0	4.5	154.648	84.2875	61.5031	0.200834	0	3.35026	5.30668	0	0	0	0	0	0	0	0	0	0	0	0	0	0
05.500,00.000	19.2	5.5	-200	0	4.5	155.784	84.4425	62.288	0.221362	0	3.35026	5.48195	0	0	0	0	0	0	0	0	0	0	0	0	0	0
05.500,00.000	19.3	5.5	-200	0	4.5	156.929	84.5863	63.091	0.242607	0	3.35026	5.65898	0	0	0	0	0	0	0	0	0	0	0	0	0	0
05.500,00.000	19.4	5.5	-200	0	4.5	158.049	84.7161	63.8856	0.264004	0	3.35026	5.83333	0	0	0	0	0	0	0	0	0	0	0	0	0	0
05.500,00.000	19.5	5.5	-200	0	4.5	159.215	84.8391	64.7235	0.286806	0	3.35026	6.01552	0	0	0	0	0	0	0	0	0	0	0	0	0	0
05.500,00.000	19.6	5.5	-200	0	4.5	160.307	84.9539	65.5097	0.308404	0	3.35026	6.18509	0	0	0	0	0	0	0	0	0	0	0	0	0	0
05.500,00.000	19.7	5.5	-200	0	4.5	161.435	85.0707	66.3107	0.347847	0	3.35026	6.35573	0	0	0	0	0	0	0	0	0	0	0	0	0	0
05.500,00.000	19.8	5.5	-200	0	4.5	171.562	86.12	73.1992	1.04148	0	3.35044	7.85102	0	0	0	0	0	0	0	0	0	0	0	0	0	0
05.500,00.000	19.9	5.5	-200	0	4.5	173.73	86.3642	74.6446	1.22046	0	3.35108	8.14994	0	0	0	0	0	0	0	0	0	0	0	0	0	0
05.500,00.000	20	5.5	-200	0	4.5	173.793	86.3709	74.687	1.2258	0	3.35119	8.15856	0	0	0	0	0	0	0	0	0	0	0	0	0	0
05.500,00.000	20.1	5.5	-200	0	4.5	179.498	87.0003	78.4861	1.71483	0	3.36358	8.93322	0	0	0	0	0	0	0	0	0	0	0	0	0	0
05.500,00.000	20.2	5.5	-200	0	4.5	182.269	87.3324	80.308	1.95266	0	3.37087	9.1745	0.130702	0	0	0	0	0	0	0	0	0	0	0	0	0
05.500,00.000	20.3	5.5	-200	0	4.5	183.565	87.4842	81.1652	2.06388	0	3.37604	9.1745	0.300703	0	0	0	0	0	0	0	0	0	0	0	0	0
05.500,00.000	20.4	5.5	-200	0	4.5	185.604	87.7518	82.4909	2.23845	0	3.38557	9.1745	0.562501	0	0	0	0	0	0	0	0	0	0	0	0	0
05.500,00.000	20.5	5.5	-200	0	4.5	186.096	87.8154	82.8109	2.28104	0	3.38814	9.1745	0.625693	0	0	0	0	0	0	0	0	0	0	0	0	0
05.500,00.000	20.6	5.5	-200	0	4.5	187.637	88.0087	83.8132	2.41737	0	3.39834	9.1745	0.824799	0	0	0	0	0	0	0	0	0	0	0	0	0
05.500,00.000	20.7	5.5	-200	0	4.5	195.95	88.9818	88.1042	4.32157	0	3.46544	9.1745	1.90252	0	0	0	0	0	0	0	0	0	0	0	0	0
05.500,00.000	20.8	5.5	-200	0	4.5	197.663	89.2481	88.8563	4.80033	0	3.46895	9.17459	2.11499	0	0	0	0	0	0	0	0	0	0	0	0	0
05.500,00.000	20.9	5.5	-200	0	4.5	197.719	89.2564	88.8807	4.81574	0	3.46937	9.17462	2.12181	0	0	0	0	0	0	0	0	0	0	0	0	0
05.500,00.000	21	5.5	-200	0	4.5	198.082	89.3191	89.0335	4.91657	0	3.47146	9.17481	2.16617	0	0	0	0	0	0	0	0	0	0	0	0	0
05.500,00.000	21.1	5.5	-200	0	4.5	201.757	89.9688	90.5494	5.94083	0	3.50432	9.17719	2.61661	0	0	0	0	0	0	0	0	0	0	0	0	0
05.500,00.000	21.2	5.5	-200	0	4.5	203.872	90.3561	91.4059	6.5323	0	3.5225	9.17899	2.87655	0	0	0	0	0	0	0	0	0	0	0	0	0
05.500,00.000	21.3	5.5	-200	0	4.5	205.302	90.6501	91.966	6.92074	0	3.53757	9.18097	3.04692	0	0	0	0	0	0	0	0	0	0	0	0	0
05.500,00.000	21.4	5.5	-200	0	4.5	208.302	91.3002	93.0923	7.75051	0	3.57259	9.1858	3.40057	0	0	0	0	0	0	0	0	0	0	0	0	0
05.500,00.000	21.5	5.5	-200	0	4.5	208.981	91.4619	93.3197	7.95362	0	3.57919	9.18702	3.47991	0	0	0	0	0	0	0	0	0	0	0	0	0
05.500,00.000	21.6	5.5	-200	0	4.5	211.113	91.9334	94.0841	8.56102	0	3.60767	9.19391	3.73311	0	0	0	0	0	0	0	0	0	0	0	0	0
05.500,00.000	21.7	5.5	-200	0	4.5	218.787	93.5103	96.6847	10.9932	0	3.71548	9.22226	4.66068	0	0	0	0	0	0	0	0	0	0	0	0	0
05.500,00.000	21.8	5.5	-200	0	4.5	223.651	94.5502	98.351	12.5096	0	3.78145	9.24516	5.21345	0	0	0	0	0	0	0	0	0	0	0	0	0
05.500,00.000	21.9	5.5	-200	0	4.5	223.88	94.6159	98.4204	12.5766	0	3.78395	9.24632	5.23715	0	0	0	0	0	0	0	0	0	0	0	0	0
05.500,00.000	22	5.5	-200	0	4.5	224.77	94.8992	98.6879	12.8251	0	3.79456	9.25267	5.31053	0	0	0	0	0	0	0	0	0	0	0	0	0
05.500,00.000	22.1	5.5	-200	0	4.5	229.537	96.5075	100.305	14.1827	0	3.86322	9.29231	5.38663	0	0	0	0	0	0	0	0	0	0	0	0	0
05.500,00.000	22.2	5.5	-200	0	4.5	232.032	97.3577	101.153	14.921	0	3.89868	9.31544	5.38663	0	0	0	0	0	0	0	0	0	0	0	0	0
05.500,00.000	22.3	5.5	-200	0	4.5	233.646	97.9191	101.705	15.3788	0	3.92318	9.33258	5.38663	0	0	0	0	0	0	0	0	0	0	0	0	0
05.500,00.000	22.4	5.5	-200	0	4.5	236.822	99.0273	102.801	16.2428	0	3.99451	9.3696	5.38663	0	0	0	0	0	0	0	0	0	0	0	0	0
05.500,00.000	22.5	5.5	-200	0	4.5	237.603	99.2877	103.069	16.4662	0	4.01539	9.37864	5.38663	0	0	0	0	0	0	0	0	0	0	0	0	0
05.500,00.000	22.6	5.5	-200	0	4.5	240.101	100.111	103.926	17.1777	0	4.08852	9.4119	5.38663	0	0	0	0	0	0	0	0	0	0	0	0	0
05.500,00.000	22.7	5.5	-200	0	4.5	242.255	100.863	104.655	17.759	0	4.1498	9.44127	5.38663	0	0	0	0	0	0	0	0	0	0	0	0	0
05.500,00.000	22.8	5.5	-200	0	4.5	244.138	101.519	105.294	18.2645	0	4.20567	9.46905	5.38663	0	0	0	0	0	0	0	0	0	0	0	0	0
05.500,00.000	22.9	5.5	-200	0	4.5	250.93	103.876	107.616	20.0589	0	4.41342	9.57888	5.38663	0	0	0	0	0	0	0	0	0	0	0	0	0
05.500,00.000	23	5.5	-200	0	4.5	252.4	104.4	108.14	20.4042	0.0105278	4.4561	9.60263	5.38663	0	0	0	0	0	0	0	0	0	0	0	0	0
05.500,00.000	23.1	5.5	-200	0	4.5	256.975	106.023	109.746	21.3668	0.169174	4.59793	9.68479	5.38663	0	0	0	0	0	0	0	0	0	0	0	0	0
05.500,00.000	23.2	5.5	-200	0	4.5	259.956	106.883	111.034	21.6938	0.531044	4.68829	9.73893	5.38663	0	0	0	0	0	0	0	0	0	0	0	0	0
05.500,00.000	23.3	5.5	-200	0	4.5	262.012	107.413	111.996	21.9356	0.750842	4.75186	9.77805	5.38663	0	0	0	0	0	0	0	0	0	0	0	0	0
05.500,00.000	23.4	5.5	-200	0	4.5	264.267	107.98	113.076	22.1848	0.994272	4.82267	9.82298	5.38663	0	0	0	0	0	0	0	0	0	0	0	0	0
05.500,00.000	23.5	5.5	-200	0	4.5	266.142	108.448	113.975	22.385	1.20046	4.8833	9.86324	5.38663	0	0	0	0	0	0	0	0	0	0	0	0	0
05.500,00.000	23.6	5.5	-200	0	4.5	272.874	110.062	117.21	23.118	1.96214	5.11375	10.0203	5.38663	0	0	0	0	0	0	0	0	0	0	0	0	0
05.500,00.000	23.7	5.5	-200	0	4.5	274.314	110.436	117.858	23.2868	2.12793	5.16317	10.0558	5.38663	0	0	0	0	0	0	0	0	0	0	0	0	0
05.500,00.000	23.8	5.5	-200	0	4.5	278.127	111.345	119.684	23.7146	2.54198	5.29844	10.1562	5.38663	0	0	0	0	0	0	0	0	0	0	0	0	0
05.500,00.000	23.9	5.5	-200	0	4.5	281.971	112.256	121.477	24.2057	2.99193	5.39224	10.2613	5.38663	0	0	0	0	0	0	0	0	0	0	0	0	0
05.500,00.000	24	5.5	-200	0	4.5	282.654	112.423	121.789	24.2927	3.087	5.39473	10.281	5.38663	0	0	0	0	0	0	0	0	0	0	0	0	0
05.500,00.000	24.1	5.5	-200	0	4.5	286.886	113.4	123.817	24.807	3.58398	5.48314	10.408	5.38663	0	0	0	0	0	0	0	0	0	0	0	0	0
05.500,00.000	24.2	5.5	-200	0	4.5	289.816	114.075	125.22	25.1623	3.94877	5.52386	10.4997	5.38663	0	0	0	0	0	0	0	0	0	0	0	0	0
05.500,00.000	24.3	5.5	-200	0	4.5	291.988	114.561	126.275	25.4225	4.20437	5.56706	10.5711	5.38663	0	0	0	0	0	0	0	0	0	0	0	0	0
05.500,00.000	24.4	5.5	-200	0	4.5	294.174	115.041	127.342	25.6826	4.46259	5.61301	10.6462	5.38663	0	0	0	0	0	0	0	0	0	0	0	0	0
05.500,00.000	24.5	5.5	-200	0	4.5	296.458	115.539	128.412	25.9997	4.73526	5.66118	10.7247	5.38693	0	0	0	0	0	0	0	0	0	0	0	0	0
05.500,00.000	24.6	5.5	-200	0	4.5	298.765	116.026	129.484	26.3416	5.00978	5.71047	10.8065	5.38736	0	0	0	0	0	0	0	0	0	0	0	0	0
05.500,00.000	24.7	5.5	-200	0	4.5	301.084	116.501	130.561	26.7006	5.28125	5.76063	10.8909	5.38799	0	0	0	0	0	0	0	0	0	0	0	0	0
05.500,00.000	24.8	5.5	-200	0	4.5	303.481	116.972	131.703	27.0702	5.55485	5.81228	10.979	5.38903	0	0	0	0	0	0	0	0	0	0	0	0	0
05.500,00.000	24.9	5.5	-200	0	4.5	311.964	119.136	135.467	28.2583	6.44443	5.98556	11.2777	5.39585	0	0	0	0	0	0	0	0	0	0	0	0	0
05.500,00.000	25	5.5	-200	0	4.5	313.927	119.752	136.261	28.5167	6.63898	6.02106	11.3412	5.39733	0	0	0	0	0	0	0	0	0	0	0	0	0
05.500,00.000	25.1	5.5	-200	0	4.5	320.152	121.77	138.767	29.2937	7.22272	6.14077	11.5526	5.40571	0	0	0	0	0	0	0	0	0	0	0	0	0
05.500,00.000	25.2	5.5	-200	0	4.5	324.373	123.17	140.438	29.818	7.61629	6.22156	11.6967	5.41196	0	0	0	0	0	0	0	0	0	0	0	0	0
05.500,00.000	25.3	5.5	-200	0	4.5	327.393	124.18	141.622	30.2031	7.88936	6.27973	11.8017	5.41743	0	0	0	0	0	0	0	0	0	0	0	0	0
05.500,00.000	25.4	5.5	-200	0	4.5	340.735	128.634	146.838	31.8485	9.16366	6.53539	12.2675	5.44745	0	0	0	0	0	0	0	0	0	0	0	0	0
05.500,00.000	25.5	5.5	-200	0	4.5	344.97	130.021	148.341	32.5338	9.58909	6.615	12.4131	5.45752	0	0	0	0	0	0	0	0	0	0	0	0	0
05.500,00.000	25.6	5.5	-200	0	4.5	344.982	130.025	148.344	32.5363	9.59026	6.61522	12.4135	5.45756	0	0	0	0	0	0	0	0	0	0	0	0	0
05.500,00.000	25.7	5.5	-200	0	4.5	345.151	130.083	148.4	32.5654	9.60647	6.61855	12.4197	5.45826	0	0	0	0	0	0	0	0	0	0	0	0	0
05.500,00.000	25.8	5.5	-200	0	4.5	358.555	134.735	152.517	35.102	10.8688	6.8862	12.9239	5.52246	0	0	0	0	0	0	0	0	0	0	0	0	0
05.500,00.000	25.9	5.5	-200	0	4.5	365.029	136.859	154.332	36.3936	11.7241	7.00949	13.157	5.55375	0	0	0	0	0	0	0	0	0	0	0	0	0
05.500,00.000	26	5.5	-200	0	4.5	365.3	136.95	154.407	36.445	11.7614	7.01466	13.1669	5.55528	0	0	0	0	0	0	0	0	0	0	0	0	0
05.500,00.000	26.1	5.5	-200	0	4.5	367.596	137.725	155.036	36.8743	12.0793	7.05925	13.253	5.5697	0	0	0	0	0	0	0	0	0	0	0	0	0
05.500,00.000	26.2	5.5	-200	0	4.5	368.681	138.089	155.33	37.0749	12.2368	7.08019	13.2936	5.57673	0	0	0	0	0	0	0	0	0	0	0	0	0
05.500,00.000	26.3	5.5	-200	0	4.5	368.994	138.196	155.415	37.132	12.2796	7.08645	13.3059	5.57904	0	0	0	0	0	0	0	0	0	0	0	0	0
05.500,00.000	26.4	5.5	-200	0	4.5	369.047	138.214	155.43	37.1414	12.2872	7.08748	13.3079	5.57943	0	0	0	0	0	0	0	0	0	0	0	0	0
05.500,00.000	26.5	5.5	-200	0	4.5	369.272	138.292	155.491	37.1816	12.3173	7.09215	13.3172	5.58134	0	0	0	0	0	0	0	0	0	0	0	0	0
05.500,00.000	26.6	5.5	-200	0	4.5	369.746	138.453	155.619	37.2662	12.3833	7.10213	13.3372	5.58557	0	0	0	0	0	0	0	0	0	0	0	0	0
05.500,00.000	26.7	5.5	-200	0	4.5	379.276	141.764	158.13	38.9708	13.3614	7.63449	13.7399	5.67579	0	0	0	0	0	0	0	0	0	0	0	0	0
05.500,00.000	26.8	5.5	-200	0	4.5	384.998	143.71	159.575	40.1186	13.8371	8.0665	13.9596	5.73076	0	0	0	0	0	0	0	0	0	0	0	0	0
05.500,00.000	26.9	5.5	-200	0	4.5	394.083	146.8	161.925	41.8926	14.3766	8.93332	14.3341	5.82136	0	0	0	0	0	0	0	0	0	0	0	0	0
05.500,00.000	27	5.5	-200	0	4.5	396.089	147.488	162.442	42.2867	14.3974	9.2226	14.4101	5.84181	0	0	0	0	0	0	0	0	0	0	0	0	0
05.500,00.000	27.1	5.5	-200	0	4.5	402.405	149.294	164.431	43.5144	14.5276	10.0481	14.6809	5.90931	0	0	0	0	0	0	0	0	0	0	0	0	0
05.500,00.000	27.2	5.5	-200	0	4.5	407.07	150.276	166.206	44.4619	14.6149	10.6698	14.8807	5.961	0	0	0	0	0	0	0	0	0	0	0	0	0
05.500,00.000	27.3	5.5	-200	0	4.5	410.493	150.969	167.463	45.1865	14.6788	11.1495	15.0425	6.00248	0	0	0	0	0	0	0	0	0	0	0	0	0
05.500,00.000	27.4	5.5	-200	0	4.5	411.033	151.07	167.657	45.3104	14.6895	11.2295	15.0675	6.00952	0	0	0	0	0	0	0	0	0	0	0	0	0
05.500,00.000	27.5	5.5	-200	0	4.5	432.264	155.564	174.288	50.2626	15.089	14.5142	16.2298	6.31592	0	0	0	0	0	0	0	0	0	0	0	0	0
05.500,00.000	27.6	5.5	-200	0	4.5	438.84	157.015	176.247	51.8645	15.22	15.5638	16.5137	6.41532	0	0	0	0	0	0	0	0	0	0	0	0	0
05.500,00.000	27.7	5.5	-200	0	4.5	439.113	157.075	176.33	51.928	15.2257	15.6057	16.5285	6.41955	0	0	0	0	0	0	0	0	0	0	0	0	0
05.500,00.000	27.8	5.5	-200	0	4.5	446.283	158.607	178.526	53.6144	15.3745	16.7046	16.9216	6.53442	0	0	0	0	0	0	0	0	0	0	0	0	0
05.500,00.000	27.9	5.5	-200	0	4.5	448.449	159.071	179.182	54.1388	15.4207	17.0411	17.0251	6.57019	0	0	0	0	0	0	0	0	0	0	0	0	0
05.500,00.000	28	5.5	-200	0	4.5	448.714	159.127	179.264	54.2007	15.4264	17.081	17.0401	6.57469	0	0	0	0	0	0	0	0	0	0	0	0	0
05.500,00.000	28.1	5.5	-200	0	4.5	449.001	159.188	179.353	54.2675	15.4327	17.124	17.0564	6.57971	0	0	0	0	0	0	0	0	0	0	0	0	0
05.500,00.000	28.2	5.5	-200	0	4.5	449.253	159.241	179.432	54.3259	15.4384	17.1616	17.071	6.58425	0	0	0	0	0	0	0	0	0	0	0	0	0
05.500,00.000	28.3	5.5	-200	0	4.5	449.474	159.286	179.501	54.3767	15.4435	17.1944	17.0839	6.58834	0	0	0	0	0	0	0	0	0	0	0	0	0
05.500,00.000	28.4	5.5	-200	0	4.5	449.508	159.293	179.512	54.3847	15.4443	17.1996	17.0856	6.58899	0	0	0	0	0	0	0	0	0	0	0	0	0
05.500,00.000	28.5	5.5	-200	0	4.5	470.083	164.03	185.912	58.1886	16.6442	20.1128	18.2148	6.98065	0	0	0	0	0	0	0	0	0	0	0	0	0
05.500,00.000	28.6	5.5	-200	0	4.5	478.717	166.46	188.521	59.5971	16.925	21.3992	18.6584	7.15602	0	0	0	0	0	0	0	0	0	0	0	0	0
05.500,00.000	28.7	5.5	-200	0	4.5	496.669	171.619	193.735	62.3708	17.7206	23.9799	19.6821	7.56192	0	0	0	0	0	0	0	0	0	0	0	0	0
05.500,00.000	28.8	5.5	-200	0	4.5	500.072	172.617	194.67	62.9288	17.9173	24.4804	19.8218	7.63727	0	0	0	0	0	0	0	0	0	0	0	0	0
05.500,00.000	28.9	5.5	-200	0	4.5	500.191	172.655	194.702	62.9467	17.9234	24.4965	19.8276	7.63989	0	0	0	0	0	0	0	0	0	0	0	0	0
05.500,00.000	29	5.5	-200	0	4.5	500.445	172.739	194.77	62.9843	17.9364	24.5302	19.8395	7.64561	0	0	0	0	0	0	0	0	0	0	0	0	0
05.500,00.000	29.1	5.5	-200	0	4.5	509.129	175.674	197.058	64.2732	18.3842	25.6714	20.2382	7.83077	0	0	0	0	0	0	0	0	0	0	0	0	0
05.500,00.000	29.2	5.5	-200	0	4.5	514.145	177.479	198.302	64.9975	18.6509	26.3324	20.4563	7.92705	0	0	0	0	0	0	0	0	0	0	0	0	0
05.500,00.000	29.3	5.5	-200	0	4.5	517.371	178.678	199.099	65.4481	18.818	26.7415	20.5991	7.98746	0	0	0	0	0	0	0	0	0	0	0	0	0
05.500,00.000	29.4	5.5	-200	0	4.5	524.511	181.477	200.988	66.4847	19.209	27.3282	20.9266	8.09736	0	0	0	0	0	0	0	0	0	0	0	0	0
05.500,00.000	29.5	5.5	-200	0	4.5	528.924	183.248	202.159	67.124	19.4572	27.6714	21.1123	8.15229	0	0	0	0	0	0	0	0	0	0	0	0	0
05.500,00.000	29.6	5.5	-200	0	4.5	532.067	184.506	202.988	67.58	19.6345	27.9117	21.2422	8.20486	0	0	0	0	0	0	0	0	0	0	0	0	0
05.500,00.000	29.7	5.5	-200	0	4.5	545.663	189.421	206.72	69.7198	20.4859	28.4449	22.3892	8.48178	0	0	0	0	0	0	0	0	0	0	0	0	0
05.500,00.000	29.8	5.5	-200	0	4.5	559.62	195.04	210.119	71.805	21.3212	28.632	23.7294	8.73248	0	0.241529	0	0	0	0	0	0	0	0	0	0	0
05.500,00.000	29.9	5.5	-200	0	4.5	560.931	195.584	210.397	72.0136	21.401	28.6483	23.8425	8.74291	0	0.301357	0	0	0	0	0	0	0	0	0	0	0
05.500,00.000	30	5.5	-200	0	4.5	580.345	203.786	214.563	74.9131	22.5922	28.8559	25.5326	9.08071	0	1.0215	0	0	0	0	0	0	0	0	0	0	0
05.500,00.000	30.1	5.5	-200	0	4.5	588.781	207.516	216.249	76.1252	23.1424	28.9106	26.2698	9.22217	0	1.34597	0	0	0	0	0	0	0	0	0	0	0
05.500,00.000	30.2	5.5	-200	0	4.5	592.054	208.845	217.02	76.6164	23.3591	28.9409	26.5238	9.28401	0	1.46514	0	0	0	0	0	0	0	0	0	0	0
05.500,00.000	30.3	5.5	-200	0	4.5	595.532	210.072	217.961	77.2139	23.592	28.9754	26.7826	9.34932	0	1.58665	0	0	0	0	0	0	0	0	0	0	0
05.500,00.000	30.4	5.5	-200	0	4.5	602.928	212.629	219.825	78.7162	24.0842	29.0531	27.3047	9.48692	0	1.82961	0	0	0	0	0	0	0	0	0	0	0
05.500,00.000	30.5	5.5	-200	0	4.5	606.812	214.024	220.753	79.5081	24.3505	29.0963	27.5669	9.55705	0	1.95644	0	0	0	0	0	0	0	0	0	0	0
05.500,00.000	30.6	5.5	-200	0	4.5	610.575	215.218	221.742	80.3078	24.6211	29.1453	27.8304	9.63153	0	2.07875	0	0	0	0	0	0	0	0	0	0	0
05.500,00.000	30.7	5.5	-200	0	4.5	614.005	216.024	222.807	81.0823	24.8968	29.1988	28.0895	9.7063	0	2.20014	0	0	0	0	0	0	0	0	0	0	0
05.500,00.000	30.8	5.5	-200	0	4.5	647.13	224.92	233.107	87.9674	27.3759	29.7473	30.3694	10.3982	0	3.24452	0	0	0	0	0	0	0	0	0	0	0
05.500,00.000	30.9	5.5	-200	0	4.5	653.097	226.692	235.01	88.9811	27.8233	29.8577	30.7626	10.5251	0	3.30966	0.134876	0	0	0	0	0	0	0	0	0	0
05.500,00.000	31	5.5	-200	0	4.5	655.755	227.536	235.789	89.4565	28.0195	29.9198	30.9296	10.5803	0	3.28581	0.238915	0	0	0	0	0	0	0	0	0	0
05.500,00.000	31.1	5.5	-200	0	4.5	658.005	228.25	236.448	89.8562	28.1875	29.9738	31.07	10.6273	0	3.26122	0.33184	0	0	0	0	0	0	0	0	0	0
05.500,00.000	31.2	5.5	-200	0	4.5	658.267	228.33	236.524	89.9061	28.2068	29.9808	31.0863	10.6328	0	3.26122	0.339255	0	0	0	0	0	0	0	0	0	0
05.500,00.000	31.3	5.5	-200	0	4.5	658.503	228.403	236.592	89.9509	28.2243	29.9876	31.1006	10.6377	0	3.26122	0.345699	0	0	0	0	0	0	0	0	0	0
05.500,00.000	31.4	5.5	-200	0	4.5	658.54	228.415	236.602	89.9576	28.227	29.9887	31.1028	10.6384	0	3.26122	0.346709	0	0	0	0	0	0	0	0	0	0
05.500,00.000	31.5	5.5	-200	0	4.5	658.54	228.415	236.602	89.9574	28.227	29.9887	31.1027	10.6384	0	3.26122	0.346709	0	0	0	0	0	0	0	0	0	0
05.500,00.000	31.6	5.5	-200	0	4.5	682.841	236.453	242.696	94.4816	30.2959	30.9987	32.3327	11.2472	0	3.26122	1.07407	0	0	0	0	0	0	0	0	0	0
05.500,00.000	31.7	5.5	-200	0	4.5	706.216	245.165	248.255	98.6	32.3724	32.1752	32.5368	11.987	0	3.26122	1.86388	0	0	0	0	0	0	0	0	0	0
05.500,00.000	31.8	5.5	-200	0	4.5	711.316	247.271	249.255	99.5048	32.8255	32.4396	32.5748	12.1521	0	3.26122	2.03244	0	0	0	0	0	0	0	0	0	0
05.500,00.000	31.9	5.5	-200	0	4.5	711.302	247.268	249.259	99.498	32.8205	32.4366	32.5728	12.1541	0	3.26122	2.03244	0	0	0	0	0	0	0	0	0	0
05.500,00.000	32	5.5	-200	0	4.5	728.282	254.485	252.412	102.498	34.3021	33.453	32.6709	12.6625	0	3.26122	2.53666	0	0	0	0	0	0	0	0	0	0
05.500,00.000	32.1	5.5	-200	0	4.5	736.033	257.656	253.931	103.903	34.9456	33.9456	32.7063	12.9115	0	3.26122	2.77251	0	0	0	0	0	0	0	0	0	0
05.500,00.000	32.2	5.5	-200	0	4.5	739.269	259.029	254.543	104.471	35.2141	34.1593	32.7216	13.0064	0	3.26122	2.86289	0	0	0	0	0	0	0	0	0	0
05.500,00.000	32.3	5.5	-200	0	4.5	742.249	260.277	255.116	104.995	35.4612	34.3673	32.7356	13.0917	0	3.26122	2.94334	0	0	0	0	0	0	0	0	0	0
05.500,00.000	32.4	5.5	-200	0	4.5	751.571	264.356	256.866	106.586	36.1777	35.0283	32.7755	13.3434	0	3.26122	3.17686	0	0	0	0	0	0	0	0	0	0
05.500,00.000	32.5	5.5	-200	0	4.5	757.091	266.781	257.913	107.523	36.5909	35.4232	32.7974	13.4907	0	3.26122	3.31041	0	0	0	0	0	0	0	0	0	0
05.500,00.000	32.6	5.5	-200	0	4.5	760.845	268.397	258.638	108.16	36.8759	35.7111	32.814	13.5882	0	3.26122	3.3989	0	0	0	0	0	0	0	0	0	0
05.500,00.000	32.7	5.5	-200	0	4.5	779.13	275.533	262.446	111.465	38.2831	37.2843	32.9085	14.091	0	3.26122	3.85818	0	0	0	0	0	0	0	0	0	0
05.500,00.000	32.8	5.5	-200	0	4.5	791.351	280.428	265.106	113.61	39.1123	38.2979	32.9803	14.4101	0	3.26122	4.14504	0	0	0	0	0	0	0	0	0	0
05.500,00.000	32.9	5.5	-200	0	4.5	791.81	280.613	265.211	113.692	39.1383	38.3339	32.9832	14.4216	0	3.26122	4.15568	0	0	0	0	0	0	0	0	0	0
05.500,00.000	33	5.5	-200	0	4.5	812.613	288.854	270.133	117.155	40.5213	40.0379	33.1518	14.9173	0	3.26122	4.58043	0	0	0	0	0	0	0	0	0	0
05.500,00.000	33.1	5.5	-200	0	4.5	822.745	292.901	272.538	118.839	41.1614	40.8564	33.2504	15.1541	0	3.26122	4.78298	0	0	0	0	0	0	0	0	0	0
05.500,00.000	33.2	5.5	-200	0	4.5	827.165	294.752	273.544	119.539	41.4436	41.2135	33.2989	15.25	0	3.26122	4.86331	0	0	0	0	0	0	0	0	0	0
05.500,00.000	33.3	5.5	-200	0	4.5	831.077	296.408	274.431	120.148	41.6911	41.5286	33.3464	15.3311	0	3.26122	4.93055	0	0	0	0	0	0	0	0	0	0
05.500,00.000	33.4	5.5	-200	0	4.5	840.757	300.566	276.639	121.612	42.2956	42.3037	33.4724	15.5216	0	3.26122	5.08612	0	0	0	0	0	0	0	0	0	0
05.500,00.000	33.5	5.5	-200	0	4.5	842.856	301.479	277.116	121.933	42.417	42.4649	33.5023	15.5624	0	3.26122	5.11962	0	0	0	0	0	0	0	0	0	0
05.500,00.000	33.6	5.5	-200	0	4.5	853.786	305.698	279.658	123.777	43.1961	43.4225	33.6839	15.7894	0	3.26122	5.30007	0	0	0	0	0	0	0	0	0	0
05.500,00.000	33.7	5.5	-200	0	4.5	870.712	312.322	283.5	126.892	44.3539	44.7719	33.9709	16.0983	0	3.26122	5.54244	0	0	0	0	0	0	0	0	0	0
05.500,00.000	33.8	5.5	-200	0	4.5	873.945	313.599	284.242	127.471	44.5724	45.0207	34.0314	16.1585	0	3.26122	5.58922	0	0	0	0	0	0	0	0	0	0
05.500,00.000	33.9	5.5	-200	0	4.5	874.16	313.684	284.291	127.509	44.5873	45.0381	34.0355	16.1622	0	3.26122	5.59204	0	0	0	0	0	0	0	0	0	0
05.500,00.000	34	5.5	-200	0	4.5	875.307	314.137	284.554	127.71	44.666	45.1293	34.0602	16.1819	0	3.26122	5.60666	0	0	0	0	0	0	0	0	0	0
05.500,00.000	34.1	5.5	-200	0	4.5	886.622	318.681	287.123	129.628	45.4495	46.0651	34.3	16.3701	5.88418e-14	3.26122	5.74448	0	0	0	0	0	0	0	0	0	0
05.500,00.000	34.2	5.5	-200	0	4.5	893.496	321.366	288.79	130.762	45.8875	46.6331	34.4565	16.484	0.0276171	3.26122	5.82726	0	0	0	0	0	0	0	0	0	0
05.500,00.000	34.3	5.5	-200	0	4.5	898.417	323.308	289.955	131.577	46.2193	47.0344	34.5699	16.5623	0.0473236	3.26122	5.88293	0	0	0	0	0	0	0	0	0	0
05.500,00.000	34.4	5.5	-200	0	4.5	907.981	327.119	292.205	133.119	46.8834	47.8192	34.7948	16.7088	0.0855358	3.26122	5.98516	0	0	0	0	0	0	0	0	0	0
05.500,00.000	34.5	5.5	-200	0	4.5	910.059	327.947	292.724	133.442	47.0207	47.9748	34.8475	16.7409	0.0940998	3.26122	6.00742	0	0	0	0	0	0	0	0	0	0
05.500,00.000	34.6	5.5	-200	0	4.5	921.157	332.129	295.324	135.241	47.8917	48.9796	35.1446	16.915	0.143595	3.26122	6.12711	0	0	0	0	0	0	0	0	0	0
05.500,00.000	34.7	5.5	-200	0	4.5	946.519	342.033	301.41	139.061	49.7627	51.187	35.8135	17.2833	0.326011	3.26122	6.38205	0	0	0	0	0	0	0	0	0	0
05.500,00.000	34.8	5.5	-200	0	4.5	950.716	343.66	302.425	139.632	50.0558	51.5227	35.9383	17.3433	0.452938	3.26122	6.42401	0	0	0	0	0	0	0	0	0	0
05.500,00.000	34.9	5.5	-200	0	4.5	950.886	343.725	302.464	139.658	50.0681	51.5379	35.9433	17.3454	0.457466	3.26122	6.42555	0	0	0	0	0	0	0	0	0	0
05.500,00.000	35	5.5	-200	0	4.5	951.236	343.857	302.545	139.71	50.0932	51.5696	35.9539	17.3497	0.467698	3.26122	6.4286	0	0	0	0	0	0	0	0	0	0
05.500,00.000	35.1	5.5	-200	0	4.5	966.645	349.569	306.066	142.039	51.2376	52.9903	36.4451	17.5283	0.951068	3.26122	6.55744	0	0	0	0	0	0	0	0	0	0
05.500,00.000	35.2	5.5	-200	0	4.5	975.489	352.87	308.101	143.327	51.8805	53.7843	36.7481	17.6272	1.26019	3.26122	6.62935	0	0	0	0	0	0	0	0	0	0
05.500,00.000	35.3	5.5	-200	0	4.5	980.822	354.854	309.309	144.122	52.2596	54.2831	36.9265	17.6825	1.4433	3.27264	6.66997	0	0	0	0	0	0	0	0	0	0
05.500,00.000	35.4	5.5	-200	0	4.5	986.251	356.891	310.522	144.931	52.6429	54.7951	37.1106	17.7355	1.62765	3.28535	6.70921	0	0	0	0	0	0	0	0	0	0
05.500,00.000	35.5	5.5	-200	0	4.5	991.725	358.958	311.727	145.746	53.0318	55.3186	37.3	17.786	1.81258	3.29859	6.74695	0	0	0	0	0	0	0	0	0	0
05.500,00.000	35.6	5.5	-200	0	4.5	998.572	361.556	313.165	146.778	53.5303	55.9957	37.5432	17.8474	2.04863	3.31514	6.79311	0	0	0	0	0	0	0	0	0	0
05.500,00.000	35.7	5.5	-200	0	4.5	1015.51	367.76	316.742	149.356	54.8054	57.7435	38.1647	17.9978	2.45583	3.58231	6.90712	0	0	0	0	0	0	0	0	0	0
05.500,00.000	35.8	5.5	-200	0	4.5	1037.9	376.031	321.386	152.767	56.451	60.0709	39.0208	18.182	2.69193	4.25121	7.04776	0	0	0	0	0	0	0	0	0	0
05.500,00.000	35.9	5.5	-200	0	4.5	1040.67	377.037	321.963	153.174	56.6629	60.3547	39.1468	18.2048	2.72331	4.34173	7.06526	0	0	0	0	0	0	0	0	0	0
05.500,00.000	36	5.5	-200	0	4.5	1041.2	377.229	322.07	153.254	56.7055	60.4121	39.1706	18.2087	2.72928	4.35826	7.06829	0	0	0	0	0	0	0	0	0	0
05.500,00.000	36.1	5.5	-200	0	4.5	1054.19	382.022	324.709	155.153	57.7296	61.8165	39.7215	18.296	2.87125	4.73851	7.13694	0	0	0	0	0	0	0	0	0	0
05.500,00.000	36.2	5.5	-200	0	4.5	1063.07	385.288	326.534	156.42	58.4305	62.7752	40.1122	18.3532	2.96895	5.00386	7.18222	0	0	0	0	0	0	0	0	0	0
05.500,00.000	36.3	5.5	-200	0	4.5	1068.8	387.396	327.692	157.248	58.8828	63.4081	40.3733	18.3869	3.03149	5.17035	7.20928	0	0	0	0	0	0	0	0	0	0
05.500,00.000	36.4	5.5	-200	0	4.5	1082.86	392.496	330.532	159.295	60.0002	65.0016	41.022	18.4632	3.20516	5.5758	7.27143	0	0	0	0	0	0	0	0	0	0
05.500,00.000	36.5	5.5	-200	0	4.5	1085.67	393.557	331.081	159.689	60.2068	65.3148	41.1685	18.4782	3.24486	5.66338	7.26727	0	0	0	0	0	0	0	0	0	0
05.500,00.000	36.6	5.5	-200	0	4.5	1101.59	399.623	334.124	161.923	61.3633	67.1907	41.9371	18.5538	3.46944	6.12937	7.27797	0	0	0	0	0	0	0	0	0	0
05.500,00.000	36.7	5.5	-200	0	4.5	1107.17	401.758	335.094	162.461	62.0337	67.8733	42.2352	18.5813	3.55414	6.31021	7.26802	0	0	0	0	0	0	0	0	0	0
05.500,00.000	36.8	5.5	-200	0	4.5	1124.97	408.576	338.276	164.481	63.8344	70.058	43.1494	18.6571	3.81275	6.85059	7.27646	0	0	0	0	0	0	0	0	0	0
05.500,00.000	36.9	5.5	-200	0	4.5	1128.46	409.933	338.882	164.823	64.204	70.4547	43.3917	18.6714	3.868	6.96643	7.26568	0	0	0	0	0	0	0	0	0	0
05.500,00.000	37	5.5	-200	0	4.5	1132.05	411.294	339.519	165.189	64.5631	70.8836	43.6559	18.6841	3.9221	7.07775	7.26519	0	0	0	0	0	0	0	0	0	0
05.500,00.000	37.1	5.5	-200	0	4.5	1137.69	413.435	340.514	165.751	65.1183	71.5533	44.0907	18.703	4.00579	7.25565	7.26267	0	0	0	0	0	0	0	0	0	0
05.500,00.000	37.2	5.5	-200	0	4.5	1143.94	415.826	341.622	166.357	65.7173	72.3007	44.5868	18.7223	4.09555	7.45076	7.25911	0	0	0	0	0	0	0	0	0	0
05.500,00.000	37.3	5.5	-200	0	4.5	1150.44	418.306	342.774	166.989	66.3372	73.0891	45.1106	18.741	4.18647	7.65295	7.25685	0	0	0	0	0	0	0	0	0	0
05.500,00.000	37.4	5.5	-200	0	4.5	1157.33	420.958	343.969	167.654	66.9845	73.9297	45.6741	18.7592	4.28003	7.86643	7.25512	0	0	0	0	0	0	0	0	0	0
05.500,00.000	37.5	5.5	-200	0	4.5	1160.79	422.286	344.575	167.979	67.3084	74.352	45.9649	18.7676	4.32587	7.97547	7.25364	0	0	0	0	0	0	0	0	0	0
05.500,00.000	37.6	5.5	-200	0	4.5	1168.71	425.38	345.882	168.724	68.0487	75.3401	46.6435	18.785	4.42808	8.22035	7.25373	0	0	0	0	0	0	0	0	0	0
05.500,00.000	37.7	5.5	-200	0	4.5	1176.69	428.477	347.191	169.429	68.8118	76.3644	47.3477	18.8017	4.53352	8.48379	7.2529	0	0	0	0	0	0	0	0	0	0
05.500,00.000	37.8	5.5	-200	0	4.5	1195.5	435.734	350.318	171.149	70.5732	78.756	49.0287	18.8351	4.76656	9.08355	7.25295	0	0	0	0	0	0	0	0	0	0
05.500,00.000	37.9	5.5	-200	0	4.5	1198.66	436.97	350.85	171.415	70.8703	79.1492	49.3183	18.8404	4.80601	9.19208	7.25131	0	0	0	0	0	0	0	0	0	0
05.500,00.000	38	5.5	-200	0	4.5	1212.43	442.321	353.136	172.63	72.1642	80.859	50.5332	18.9322	4.96435	9.63298	7.25177	0	0	0	0	0	0	0	0	0	0
05.500,00.000	38.1	5.5	-200	0	4.5	1217.66	444.385	353.999	173.075	72.6976	81.4416	50.8781	19.0878	5.02451	9.81436	7.25173	0	0	0	0	0	0	0	0	0	0
05.500,00.000	38.2	5.5	-200	0	4.5	1223.34	446.638	354.941	173.567	73.231	82.1059	51.2646	19.2531	5.08575	10.001	7.25171	0	0	0	0	0	0	0	0	0	0
05.500,00.000	38.3	5.5	-200	0	4.5	1228.31	448.616	355.773	173.982	73.6998	82.6763	51.6113	19.3981	5.13784	10.1686	7.2517	0	0	0	0	0	0	0	0	0	0
05.500,00.000	38.4	5.5	-200	0	4.5	1239.93	453.253	357.684	174.971	74.7801	84.0123	52.4316	19.735	5.25406	10.556	7.25169	0	0	0	0	0	0	0	0	0	0
05.500,00.000	38.5	5.5	-200	0	4.5	1242.22	454.168	358.074	175.147	75.0022	84.2574	52.6046	19.8019	5.27673	10.6389	7.25169	0	0	0	0	0	0	0	0	0	0
05.500,00.000	38.6	5.5	-200	0	4.5	1251.76	458.035	359.616	175.937	75.8724	85.339	53.3042	20.0806	5.36482	10.9621	7.25168	0	0	0	0	0	0	0	0	0	0
05.500,00.000	38.7	5.5	-200	0	4.5	1263.92	462.885	361.695	176.895	76.9336	86.6663	54.2698	20.4326	5.47148	11.4162	7.25168	0	0	0	0	0	0	0	0	0	0
05.500,00.000	38.8	5.5	-200	0	4.5	1268.84	464.886	362.51	177.282	77.3654	87.1903	54.6684	20.5752	5.51275	11.6	7.25168	0	0	0	0	0	0	0	0	0	0
05.500,00.000	38.9	5.5	-200	0	4.5	1270.29	465.47	362.762	177.398	77.4847	87.3448	54.7863	20.6176	5.52419	11.6533	7.25168	0	0	0	0	0	0	0	0	0	0
05.500,00.000	39	5.5	-200	0	4.5	1270.38	465.507	362.778	177.405	77.4924	87.3542	54.7942	20.6203	5.52488	11.6569	7.25168	0	0	0	0	0	0	0	0	0	0
05.500,00.000	39.1	5.5	-200	0	4.5	1279.5	469.2	364.333	178.124	78.243	88.2682	55.5897	20.8927	5.58919	12.0076	7.25168	0	0	0	0	0	0	0	0	0	0
05.500,00.000	39.2	5.5	-200	0	4.5	1285.05	471.444	365.3	178.553	78.7001	88.7997	56.0897	21.0595	5.62676	12.2282	7.25167	0	0	0	0	0	0	0	0	0	0
05.500,00.000	39.3	5.5	-200	0	4.5	1289.5	473.258	366.089	178.899	79.0382	89.2139	56.496	21.1945	5.65458	12.4024	7.25167	0	0	0	0	0	0	0	0	0	0
05.500,00.000	39.4	5.5	-200	0	4.5	1296.16	475.971	367.274	179.418	79.5532	89.8196	57.1116	21.4001	5.69367	12.6671	7.25167	0	0	0	0	0	0	0	0	0	0
05.500,00.000	39.5	5.5	-200	0	4.5	1299.57	477.368	367.895	179.687	79.8103	90.1192	57.4176	21.5065	5.71249	12.8057	7.25167	0	0	0	0	0	0	0	0	0	0
05.500,00.000	39.6	5.5	-200	0	4.5	1310.02	481.753	369.693	180.512	80.4484	91.0701	58.4047	21.8608	5.76846	13.258	7.25167	0	0	0	0	0	0	0	0	0	0
05.500,00.000	39.7	5.5	-200	0	4.5	1313.05	483.09	370.228	180.746	80.5756	91.3292	58.6838	21.9633	5.78382	13.3945	7.25167	0	0	0	0	0	0	0	0	0	0
05.500,00.000	39.8	5.5	-200	0	4.5	1315.63	484.205	370.705	180.949	80.6827	91.5463	58.93	22.0523	5.79555	13.5075	7.25167	0	0	0	0	0	0	0	0	0	0
05.500,00.000	39.9	5.5	-200	0	4.5	1319.26	485.791	371.37	181.234	80.821	91.8446	59.2895	22.1803	5.81101	13.6715	7.25167	0	0	0	0	0	0	0	0	0	0
05.500,00.000	40	5.5	-200	0	4.5	1321.32	486.685	371.76	181.392	80.8971	92.0069	59.4897	22.2537	5.81916	13.767	7.25167	0	0	0	0	0	0	0	0	0	0
05.500,00.000	40.1	5.5	-200	0	4.5	1325.65	488.575	372.579	181.73	81.0496	92.3363	59.909	22.4122	5.83458	13.9702	7.25167	0	0	0	0	0	0	0	0	0	0
05.500,00.000	40.2	5.5	-200	0	4.5	1329.16	490.108	373.255	182	81.1702	92.5947	60.256	22.5429	5.84596	14.1389	7.25167	0	0	0	0	0	0	0	0	0	0
05.500,00.000	40.3	5.5	-200	0	4.5	1331.85	491.286	373.762	182.208	81.2572	92.7877	60.5306	22.646	5.85363	14.27	7.25167	0	0	0	0	0	0	0	0	0	0
05.500,00.000	40.4	5.5	-200	0	4.5	1334.89	492.62	374.344	182.449	81.3505	92.9952	60.832	22.766	5.86106	14.4208	7.25167	0	0	0	0	0	0	0	0	0	0
05.500,00.000	40.5	5.5	-200	0	4.5	1339.27	494.414	375.318	182.802	81.4786	93.2823	61.275	22.9413	5.86986	14.6409	7.25167	0	0	0	0	0	0	0	0	0	0
05.500,00.000	40.6	5.5	-200	0	4.5	1343.39	496.048	376.303	183.12	81.5937	93.5442	61.684	23.1143	5.87664	14.8577	7.25167	0	0	0	0	0	0	0	0	0	0
05.500,00.000	40.7	5.5	-200	0	4.5	1348.32	497.996	377.497	183.517	81.7248	93.8233	62.1872	23.3237	5.88261	15.1178	7.25167	0	0	0	0	0	0	0	0	0	0
05.500,00.000	40.8	5.5	-200	0	4.5	1350.15	498.722	377.94	183.663	81.7739	93.9204	62.3784	23.4038	5.88433	15.2167	7.25167	0	0	0	0	0	0	0	0	0	0
05.500,00.000	40.9	5.5	-200	0	4.5	1352.56	499.675	378.535	183.86	81.8342	94.0405	62.6161	23.5138	5.88543	15.3472	7.25167	0	0	0	0	0	0	0	0	0	0
05.500,00.000	41	5.5	-200	0	4.5	1355.33	500.674	379.308	184.088	81.9037	94.1685	62.904	23.6443	5.88588	15.5011	7.25167	0	0	0	0	0	0	0	0	0	0
05.500,00.000	41.1	5.5	-200	0	4.5	1356.19	500.945	379.591	184.159	81.9243	94.2046	62.9962	23.6855	5.8859	15.5499	7.25167	0	0	0	0	0	0	0	0	0	0
05.500,00.000	41.2	5.5	-200	0	4.5	1360.2	502.324	380.738	184.504	82.0204	94.3722	63.4404	23.887	5.8859	15.7802	7.25167	0	0	0	0	0	0	0	0	0	0
05.500,00.000	41.3	5.5	-200	0	4.5	1361.81	502.899	381.152	184.651	82.0597	94.4351	63.6187	23.9746	5.8859	15.8798	7.25167	0	0	0	0	0	0	0	0	0	0
05.500,00.000	41.4	5.5	-200	0	4.5	1366.08	504.391	382.29	185.053	82.1579	94.5951	64.1037	24.2121	5.8859	16.1385	7.25167	0	0	0	0	0	0	0	0	0	0
05.500,00.000	41.5	5.5	-200	0	4.5	1367	504.718	382.526	185.144	82.1797	94.6245	64.2089	24.2654	5.8859	16.1961	7.25167	0	0	0	0	0	0	0	0	0	0
05.500,00.000	41.6	5.5	-200	0	4.5	1370.1	505.803	383.361	185.438	82.2381	94.7229	64.5459	24.456	5.8859	16.3971	7.25167	0	0	0	0	0	0	0	0	0	0
05.500,00.000	41.7	5.5	-200	0	4.5	1371.92	506.322	383.962	185.62	82.2724	94.7741	64.7433	24.5704	5.8859	16.5158	7.25167	0	0	0	0	0	0	0	0	0	0
05.500,00.000	41.8	5.5	-200	0	4.5	1373.67	506.746	384.622	185.805	82.3043	94.8179	64.9194	24.6863	5.8859	16.6317	7.25167	0	0	0	0	0	0	0	0	0	0
05.500,00.000	41.9	5.5	-200	0	4.5	1375.5	507.019	385.477	186.006	82.3366	94.8595	65.104	24.8112	5.8859	16.7522	7.25167	0	0	0	0	0	0	0	0	0	0
05.500,00.000	42	5.5	-200	0	4.5	1377.27	507.263	386.312	186.207	82.3658	94.897	65.2871	24.9358	5.8859	16.8683	7.25166	0	0	0	0	0	0	0	0	0	0