
label	time(d)	x	depth	z	radius	total	0-10	10-20	20-30	30-40	40-50	50-60	60-70	70-80	80-90	90-100	100-110	110-120	120-130	130-140	140-150	150-160	160-170	170-180	180-190	190-200
00.000,00.000	0	0	-200	0	4.5	0	0	0	0	0	0	0	0	0	0	0	0	0	0	0	0	0	0	0	0	0
00.000,00.000	0.1	0	-200	0	4.5	0.293975	0.293975	0	0	0	0	0	0	0	0	0	0	0	0	0	0	0	0	0	0	0
00.000,00.000	0.2	0	-200	0	4.5	0.590922	0.590922	0	0	0	0	0	0	0	0	0	0	0	0	0	0	0	0	0	0	0
00.000,00.000	0.3	0	-200	0	4.5	0.890001	0.890001	0	0	0	0	0	0	0	0	0	0	0	0	0	0	0	0	0	0	0
00.000,00.000	0.4	0	-200	0	4.5	1.19143	1.19143	0	0	0	0	0	0	0	0	0	0	0	0	0	0	0	0	0	0	0
00.000,00.000	0.5	0	-200	0	4.5	1.4952	1.4952	0	0	0	0	0	0	0	0	0	0	0	0	0	0	0	0	0	0	0
00.000,00.000	0.6	0	-200	0	4.5	1.80103	1.80103	0	0	0	0	0	0	0	0	0	0	0	0	0	0	0	0	0	0	0
00.000,00.000	0.7	0	-200	0	4.5	2.1089	2.1089	0	0	0	0	0	0	0	0	0	0	0	0	0	0	0	0	0	0	0
00.000,00.000	0.8	0	-200	0	4.5	2.41873	2.41873	0	0	0	0	0	0	0	0	0	0	0	0	0	0	0	0	0	0	0
00.000,00.000	0.9	0	-200	0	4.5	2.72994	2.72994	0	0	0	0	0	0	0	0	0	0	0	0	0	0	0	0	0	0	0
00.000,00.000	1	0	-200	0	4.5	3.04123	3.04123	0	0	0	0	0	0	0	0	0	0	0	0	0	0	0	0	0	0	0
00.000,00.000	1.1	0	-200	0	4.5	3.35786	3.35786	0	0	0	0	0	0	0	0	0	0	0	0	0	0	0	0	0	0	0
00.000,00.000	1.2	0	-200	0	4.5	3.68336	3.68336	0	0	0	0	0	0	0	0	0	0	0	0	0	0	0	0	0	0	0
00.000,00.000	1.3	0	-200	0	4.5	4.01955	4.01955	0	0	0	0	0	0	0	0	0	0	0	0	0	0	0	0	0	0	0
00.000,00.000	1.4	0	-200	0	4.5	4.36756	4.36756	0	0	0	0	0	0	0	0	0	0	0	0	0	0	0	0	0	0	0
00.000,00.000	1.5	0	-200	0	4.5	4.72812	4.72812	0	0	0	0	0	0	0	0	0	0	0	0	0	0	0	0	0	0	0
00.000,00.000	1.6	0	-200	0	4.5	5.10262	5.10262	0	0	0	0	0	0	0	0	0	0	0	0	0	0	0	0	0	0	0
00.000,00.000	1.7	0	-200	0	4.5	5.48916	5.48916	0	0	0	0	0	0	0	0	0	0	0	0	0	0	0	0	0	0	0
00.000,00.000	1.8	0	-200	0	4.5	5.88926	5.88926	0	0	0	0	0	0	0	0	0	0	0	0	0	0	0	0	0	0	0
00.000,00.000	1.9	0	-200	0	4.5	6.32889	6.32889	0	0	0	0	0	0	0	0	0	0	0	0	0	0	0	0	0	0	0
00.000,00.000	2	0	-200	0	4.5	6.81564	6.81564	0	0	0	0	0	0	0	0	0	0	0	0	0	0	0	0	0	0	0
00.000,00.000	2.1	0	-200	0	4.5	7.38127	7.38127	0	0	0	0	0	0	0	0	0	0	0	0	0	0	0	0	0	0	0
00.000,00.000	2.2	0	-200	0	4.5	8.09836	8.07719	0.0211708	0	0	0	0	0	0	0	0	0	0	0	0	0	0	0	0	0	0
00.000,00.000	2.3	0	-200	0	4.5	8.96431	8.66992	0.29439	0	0	0	0	0	0	0	0	0	0	0	0	0	0	0	0	0	0
00.000,00.000	2.4	0	-200	0	4.5	9.96377	9.38902	0.574749	0	0	0	0	0	0	0	0	0	0	0	0	0	0	0	0	0	0
00.000,00.000	2.5	0	-200	0	4.5	11.0754	10.2204	0.854962	0	0	0	0	0	0	0	0	0	0	0	0	0	0	0	0	0	0
00.000,00.000	2.6	0	-200	0	4.5	12.2942	11.1601	1.1341	0	0	0	0	0	0	0	0	0	0	0	0	0	0	0	0	0	0
00.000,00.000	2.7	0	-200	0	4.5	13.6268	12.2141	1.41268	0	0	0	0	0	0	0	0	0	0	0	0	0	0	0	0	0	0
00.000,00.000	2.8	0	-200	0	4.5	15.0978	13.4062	1.69159	0	0	0	0	0	0	0	0	0	0	0	0	0	0	0	0	0	0
00.000,00.000	2.9	0	-200	0	4.5	16.7428	14.769	1.97377	0	0	0	0	0	0	0	0	0	0	0	0	0	0	0	0	0	0
00.000,00.000	3	0	-200	0	4.5	18.5431	16.2816	2.26159	0	0	0	0	0	0	0	0	0	0	0	0	0	0	0	0	0	0
00.000,00.000	3.1	0	-200	0	4.5	20.4272	17.8729	2.55428	0	0	0	0	0	0	0	0	0	0	0	0	0	0	0	0	0	0
00.000,00.000	3.2	0	-200	0	4.5	22.2743	19.4279	2.84649	0	0	0	0	0	0	0	0	0	0	0	0	0	0	0	0	0	0
00.000,00.000	3.3	0	-200	0	4.5	24.1123	20.9737	3.13861	0	0	0	0	0	0	0	0	0	0	0	0	0	0	0	0	0	0
00.000,00.000	3.4	0	-200	0	4.5	25.9337	22.5028	3.43089	0	0	0	0	0	0	0	0	0	0	0	0	0	0	0	0	0	0
00.000,00.000	3.5	0	-200	0	4.5	27.7201	23.9982	3.72189	0	0	0	0	0	0	0	0	0	0	0	0	0	0	0	0	0	0
00.000,00.000	3.6	0	-200	0	4.5	29.4719	25.4608	4.01107	0	0	0	0	0	0	0	0	0	0	0	0	0	0	0	0	0	0
00.000,00.000	3.7	0	-200	0	4.5	31.1995	26.9007	4.29877	0	0	0	0	0	0	0	0	0	0	0	0	0	0	0	0	0	0
00.000,00.000	3.8	0	-200	0	4.5	32.9151	28.3298	4.58526	0	0	0	0	0	0	0	0	0	0	0	0	0	0	0	0	0	0
00.000,00.000	3.9	0	-200	0	4.5	34.6282	29.7578	4.87046	0	0	0	0	0	0	0	0	0	0	0	0	0	0	0	0	0	0
00.000,00.000	4	0	-200	0	4.5	36.3505	31.1952	5.15529	0	0	0	0	0	0	0	0	0	0	0	0	0	0	0	0	0	0
00.000,00.000	4.1	0	-200	0	4.5	38.0783	32.6379	5.44047	0	0	0	0	0	0	0	0	0	0	0	0	0	0	0	0	0	0
00.000,00.000	4.2	0	-200	0	4.5	39.8104	34.0837	5.72666	0	0	0	0	0	0	0	0	0	0	0	0	0	0	0	0	0	0
00.000,00.000	4.3	0	-200	0	4.5	41.5452	35.4776	6.06753	0	0	0	0	0	0	0	0	0	0	0	0	0	0	0	0	0	0
00.000,00.000	4.4	0	-200	0	4.5	43.2774	36.5773	6.70018	0	0	0	0	0	0	0	0	0	0	0	0	0	0	0	0	0	0
00.000,00.000	4.5	0	-200	0	4.5	44.9906	37.6679	7.32276	0	0	0	0	0	0	0	0	0	0	0	0	0	0	0	0	0	0
00.000,00.000	4.6	0	-200	0	4.5	46.4153	38.4732	7.94219	0	0	0	0	0	0	0	0	0	0	0	0	0	0	0	0	0	0
00.000,00.000	4.7	0	-200	0	4.5	47.6972	38.9924	8.70485	0	0	0	0	0	0	0	0	0	0	0	0	0	0	0	0	0	0
00.000,00.000	4.8	0	-200	0	4.5	48.7568	39.4866	9.27016	0	0	0	0	0	0	0	0	0	0	0	0	0	0	0	0	0	0
00.000,00.000	4.9	0	-200	0	4.5	49.8081	39.976	9.83209	0	0	0	0	0	0	0	0	0	0	0	0	0	0	0	0	0	0
00.000,00.000	5	0	-200	0	4.5	50.7399	40.3487	10.3912	0	0	0	0	0	0	0	0	0	0	0	0	0	0	0	0	0	0
00.000,00.000	5.1	0	-200	0	4.5	51.5454	40.584	10.9614	0	0	0	0	0	0	0	0	0	0	0	0	0	0	0	0	0	0
00.000,00.000	5.2	0	-200	0	4.5	52.0985	40.8248	11.2737	0	0	0	0	0	0	0	0	0	0	0	0	0	0	0	0	0	0
00.000,00.000	5.3	0	-200	0	4.5	52.6242	40.936	11.6882	0	0	0	0	0	0	0	0	0	0	0	0	0	0	0	0	0	0
00.000,00.000	5.4	0	-200	0	4.5	53.155	40.9608	12.1942	0	0	0	0	0	0	0	0	0	0	0	0	0	0	0	0	0	0
00.000,00.000	5.5	0	-200	0	4.5	53.6887	40.9921	12.6965	0	0	0	0	0	0	0	0	0	0	0	0	0	0	0	0	0	0
00.000,00.000	5.6	0	-200	0	4.5	54.227	41.0291	13.198	0	0	0	0	0	0	0	0	0	0	0	0	0	0	0	0	0	0
00.000,00.000	5.7	0	-200	0	4.5	54.7695	41.0714	13.6981	0	0	0	0	0	0	0	0	0	0	0	0	0	0	0	0	0	0
00.000,00.000	5.8	0	-200	0	4.5	55.3159	41.1192	13.9984	0.198275	0	0	0	0	0	0	0	0	0	0	0	0	0	0	0	0	0
00.000,00.000	5.9	0	-200	0	4.5	55.8716	41.1775	14.2187	0.475378	0	0	0	0	0	0	0	0	0	0	0	0	0	0	0	0	0
00.000,00.000	6	0	-200	0	4.5	56.3303	41.2472	14.3315	0.751556	0	0	0	0	0	0	0	0	0	0	0	0	0	0	0	0	0
00.000,00.000	6.1	0	-200	0	4.5	56.7033	41.334	14.3424	1.02685	0	0	0	0	0	0	0	0	0	0	0	0	0	0	0	0	0
00.000,00.000	6.2	0	-200	0	4.5	57.0919	41.4363	14.3541	1.30141	0	0	0	0	0	0	0	0	0	0	0	0	0	0	0	0	0
00.000,00.000	6.3	0	-200	0	4.5	57.485	41.5551	14.3546	1.57531	0	0	0	0	0	0	0	0	0	0	0	0	0	0	0	0	0
00.000,00.000	6.4	0	-200	0	4.5	57.8957	41.6912	14.356	1.84854	0	0	0	0	0	0	0	0	0	0	0	0	0	0	0	0	0
00.000,00.000	6.5	0	-200	0	4.5	58.3252	41.8454	14.3589	2.12092	0	0	0	0	0	0	0	0	0	0	0	0	0	0	0	0	0
00.000,00.000	6.6	0	-200	0	4.5	58.7806	42.0247	14.363	2.39282	0	0	0	0	0	0	0	0	0	0	0	0	0	0	0	0	0
00.000,00.000	6.7	0	-200	0	4.5	59.2625	42.2285	14.37	2.66401	0	0	0	0	0	0	0	0	0	0	0	0	0	0	0	0	0
00.000,00.000	6.8	0	-200	0	4.5	59.7753	42.4617	14.379	2.93456	0	0	0	0	0	0	0	0	0	0	0	0	0	0	0	0	0
00.000,00.000	6.9	0	-200	0	4.5	60.3276	42.7313	14.3916	3.20469	0	0	0	0	0	0	0	0	0	0	0	0	0	0	0	0	0
00.000,00.000	7	0	-200	0	4.5	60.921	43.039	14.4079	3.47412	0	0	0	0	0	0	0	0	0	0	0	0	0	0	0	0	0
00.000,00.000	7.1	0	-200	0	4.5	61.5613	43.3901	14.4283	3.74286	0	0	0	0	0	0	0	0	0	0	0	0	0	0	0	0	0
00.000,00.000	7.2	0	-200	0	4.5	62.2546	43.7908	14.453	4.01085	0	0	0	0	0	0	0	0	0	0	0	0	0	0	0	0	0
00.000,00.000	7.3	0	-200	0	4.5	63.0054	44.2437	14.4835	4.27819	0	0	0	0	0	0	0	0	0	0	0	0	0	0	0	0	0
00.000,00.000	7.4	0	-200	0	4.5	63.8163	44.7502	14.5213	4.54485	0	0	0	0	0	0	0	0	0	0	0	0	0	0	0	0	0
00.000,00.000	7.5	0	-200	0	4.5	64.6766	45.3006	14.5654	4.81053	0	0	0	0	0	0	0	0	0	0	0	0	0	0	0	0	0
00.000,00.000	7.6	0	-200	0	4.5	65.5983	45.9063	14.6163	5.07561	0	0	0	0	0	0	0	0	0	0	0	0	0	0	0	0	0
00.000,00.000	7.7	0	-200	0	4.5	66.588	46.5714	14.6767	5.34	0	0	0	0	0	0	0	0	0	0	0	0	0	0	0	0	0
00.000,00.000	7.8	0	-200	0	4.5	67.6467	47.2963	14.7466	5.60383	0	0	0	0	0	0	0	0	0	0	0	0	0	0	0	0	0
00.000,00.000	7.9	0	-200	0	4.5	68.7955	48.1012	14.8272	5.8672	0	0	0	0	0	0	0	0	0	0	0	0	0	0	0	0	0
00.000,00.000	8	0	-200	0	4.5	70.0293	48.9778	14.9216	6.12997	0	0	0	0	0	0	0	0	0	0	0	0	0	0	0	0	0
00.000,00.000	8.1	0	-200	0	4.5	71.358	49.9346	15.0313	6.39218	0	0	0	0	0	0	0	0	0	0	0	0	0	0	0	0	0
00.000,00.000	8.2	0	-200	0	4.5	72.8065	50.9957	15.1571	6.65377	0	0	0	0	0	0	0	0	0	0	0	0	0	0	0	0	0
00.000,00.000	8.3	0	-200	0	4.5	74.3908	52.1755	15.3005	6.91476	0	0	0	0	0	0	0	0	0	0	0	0	0	0	0	0	0
00.000,00.000	8.4	0	-200	0	4.5	76.1059	53.4664	15.4644	7.17509	0	0	0	0	0	0	0	0	0	0	0	0	0	0	0	0	0
00.000,00.000	8.5	0	-200	0	4.5	77.9044	54.825	15.6448	7.43451	0	0	0	0	0	0	0	0	0	0	0	0	0	0	0	0	0
00.000,00.000	8.6	0	-200	0	4.5	79.7981	56.2607	15.8441	7.69334	0	0	0	0	0	0	0	0	0	0	0	0	0	0	0	0	0
00.000,00.000	8.7	0	-200	0	4.5	81.7837	57.7714	16.0607	7.95164	0	0	0	0	0	0	0	0	0	0	0	0	0	0	0	0	0
00.000,00.000	8.8	0	-200	0	4.5	83.8701	59.3648	16.2957	8.20956	0	0	0	0	0	0	0	0	0	0	0	0	0	0	0	0	0
00.000,00.000	8.9	0	-200	0	4.5	86.1018	61.0841	16.5506	8.46719	0	0	0	0	0	0	0	0	0	0	0	0	0	0	0	0	0
00.000,00.000	9	0	-200	0	4.5	88.4903	62.9375	16.8285	8.72434	0	0	0	0	0	0	0	0	0	0	0	0	0	0	0	0	0
00.000,00.000	9.1	0	-200	0	4.5	91.0427	64.9325	17.1292	8.98098	0	0	0	0	0	0	0	0	0	0	0	0	0	0	0	0	0
00.000,00.000	9.2	0	-200	0	4.5	93.7629	67.07	17.4558	9.23718	0	0	0	0	0	0	0	0	0	0	0	0	0	0	0	0	0
00.000,00.000	9.3	0	-200	0	4.5	96.6481	69.3543	17.8008	9.49298	0	0	0	0	0	0	0	0	0	0	0	0	0	0	0	0	0
00.000,00.000	9.4	0	-200	0	4.5	99.6844	71.74	18.1959	9.74843	0	0	0	0	0	0	0	0	0	0	0	0	0	0	0	0	0
00.000,00.000	9.5	0	-200	0	4.5	102.812	74.1773	18.6316	10.0033	0	0	0	0	0	0	0	0	0	0	0	0	0	0	0	0	0
00.000,00.000	9.6	0	-200	0	4.5	106.038	76.7064	19.0732	10.181	0.076947	0	0	0	0	0	0	0	0	0	0	0	0	0	0	0	0
00.000,00.000	9.7	0	-200	0	4.5	109.364	79.3308	19.521	10.1809	0.331566	0	0	0	0	0	0	0	0	0	0	0	0	0	0	0	0
00.000,00.000	9.8	0	-200	0	4.5	112.816	82.071	19.9778	10.1808	0.586169	0	0	0	0	0	0	0	0	0	0	0	0	0	0	0	0
00.000,00.000	9.9	0	-200	0	4.5	116.458	84.9835	20.4528	10.1808	0.840818	0	0	0	0	0	0	0	0	0	0	0	0	0	0	0	0
00.000,00.000	10	0	-200	0	4.5	120.293	88.0758	20.9406	10.1814	1.09516	0	0	0	0	0	0	0	0	0	0	0	0	0	0	0	0
00.000,00.000	10.1	0	-200	0	4.5	124.327	91.3512	21.4437	10.1827	1.3494	0	0	0	0	0	0	0	0	0	0	0	0	0	0	0	0
00.000,00.000	10.2	0	-200	0	4.5	128.556	94.7964	21.9701	10.186	1.6036	0	0	0	0	0	0	0	0	0	0	0	0	0	0	0	0
00.000,00.000	10.3	0	-200	0	4.5	132.986	98.4155	22.5208	10.1923	1.85762	0	0	0	0	0	0	0	0	0	0	0	0	0	0	0	0
00.000,00.000	10.4	0	-200	0	4.5	137.573	102.179	23.0823	10.2015	2.11119	0	0	0	0	0	0	0	0	0	0	0	0	0	0	0	0
00.000,00.000	10.5	0	-200	0	4.5	142.238	106.015	23.6432	10.2153	2.36446	0	0	0	0	0	0	0	0	0	0	0	0	0	0	0	0
00.000,00.000	10.6	0	-200	0	4.5	147.01	109.932	24.2236	10.236	2.61792	0	0	0	0	0	0	0	0	0	0	0	0	0	0	0	0
00.000,00.000	10.7	0	-200	0	4.5	151.892	113.944	24.8137	10.263	2.87138	0	0	0	0	0	0	0	0	0	0	0	0	0	0	0	0
00.000,00.000	10.8	0	-200	0	4.5	156.915	118.084	25.4102	10.296	3.12456	0	0	0	0	0	0	0	0	0	0	0	0	0	0	0	0
00.000,00.000	10.9	0	-200	0	4.5	162.177	122.434	26.03	10.3358	3.378	0	0	0	0	0	0	0	0	0	0	0	0	0	0	0	0
00.000,00.000	11	0	-200	0	4.5	167.685	126.998	26.6726	10.3827	3.63161	0	0	0	0	0	0	0	0	0	0	0	0	0	0	0	0
00.000,00.000	11.1	0	-200	0	4.5	173.429	131.763	27.3449	10.4364	3.88497	0	0	0	0	0	0	0	0	0	0	0	0	0	0	0	0
00.000,00.000	11.2	0	-200	0	4.5	179.463	136.776	28.0508	10.4981	4.13773	0	0	0	0	0	0	0	0	0	0	0	0	0	0	0	0
00.000,00.000	11.3	0	-200	0	4.5	185.76	142.011	28.7906	10.5681	4.39041	0	0	0	0	0	0	0	0	0	0	0	0	0	0	0	0
00.000,00.000	11.4	0	-200	0	4.5	192.278	147.428	29.5613	10.6464	4.64312	0	0	0	0	0	0	0	0	0	0	0	0	0	0	0	0
00.000,00.000	11.5	0	-200	0	4.5	198.885	152.888	30.3689	10.7328	4.89526	0	0	0	0	0	0	0	0	0	0	0	0	0	0	0	0
00.000,00.000	11.6	0	-200	0	4.5	205.58	158.406	31.1995	10.8274	5.14714	0	0	0	0	0	0	0	0	0	0	0	0	0	0	0	0
00.000,00.000	11.7	0	-200	0	4.5	212.391	164.008	32.0547	10.9299	5.39916	0	0	0	0	0	0	0	0	0	0	0	0	0	0	0	0
00.000,00.000	11.8	0	-200	0	4.5	219.367	169.739	32.9354	11.0405	5.65156	0	0	0	0	0	0	0	0	0	0	0	0	0	0	0	0
00.000,00.000	11.9	0	-200	0	4.5	226.662	175.747	33.852	11.1594	5.90401	0	0	0	0	0	0	0	0	0	0	0	0	0	0	0	0
00.000,00.000	12	0	-200	0	4.5	234.261	182.007	34.81	11.2878	6.15646	0	0	0	0	0	0	0	0	0	0	0	0	0	0	0	0
00.000,00.000	12.1	0	-200	0	4.5	242.165	188.516	35.8125	11.4269	6.41026	0	0	0	0	0	0	0	0	0	0	0	0	0	0	0	0
00.000,00.000	12.2	0	-200	0	4.5	250.169	195.101	36.8252	11.5772	6.66534	0	0	0	0	0	0	0	0	0	0	0	0	0	0	0	0
00.000,00.000	12.3	0	-200	0	4.5	258.216	201.732	37.8298	11.7363	6.91766	0	0	0	0	0	0	0	0	0	0	0	0	0	0	0	0
00.000,00.000	12.4	0	-200	0	4.5	266.361	208.43	38.8564	11.905	7.16932	0	0	0	0	0	0	0	0	0	0	0	0	0	0	0	0
00.000,00.000	12.5	0	-200	0	4.5	274.547	215.13	39.9088	12.0853	7.42278	0	0	0	0	0	0	0	0	0	0	0	0	0	0	0	0
00.000,00.000	12.6	0	-200	0	4.5	282.714	221.478	41.2865	12.2742	7.67483	0	0	0	0	0	0	0	0	0	0	0	0	0	0	0	0
00.000,00.000	12.7	0	-200	0	4.5	290.874	227.468	43.0074	12.4727	7.92636	0	0	0	0	0	0	0	0	0	0	0	0	0	0	0	0
00.000,00.000	12.8	0	-200	0	4.5	299.102	233.513	44.7291	12.6819	8.17793	0	0	0	0	0	0	0	0	0	0	0	0	0	0	0	0
00.000,00.000	12.9	0	-200	0	4.5	307.451	239.487	46.6363	12.9002	8.42792	0	0	0	0	0	0	0	0	0	0	0	0	0	0	0	0
00.000,00.000	13	0	-200	0	4.5	316.028	245.517	48.7023	13.1306	8.67867	0	0	0	0	0	0	0	0	0	0	0	0	0	0	0	0
00.000,00.000	13.1	0	-200	0	4.5	324.788	251.685	50.8006	13.372	8.92971	0	0	0	0	0	0	0	0	0	0	0	0	0	0	0	0
00.000,00.000	13.2	0	-200	0	4.5	333.718	258.006	52.9074	13.6247	9.18003	0	0	0	0	0	0	0	0	0	0	0	0	0	0	0	0
00.000,00.000	13.3	0	-200	0	4.5	342.814	264.468	55.0266	13.8893	9.42994	0	0	0	0	0	0	0	0	0	0	0	0	0	0	0	0
00.000,00.000	13.4	0	-200	0	4.5	352.052	271.002	57.2034	14.1675	9.67949	0	0	0	0	0	0	0	0	0	0	0	0	0	0	0	0
00.000,00.000	13.5	0	-200	0	4.5	361.275	277.466	59.4174	14.4614	9.93048	0	0	0	0	0	0	0	0	0	0	0	0	0	0	0	0
00.000,00.000	13.6	0	-200	0	4.5	370.385	283.837	61.6051	14.7656	10.1098	0.0681128	0	0	0	0	0	0	0	0	0	0	0	0	0	0	0
00.000,00.000	13.7	0	-200	0	4.5	379.478	290.167	63.8018	15.0836	10.1108	0.314328	0	0	0	0	0	0	0	0	0	0	0	0	0	0	0
00.000,00.000	13.8	0	-200	0	4.5	388.695	296.515	66.0914	15.4162	10.1108	0.561613	0	0	0	0	0	0	0	0	0	0	0	0	0	0	0
00.000,00.000	13.9	0	-200	0	4.5	397.996	302.926	68.3904	15.7619	10.1108	0.807241	0	0	0	0	0	0	0	0	0	0	0	0	0	0	0
00.000,00.000	14	0	-200	0	4.5	407.463	309.457	70.7176	16.1243	10.1108	1.05285	0	0	0	0	0	0	0	0	0	0	0	0	0	0	0
00.000,00.000	14.1	0	-200	0	4.5	417.062	316.074	73.0762	16.5026	10.1112	1.29812	0	0	0	0	0	0	0	0	0	0	0	0	0	0	0
00.000,00.000	14.2	0	-200	0	4.5	426.711	322.692	75.4664	16.8971	10.1121	1.5434	0	0	0	0	0	0	0	0	0	0	0	0	0	0	0
00.000,00.000	14.3	0	-200	0	4.5	436.419	329.329	77.8787	17.3076	10.1157	1.78806	0	0	0	0	0	0	0	0	0	0	0	0	0	0	0
00.000,00.000	14.4	0	-200	0	4.5	446.154	335.961	80.3042	17.7342	10.1222	2.03201	0	0	0	0	0	0	0	0	0	0	0	0	0	0	0
00.000,00.000	14.5	0	-200	0	4.5	455.73	342.35	82.7926	18.1781	10.1321	2.27685	0	0	0	0	0	0	0	0	0	0	0	0	0	0	0
00.000,00.000	14.6	0	-200	0	4.5	465.091	348.467	85.3236	18.6348	10.1453	2.51966	0	0	0	0	0	0	0	0	0	0	0	0	0	0	0
00.000,00.000	14.7	0	-200	0	4.5	474.317	354.359	87.9286	19.1054	10.1627	2.76143	0	0	0	0	0	0	0	0	0	0	0	0	0	0	0
00.000,00.000	14.8	0	-200	0	4.5	483.488	360.127	90.5834	19.5903	10.1848	3.00246	0	0	0	0	0	0	0	0	0	0	0	0	0	0	0
00.000,00.000	14.9	0	-200	0	4.5	492.626	365.815	93.2674	20.0891	10.2114	3.24291	0	0	0	0	0	0	0	0	0	0	0	0	0	0	0
00.000,00.000	15	0	-200	0	4.5	501.781	371.5	95.9523	20.6022	10.2434	3.48307	0	0	0	0	0	0	0	0	0	0	0	0	0	0	0
00.000,00.000	15.1	0	-200	0	4.5	510.928	377.151	98.643	21.1296	10.2816	3.72313	0	0	0	0	0	0	0	0	0	0	0	0	0	0	0
00.000,00.000	15.2	0	-200	0	4.5	520.075	382.783	101.333	21.671	10.3255	3.96265	0	0	0	0	0	0	0	0	0	0	0	0	0	0	0
00.000,00.000	15.3	0	-200	0	4.5	529.213	388.365	104.045	22.2267	10.3751	4.20128	0	0	0	0	0	0	0	0	0	0	0	0	0	0	0
00.000,00.000	15.4	0	-200	0	4.5	538.285	393.801	106.817	22.797	10.4307	4.43927	0	0	0	0	0	0	0	0	0	0	0	0	0	0	0
00.000,00.000	15.5	0	-200	0	4.5	547.133	398.981	109.599	23.3828	10.492	4.67794	0	0	0	0	0	0	0	0	0	0	0	0	0	0	0
00.000,00.000	15.6	0	-200	0	4.5	558.837	405.714	113.353	24.1899	10.5828	4.99774	0	0	0	0	0	0	0	0	0	0	0	0	0	0	0
00.000,00.000	15.7	0	-200	0	4.5	568.238	410.978	116.043	25.2927	10.6644	5.2601	0	0	0	0	0	0	0	0	0	0	0	0	0	0	0
00.000,00.000	15.8	0	-200	0	4.5	574.346	414.333	117.638	26.2189	10.7238	5.43239	0	0	0	0	0	0	0	0	0	0	0	0	0	0	0
00.000,00.000	15.9	0	-200	0	4.5	583.691	419.45	120.061	27.6577	10.8248	5.6969	0	0	0	0	0	0	0	0	0	0	0	0	0	0	0
00.000,00.000	16	0	-200	0	4.5	592.418	424.172	122.351	29.0226	10.9274	5.94535	0	0	0	0	0	0	0	0	0	0	0	0	0	0	0
00.000,00.000	16.1	0	-200	0	4.5	600.606	428.561	124.516	30.3189	11.0317	6.17842	0	0	0	0	0	0	0	0	0	0	0	0	0	0	0
00.000,00.000	16.2	0	-200	0	4.5	608.839	432.9	126.748	31.6335	11.1454	6.41191	0	0	0	0	0	0	0	0	0	0	0	0	0	0	0
00.000,00.000	16.3	0	-200	0	4.5	616.981	437.161	128.942	32.9641	11.2692	6.64581	0	0	0	0	0	0	0	0	0	0	0	0	0	0	0
00.000,00.000	16.4	0	-200	0	4.5	625.078	441.333	131.155	34.3083	11.402	6.87935	0	0	0	0	0	0	0	0	0	0	0	0	0	0	0
00.000,00.000	16.5	0	-200	0	4.5	635.273	446.45	133.767	36.2931	11.5846	7.17756	0	0	0	0	0	0	0	0	0	0	0	0	0	0	0
00.000,00.000	16.6	0	-200	0	4.5	646.619	451.984	136.626	38.6836	11.8075	7.51675	0	0	0	0	0	0	0	0	0	0	0	0	0	0	0
00.000,00.000	16.7	0	-200	0	4.5	651.076	454.101	137.774	39.6457	11.9019	7.65232	0	0	0	0	0	0	0	0	0	0	0	0	0	0	0
00.000,00.000	16.8	0	-200	0	4.5	654.654	455.757	138.717	40.4332	11.9845	7.76212	0	0	0	0	0	0	0	0	0	0	0	0	0	0	0
00.000,00.000	16.9	0	-200	0	4.5	661.603	458.927	140.581	41.967	12.1544	7.97382	0	0	0	0	0	0	0	0	0	0	0	0	0	0	0
00.000,00.000	17	0	-200	0	4.5	670.72	463.003	143.081	43.9956	12.3893	8.25147	0	0	0	0	0	0	0	0	0	0	0	0	0	0	0
00.000,00.000	17.1	0	-200	0	4.5	678.701	466.526	145.281	45.7919	12.607	8.49528	0	0	0	0	0	0	0	0	0	0	0	0	0	0	0
00.000,00.000	17.2	0	-200	0	4.5	686.246	469.853	147.339	47.5033	12.8246	8.72573	0	0	0	0	0	0	0	0	0	0	0	0	0	0	0
00.000,00.000	17.3	0	-200	0	4.5	693.794	473.166	149.392	49.2264	13.0537	8.95634	0	0	0	0	0	0	0	0	0	0	0	0	0	0	0
00.000,00.000	17.4	0	-200	0	4.5	701.328	476.442	151.445	50.9587	13.2952	9.18701	0	0	0	0	0	0	0	0	0	0	0	0	0	0	0
00.000,00.000	17.5	0	-200	0	4.5	713.739	481.735	154.837	53.8718	13.7214	9.57369	0	0	0	0	0	0	0	0	0	0	0	0	0	0	0
00.000,00.000	17.6	0	-200	0	4.5	723.971	485.947	157.683	56.3401	14.0989	9.90164	0	0	0	0	0	0	0	0	0	0	0	0	0	0	0
00.000,00.000	17.7	0	-200	0	4.5	726.963	487.156	158.52	57.0726	14.2155	9.99868	0	0	0	0	0	0	0	0	0	0	0	0	0	0	0
00.000,00.000	17.8	0	-200	0	4.5	728.901	487.931	159.052	57.557	14.2974	10.0627	0	0	0	0	0	0	0	0	0	0	0	0	0	0	0
00.000,00.000	17.9	0	-200	0	4.5	733.669	489.913	160.327	58.7135	14.5011	10.2148	0	0	0	0	0	0	0	0	0	0	0	0	0	0	0
00.000,00.000	18	0	-200	0	4.5	743.46	493.97	162.943	61.0855	14.936	10.5255	0	0	0	0	0	0	0	0	0	0	0	0	0	0	0
00.000,00.000	18.1	0	-200	0	4.5	751.511	497.276	165.104	63.039	15.3102	10.5548	0.22616	0	0	0	0	0	0	0	0	0	0	0	0	0	0
00.000,00.000	18.2	0	-200	0	4.5	758.744	500.246	167.043	64.7863	15.6601	10.5636	0.445248	0	0	0	0	0	0	0	0	0	0	0	0	0	0
00.000,00.000	18.3	0	-200	0	4.5	765.995	503.203	168.993	66.5357	16.0264	10.5682	0.66838	0	0	0	0	0	0	0	0	0	0	0	0	0	0
00.000,00.000	18.4	0	-200	0	4.5	773.302	506.173	170.963	68.2918	16.4085	10.5695	0.896036	0	0	0	0	0	0	0	0	0	0	0	0	0	0
00.000,00.000	18.5	0	-200	0	4.5	787.012	511.659	174.698	71.5997	17.1573	10.5736	1.32459	0	0	0	0	0	0	0	0	0	0	0	0	0	0
00.000,00.000	18.6	0	-200	0	4.5	797.129	515.619	177.473	74.0713	17.7353	10.5812	1.64879	0	0	0	0	0	0	0	0	0	0	0	0	0	0
00.000,00.000	18.7	0	-200	0	4.5	798.966	516.33	177.981	74.5215	17.8436	10.5832	1.70712	0	0	0	0	0	0	0	0	0	0	0	0	0	0
00.000,00.000	18.8	0	-200	0	4.5	800.206	516.805	178.322	74.8267	17.9208	10.5854	1.74666	0	0	0	0	0	0	0	0	0	0	0	0	0	0
00.000,00.000	18.9	0	-200	0	4.5	806.132	519.206	179.902	76.2161	18.2843	10.5975	1.92617	0	0	0	0	0	0	0	0	0	0	0	0	0	0
00.000,00.000	19	0	-200	0	4.5	816.594	523.456	182.696	78.1889	19.3899	10.6231	2.23937	0	0	0	0	0	0	0	0	0	0	0	0	0	0
00.000,00.000	19.1	0	-200	0	4.5	825.099	526.952	184.938	79.4805	20.5896	10.6479	2.49133	0	0	0	0	0	0	0	0	0	0	0	0	0	0
00.000,00.000	19.2	0	-200	0	4.5	832.801	530.129	186.967	80.6404	21.6725	10.6748	2.7169	0	0	0	0	0	0	0	0	0	0	0	0	0	0
00.000,00.000	19.3	0	-200	0	4.5	840.562	533.333	189.014	81.7942	22.7734	10.7056	2.94214	0	0	0	0	0	0	0	0	0	0	0	0	0	0
00.000,00.000	19.4	0	-200	0	4.5	848.399	536.565	191.092	82.9464	23.8881	10.741	3.16714	0	0	0	0	0	0	0	0	0	0	0	0	0	0
00.000,00.000	19.5	0	-200	0	4.5	856.251	539.775	193.189	84.0912	25.0214	10.7806	3.39316	0	0	0	0	0	0	0	0	0	0	0	0	0	0
00.000,00.000	19.6	0	-200	0	4.5	871.525	545.741	197.423	86.3149	27.3274	10.8695	3.84985	0	0	0	0	0	0	0	0	0	0	0	0	0	0
00.000,00.000	19.7	0	-200	0	4.5	879.524	548.879	199.658	87.4547	28.528	10.9192	4.08475	0	0	0	0	0	0	0	0	0	0	0	0	0	0
00.000,00.000	19.8	0	-200	0	4.5	882.501	550.04	200.487	87.8825	28.9792	10.9397	4.17167	0	0	0	0	0	0	0	0	0	0	0	0	0	0
00.000,00.000	19.9	0	-200	0	4.5	883.224	550.333	200.685	87.9819	29.086	10.9449	4.19194	0	0	0	0	0	0	0	0	0	0	0	0	0	0
00.000,00.000	20	0	-200	0	4.5	896.387	555.569	204.601	89.5562	31.0537	11.0484	4.55897	0	0	0	0	0	0	0	0	0	0	0	0	0	0
00.000,00.000	20.1	0	-200	0	4.5	906.653	559.51	207.916	90.6488	32.5991	11.1344	4.84468	0	0	0	0	0	0	0	0	0	0	0	0	0	0
00.000,00.000	20.2	0	-200	0	4.5	914.91	562.526	210.754	91.5227	33.8295	11.2088	5.0688	0	0	0	0	0	0	0	0	0	0	0	0	0	0
00.000,00.000	20.3	0	-200	0	4.5	923.28	565.233	213.998	92.3997	35.0695	11.2889	5.2915	0	0	0	0	0	0	0	0	0	0	0	0	0	0
00.000,00.000	20.4	0	-200	0	4.5	931.796	568.015	217.283	93.2836	36.3245	11.3755	5.51414	0	0	0	0	0	0	0	0	0	0	0	0	0	0
00.000,00.000	20.5	0	-200	0	4.5	940.425	570.766	220.676	94.1776	37.5989	11.4685	5.73771	0	0	0	0	0	0	0	0	0	0	0	0	0	0
00.000,00.000	20.6	0	-200	0	4.5	975.405	579.722	235.647	98.1071	43.2877	11.9074	6.73406	0	0	0	0	0	0	0	0	0	0	0	0	0	0
00.000,00.000	20.7	0	-200	0	4.5	982.886	581.79	238.808	98.9119	44.4414	12.0004	6.9344	0	0	0	0	0	0	0	0	0	0	0	0	0	0
00.000,00.000	20.8	0	-200	0	4.5	990.476	583.876	242.003	99.7487	45.6094	12.1058	7.13276	0	0	0	0	0	0	0	0	0	0	0	0	0	0
00.000,00.000	20.9	0	-200	0	4.5	992.756	584.55	242.939	99.9917	45.9482	12.1372	7.1899	0	0	0	0	0	0	0	0	0	0	0	0	0	0
00.000,00.000	21	0	-200	0	4.5	1016.94	592.051	252.592	102.651	49.3969	12.4863	7.75911	0	0	0	0	0	0	0	0	0	0	0	0	0	0
00.000,00.000	21.1	0	-200	0	4.5	1031.67	596.541	258.479	104.355	51.4846	12.7133	8.10248	0	0	0	0	0	0	0	0	0	0	0	0	0	0
00.000,00.000	21.2	0	-200	0	4.5	1041.36	599.595	262.287	105.463	52.8127	12.8814	8.31983	0	0	0	0	0	0	0	0	0	0	0	0	0	0
00.000,00.000	21.3	0	-200	0	4.5	1051.48	602.836	266.239	106.622	54.1819	13.0625	8.5418	0	0	0	0	0	0	0	0	0	0	0	0	0	0
00.000,00.000	21.4	0	-200	0	4.5	1061.77	606.168	270.226	107.81	55.5523	13.2538	8.76238	0	0	0	0	0	0	0	0	0	0	0	0	0	0
00.000,00.000	21.5	0	-200	0	4.5	1072.19	609.537	274.246	109.032	56.9344	13.4546	8.98344	0	0	0	0	0	0	0	0	0	0	0	0	0	0
00.000,00.000	21.6	0	-200	0	4.5	1083.42	612.912	278.649	110.435	58.5154	13.6784	9.23458	0	0	0	0	0	0	0	0	0	0	0	0	0	0
00.000,00.000	21.7	0	-200	0	4.5	1141.48	626.666	302.879	118.733	65.5971	16.8867	10.2825	0.43173	0	0	0	0	0	0	0	0	0	0	0	0	0
00.000,00.000	21.8	0	-200	0	4.5	1154.81	630.803	308.092	120.439	66.5955	17.875	10.2827	0.721624	0	0	0	0	0	0	0	0	0	0	0	0	0
00.000,00.000	21.9	0	-200	0	4.5	1202.15	644.359	326.76	127.111	70.4617	21.4246	10.2961	1.73601	0	0	0	0	0	0	0	0	0	0	0	0	0
00.000,00.000	22	0	-200	0	4.5	1217.33	649.364	332.1	129.415	71.6252	22.4827	10.302	2.03812	0	0	0	0	0	0	0	0	0	0	0	0	0
00.000,00.000	22.1	0	-200	0	4.5	1237.73	656.534	338.838	132.524	73.2128	23.8722	10.32	2.42515	0	0	0	0	0	0	0	0	0	0	0	0	0
00.000,00.000	22.2	0	-200	0	4.5	1252.48	661.578	343.577	134.97	74.416	24.8944	10.3363	2.7065	0	0	0	0	0	0	0	0	0	0	0	0	0
00.000,00.000	22.3	0	-200	0	4.5	1263.82	665.675	346.988	136.926	75.3157	25.6487	10.3519	2.91069	0	0	0	0	0	0	0	0	0	0	0	0	0
00.000,00.000	22.4	0	-200	0	4.5	1276.28	670.191	350.723	139.083	76.3122	26.4665	10.3725	3.12936	0	0	0	0	0	0	0	0	0	0	0	0	0
00.000,00.000	22.5	0	-200	0	4.5	1288.88	674.735	354.462	141.293	77.3432	27.2957	10.3981	3.34829	0	0	0	0	0	0	0	0	0	0	0	0	0
00.000,00.000	22.6	0	-200	0	4.5	1301.14	678.775	358.142	143.615	78.4378	28.1626	10.4307	3.57587	0	0	0	0	0	0	0	0	0	0	0	0	0
00.000,00.000	22.7	0	-200	0	4.5	1348.22	693.367	372.391	153.009	82.7494	31.6427	10.5853	4.47666	0	0	0	0	0	0	0	0	0	0	0	0	0
00.000,00.000	22.8	0	-200	0	4.5	1359.04	697.03	375.475	155.138	83.702	32.4002	10.6224	4.67129	0	0	0	0	0	0	0	0	0	0	0	0	0
00.000,00.000	22.9	0	-200	0	4.5	1359.71	697.259	375.67	155.27	83.7599	32.445	10.6251	4.68253	0	0	0	0	0	0	0	0	0	0	0	0	0
00.000,00.000	23	0	-200	0	4.5	1375.95	703.07	380.224	158.42	85.1219	33.4771	10.6958	4.93742	0	0	0	0	0	0	0	0	0	0	0	0	0
00.000,00.000	23.1	0	-200	0	4.5	1402.32	712.37	387.628	163.643	87.3599	35.1542	10.8191	5.34751	0	0	0	0	0	0	0	0	0	0	0	0	0
00.000,00.000	23.2	0	-200	0	4.5	1419.24	718.287	392.439	166.988	88.8018	36.2193	10.9043	5.60467	0	0	0	0	0	0	0	0	0	0	0	0	0
00.000,00.000	23.3	0	-200	0	4.5	1433.61	723.016	396.842	169.809	90.0305	37.1122	10.9835	5.81737	0	0	0	0	0	0	0	0	0	0	0	0	0
00.000,00.000	23.4	0	-200	0	4.5	1448.29	727.787	401.403	172.687	91.2952	38.0195	11.0702	6.03082	0	0	0	0	0	0	0	0	0	0	0	0	0
00.000,00.000	23.5	0	-200	0	4.5	1463.11	732.223	406.303	175.621	92.6023	38.9451	11.1654	6.24626	0	0	0	0	0	0	0	0	0	0	0	0	0
00.000,00.000	23.6	0	-200	0	4.5	1477.22	735.938	411.109	178.584	93.9563	39.898	11.2695	6.46735	0	0	0	0	0	0	0	0	0	0	0	0	0
00.000,00.000	23.7	0	-200	0	4.5	1554.74	751.746	437.858	196.385	102.766	45.153	12.9225	7.90799	0	0	0	0	0	0	0	0	0	0	0	0	0
00.000,00.000	23.8	0	-200	0	4.5	1587.41	760.205	449.279	202.632	106.145	46.2185	14.4889	8.44538	0	0	0	0	0	0	0	0	0	0	0	0	0
00.000,00.000	23.9	0	-200	0	4.5	1587.38	760.157	449.313	202.61	106.146	46.2185	14.4889	8.44538	0	0	0	0	0	0	0	0	0	0	0	0	0
00.000,00.000	24	0	-200	0	4.5	1670.45	781.887	479.71	216.87	115.486	48.8243	18.0587	9.44353	0.174746	0	0	0	0	0	0	0	0	0	0	0	0
00.000,00.000	24.1	0	-200	0	4.5	1706.64	790.286	493.417	223.103	119.927	50.0474	19.7074	9.44353	0.710378	0	0	0	0	0	0	0	0	0	0	0	0
00.000,00.000	24.2	0	-200	0	4.5	1720.98	793.388	499.009	225.659	121.706	50.5623	20.2934	9.44353	0.918036	0	0	0	0	0	0	0	0	0	0	0	0
00.000,00.000	24.3	0	-200	0	4.5	1735.92	797.035	504.731	228.272	123.496	51.1018	20.7137	9.44353	1.12454	0	0	0	0	0	0	0	0	0	0	0	0
00.000,00.000	24.4	0	-200	0	4.5	1751.58	800.874	510.706	230.944	125.444	51.6831	21.1496	9.44353	1.3362	0	0	0	0	0	0	0	0	0	0	0	0
00.000,00.000	24.5	0	-200	0	4.5	1767.31	804.598	516.723	233.492	127.606	52.2939	21.6066	9.44353	1.54885	0	0	0	0	0	0	0	0	0	0	0	0
00.000,00.000	24.6	0	-200	0	4.5	1827.27	813.238	540.624	244.722	137.583	55.242	23.8499	9.44474	2.56783	0	0	0	0	0	0	0	0	0	0	0	0
00.000,00.000	24.7	0	-200	0	4.5	1888.78	829.548	561.661	254.412	146.381	57.9776	25.8794	9.45578	3.46534	0	0	0	0	0	0	0	0	0	0	0	0
00.000,00.000	24.8	0	-200	0	4.5	1893.71	830.306	563.604	255.334	147.152	58.2398	26.0667	9.45754	3.54621	0	0	0	0	0	0	0	0	0	0	0	0
00.000,00.000	24.9	0	-200	0	4.5	1947.3	837.791	583.736	266.724	155.801	61.283	28.0907	9.49682	4.38162	0	0	0	0	0	0	0	0	0	0	0	0
00.000,00.000	25	0	-200	0	4.5	1962.59	840.54	588.93	270.039	158.146	62.1558	28.6585	9.51006	4.61337	0	0	0	0	0	0	0	0	0	0	0	0
00.000,00.000	25.1	0	-200	0	4.5	2030.34	858.572	609.696	283.325	167.141	65.7305	30.8255	9.59108	5.46198	0	0	0	0	0	0	0	0	0	0	0	0
00.000,00.000	25.2	0	-200	0	4.5	2061.33	865.762	619.481	289.759	171.429	67.5214	31.8773	9.63632	5.86846	0	0	0	0	0	0	0	0	0	0	0	0
00.000,00.000	25.3	0	-200	0	4.5	2077.65	869.962	624.494	293.054	173.55	68.4586	32.3997	9.66616	6.06482	0	0	0	0	0	0	0	0	0	0	0	0
00.000,00.000	25.4	0	-200	0	4.5	2095.7	875.033	629.899	296.61	175.767	69.4633	32.7503	9.90911	6.26961	0	0	0	0	0	0	0	0	0	0	0	0
00.000,00.000	25.5	0	-200	0	4.5	2114.52	880.122	635.559	300.383	178.095	70.5842	33.0893	10.2051	6.48265	0	0	0	0	0	0	0	0	0	0	0	0
00.000,00.000	25.6	0	-200	0	4.5	2137.82	884.331	642.755	305.872	181.147	72.6254	33.6162	10.6684	6.80941	0	0	0	0	0	0	0	0	0	0	0	0
00.000,00.000	25.7	0	-200	0	4.5	2270.73	926.333	673.773	333.158	195.85	83.4434	36.4576	13.1751	8.54078	0	0	0	0	0	0	0	0	0	0	0	0
00.000,00.000	25.8	0	-200	0	4.5	2293.42	930.767	680.271	338.603	198.705	85.541	37.0179	13.6485	8.86258	0	0	0	0	0	0	0	0	0	0	0	0
00.000,00.000	25.9	0	-200	0	4.5	2435.84	980.092	712.455	365.563	214.079	96.9083	40.1194	16.1405	9.61971	0.862249	0	0	0	0	0	0	0	0	0	0	0
00.000,00.000	26	0	-200	0	4.5	2471.25	989.936	721.728	372.35	218.26	100.417	40.8432	16.8059	9.61973	1.28785	0	0	0	0	0	0	0	0	0	0	0
00.000,00.000	26.1	0	-200	0	4.5	2523.52	1003.27	737.003	382.275	224.338	105.367	42.0377	17.7472	9.62213	1.86061	0	0	0	0	0	0	0	0	0	0	0
00.000,00.000	26.2	0	-200	0	4.5	2555.1	1012.16	746.248	387.696	227.909	108.263	42.7108	18.2958	9.62401	2.18785	0	0	0	0	0	0	0	0	0	0	0
00.000,00.000	26.3	0	-200	0	4.5	2576.19	1018.13	752.542	391.381	230.198	110.102	43.1733	18.6453	9.62576	2.38954	0	0	0	0	0	0	0	0	0	0	0
00.000,00.000	26.4	0	-200	0	4.5	2598.53	1024.33	759.467	395.256	232.572	112.01	43.6736	19.0085	9.62809	2.59353	0	0	0	0	0	0	0	0	0	0	0
00.000,00.000	26.5	0	-200	0	4.5	2621.72	1030.72	766.754	399.264	235.01	113.955	44.2061	19.3808	9.63125	2.79753	0	0	0	0	0	0	0	0	0	0	0
00.000,00.000	26.6	0	-200	0	4.5	2647.36	1037.55	774.795	403.612	237.781	116.238	44.8693	19.8363	9.63609	3.04208	0	0	0	0	0	0	0	0	0	0	0
00.000,00.000	26.7	0	-200	0	4.5	2718.89	1057.09	797.251	415.692	245.306	122.41	46.7217	21.0723	9.65347	3.68871	0	0	0	0	0	0	0	0	0	0	0
00.000,00.000	26.8	0	-200	0	4.5	2735.81	1061.94	802.519	418.285	247.15	123.906	47.1416	21.3717	9.65874	3.8433	0	0	0	0	0	0	0	0	0	0	0
00.000,00.000	26.9	0	-200	0	4.5	2737.19	1062.32	802.964	418.508	247.292	124.018	47.1766	21.3937	9.6593	3.85435	0	0	0	0	0	0	0	0	0	0	0
00.000,00.000	27	0	-200	0	4.5	2742.27	1063.74	804.622	419.332	247.821	124.426	47.302	21.4735	9.66183	3.89347	0	0	0	0	0	0	0	0	0	0	0
00.000,00.000	27.1	0	-200	0	4.5	2791.77	1077.4	820.666	427.694	252.926	128.311	48.5819	22.2353	9.68876	4.26241	0	0	0	0	0	0	0	0	0	0	0
00.000,00.000	27.2	0	-200	0	4.5	2826.8	1087.11	831.738	433.833	256.584	131.055	49.4767	22.7316	9.75231	4.52009	0	0	0	0	0	0	0	0	0	0	0
00.000,00.000	27.3	0	-200	0	4.5	2855.2	1094.98	840.598	439.008	259.509	133.24	50.2119	22.9531	9.97748	4.72112	0	0	0	0	0	0	0	0	0	0	0
00.000,00.000	27.4	0	-200	0	4.5	2884.52	1103.14	849.646	444.512	262.46	135.247	51.2062	23.1553	10.2255	4.92275	0	0	0	0	0	0	0	0	0	0	0
00.000,00.000	27.5	0	-200	0	4.5	2914.51	1111.51	858.826	450.231	265.467	137.273	52.2428	23.3466	10.4863	5.1246	0	0	0	0	0	0	0	0	0	0	0
00.000,00.000	27.6	0	-200	0	4.5	2950.65	1121.71	869.907	457.213	268.878	139.648	53.5218	23.5864	10.8112	5.37297	0	0	0	0	0	0	0	0	0	0	0
00.000,00.000	27.7	0	-200	0	4.5	3020.39	1141.69	890.849	470.703	275.717	144.163	55.9533	24.0516	11.424	5.83358	0	0	0	0	0	0	0	0	0	0	0
00.000,00.000	27.8	0	-200	0	4.5	3069.51	1156.03	905.527	480.2	280.411	147.304	57.6415	24.3827	11.8571	6.15479	0	0	0	0	0	0	0	0	0	0	0
00.000,00.000	27.9	0	-200	0	4.5	3074.99	1157.66	907.134	481.243	280.96	147.659	57.821	24.4177	11.9048	6.1897	0	0	0	0	0	0	0	0	0	0	0
00.000,00.000	28	0	-200	0	4.5	3104.11	1166.29	915.58	486.761	284.031	149.523	58.7966	24.615	12.1503	6.36453	0	0	0	0	0	0	0	0	0	0	0
00.000,00.000	28.1	0	-200	0	4.5	3161.53	1183.49	932.119	497.556	290.135	153.192	60.7017	25.0091	12.6319	6.70104	0	0	0	0	0	0	0	0	0	0	0
00.000,00.000	28.2	0	-200	0	4.5	3202.69	1195.91	943.846	505.215	294.622	155.825	62.0591	25.2964	12.9765	6.9357	0	0	0	0	0	0	0	0	0	0	0
00.000,00.000	28.3	0	-200	0	4.5	3238.56	1206.85	953.966	511.83	298.596	158.119	63.2396	25.5552	13.2746	7.13268	0	0	0	0	0	0	0	0	0	0	0
00.000,00.000	28.4	0	-200	0	4.5	3275.22	1218.14	964.174	518.535	302.713	160.474	64.4506	25.8264	13.5791	7.32766	0	0	0	0	0	0	0	0	0	0	0
00.000,00.000	28.5	0	-200	0	4.5	3312.58	1229.74	974.489	525.305	306.94	162.911	65.6828	26.1103	13.8899	7.52071	0	0	0	0	0	0	0	0	0	0	0
00.000,00.000	28.6	0	-200	0	4.5	3350.89	1241.63	984.949	532.278	311.09	165.662	66.9325	26.4121	14.2154	7.71749	0	0	0	0	0	0	0	0	0	0	0
00.000,00.000	28.7	0	-200	0	4.5	3426.12	1265.32	1005.32	545.776	319.27	171.06	69.4035	27.027	14.8526	8.09031	0	0	0	0	0	0	0	0	0	0	0
00.000,00.000	28.8	0	-200	0	4.5	3462.77	1276.99	1015.19	552.346	323.213	173.679	70.5782	27.334	15.1654	8.26901	0	0	0	0	0	0	0	0	0	0	0
00.000,00.000	28.9	0	-200	0	4.5	3466.41	1278.17	1016.16	552.988	323.6	173.942	70.6939	27.3652	15.1964	8.28618	0	0	0	0	0	0	0	0	0	0	0
00.000,00.000	29	0	-200	0	4.5	3530.6	1298.66	1033.21	564.497	330.456	178.71	72.8017	27.9477	15.7414	8.57614	0	0	0	0	0	0	0	0	0	0	0
00.000,00.000	29.1	0	-200	0	4.5	3581.23	1314.9	1046.53	573.643	335.857	182.509	74.4185	28.3992	16.1754	8.80183	0	0	0	0	0	0	0	0	0	0	0
00.000,00.000	29.2	0	-200	0	4.5	3622.52	1328.01	1057.4	581.076	340.274	185.688	75.7784	28.7789	16.5341	8.98215	0	0	0	0	0	0	0	0	0	0	0
00.000,00.000	29.3	0	-200	0	4.5	3663.97	1341.11	1068.23	588.554	344.751	188.927	77.1708	29.1734	16.8979	9.15947	0	0	0	0	0	0	0	0	0	0	0
00.000,00.000	29.4	0	-200	0	4.5	3705.59	1354.15	1079.13	596.007	349.285	192.016	78.819	29.5845	17.2678	9.29509	0.0393826	0	0	0	0	0	0	0	0	0	0
00.000,00.000	29.5	0	-200	0	4.5	3747.9	1367.17	1090.24	603.593	353.987	195.233	80.5154	30.0067	17.6529	9.29504	0.216777	0	0	0	0	0	0	0	0	0	0
00.000,00.000	29.6	0	-200	0	4.5	3788.87	1379.7	1101.08	610.969	358.621	198.131	82.2193	30.4308	18.0348	9.29483	0.38803	0	0	0	0	0	0	0	0	0	0
00.000,00.000	29.7	0	-200	0	4.5	3886.09	1409.74	1126.65	628.164	369.728	205.003	86.3011	31.4865	18.9489	9.29848	0.780356	0	0	0	0	0	0	0	0	0	0
00.000,00.000	29.8	0	-200	0	4.5	3931.11	1423.72	1138.54	635.873	374.875	208.266	88.2122	31.9832	19.3837	9.29848	0.964407	0	0	0	0	0	0	0	0	0	0
00.000,00.000	29.9	0	-200	0	4.5	3933.84	1424.59	1139.25	636.332	375.183	208.463	88.3268	32.0138	19.4101	9.29848	0.975204	0	0	0	0	0	0	0	0	0	0
00.000,00.000	30	0	-200	0	4.5	4005.46	1447.35	1157.96	648.354	383.233	213.648	91.3921	32.8732	20.1064	9.29848	1.24786	0	0	0	0	0	0	0	0	0	0
00.000,00.000	30.1	0	-200	0	4.5	4065.99	1466.72	1173.77	658.389	389.982	218.047	93.9971	33.6106	20.7047	9.29848	1.47649	0	0	0	0	0	0	0	0	0	0
00.000,00.000	30.2	0	-200	0	4.5	4110.89	1481.13	1185.51	665.811	394.894	221.334	95.9495	34.1801	21.1524	9.29848	1.64183	0	0	0	0	0	0	0	0	0	0
00.000,00.000	30.3	0	-200	0	4.5	4154.56	1495.14	1196.91	673.021	399.636	224.559	97.8601	34.7518	21.5927	9.29848	1.79908	0	0	0	0	0	0	0	0	0	0
00.000,00.000	30.4	0	-200	0	4.5	4198.69	1509.31	1208.41	680.297	404.421	227.887	99.7269	35.3454	22.0417	9.29879	1.95435	0	0	0	0	0	0	0	0	0	0
00.000,00.000	30.5	0	-200	0	4.5	4243.17	1523.63	1219.94	687.643	409.274	231.271	101.554	35.9495	22.4998	9.30045	2.10777	0	0	0	0	0	0	0	0	0	0
00.000,00.000	30.6	0	-200	0	4.5	4288.01	1537.73	1231.46	695.19	414.264	234.748	103.483	36.5842	22.9779	9.30326	2.26402	0	0	0	0	0	0	0	0	0	0
00.000,00.000	30.7	0	-200	0	4.5	4367.49	1563.03	1251.76	708.505	422.965	240.842	106.959	37.7474	23.8326	9.31134	2.53358	0	0	0	0	0	0	0	0	0	0
00.000,00.000	30.8	0	-200	0	4.5	4415.38	1578.44	1263.89	716.512	428.016	244.589	109.104	38.4655	24.3539	9.31787	2.69354	0	0	0	0	0	0	0	0	0	0
00.000,00.000	30.9	0	-200	0	4.5	4421.3	1580.37	1265.39	717.491	428.619	245.058	109.365	38.5551	24.419	9.31895	2.71293	0	0	0	0	0	0	0	0	0	0
00.000,00.000	31	0	-200	0	4.5	4492.89	1603.85	1283.49	729.147	435.972	250.707	112.434	39.8095	25.1987	9.34313	2.93696	0	0	0	0	0	0	0	0	0	0
00.000,00.000	31.1	0	-200	0	4.5	4549.42	1622.48	1297.67	738.396	441.73	255.216	114.595	41.0384	25.5464	9.64248	3.11228	0	0	0	0	0	0	0	0	0	0
00.000,00.000	31.2	0	-200	0	4.5	4594.98	1637.65	1309.04	745.793	446.356	258.844	116.37	42.0103	25.8338	9.83767	3.25007	0	0	0	0	0	0	0	0	0	0
00.000,00.000	31.3	0	-200	0	4.5	4641.34	1653.33	1320.53	753.326	451.059	262.506	118.17	43.0254	26.1345	9.86747	3.38796	0	0	0	0	0	0	0	0	0	0
00.000,00.000	31.4	0	-200	0	4.5	4687.74	1669.22	1331.94	760.821	455.759	266.087	119.984	44.0666	26.4435	9.88895	3.52349	0	0	0	0	0	0	0	0	0	0
00.000,00.000	31.5	0	-200	0	4.5	4733.81	1684.84	1343.29	768.298	460.463	269.645	121.81	45.1242	26.7611	9.91507	3.65672	0	0	0	0	0	0	0	0	0	0
00.000,00.000	31.6	0	-200	0	4.5	4779.86	1700.05	1354.61	775.904	465.261	273.286	123.717	46.2063	27.0933	9.94463	3.79141	0	0	0	0	0	0	0	0	0	0
00.000,00.000	31.7	0	-200	0	4.5	4833.51	1717.83	1367.87	784.727	470.802	277.44	125.947	47.4833	27.4894	9.98247	3.9432	0	0	0	0	0	0	0	0	0	0
00.000,00.000	31.8	0	-200	0	4.5	4947.36	1755.17	1395.87	803.74	482.63	286.166	130.815	50.267	28.3639	10.0708	4.26239	0	0	0	0	0	0	0	0	0	0
00.000,00.000	31.9	0	-200	0	4.5	4968.85	1762.15	1401.19	807.438	484.967	287.658	131.765	50.7408	28.5356	10.0886	4.32299	0	0	0	0	0	0	0	0	0	0
00.000,00.000	32	0	-200	0	4.5	5055.72	1790.82	1422.15	822.153	494.138	293.978	135.58	52.9153	29.254	10.1688	4.55578	0	0	0	0	0	0	0	0	0	0
00.000,00.000	32.1	0	-200	0	4.5	5116.85	1810.4	1437.26	832.604	500.702	298.386	138.301	54.469	29.7799	10.2296	4.71971	0	0	0	0	0	0	0	0	0	0
00.000,00.000	32.2	0	-200	0	4.5	5162.11	1824.7	1448.24	840.493	505.639	301.638	140.401	55.6876	30.1899	10.2791	4.83981	0	0	0	0	0	0	0	0	0	0
00.000,00.000	32.3	0	-200	0	4.5	5206.59	1838.7	1458.83	848.333	510.563	304.811	142.54	56.9152	30.6126	10.332	4.95704	0	0	0	0	0	0	0	0	0	0
00.000,00.000	32.4	0	-200	0	4.5	5250.74	1852.55	1469.28	856.115	515.438	307.974	144.715	58.1586	31.0509	10.3886	5.07198	0	0	0	0	0	0	0	0	0	0
00.000,00.000	32.5	0	-200	0	4.5	5294.79	1866.27	1479.72	863.84	520.333	311.131	146.936	59.4219	31.5059	10.4493	5.18508	0	0	0	0	0	0	0	0	0	0
00.000,00.000	32.6	0	-200	0	4.5	5338.69	1879.43	1490.09	871.734	525.272	314.356	149.265	60.7367	31.9881	10.5151	5.29949	0	0	0	0	0	0	0	0	0	0
00.000,00.000	32.7	0	-200	0	4.5	5380.14	1892.2	1499.75	879.095	529.82	317.359	151.479	61.9839	32.4582	10.5806	5.40446	0	0	0	0	0	0	0	0	0	0
00.000,00.000	32.8	0	-200	0	4.5	5523.64	1935.48	1532.72	904.884	545.819	327.97	159.406	66.5833	34.1802	10.8254	5.76783	0	0	0	0	0	0	0	0	0	0
00.000,00.000	32.9	0	-200	0	4.5	5551.63	1944.23	1539.03	909.855	548.773	330.038	160.911	67.5495	34.53	10.8757	5.83941	0	0	0	0	0	0	0	0	0	0
00.000,00.000	33	0	-200	0	4.5	5646.37	1973.95	1559.91	926.455	559.067	337.044	165.859	71.1784	35.7709	11.0601	6.0703	0	0	0	0	0	0	0	0	0	0
00.000,00.000	33.1	0	-200	0	4.5	5706.92	1993.14	1572.95	936.925	565.685	341.584	169.043	73.5945	36.5995	11.1845	6.21851	0	0	0	0	0	0	0	0	0	0
00.000,00.000	33.2	0	-200	0	4.5	5748.27	2006.39	1581.64	944.057	570.213	344.679	171.26	75.2649	37.1769	11.2744	6.31724	0	0	0	0	0	0	0	0	0	0
00.000,00.000	33.3	0	-200	0	4.5	5789.48	2019.72	1590.19	951.082	574.75	347.777	173.464	76.9536	37.7635	11.3698	6.41421	0	0	0	0	0	0	0	0	0	0
00.000,00.000	33.4	0	-200	0	4.5	5830.37	2033.09	1598.59	957.944	579.267	350.844	175.646	78.6567	38.3551	11.4703	6.50916	0	0	0	0	0	0	0	0	0	0
00.000,00.000	33.5	0	-200	0	4.5	5870.86	2046.48	1606.73	964.678	583.759	353.888	177.826	80.3619	38.9587	11.5759	6.60208	0	0	0	0	0	0	0	0	0	0
00.000,00.000	33.6	0	-200	0	4.5	5923.94	2063.41	1617.21	973.66	589.85	358.043	180.783	82.7148	39.8174	11.727	6.72704	0	0	0	0	0	0	0	0	0	0
00.000,00.000	33.7	0	-200	0	4.5	5983.48	2083.27	1628.64	983.514	596.546	362.629	184	85.3407	40.7701	11.9042	6.86238	0	0	0	0	0	0	0	0	0	0
00.000,00.000	33.8	0	-200	0	4.5	6016.59	2094.44	1634.88	988.931	600.263	365.19	185.799	86.8232	41.3137	12.0082	6.9367	0	0	0	0	0	0	0	0	0	0
00.000,00.000	33.9	0	-200	0	4.5	6021.17	2096.05	1635.72	989.66	600.772	365.543	186.04	87.0288	41.3888	12.0232	6.94677	0	0	0	0	0	0	0	0	0	0
00.000,00.000	34	0	-200	0	4.5	6082.87	2117.91	1646.95	999.479	607.466	370.196	189.299	89.8037	42.4599	12.2349	7.07599	0	0	0	0	0	0	0	0	0	0
00.000,00.000	34.1	0	-200	0	4.5	6131.12	2135.26	1655.55	1007.07	612.686	373.852	191.797	92.0124	43.3155	12.4084	7.17622	0	0	0	0	0	0	0	0	0	0
00.000,00.000	34.2	0	-200	0	4.5	6170	2149.29	1662.38	1013.13	616.881	376.79	193.821	93.8616	44.0333	12.5558	7.25478	0	0	0	0	0	0	0	0	0	0
00.000,00.000	34.3	0	-200	0	4.5	6208.62	2163.33	1669.05	1019.08	621.064	379.729	195.823	95.5469	44.9541	12.7099	7.33144	0	0	0	0	0	0	0	0	0	0
00.000,00.000	34.4	0	-200	0	4.5	6247.04	2177.4	1675.57	1024.95	625.223	382.666	197.806	97.1915	45.9527	12.8704	7.40608	0	0	0	0	0	0	0	0	0	0
00.000,00.000	34.5	0	-200	0	4.5	6285.43	2191.26	1682.01	1030.85	629.43	385.662	199.807	98.8955	46.9978	13.0413	7.48055	0	0	0	0	0	0	0	0	0	0
00.000,00.000	34.6	0	-200	0	4.5	6335.18	2208.81	1690.23	1038.54	635.001	389.636	202.474	101.201	48.4298	13.281	7.57767	0	0	0	0	0	0	0	0	0	0
00.000,00.000	34.7	0	-200	0	4.5	6376.3	2223.67	1696.86	1044.76	639.545	392.91	204.657	103.119	49.6368	13.4877	7.65604	0	0	0	0	0	0	0	0	0	0
00.000,00.000	34.8	0	-200	0	4.5	6418.61	2239.01	1703.58	1051.1	644.218	396.307	206.908	105.123	50.9199	13.7124	7.7352	0	0	0	0	0	0	0	0	0	0
00.000,00.000	34.9	0	-200	0	4.5	6426.81	2242.07	1704.87	1052.29	645.101	396.957	207.334	105.508	51.1678	13.757	7.75022	0	0	0	0	0	0	0	0	0	0
00.000,00.000	35	0	-200	0	4.5	6480.55	2262.41	1713.11	1060.1	650.819	401.207	210.096	108.071	52.8382	14.0644	7.84299	0	0	0	0	0	0	0	0	0	0
00.000,00.000	35.1	0	-200	0	4.5	6523.28	2278.7	1719.59	1066.17	655.322	404.632	212.298	110.144	54.1987	14.3197	7.91589	0	0	0	0	0	0	0	0	0	0
00.000,00.000	35.2	0	-200	0	4.5	6558.33	2292.19	1724.91	1071.03	659.043	407.481	214.108	111.711	55.3473	14.5406	7.97399	0	0	0	0	0	0	0	0	0	0
00.000,00.000	35.3	0	-200	0	4.5	6593.07	2305.62	1730.19	1075.8	662.676	410.321	215.908	113.226	56.5189	14.7731	8.03031	0	0	0	0	0	0	0	0	0	0
00.000,00.000	35.4	0	-200	0	4.5	6627.51	2319	1735.41	1080.52	666.233	413.124	217.692	114.733	57.7068	15.0155	8.08459	0	0	0	0	0	0	0	0	0	0
00.000,00.000	35.5	0	-200	0	4.5	6661.39	2332.12	1740.51	1085.13	669.736	415.911	219.461	116.204	58.9088	15.2682	8.1369	0	0	0	0	0	0	0	0	0	0
00.000,00.000	35.6	0	-200	0	4.5	6724.84	2353.39	1750.28	1094.28	676.972	421.819	223.187	119.37	61.4693	15.83	8.24408	0	0	0	0	0	0	0	0	0	0
00.000,00.000	35.7	0	-200	0	4.5	6770.82	2368.91	1757.33	1100.77	682.06	426.158	225.916	121.718	63.3745	16.2596	8.32056	0	0	0	0	0	0	0	0	0	0
00.000,00.000	35.8	0	-200	0	4.5	6776.22	2371.03	1758.1	1101.45	682.581	426.637	226.22	121.984	63.5872	16.3092	8.32891	0	0	0	0	0	0	0	0	0	0
00.000,00.000	35.9	0	-200	0	4.5	6804.33	2382.06	1762.22	1104.91	685.38	429.092	227.732	123.328	64.6727	16.5719	8.36801	0	0	0	0	0	0	0	0	0	0
00.000,00.000	36	0	-200	0	4.5	6851.72	2399.99	1769.34	1110.74	690.136	433.462	230.35	125.675	66.6191	16.966	8.43344	0	0	0	0	0	0	0	0	0	0
00.000,00.000	36.1	0	-200	0	4.5	6883.31	2412.5	1773.97	1114.45	693.179	436.344	232.051	127.212	67.9048	17.2187	8.47436	0	0	0	0	0	0	0	0	0	0
00.000,00.000	36.2	0	-200	0	4.5	6914.87	2425.15	1778.56	1118.01	696.23	439.225	233.745	128.752	69.2164	17.4782	8.51298	0	0	0	0	0	0	0	0	0	0
00.000,00.000	36.3	0	-200	0	4.5	6946.36	2437.77	1783.11	1121.47	699.22	442.157	235.444	130.332	70.5553	17.7412	8.54992	0	0	0	0	0	0	0	0	0	0
00.000,00.000	36.4	0	-200	0	4.5	6976.51	2450.08	1787.43	1124.65	702.018	444.968	237.064	131.87	71.8446	17.9993	8.5833	0	0	0	0	0	0	0	0	0	0
00.000,00.000	36.5	0	-200	0	4.5	7006.92	2462.4	1791.81	1127.76	704.824	447.895	238.727	133.437	73.1802	18.2718	8.61569	0	0	0	0	0	0	0	0	0	0
00.000,00.000	36.6	0	-200	0	4.5	7040.28	2473.9	1796.67	1131.4	708.222	451.621	240.843	135.422	74.9129	18.6358	8.65475	0	0	0	0	0	0	0	0	0	0
00.000,00.000	36.7	0	-200	0	4.5	7133.69	2503.12	1810.32	1141.7	718.149	462.813	247.198	141.523	80.2378	19.8487	8.76648	0	0	0	0	0	0	0	0	0	0
00.000,00.000	36.8	0	-200	0	4.5	7153.84	2511.23	1813.28	1143.58	719.758	464.962	248.338	142.645	81.2061	20.0665	8.78665	0	0	0	0	0	0	0	0	0	0
00.000,00.000	36.9	0	-200	0	4.5	7223.32	2538.83	1823.6	1150.03	725.505	472.228	252.395	146.376	84.6319	20.8712	8.84687	0	0	0	0	0	0	0	0	0	0
00.000,00.000	37	0	-200	0	4.5	7261.17	2554.53	1829.04	1153.48	728.449	476.163	254.57	148.325	86.433	21.3002	8.87752	0	0	0	0	0	0	0	0	0	0
00.000,00.000	37.1	0	-200	0	4.5	7287.68	2565.82	1832.81	1155.78	730.446	478.85	256.092	149.688	87.6858	21.6103	8.89603	0	0	0	0	0	0	0	0	0	0
00.000,00.000	37.2	0	-200	0	4.5	7316.39	2577.9	1836.94	1158.34	732.561	481.792	257.768	151.181	89.0316	21.9566	8.91416	0	0	0	0	0	0	0	0	0	0
00.000,00.000	37.3	0	-200	0	4.5	7344.12	2589.66	1840.94	1160.79	734.546	484.617	259.405	152.616	90.3205	22.2981	8.92957	0	0	0	0	0	0	0	0	0	0
00.000,00.000	37.4	0	-200	0	4.5	7371.7	2601.49	1844.88	1163.16	736.45	487.42	261.062	154.057	91.6006	22.6487	8.94293	0	0	0	0	0	0	0	0	0	0
00.000,00.000	37.5	0	-200	0	4.5	7399.36	2613.28	1848.84	1165.49	738.279	490.255	262.773	155.543	92.9162	23.0166	8.95452	0	0	0	0	0	0	0	0	0	0
00.000,00.000	37.6	0	-200	0	4.5	7442.51	2626.76	1855.41	1169.67	741.73	495.758	266.266	158.546	95.422	23.9689	8.97356	0	0	0	0	0	0	0	0	0	0
00.000,00.000	37.7	0	-200	0	4.5	7484.98	2639.85	1861.63	1173.77	745.094	501.272	269.881	161.59	97.6352	25.2734	8.98896	0	0	0	0	0	0	0	0	0	0
00.000,00.000	37.8	0	-200	0	4.5	7491.4	2642.48	1862.48	1174.3	745.514	501.955	270.344	162.001	97.9045	25.441	8.99066	0	0	0	0	0	0	0	0	0	0
00.000,00.000	37.9	0	-200	0	4.5	7543.1	2665.03	1869.13	1178.19	748.626	507.255	273.971	164.883	100.273	26.7362	8.99654	0	0	0	0	0	0	0	0	0	0
00.000,00.000	38	0	-200	0	4.5	7576.51	2678.93	1873.72	1180.82	750.618	510.77	276.442	166.804	101.779	27.6167	8.99838	0	0	0	0	0	0	0	0	0	0
00.000,00.000	38.1	0	-200	0	4.5	7597.04	2688.07	1876.42	1182.32	751.738	512.821	277.924	167.93	102.663	28.1502	8.99838	0	0	0	0	0	0	0	0	0	0
00.000,00.000	38.2	0	-200	0	4.5	7623.01	2699.83	1879.77	1184.15	753.055	515.403	279.845	169.346	103.8	28.819	8.99838	0	0	0	0	0	0	0	0	0	0
00.000,00.000	38.3	0	-200	0	4.5	7649.39	2711.43	1883.31	1186.03	754.375	518.036	281.901	170.812	104.981	29.5124	8.99838	0	0	0	0	0	0	0	0	0	0
00.000,00.000	38.4	0	-200	0	4.5	7671.28	2721.54	1886.08	1187.52	755.386	520.112	283.615	172.012	105.934	30.0734	8.99838	0	0	0	0	0	0	0	0	0	0
00.000,00.000	38.5	0	-200	0	4.5	7698.86	2732.81	1889.74	1189.53	756.748	522.974	286.108	173.734	107.325	30.897	8.99838	0	0	0	0	0	0	0	0	0	0
00.000,00.000	38.6	0	-200	0	4.5	7717.22	2738.72	1892.23	1191	757.757	525.174	288.158	175.153	108.439	31.5765	8.99838	0	0	0	0	0	0	0	0	0	0
00.000,00.000	38.7	0	-200	0	4.5	7779.87	2764.01	1897.98	1194.95	760.682	532.248	294.984	179.919	112.254	33.8392	8.99838	0	0	0	0	0	0	0	0	0	0
00.000,00.000	38.8	0	-200	0	4.5	7791.35	2768.13	1899.31	1195.8	761.243	533.487	296.336	180.847	112.927	34.2729	8.99838	0	0	0	0	0	0	0	0	0	0
00.000,00.000	38.9	0	-200	0	4.5	7826.94	2782.63	1902.97	1198.18	762.778	537.18	300.188	183.466	115.039	35.5159	8.99838	0	0	0	0	0	0	0	0	0	0
00.000,00.000	39	0	-200	0	4.5	7860.58	2798.15	1906.35	1200.14	763.996	540.278	303.559	185.735	116.81	36.5665	8.99838	0	0	0	0	0	0	0	0	0	0
00.000,00.000	39.1	0	-200	0	4.5	7884.56	2809.4	1908.83	1201.49	764.821	542.414	305.989	187.327	118.029	37.2583	8.99838	0	0	0	0	0	0	0	0	0	0
00.000,00.000	39.2	0	-200	0	4.5	7906.94	2819.01	1911.32	1202.78	765.625	544.568	308.435	188.962	119.268	37.9725	8.99838	0	0	0	0	0	0	0	0	0	0
00.000,00.000	39.3	0	-200	0	4.5	7921.23	2825.44	1912.85	1203.57	766.088	545.891	309.973	189.982	120.03	38.4203	8.99838	0	0	0	0	0	0	0	0	0	0
00.000,00.000	39.4	0	-200	0	4.5	7943.01	2836.32	1914.93	1204.62	766.715	547.698	312.162	191.411	121.108	39.0514	8.99838	0	0	0	0	0	0	0	0	0	0
00.000,00.000	39.5	0	-200	0	4.5	7967.33	2847.21	1917.44	1205.88	767.459	549.904	314.951	193.173	122.465	39.8472	8.99838	0	0	0	0	0	0	0	0	0	0
00.000,00.000	39.6	0	-200	0	4.5	7995.12	2857.11	1919.93	1207.4	768.342	553.053	319.008	195.8	124.457	41.0221	8.99838	0	0	0	0	0	0	0	0	0	0
00.000,00.000	39.7	0	-200	0	4.5	8010.55	2863	1921.12	1208.11	768.802	554.76	321.226	197.281	125.594	41.6657	8.99838	0	0	0	0	0	0	0	0	0	0
00.000,00.000	39.8	0	-200	0	4.5	8012.12	2863.61	1921.26	1208.19	768.849	554.923	321.448	197.43	125.7	41.7286	8.99838	0	0	0	0	0	0	0	0	0	0
00.000,00.000	39.9	0	-200	0	4.5	8014.75	2864.8	1921.45	1208.29	768.91	555.166	321.787	197.655	125.864	41.8239	8.99838	0	0	0	0	0	0	0	0	0	0
00.000,00.000	40	0	-200	0	4.5	8038.06	2875.09	1923.31	1209.29	769.389	557.345	324.881	199.683	127.388	42.6955	8.99838	0	0	0	0	0	0	0	0	0	0
00.000,00.000	40.1	0	-200	0	4.5	8056.73	2883.5	1924.89	1210.05	769.75	558.989	327.324	201.309	128.538	43.3785	8.99838	0	0	0	0	0	0	0	0	0	0
00.000,00.000	40.2	0	-200	0	4.5	8072.7	2891.08	1926.22	1210.67	770.021	560.294	329.312	202.659	129.498	43.947	8.99838	0	0	0	0	0	0	0	0	0	0
00.000,00.000	40.3	0	-200	0	4.5	8089.53	2899.12	1927.84	1211.25	770.269	561.606	331.373	204.069	130.477	44.5331	8.99838	0	0	0	0	0	0	0	0	0	0
00.000,00.000	40.4	0	-200	0	4.5	8107.63	2907.24	1929.7	1211.88	770.518	562.97	333.743	205.729	131.637	45.2149	8.99838	0	0	0	0	0	0	0	0	0	0
00.000,00.000	40.5	0	-200	0	4.5	8121.14	2913.09	1931.29	1212.33	770.69	564	335.518	207	132.503	45.7276	8.99838	0	0	0	0	0	0	0	0	0	0
00.000,00.000	40.6	0	-200	0	4.5	8135.76	2918.71	1932.89	1212.86	770.858	565.09	337.719	208.636	133.625	46.3849	8.99838	0	0	0	0	0	0	0	0	0	0
00.000,00.000	40.7	0	-200	0	4.5	8183.81	2936.61	1938.16	1214.46	771.337	568.274	345.165	214.508	137.582	48.7171	8.99838	0	0	0	0	0	0	0	0	0	0
00.000,00.000	40.8	0	-200	0	4.5	8192.7	2939.81	1939.26	1214.79	771.415	568.935	346.463	215.64	138.241	49.1472	8.99838	0	0	0	0	0	0	0	0	0	0
00.000,00.000	40.9	0	-200	0	4.5	8193.33	2940.04	1939.33	1214.8	771.42	568.978	346.56	215.722	138.291	49.1779	8.99838	0	0	0	0	0	0	0	0	0	0
00.000,00.000	41	0	-200	0	4.5	8220.03	2950.29	1942.29	1215.51	771.631	570.747	350.508	219.217	140.395	50.1656	9.28021	0	0	0	0	0	0	0	0	0	0
00.000,00.000	41.1	0	-200	0	4.5	8236.76	2956.71	1944.21	1215.99	771.75	571.821	352.87	221.454	141.709	50.623	9.62317	0	0	0	0	0	0	0	0	0	0
00.000,00.000	41.2	0	-200	0	4.5	8248.29	2961.48	1945.49	1216.29	771.829	572.455	354.387	222.982	142.6	50.9272	9.85042	0	0	0	0	0	0	0	0	0	0
00.000,00.000	41.3	0	-200	0	4.5	8259.91	2966.36	1946.87	1216.58	771.895	573.023	355.864	224.528	143.488	51.2257	10.0791	0	0	0	0	0	0	0	0	0	0
00.000,00.000	41.4	0	-200	0	4.5	8270.97	2970.83	1948.29	1216.85	771.958	573.529	357.204	226.078	144.374	51.5331	10.31	0	0	0	0	0	0	0	0	0	0
00.000,00.000	41.5	0	-200	0	4.5	8306.37	2985.08	1952.87	1217.67	772.104	575.123	361.526	231.012	147.314	52.5818	11.0794	0	0	0	0	0	0	0	0	0	0
00.000,00.000	41.6	0	-200	0	4.5	8314.22	2988.08	1954.02	1217.87	772.133	575.45	362.311	232.181	148.059	52.8426	11.2755	0	0	0	0	0	0	0	0	0	0
00.000,00.000	41.7	0	-200	0	4.5	8357.94	3003.84	1960.88	1218.82	772.306	576.996	366.965	238.963	152.308	54.4584	12.3995	0	0	0	0	0	0	0	0	0	0
00.000,00.000	41.8	0	-200	0	4.5	8366.29	3006.88	1962.25	1219.01	772.329	577.285	367.789	240.231	153.097	54.8105	12.6125	0	0	0	0	0	0	0	0	0	0
00.000,00.000	41.9	0	-200	0	4.5	8411.05	3026.08	1968.95	1219.74	772.438	578.609	372.054	246.449	156.729	56.4218	13.5846	0	0	0	0	0	0	0	0	0	0
00.000,00.000	42	0	-200	0	4.5	8425.14	3031.71	1971.47	1220	772.468	579.021	373.066	248.475	158.004	57	13.9293	0	0	0	0	0	0	0	0	0	0