
label	time(d)	x	depth	z	radius	total	0-10	10-20	20-30	30-40	40-50	50-60	60-70	70-80	80-90	90-100	100-110	110-120	120-130	130-140	140-150	150-160	160-170	170-180	180-190	190-200
05.500,00.000	0	5.5	-200	0	4.5	0	0	0	0	0	0	0	0	0	0	0	0	0	0	0	0	0	0	0	0	0
05.500,00.000	0.1	5.5	-200	0	4.5	0	0	0	0	0	0	0	0	0	0	0	0	0	0	0	0	0	0	0	0	0
05.500,00.000	0.2	5.5	-200	0	4.5	0	0	0	0	0	0	0	0	0	0	0	0	0	0	0	0	0	0	0	0	0
05.500,00.000	0.3	5.5	-200	0	4.5	0	0	0	0	0	0	0	0	0	0	0	0	0	0	0	0	0	0	0	0	0
05.500,00.000	0.4	5.5	-200	0	4.5	0	0	0	0	0	0	0	0	0	0	0	0	0	0	0	0	0	0	0	0	0
05.500,00.000	0.5	5.5	-200	0	4.5	0	0	0	0	0	0	0	0	0	0	0	0	0	0	0	0	0	0	0	0	0
05.500,00.000	0.6	5.5	-200	0	4.5	0	0	0	0	0	0	0	0	0	0	0	0	0	0	0	0	0	0	0	0	0
05.500,00.000	0.7	5.5	-200	0	4.5	0	0	0	0	0	0	0	0	0	0	0	0	0	0	0	0	0	0	0	0	0
05.500,00.000	0.8	5.5	-200	0	4.5	0	0	0	0	0	0	0	0	0	0	0	0	0	0	0	0	0	0	0	0	0
05.500,00.000	0.9	5.5	-200	0	4.5	0	0	0	0	0	0	0	0	0	0	0	0	0	0	0	0	0	0	0	0	0
05.500,00.000	1	5.5	-200	0	4.5	0	0	0	0	0	0	0	0	0	0	0	0	0	0	0	0	0	0	0	0	0
05.500,00.000	1.1	5.5	-200	0	4.5	0	0	0	0	0	0	0	0	0	0	0	0	0	0	0	0	0	0	0	0	0
05.500,00.000	1.2	5.5	-200	0	4.5	0	0	0	0	0	0	0	0	0	0	0	0	0	0	0	0	0	0	0	0	0
05.500,00.000	1.3	5.5	-200	0	4.5	0	0	0	0	0	0	0	0	0	0	0	0	0	0	0	0	0	0	0	0	0
05.500,00.000	1.4	5.5	-200	0	4.5	0	0	0	0	0	0	0	0	0	0	0	0	0	0	0	0	0	0	0	0	0
05.500,00.000	1.5	5.5	-200	0	4.5	0	0	0	0	0	0	0	0	0	0	0	0	0	0	0	0	0	0	0	0	0
05.500,00.000	1.6	5.5	-200	0	4.5	0	0	0	0	0	0	0	0	0	0	0	0	0	0	0	0	0	0	0	0	0
05.500,00.000	1.7	5.5	-200	0	4.5	0	0	0	0	0	0	0	0	0	0	0	0	0	0	0	0	0	0	0	0	0
05.500,00.000	1.8	5.5	-200	0	4.5	0	0	0	0	0	0	0	0	0	0	0	0	0	0	0	0	0	0	0	0	0
05.500,00.000	1.9	5.5	-200	0	4.5	0	0	0	0	0	0	0	0	0	0	0	0	0	0	0	0	0	0	0	0	0
05.500,00.000	2	5.5	-200	0	4.5	0	0	0	0	0	0	0	0	0	0	0	0	0	0	0	0	0	0	0	0	0
05.500,00.000	2.1	5.5	-200	0	4.5	0	0	0	0	0	0	0	0	0	0	0	0	0	0	0	0	0	0	0	0	0
05.500,00.000	2.2	5.5	-200	0	4.5	0	0	0	0	0	0	0	0	0	0	0	0	0	0	0	0	0	0	0	0	0
05.500,00.000	2.3	5.5	-200	0	4.5	0	0	0	0	0	0	0	0	0	0	0	0	0	0	0	0	0	0	0	0	0
05.500,00.000	2.4	5.5	-200	0	4.5	0	0	0	0	0	0	0	0	0	0	0	0	0	0	0	0	0	0	0	0	0
05.500,00.000	2.5	5.5	-200	0	4.5	0.0638238	0	0.0638238	0	0	0	0	0	0	0	0	0	0	0	0	0	0	0	0	0	0
05.500,00.000	2.6	5.5	-200	0	4.5	0.354602	0	0.354602	0	0	0	0	0	0	0	0	0	0	0	0	0	0	0	0	0	0
05.500,00.000	2.7	5.5	-200	0	4.5	0.62805	0	0.62805	0	0	0	0	0	0	0	0	0	0	0	0	0	0	0	0	0	0
05.500,00.000	2.8	5.5	-200	0	4.5	1.03941	0.143686	0.895726	0	0	0	0	0	0	0	0	0	0	0	0	0	0	0	0	0	0
05.500,00.000	2.9	5.5	-200	0	4.5	1.54168	0.378497	1.16318	0	0	0	0	0	0	0	0	0	0	0	0	0	0	0	0	0	0
05.500,00.000	3	5.5	-200	0	4.5	2.07041	0.639693	1.43071	0	0	0	0	0	0	0	0	0	0	0	0	0	0	0	0	0	0
05.500,00.000	3.1	5.5	-200	0	4.5	2.61186	0.91464	1.69722	0	0	0	0	0	0	0	0	0	0	0	0	0	0	0	0	0	0
05.500,00.000	3.2	5.5	-200	0	4.5	3.24144	1.27863	1.96281	0	0	0	0	0	0	0	0	0	0	0	0	0	0	0	0	0	0
05.500,00.000	3.3	5.5	-200	0	4.5	4.01632	1.78802	2.2283	0	0	0	0	0	0	0	0	0	0	0	0	0	0	0	0	0	0
05.500,00.000	3.4	5.5	-200	0	4.5	4.83041	2.33678	2.49363	0	0	0	0	0	0	0	0	0	0	0	0	0	0	0	0	0	0
05.500,00.000	3.5	5.5	-200	0	4.5	5.64414	2.8862	2.75794	0	0	0	0	0	0	0	0	0	0	0	0	0	0	0	0	0	0
05.500,00.000	3.6	5.5	-200	0	4.5	6.4538	3.43264	3.02117	0	0	0	0	0	0	0	0	0	0	0	0	0	0	0	0	0	0
05.500,00.000	3.7	5.5	-200	0	4.5	7.26231	3.97814	3.28417	0	0	0	0	0	0	0	0	0	0	0	0	0	0	0	0	0	0
05.500,00.000	3.8	5.5	-200	0	4.5	8.07018	4.52327	3.5469	0	0	0	0	0	0	0	0	0	0	0	0	0	0	0	0	0	0
05.500,00.000	3.9	5.5	-200	0	4.5	8.87799	5.06889	3.8091	0	0	0	0	0	0	0	0	0	0	0	0	0	0	0	0	0	0
05.500,00.000	4	5.5	-200	0	4.5	9.68817	5.61743	4.07074	0	0	0	0	0	0	0	0	0	0	0	0	0	0	0	0	0	0
05.500,00.000	4.1	5.5	-200	0	4.5	10.5	6.16799	4.33204	0	0	0	0	0	0	0	0	0	0	0	0	0	0	0	0	0	0
05.500,00.000	4.2	5.5	-200	0	4.5	11.1977	6.6048	4.59294	0	0	0	0	0	0	0	0	0	0	0	0	0	0	0	0	0	0
05.500,00.000	4.3	5.5	-200	0	4.5	11.7393	6.88633	4.85299	0	0	0	0	0	0	0	0	0	0	0	0	0	0	0	0	0	0
05.500,00.000	4.4	5.5	-200	0	4.5	12.28	7.16772	5.1123	0	0	0	0	0	0	0	0	0	0	0	0	0	0	0	0	0	0
05.500,00.000	4.5	5.5	-200	0	4.5	12.8198	7.44856	5.37119	0	0	0	0	0	0	0	0	0	0	0	0	0	0	0	0	0	0
05.500,00.000	4.6	5.5	-200	0	4.5	13.3581	7.72862	5.62947	0	0	0	0	0	0	0	0	0	0	0	0	0	0	0	0	0	0
05.500,00.000	4.7	5.5	-200	0	4.5	13.8946	8.00759	5.88704	0	0	0	0	0	0	0	0	0	0	0	0	0	0	0	0	0	0
05.500,00.000	4.8	5.5	-200	0	4.5	14.4302	8.28611	6.14406	0	0	0	0	0	0	0	0	0	0	0	0	0	0	0	0	0	0
05.500,00.000	4.9	5.5	-200	0	4.5	14.9648	8.56411	6.40066	0	0	0	0	0	0	0	0	0	0	0	0	0	0	0	0	0	0
05.500,00.000	5	5.5	-200	0	4.5	15.4983	8.84158	6.65674	0	0	0	0	0	0	0	0	0	0	0	0	0	0	0	0	0	0
05.500,00.000	5.1	5.5	-200	0	4.5	16.0313	9.1189	6.91239	0	0	0	0	0	0	0	0	0	0	0	0	0	0	0	0	0	0
05.500,00.000	5.2	5.5	-200	0	4.5	16.563	9.39552	7.1675	0	0	0	0	0	0	0	0	0	0	0	0	0	0	0	0	0	0
05.500,00.000	5.3	5.5	-200	0	4.5	17.0942	9.67224	7.42191	0	0	0	0	0	0	0	0	0	0	0	0	0	0	0	0	0	0
05.500,00.000	5.4	5.5	-200	0	4.5	17.6253	9.94958	7.67576	0	0	0	0	0	0	0	0	0	0	0	0	0	0	0	0	0	0
05.500,00.000	5.5	5.5	-200	0	4.5	18.1546	10.2259	7.92866	0	0	0	0	0	0	0	0	0	0	0	0	0	0	0	0	0	0
05.500,00.000	5.6	5.5	-200	0	4.5	18.6832	10.5022	8.18104	0	0	0	0	0	0	0	0	0	0	0	0	0	0	0	0	0	0
05.500,00.000	5.7	5.5	-200	0	4.5	19.21	10.7773	8.43271	0	0	0	0	0	0	0	0	0	0	0	0	0	0	0	0	0	0
05.500,00.000	5.8	5.5	-200	0	4.5	19.7364	11.0523	8.57097	0.113113	0	0	0	0	0	0	0	0	0	0	0	0	0	0	0	0	0
05.500,00.000	5.9	5.5	-200	0	4.5	20.2633	11.3284	8.57097	0.363934	0	0	0	0	0	0	0	0	0	0	0	0	0	0	0	0	0
05.500,00.000	6	5.5	-200	0	4.5	20.7885	11.4262	8.74829	0.613952	0	0	0	0	0	0	0	0	0	0	0	0	0	0	0	0	0
05.500,00.000	6.1	5.5	-200	0	4.5	21.3133	11.4262	9.02362	0.863406	0	0	0	0	0	0	0	0	0	0	0	0	0	0	0	0	0
05.500,00.000	6.2	5.5	-200	0	4.5	21.8371	11.4262	9.29818	1.11264	0	0	0	0	0	0	0	0	0	0	0	0	0	0	0	0	0
05.500,00.000	6.3	5.5	-200	0	4.5	22.3602	11.4262	9.57282	1.3611	0	0	0	0	0	0	0	0	0	0	0	0	0	0	0	0	0
05.500,00.000	6.4	5.5	-200	0	4.5	22.8831	11.4262	9.84819	1.60866	0	0	0	0	0	0	0	0	0	0	0	0	0	0	0	0	0
05.500,00.000	6.5	5.5	-200	0	4.5	23.4043	11.4262	10.1229	1.85513	0	0	0	0	0	0	0	0	0	0	0	0	0	0	0	0	0
05.500,00.000	6.6	5.5	-200	0	4.5	23.9256	11.4262	10.3978	2.10162	0	0	0	0	0	0	0	0	0	0	0	0	0	0	0	0	0
05.500,00.000	6.7	5.5	-200	0	4.5	24.4465	11.4262	10.673	2.34735	0	0	0	0	0	0	0	0	0	0	0	0	0	0	0	0	0
05.500,00.000	6.8	5.5	-200	0	4.5	24.8869	11.4262	10.8685	2.59213	0	0	0	0	0	0	0	0	0	0	0	0	0	0	0	0	0
05.500,00.000	6.9	5.5	-200	0	4.5	25.1331	11.4265	10.8699	2.83665	0	0	0	0	0	0	0	0	0	0	0	0	0	0	0	0	0
05.500,00.000	7	5.5	-200	0	4.5	25.3797	11.4286	10.8704	3.08081	0	0	0	0	0	0	0	0	0	0	0	0	0	0	0	0	0
05.500,00.000	7.1	5.5	-200	0	4.5	25.628	11.4324	10.8712	3.32442	0	0	0	0	0	0	0	0	0	0	0	0	0	0	0	0	0
05.500,00.000	7.2	5.5	-200	0	4.5	25.8773	11.4379	10.8723	3.5672	0	0	0	0	0	0	0	0	0	0	0	0	0	0	0	0	0
05.500,00.000	7.3	5.5	-200	0	4.5	26.1296	11.4462	10.8741	3.80934	0	0	0	0	0	0	0	0	0	0	0	0	0	0	0	0	0
05.500,00.000	7.4	5.5	-200	0	4.5	26.3869	11.4587	10.877	4.05116	0	0	0	0	0	0	0	0	0	0	0	0	0	0	0	0	0
05.500,00.000	7.5	5.5	-200	0	4.5	26.6499	11.4771	10.8808	4.29198	0	0	0	0	0	0	0	0	0	0	0	0	0	0	0	0	0
05.500,00.000	7.6	5.5	-200	0	4.5	26.9193	11.5014	10.8858	4.53213	0	0	0	0	0	0	0	0	0	0	0	0	0	0	0	0	0
05.500,00.000	7.7	5.5	-200	0	4.5	27.1975	11.5332	10.8926	4.77164	0	0	0	0	0	0	0	0	0	0	0	0	0	0	0	0	0
05.500,00.000	7.8	5.5	-200	0	4.5	27.4848	11.5727	10.9012	5.0109	0	0	0	0	0	0	0	0	0	0	0	0	0	0	0	0	0
05.500,00.000	7.9	5.5	-200	0	4.5	27.7839	11.6225	10.9116	5.24981	0	0	0	0	0	0	0	0	0	0	0	0	0	0	0	0	0
05.500,00.000	8	5.5	-200	0	4.5	28.0944	11.6823	10.9242	5.48791	0	0	0	0	0	0	0	0	0	0	0	0	0	0	0	0	0
05.500,00.000	8.1	5.5	-200	0	4.5	28.4182	11.7539	10.9388	5.72554	0	0	0	0	0	0	0	0	0	0	0	0	0	0	0	0	0
05.500,00.000	8.2	5.5	-200	0	4.5	28.756	11.838	10.9554	5.96264	0	0	0	0	0	0	0	0	0	0	0	0	0	0	0	0	0
05.500,00.000	8.3	5.5	-200	0	4.5	29.1107	11.9361	10.9753	6.19923	0	0	0	0	0	0	0	0	0	0	0	0	0	0	0	0	0
05.500,00.000	8.4	5.5	-200	0	4.5	29.4804	12.0478	10.9973	6.43529	0	0	0	0	0	0	0	0	0	0	0	0	0	0	0	0	0
05.500,00.000	8.5	5.5	-200	0	4.5	29.8728	12.1728	11.0294	6.67062	0	0	0	0	0	0	0	0	0	0	0	0	0	0	0	0	0
05.500,00.000	8.6	5.5	-200	0	4.5	30.2853	12.3095	11.0705	6.90526	0	0	0	0	0	0	0	0	0	0	0	0	0	0	0	0	0
05.500,00.000	8.7	5.5	-200	0	4.5	30.7135	12.4593	11.1146	7.13955	0	0	0	0	0	0	0	0	0	0	0	0	0	0	0	0	0
05.500,00.000	8.8	5.5	-200	0	4.5	31.1587	12.6208	11.1647	7.37312	0	0	0	0	0	0	0	0	0	0	0	0	0	0	0	0	0
05.500,00.000	8.9	5.5	-200	0	4.5	31.6241	12.7991	11.2189	7.6061	0	0	0	0	0	0	0	0	0	0	0	0	0	0	0	0	0
05.500,00.000	9	5.5	-200	0	4.5	32.1092	12.9925	11.278	7.83867	0	0	0	0	0	0	0	0	0	0	0	0	0	0	0	0	0
05.500,00.000	9.1	5.5	-200	0	4.5	32.6128	13.1996	11.3423	8.07088	0	0	0	0	0	0	0	0	0	0	0	0	0	0	0	0	0
05.500,00.000	9.2	5.5	-200	0	4.5	33.137	13.4236	11.4108	8.30254	0	0	0	0	0	0	0	0	0	0	0	0	0	0	0	0	0
05.500,00.000	9.3	5.5	-200	0	4.5	33.6828	13.6653	11.4841	8.53344	0	0	0	0	0	0	0	0	0	0	0	0	0	0	0	0	0
05.500,00.000	9.4	5.5	-200	0	4.5	34.2481	13.9231	11.5612	8.7638	0	0	0	0	0	0	0	0	0	0	0	0	0	0	0	0	0
05.500,00.000	9.5	5.5	-200	0	4.5	34.8348	14.1963	11.6449	8.99355	0	0	0	0	0	0	0	0	0	0	0	0	0	0	0	0	0
05.500,00.000	9.6	5.5	-200	0	4.5	35.4323	14.4822	11.7275	9.2227	0	0	0	0	0	0	0	0	0	0	0	0	0	0	0	0	0
05.500,00.000	9.7	5.5	-200	0	4.5	36.049	14.7834	11.8144	9.45121	0	0	0	0	0	0	0	0	0	0	0	0	0	0	0	0	0
05.500,00.000	9.8	5.5	-200	0	4.5	36.6897	15.1038	11.9068	9.67906	0	0	0	0	0	0	0	0	0	0	0	0	0	0	0	0	0
05.500,00.000	9.9	5.5	-200	0	4.5	37.3609	15.4501	12.0044	9.90645	0	0	0	0	0	0	0	0	0	0	0	0	0	0	0	0	0
05.500,00.000	10	5.5	-200	0	4.5	38.0591	15.8164	12.1092	10.101	0.0324407	0	0	0	0	0	0	0	0	0	0	0	0	0	0	0	0
05.500,00.000	10.1	5.5	-200	0	4.5	38.7836	16.2029	12.2207	10.101	0.258922	0	0	0	0	0	0	0	0	0	0	0	0	0	0	0	0
05.500,00.000	10.2	5.5	-200	0	4.5	39.5359	16.6093	12.3408	10.101	0.484785	0	0	0	0	0	0	0	0	0	0	0	0	0	0	0	0
05.500,00.000	10.3	5.5	-200	0	4.5	40.3145	17.0352	12.4682	10.101	0.710095	0	0	0	0	0	0	0	0	0	0	0	0	0	0	0	0
05.500,00.000	10.4	5.5	-200	0	4.5	41.1182	17.4792	12.6031	10.101	0.934895	0	0	0	0	0	0	0	0	0	0	0	0	0	0	0	0
05.500,00.000	10.5	5.5	-200	0	4.5	41.9453	17.9387	12.7464	10.1011	1.15908	0	0	0	0	0	0	0	0	0	0	0	0	0	0	0	0
05.500,00.000	10.6	5.5	-200	0	4.5	42.791	18.4092	12.8973	10.1019	1.38252	0	0	0	0	0	0	0	0	0	0	0	0	0	0	0	0
05.500,00.000	10.7	5.5	-200	0	4.5	43.6593	18.8948	13.0564	10.1028	1.60536	0	0	0	0	0	0	0	0	0	0	0	0	0	0	0	0
05.500,00.000	10.8	5.5	-200	0	4.5	44.5505	19.3948	13.2238	10.1041	1.82777	0	0	0	0	0	0	0	0	0	0	0	0	0	0	0	0
05.500,00.000	10.9	5.5	-200	0	4.5	45.4742	19.9146	13.4027	10.1073	2.04966	0	0	0	0	0	0	0	0	0	0	0	0	0	0	0	0
05.500,00.000	11	5.5	-200	0	4.5	46.4287	20.4538	13.5927	10.1112	2.27098	0	0	0	0	0	0	0	0	0	0	0	0	0	0	0	0
05.500,00.000	11.1	5.5	-200	0	4.5	47.4129	21.0137	13.791	10.1163	2.49179	0	0	0	0	0	0	0	0	0	0	0	0	0	0	0	0
05.500,00.000	11.2	5.5	-200	0	4.5	48.4354	21.6011	13.9987	10.1236	2.7121	0	0	0	0	0	0	0	0	0	0	0	0	0	0	0	0
05.500,00.000	11.3	5.5	-200	0	4.5	49.4999	22.2196	14.2162	10.1322	2.9319	0	0	0	0	0	0	0	0	0	0	0	0	0	0	0	0
05.500,00.000	11.4	5.5	-200	0	4.5	50.6034	22.8667	14.4429	10.1426	3.15122	0	0	0	0	0	0	0	0	0	0	0	0	0	0	0	0
05.500,00.000	11.5	5.5	-200	0	4.5	51.767	23.5633	14.679	10.1548	3.36987	0	0	0	0	0	0	0	0	0	0	0	0	0	0	0	0
05.500,00.000	11.6	5.5	-200	0	4.5	52.9536	24.2722	14.9247	10.169	3.58771	0	0	0	0	0	0	0	0	0	0	0	0	0	0	0	0
05.500,00.000	11.7	5.5	-200	0	4.5	54.1546	24.9974	15.1671	10.1851	3.80502	0	0	0	0	0	0	0	0	0	0	0	0	0	0	0	0
05.500,00.000	11.8	5.5	-200	0	4.5	55.382	25.7423	15.4123	10.2055	4.02187	0	0	0	0	0	0	0	0	0	0	0	0	0	0	0	0
05.500,00.000	11.9	5.5	-200	0	4.5	56.6519	26.5182	15.6673	10.2281	4.23831	0	0	0	0	0	0	0	0	0	0	0	0	0	0	0	0
05.500,00.000	12	5.5	-200	0	4.5	57.9654	27.3266	15.9309	10.2536	4.45432	0	0	0	0	0	0	0	0	0	0	0	0	0	0	0	0
05.500,00.000	12.1	5.5	-200	0	4.5	59.4034	28.2445	16.205	10.2829	4.67104	0	0	0	0	0	0	0	0	0	0	0	0	0	0	0	0
05.500,00.000	12.2	5.5	-200	0	4.5	60.8744	29.1852	16.488	10.3148	4.8864	0	0	0	0	0	0	0	0	0	0	0	0	0	0	0	0
05.500,00.000	12.3	5.5	-200	0	4.5	62.3827	30.1511	16.7811	10.3496	5.10093	0	0	0	0	0	0	0	0	0	0	0	0	0	0	0	0
05.500,00.000	12.4	5.5	-200	0	4.5	63.9583	31.178	17.0779	10.3875	5.31486	0	0	0	0	0	0	0	0	0	0	0	0	0	0	0	0
05.500,00.000	12.5	5.5	-200	0	4.5	65.5558	32.22	17.3786	10.4292	5.52806	0	0	0	0	0	0	0	0	0	0	0	0	0	0	0	0
05.500,00.000	12.6	5.5	-200	0	4.5	67.4404	33.4651	17.7286	10.4793	5.76738	0	0	0	0	0	0	0	0	0	0	0	0	0	0	0	0
05.500,00.000	12.7	5.5	-200	0	4.5	69.1898	34.6264	18.052	10.528	5.98334	0	0	0	0	0	0	0	0	0	0	0	0	0	0	0	0
05.500,00.000	12.8	5.5	-200	0	4.5	70.7351	35.6482	18.3407	10.5738	6.17243	0	0	0	0	0	0	0	0	0	0	0	0	0	0	0	0
05.500,00.000	12.9	5.5	-200	0	4.5	72.5862	36.8725	18.6905	10.6311	6.39215	0	0	0	0	0	0	0	0	0	0	0	0	0	0	0	0
05.500,00.000	13	5.5	-200	0	4.5	74.4447	38.1057	19.0411	10.6907	6.60713	0	0	0	0	0	0	0	0	0	0	0	0	0	0	0	0
05.500,00.000	13.1	5.5	-200	0	4.5	76.3078	39.3422	19.3943	10.7539	6.81731	0	0	0	0	0	0	0	0	0	0	0	0	0	0	0	0
05.500,00.000	13.2	5.5	-200	0	4.5	78.1964	40.5936	19.7554	10.8206	7.02674	0	0	0	0	0	0	0	0	0	0	0	0	0	0	0	0
05.500,00.000	13.3	5.5	-200	0	4.5	80.1365	41.8826	20.1265	10.8914	7.23593	0	0	0	0	0	0	0	0	0	0	0	0	0	0	0	0
05.500,00.000	13.4	5.5	-200	0	4.5	82.1252	43.2114	20.5026	10.9664	7.44481	0	0	0	0	0	0	0	0	0	0	0	0	0	0	0	0
05.500,00.000	13.5	5.5	-200	0	4.5	84.1773	44.6123	20.8557	11.0491	7.66023	0	0	0	0	0	0	0	0	0	0	0	0	0	0	0	0
05.500,00.000	13.6	5.5	-200	0	4.5	86.6377	46.2953	21.2817	11.1513	7.90929	0	0	0	0	0	0	0	0	0	0	0	0	0	0	0	0
05.500,00.000	13.7	5.5	-200	0	4.5	88.6905	47.6955	21.6361	11.2411	8.11772	0	0	0	0	0	0	0	0	0	0	0	0	0	0	0	0
05.500,00.000	13.8	5.5	-200	0	4.5	90.3836	48.8469	21.9316	11.318	8.28702	0	0	0	0	0	0	0	0	0	0	0	0	0	0	0	0
05.500,00.000	13.9	5.5	-200	0	4.5	92.4802	50.272	22.2995	11.4168	8.49182	0	0	0	0	0	0	0	0	0	0	0	0	0	0	0	0
05.500,00.000	14	5.5	-200	0	4.5	94.7509	51.815	22.6973	11.5274	8.71124	0	0	0	0	0	0	0	0	0	0	0	0	0	0	0	0
05.500,00.000	14.1	5.5	-200	0	4.5	96.9606	53.3161	23.0861	11.6393	8.91911	0	0	0	0	0	0	0	0	0	0	0	0	0	0	0	0
05.500,00.000	14.2	5.5	-200	0	4.5	99.1881	54.8335	23.476	11.7548	9.12387	0	0	0	0	0	0	0	0	0	0	0	0	0	0	0	0
05.500,00.000	14.3	5.5	-200	0	4.5	101.458	56.3803	23.8736	11.8758	9.32817	0	0	0	0	0	0	0	0	0	0	0	0	0	0	0	0
05.500,00.000	14.4	5.5	-200	0	4.5	103.741	57.9288	24.2778	12.0024	9.53166	0	0	0	0	0	0	0	0	0	0	0	0	0	0	0	0
05.500,00.000	14.5	5.5	-200	0	4.5	106.657	59.8885	24.8049	12.1726	9.79085	0	0	0	0	0	0	0	0	0	0	0	0	0	0	0	0
05.500,00.000	14.6	5.5	-200	0	4.5	109.463	61.7569	25.3224	12.3431	10.0408	0	0	0	0	0	0	0	0	0	0	0	0	0	0	0	0
05.500,00.000	14.7	5.5	-200	0	4.5	111.824	63.3388	25.7355	12.4957	10.2001	0.0543369	0	0	0	0	0	0	0	0	0	0	0	0	0	0	0
05.500,00.000	14.8	5.5	-200	0	4.5	113.965	64.7665	26.1079	12.6414	10.2001	0.249253	0	0	0	0	0	0	0	0	0	0	0	0	0	0	0
05.500,00.000	14.9	5.5	-200	0	4.5	115.523	65.8015	26.3786	12.7518	10.2001	0.390579	0	0	0	0	0	0	0	0	0	0	0	0	0	0	0
05.500,00.000	15	5.5	-200	0	4.5	118.13	67.5141	26.8471	12.9437	10.2001	0.62491	0	0	0	0	0	0	0	0	0	0	0	0	0	0	0
05.500,00.000	15.1	5.5	-200	0	4.5	120.521	69.0793	27.2746	13.1277	10.2001	0.839597	0	0	0	0	0	0	0	0	0	0	0	0	0	0	0
05.500,00.000	15.2	5.5	-200	0	4.5	122.751	70.5235	27.683	13.3058	10.2001	1.03896	0	0	0	0	0	0	0	0	0	0	0	0	0	0	0
05.500,00.000	15.3	5.5	-200	0	4.5	124.978	71.9521	28.0969	13.4909	10.2001	1.23793	0	0	0	0	0	0	0	0	0	0	0	0	0	0	0
05.500,00.000	15.4	5.5	-200	0	4.5	127.201	73.3632	28.5179	13.6831	10.2001	1.43669	0	0	0	0	0	0	0	0	0	0	0	0	0	0	0
05.500,00.000	15.5	5.5	-200	0	4.5	131.483	76.0496	29.3549	14.071	10.2028	1.80437	0	0	0	0	0	0	0	0	0	0	0	0	0	0	0
05.500,00.000	15.6	5.5	-200	0	4.5	132.32	76.5795	29.506	14.1498	10.2034	1.88133	0	0	0	0	0	0	0	0	0	0	0	0	0	0	0
05.500,00.000	15.7	5.5	-200	0	4.5	134.458	77.8735	29.9398	14.3609	10.206	2.07798	0	0	0	0	0	0	0	0	0	0	0	0	0	0	0
05.500,00.000	15.8	5.5	-200	0	4.5	135.06	78.2378	30.0589	14.4223	10.2069	2.13399	0	0	0	0	0	0	0	0	0	0	0	0	0	0	0
05.500,00.000	15.9	5.5	-200	0	4.5	135.936	78.755	30.2389	14.517	10.2087	2.2163	0	0	0	0	0	0	0	0	0	0	0	0	0	0	0
05.500,00.000	16	5.5	-200	0	4.5	138.746	80.3941	30.8219	14.8321	10.2159	2.48144	0	0	0	0	0	0	0	0	0	0	0	0	0	0	0
05.500,00.000	16.1	5.5	-200	0	4.5	141.094	81.7612	31.3063	15.1013	10.2233	2.70196	0	0	0	0	0	0	0	0	0	0	0	0	0	0	0
05.500,00.000	16.2	5.5	-200	0	4.5	143.171	82.9618	31.7347	15.3465	10.2309	2.89668	0	0	0	0	0	0	0	0	0	0	0	0	0	0	0
05.500,00.000	16.3	5.5	-200	0	4.5	145.223	84.1306	32.1626	15.5985	10.2397	3.09124	0	0	0	0	0	0	0	0	0	0	0	0	0	0	0
05.500,00.000	16.4	5.5	-200	0	4.5	147.237	85.2545	32.5893	15.857	10.2513	3.28536	0	0	0	0	0	0	0	0	0	0	0	0	0	0	0
05.500,00.000	16.5	5.5	-200	0	4.5	152.575	88.2308	33.6426	16.5925	10.2876	3.82109	0	0	0	0	0	0	0	0	0	0	0	0	0	0	0
05.500,00.000	16.6	5.5	-200	0	4.5	153.606	88.8251	33.8161	16.7415	10.2955	3.9279	0	0	0	0	0	0	0	0	0	0	0	0	0	0	0
05.500,00.000	16.7	5.5	-200	0	4.5	160.88	92.7188	35.3411	17.831	10.3651	4.62424	0	0	0	0	0	0	0	0	0	0	0	0	0	0	0
05.500,00.000	16.8	5.5	-200	0	4.5	162.579	93.5774	35.7299	18.0894	10.3829	4.79942	0	0	0	0	0	0	0	0	0	0	0	0	0	0	0
05.500,00.000	16.9	5.5	-200	0	4.5	167.236	95.9698	36.7078	18.8404	10.4457	5.27271	0	0	0	0	0	0	0	0	0	0	0	0	0	0	0
05.500,00.000	17	5.5	-200	0	4.5	170.019	97.3528	37.3115	19.3006	10.4893	5.56452	0	0	0	0	0	0	0	0	0	0	0	0	0	0	0
05.500,00.000	17.1	5.5	-200	0	4.5	171.776	98.2098	37.6853	19.6063	10.5221	5.75254	0	0	0	0	0	0	0	0	0	0	0	0	0	0	0
05.500,00.000	17.2	5.5	-200	0	4.5	173.5	99.0289	38.0523	19.9191	10.5592	5.94036	0	0	0	0	0	0	0	0	0	0	0	0	0	0	0
05.500,00.000	17.3	5.5	-200	0	4.5	175.183	99.8063	38.4101	20.2382	10.6013	6.1271	0	0	0	0	0	0	0	0	0	0	0	0	0	0	0
05.500,00.000	17.4	5.5	-200	0	4.5	176.849	100.564	38.7588	20.5646	10.6477	6.31361	0	0	0	0	0	0	0	0	0	0	0	0	0	0	0
05.500,00.000	17.5	5.5	-200	0	4.5	182.279	103.001	39.8866	21.6808	10.8187	6.89187	0	0	0	0	0	0	0	0	0	0	0	0	0	0	0
05.500,00.000	17.6	5.5	-200	0	4.5	183.324	103.437	40.1094	21.9067	10.8548	7.0161	0	0	0	0	0	0	0	0	0	0	0	0	0	0	0
05.500,00.000	17.7	5.5	-200	0	4.5	188.517	105.496	41.2772	23.0845	11.066	7.5937	0	0	0	0	0	0	0	0	0	0	0	0	0	0	0
05.500,00.000	17.8	5.5	-200	0	4.5	189.685	105.891	41.5844	23.3567	11.1159	7.73687	0	0	0	0	0	0	0	0	0	0	0	0	0	0	0
05.500,00.000	17.9	5.5	-200	0	4.5	192.37	106.826	42.2163	24.0091	11.2476	8.07066	0	0	0	0	0	0	0	0	0	0	0	0	0	0	0
05.500,00.000	18	5.5	-200	0	4.5	194.796	107.628	42.7969	24.6179	11.3755	8.37684	0	0	0	0	0	0	0	0	0	0	0	0	0	0	0
05.500,00.000	18.1	5.5	-200	0	4.5	196.681	108.232	43.235	25.1097	11.4851	8.61956	0	0	0	0	0	0	0	0	0	0	0	0	0	0	0
05.500,00.000	18.2	5.5	-200	0	4.5	198.055	108.659	43.5517	25.4757	11.5701	8.7976	0	0	0	0	0	0	0	0	0	0	0	0	0	0	0
05.500,00.000	18.3	5.5	-200	0	4.5	199.388	109.073	43.8474	25.8389	11.6589	8.96985	0	0	0	0	0	0	0	0	0	0	0	0	0	0	0
05.500,00.000	18.4	5.5	-200	0	4.5	200.727	109.463	44.1436	26.1837	11.7871	9.14886	0	0	0	0	0	0	0	0	0	0	0	0	0	0	0
05.500,00.000	18.5	5.5	-200	0	4.5	207.835	111.731	45.6228	28.026	12.4535	9.65792	0.343835	0	0	0	0	0	0	0	0	0	0	0	0	0	0
05.500,00.000	18.6	5.5	-200	0	4.5	209.399	112.321	45.9121	28.3545	12.6268	9.65792	0.527101	0	0	0	0	0	0	0	0	0	0	0	0	0	0
05.500,00.000	18.7	5.5	-200	0	4.5	225.108	117.757	48.7133	32.4282	14.1514	9.6614	2.39664	0	0	0	0	0	0	0	0	0	0	0	0	0	0
05.500,00.000	18.8	5.5	-200	0	4.5	228.811	119.053	49.3967	33.2942	14.5275	9.666	2.87348	0	0	0	0	0	0	0	0	0	0	0	0	0	0
05.500,00.000	18.9	5.5	-200	0	4.5	234.993	120.489	51.1246	34.8194	15.197	9.69858	3.66492	0	0	0	0	0	0	0	0	0	0	0	0	0	0
05.500,00.000	19	5.5	-200	0	4.5	238.444	121.112	52.2761	35.6434	15.584	9.71948	4.10919	0	0	0	0	0	0	0	0	0	0	0	0	0	0
05.500,00.000	19.1	5.5	-200	0	4.5	239.937	121.362	52.7745	36.0112	15.7575	9.73217	4.29933	0	0	0	0	0	0	0	0	0	0	0	0	0	0
05.500,00.000	19.2	5.5	-200	0	4.5	241.346	121.608	53.2329	36.3575	15.9248	9.74695	4.47597	0	0	0	0	0	0	0	0	0	0	0	0	0	0
05.500,00.000	19.3	5.5	-200	0	4.5	242.763	121.843	53.6903	36.7109	16.0997	9.76564	4.65394	0	0	0	0	0	0	0	0	0	0	0	0	0	0
05.500,00.000	19.4	5.5	-200	0	4.5	244.153	122.065	54.1342	37.0617	16.2772	9.78707	4.82838	0	0	0	0	0	0	0	0	0	0	0	0	0	0
05.500,00.000	19.5	5.5	-200	0	4.5	245.605	122.285	54.5923	37.4346	16.469	9.81302	5.01106	0	0	0	0	0	0	0	0	0	0	0	0	0	0
05.500,00.000	19.6	5.5	-200	0	4.5	246.946	122.477	55.011	37.7841	16.6523	9.84079	5.18096	0	0	0	0	0	0	0	0	0	0	0	0	0	0
05.500,00.000	19.7	5.5	-200	0	4.5	248.292	122.653	55.4312	38.1393	16.8428	9.87456	5.35164	0	0	0	0	0	0	0	0	0	0	0	0	0	0
05.500,00.000	19.8	5.5	-200	0	4.5	256.267	123.542	57.9166	40.2882	18.0302	10.0979	6.3925	0	0	0	0	0	0	0	0	0	0	0	0	0	0
05.500,00.000	19.9	5.5	-200	0	4.5	257.94	123.716	58.4679	40.7292	18.2767	10.1465	6.60382	0	0	0	0	0	0	0	0	0	0	0	0	0	0
05.500,00.000	20	5.5	-200	0	4.5	257.989	123.721	58.4832	40.7425	18.2844	10.1483	6.61014	0	0	0	0	0	0	0	0	0	0	0	0	0	0
05.500,00.000	20.1	5.5	-200	0	4.5	264.345	124.444	60.3899	42.4171	19.2927	10.3948	7.40615	0	0	0	0	0	0	0	0	0	0	0	0	0	0
05.500,00.000	20.2	5.5	-200	0	4.5	266.934	124.925	60.704	43.2183	19.7823	10.519	7.78552	0	0	0	0	0	0	0	0	0	0	0	0	0	0
05.500,00.000	20.3	5.5	-200	0	4.5	268.161	125.147	60.8844	43.5812	20.0105	10.5823	7.95602	0	0	0	0	0	0	0	0	0	0	0	0	0	0
05.500,00.000	20.4	5.5	-200	0	4.5	270.22	125.521	61.1755	44.1855	20.4021	10.6964	8.24008	0	0	0	0	0	0	0	0	0	0	0	0	0	0
05.500,00.000	20.5	5.5	-200	0	4.5	270.714	125.609	61.2453	44.3302	20.4971	10.7249	8.30797	0	0	0	0	0	0	0	0	0	0	0	0	0	0
05.500,00.000	20.6	5.5	-200	0	4.5	281.362	127.033	62.6815	47.6124	22.7351	11.4351	9.11149	0.75367	0	0	0	0	0	0	0	0	0	0	0	0	0
05.500,00.000	20.7	5.5	-200	0	4.5	283.699	127.438	62.981	48.2973	23.2071	11.5889	9.11149	1.07573	0	0	0	0	0	0	0	0	0	0	0	0	0
05.500,00.000	20.8	5.5	-200	0	4.5	283.768	127.451	62.989	48.317	23.2213	11.5939	9.11149	1.08498	0	0	0	0	0	0	0	0	0	0	0	0	0
05.500,00.000	20.9	5.5	-200	0	4.5	293.128	129.354	64.1464	50.845	25.0347	12.3039	9.11149	2.33267	0	0	0	0	0	0	0	0	0	0	0	0	0
05.500,00.000	21	5.5	-200	0	4.5	295.67	129.965	64.5003	51.4268	25.4953	12.501	9.11231	2.66904	0	0	0	0	0	0	0	0	0	0	0	0	0
05.500,00.000	21.1	5.5	-200	0	4.5	299.14	130.774	64.9809	52.2411	26.1314	12.784	9.11579	3.11353	0	0	0	0	0	0	0	0	0	0	0	0	0
05.500,00.000	21.2	5.5	-200	0	4.5	301.298	131.319	65.2944	52.7042	26.5218	12.9602	9.11831	3.38109	0	0	0	0	0	0	0	0	0	0	0	0	0
05.500,00.000	21.3	5.5	-200	0	4.5	302.707	131.671	65.499	53.0096	26.777	13.0779	9.12061	3.55095	0	0	0	0	0	0	0	0	0	0	0	0	0
05.500,00.000	21.4	5.5	-200	0	4.5	305.075	132.266	65.8403	53.5184	27.2108	13.2816	9.12557	3.83211	0	0	0	0	0	0	0	0	0	0	0	0	0
05.500,00.000	21.5	5.5	-200	0	4.5	305.643	132.414	65.9221	53.6371	27.3142	13.3306	9.12708	3.89812	0	0	0	0	0	0	0	0	0	0	0	0	0
05.500,00.000	21.6	5.5	-200	0	4.5	307.456	132.876	66.1745	54.0123	27.6551	13.495	9.1339	4.10891	0	0	0	0	0	0	0	0	0	0	0	0	0
05.500,00.000	21.7	5.5	-200	0	4.5	315.843	135.281	67.3878	55.585	29.1655	14.2265	9.16976	5.02775	0	0	0	0	0	0	0	0	0	0	0	0	0
05.500,00.000	21.8	5.5	-200	0	4.5	320.862	137.201	68.0643	56.3524	29.948	14.6114	9.19268	5.49217	0	0	0	0	0	0	0	0	0	0	0	0	0
05.500,00.000	21.9	5.5	-200	0	4.5	320.941	137.231	68.0751	56.364	29.9605	14.6176	9.19311	5.49939	0	0	0	0	0	0	0	0	0	0	0	0	0
05.500,00.000	22	5.5	-200	0	4.5	322.266	137.762	68.2564	56.5472	30.1641	14.7212	9.20192	5.61321	0	0	0	0	0	0	0	0	0	0	0	0	0
05.500,00.000	22.1	5.5	-200	0	4.5	327.915	139.979	69.0698	57.3272	31.0361	15.1675	9.24277	6.09283	0	0	0	0	0	0	0	0	0	0	0	0	0
05.500,00.000	22.2	5.5	-200	0	4.5	330.968	141.194	69.522	57.7272	31.5033	15.4087	9.26714	6.34493	0	0	0	0	0	0	0	0	0	0	0	0	0
05.500,00.000	22.3	5.5	-200	0	4.5	333.056	142.021	69.8557	57.989	31.8193	15.5738	9.28544	6.51126	0	0	0	0	0	0	0	0	0	0	0	0	0
05.500,00.000	22.4	5.5	-200	0	4.5	336.774	143.487	70.4876	58.4333	32.3781	15.8689	9.32084	6.79872	0	0	0	0	0	0	0	0	0	0	0	0	0
05.500,00.000	22.5	5.5	-200	0	4.5	337.653	143.835	70.6433	58.5319	32.5095	15.9387	9.32971	6.86554	0	0	0	0	0	0	0	0	0	0	0	0	0
05.500,00.000	22.6	5.5	-200	0	4.5	340.485	144.931	71.1458	58.85	32.942	16.1728	9.36236	7.08157	0	0	0	0	0	0	0	0	0	0	0	0	0
05.500,00.000	22.7	5.5	-200	0	4.5	343.029	145.928	71.613	59.1203	33.3231	16.3824	9.39288	7.26916	0	0	0	0	0	0	0	0	0	0	0	0	0
05.500,00.000	22.8	5.5	-200	0	4.5	345.337	146.83	72.0385	59.3577	33.672	16.5773	9.42255	7.43844	0	0	0	0	0	0	0	0	0	0	0	0	0
05.500,00.000	22.9	5.5	-200	0	4.5	353.389	149.965	73.5139	60.1839	34.896	17.2713	9.53492	8.02334	0	0	0	0	0	0	0	0	0	0	0	0	0
05.500,00.000	23	5.5	-200	0	4.5	355.14	150.653	73.8481	60.3584	35.1551	17.4198	9.55941	8.14607	0	0	0	0	0	0	0	0	0	0	0	0	0
05.500,00.000	23.1	5.5	-200	0	4.5	360.646	152.808	74.9151	60.8863	35.9694	17.8988	9.64498	8.52377	0	0	0	0	0	0	0	0	0	0	0	0	0
05.500,00.000	23.2	5.5	-200	0	4.5	364.248	153.901	75.9493	61.2171	36.498	18.2135	9.70252	8.76643	0	0	0	0	0	0	0	0	0	0	0	0	0
05.500,00.000	23.3	5.5	-200	0	4.5	366.735	154.543	76.7748	61.4363	36.8668	18.4363	9.7454	8.93274	0	0	0	0	0	0	0	0	0	0	0	0	0
05.500,00.000	23.4	5.5	-200	0	4.5	369.274	155.198	77.6259	61.6432	37.2485	18.6667	9.79114	9.08674	0.0131793	0	0	0	0	0	0	0	0	0	0	0	0
05.500,00.000	23.5	5.5	-200	0	4.5	371.856	155.855	78.5119	61.847	37.6321	18.9032	9.83949	9.10555	0.161555	0	0	0	0	0	0	0	0	0	0	0	0
05.500,00.000	23.6	5.5	-200	0	4.5	380.004	157.595	81.447	62.5906	38.8721	19.6842	10.0035	9.16809	0.642814	0	0	0	0	0	0	0	0	0	0	0	0
05.500,00.000	23.7	5.5	-200	0	4.5	381.617	157.861	82.0772	62.7678	39.0916	19.8534	10.0397	9.16809	0.757877	0	0	0	0	0	0	0	0	0	0	0	0
05.500,00.000	23.8	5.5	-200	0	4.5	386	158.68	83.6585	63.2009	39.7459	20.33	10.1469	9.16809	1.06985	0	0	0	0	0	0	0	0	0	0	0	0
05.500,00.000	23.9	5.5	-200	0	4.5	388.025	159.044	84.4108	63.4051	40.0314	20.5541	10.198	9.16809	1.21372	0	0	0	0	0	0	0	0	0	0	0	0
05.500,00.000	24	5.5	-200	0	4.5	388.317	159.098	84.5192	63.4335	40.0722	20.5867	10.2056	9.16809	1.23403	0	0	0	0	0	0	0	0	0	0	0	0
05.500,00.000	24.1	5.5	-200	0	4.5	392.884	159.918	86.2477	63.8552	40.716	21.1034	10.3296	9.16809	1.54606	0	0	0	0	0	0	0	0	0	0	0	0
05.500,00.000	24.2	5.5	-200	0	4.5	396.234	160.556	87.5256	64.1595	41.1605	21.4765	10.4208	9.16809	1.76714	0	0	0	0	0	0	0	0	0	0	0	0
05.500,00.000	24.3	5.5	-200	0	4.5	398.778	161.041	88.5015	64.3785	41.5008	21.7631	10.4925	9.16809	1.93251	0	0	0	0	0	0	0	0	0	0	0	0
05.500,00.000	24.4	5.5	-200	0	4.5	401.356	161.523	89.5081	64.5941	41.8408	22.0569	10.5674	9.16809	2.09819	0	0	0	0	0	0	0	0	0	0	0	0
05.500,00.000	24.5	5.5	-200	0	4.5	403.96	162.004	90.5155	64.8264	42.1798	22.3569	10.6455	9.16809	2.26376	0	0	0	0	0	0	0	0	0	0	0	0
05.500,00.000	24.6	5.5	-200	0	4.5	406.576	162.487	91.5255	65.0553	42.5197	22.6636	10.7265	9.16832	2.43009	0	0	0	0	0	0	0	0	0	0	0	0
05.500,00.000	24.7	5.5	-200	0	4.5	409.162	162.964	92.5476	65.2798	42.8244	22.9731	10.8099	9.16949	2.59377	0	0	0	0	0	0	0	0	0	0	0	0
05.500,00.000	24.8	5.5	-200	0	4.5	411.76	163.441	93.5928	65.503	43.1066	23.2908	10.8968	9.1709	2.7586	0	0	0	0	0	0	0	0	0	0	0	0
05.500,00.000	24.9	5.5	-200	0	4.5	419.866	164.921	96.8114	66.1886	44.0127	24.3035	11.1781	9.17699	3.27348	0	0	0	0	0	0	0	0	0	0	0	0
05.500,00.000	25	5.5	-200	0	4.5	421.645	165.325	97.4802	66.3312	44.1947	24.5173	11.2381	9.17852	3.38071	0	0	0	0	0	0	0	0	0	0	0	0
05.500,00.000	25.1	5.5	-200	0	4.5	427.453	166.677	99.667	66.7736	44.7775	25.2147	11.438	9.18569	3.71911	0	0	0	0	0	0	0	0	0	0	0	0
05.500,00.000	25.2	5.5	-200	0	4.5	431.767	167.934	101.146	67.1019	45.1733	25.6948	11.5769	9.19136	3.94857	0	0	0	0	0	0	0	0	0	0	0	0
05.500,00.000	25.3	5.5	-200	0	4.5	434.974	168.904	102.195	67.3804	45.4601	26.0455	11.6798	9.19688	4.11245	0	0	0	0	0	0	0	0	0	0	0	0
05.500,00.000	25.4	5.5	-200	0	4.5	444.907	171.95	105.404	68.2556	46.3362	27.1325	12.0026	9.2168	4.60969	0	0	0	0	0	0	0	0	0	0	0	0
05.500,00.000	25.5	5.5	-200	0	4.5	449.632	173.542	106.563	68.7482	46.8112	27.7006	12.1726	9.2284	4.86614	0	0	0	0	0	0	0	0	0	0	0	0
05.500,00.000	25.6	5.5	-200	0	4.5	450.11	173.701	106.679	68.7992	46.8609	27.7582	12.19	9.22979	4.89182	0	0	0	0	0	0	0	0	0	0	0	0
05.500,00.000	25.7	5.5	-200	0	4.5	451.012	174.011	106.892	68.8914	46.9534	27.8675	12.2237	9.23312	4.93908	0	0	0	0	0	0	0	0	0	0	0	0
05.500,00.000	25.8	5.5	-200	0	4.5	458.473	176.611	108.619	69.6139	47.7572	28.7726	12.5073	9.26292	5.32895	0	0	0	0	0	0	0	0	0	0	0	0
05.500,00.000	25.9	5.5	-200	0	4.5	464.703	178.82	110	70.2508	48.4411	29.511	12.7428	9.28989	5.64658	0	0	0	0	0	0	0	0	0	0	0	0
05.500,00.000	26	5.5	-200	0	4.5	465.519	179.12	110.172	70.3359	48.5293	29.6064	12.774	9.29387	5.68745	0	0	0	0	0	0	0	0	0	0	0	0
05.500,00.000	26.1	5.5	-200	0	4.5	469.943	180.775	111.133	70.7604	48.994	30.1132	12.9457	9.3189	5.90363	0	0	0	0	0	0	0	0	0	0	0	0
05.500,00.000	26.2	5.5	-200	0	4.5	471.557	181.393	111.465	70.9253	49.1611	30.2954	13.0081	9.32836	5.98122	0	0	0	0	0	0	0	0	0	0	0	0
05.500,00.000	26.3	5.5	-200	0	4.5	471.878	181.517	111.533	70.9551	49.1938	30.3312	13.0209	9.33058	5.99648	0	0	0	0	0	0	0	0	0	0	0	0
05.500,00.000	26.4	5.5	-200	0	4.5	471.931	181.538	111.544	70.9601	49.1991	30.3371	13.023	9.33095	5.99896	0	0	0	0	0	0	0	0	0	0	0	0
05.500,00.000	26.5	5.5	-200	0	4.5	472.168	181.632	111.594	70.9804	49.2225	30.3632	13.0328	9.3329	6.01007	0	0	0	0	0	0	0	0	0	0	0	0
05.500,00.000	26.6	5.5	-200	0	4.5	472.517	181.772	111.666	71.0101	49.2569	30.4018	13.0476	9.33598	6.02664	0	0	0	0	0	0	0	0	0	0	0	0
05.500,00.000	26.7	5.5	-200	0	4.5	481.785	185.52	113.581	71.7641	50.1846	31.4043	13.4477	9.42338	6.45918	0	0	0	0	0	0	0	0	0	0	0	0
05.500,00.000	26.8	5.5	-200	0	4.5	487.385	187.739	114.756	72.2201	50.7756	32.004	13.6918	9.4782	6.71931	0	0	0	0	0	0	0	0	0	0	0	0
05.500,00.000	26.9	5.5	-200	0	4.5	496.333	191.289	116.654	72.898	51.766	32.9365	14.0888	9.57131	7.13008	0	0	0	0	0	0	0	0	0	0	0	0
05.500,00.000	27	5.5	-200	0	4.5	498.353	192.073	117.105	73.0506	51.9935	33.1403	14.1776	9.59252	7.22046	0	0	0	0	0	0	0	0	0	0	0	0
05.500,00.000	27.1	5.5	-200	0	4.5	504.755	194.703	118.486	73.4863	52.693	33.7566	14.4643	9.6639	7.50175	0	0	0	0	0	0	0	0	0	0	0	0
05.500,00.000	27.2	5.5	-200	0	4.5	509.612	196.343	119.935	73.8106	53.2041	34.2081	14.6812	9.7189	7.7107	0	0	0	0	0	0	0	0	0	0	0	0
05.500,00.000	27.3	5.5	-200	0	4.5	512.778	197.521	120.738	74.0285	53.5585	34.4781	14.8372	9.75962	7.85715	0	0	0	0	0	0	0	0	0	0	0	0
05.500,00.000	27.4	5.5	-200	0	4.5	513.255	197.718	120.836	74.0629	53.6153	34.5137	14.8622	9.76621	7.88038	0	0	0	0	0	0	0	0	0	0	0	0
05.500,00.000	27.5	5.5	-200	0	4.5	536.372	206.728	125.983	75.6557	56.393	36.423	16.0985	10.1036	8.98742	0	0	0	0	0	0	0	0	0	0	0	0
05.500,00.000	27.6	5.5	-200	0	4.5	543.889	209.427	127.873	76.1694	57.3712	36.9917	16.4986	10.2144	9.15416	0.189403	0	0	0	0	0	0	0	0	0	0	0
05.500,00.000	27.7	5.5	-200	0	4.5	544.206	209.546	127.95	76.1897	57.4095	37.0164	16.5159	10.2195	9.15835	0.200086	0	0	0	0	0	0	0	0	0	0	0
05.500,00.000	27.8	5.5	-200	0	4.5	551.626	212.319	129.786	76.6498	58.3006	37.577	16.9352	10.3475	9.22526	0.485901	0	0	0	0	0	0	0	0	0	0	0
05.500,00.000	27.9	5.5	-200	0	4.5	553.87	213.11	130.354	76.8045	58.5924	37.7385	17.0644	10.3875	9.22526	0.593716	0	0	0	0	0	0	0	0	0	0	0
05.500,00.000	28	5.5	-200	0	4.5	554.154	213.208	130.427	76.8234	58.6289	37.7592	17.0815	10.3931	9.22526	0.607624	0	0	0	0	0	0	0	0	0	0	0
05.500,00.000	28.1	5.5	-200	0	4.5	554.457	213.312	130.506	76.8429	58.6679	37.7809	17.1004	10.3994	9.22526	0.622595	0	0	0	0	0	0	0	0	0	0	0
05.500,00.000	28.2	5.5	-200	0	4.5	554.722	213.401	130.576	76.859	58.7024	37.7992	17.1171	10.4052	9.22526	0.635607	0	0	0	0	0	0	0	0	0	0	0
05.500,00.000	28.3	5.5	-200	0	4.5	554.951	213.48	130.638	76.8724	58.7319	37.8147	17.1319	10.4105	9.22526	0.646869	0	0	0	0	0	0	0	0	0	0	0
05.500,00.000	28.4	5.5	-200	0	4.5	554.984	213.489	130.647	76.8744	58.7369	37.817	17.1343	10.4114	9.22526	0.648626	0	0	0	0	0	0	0	0	0	0	0
05.500,00.000	28.5	5.5	-200	0	4.5	575.493	220.504	136.383	77.9323	61.3325	39.0811	18.4811	10.9262	9.22526	1.62801	0	0	0	0	0	0	0	0	0	0	0
05.500,00.000	28.6	5.5	-200	0	4.5	584.412	223.44	138.913	78.3886	62.5096	39.6316	19.0801	11.1594	9.22554	2.06393	0	0	0	0	0	0	0	0	0	0	0
05.500,00.000	28.7	5.5	-200	0	4.5	603.111	230.101	144.002	79.3112	64.8496	40.6971	20.3135	11.6614	9.23439	2.94056	0	0	0	0	0	0	0	0	0	0	0
05.500,00.000	28.8	5.5	-200	0	4.5	606.781	231.355	144.994	79.5494	65.3144	40.9019	20.5566	11.7619	9.23645	3.1108	0	0	0	0	0	0	0	0	0	0	0
05.500,00.000	28.9	5.5	-200	0	4.5	606.911	231.405	145.028	79.5569	65.3295	40.9087	20.5648	11.7655	9.2366	3.11648	0	0	0	0	0	0	0	0	0	0	0
05.500,00.000	29	5.5	-200	0	4.5	607.169	231.504	145.095	79.5709	65.3586	40.9216	20.5812	11.773	9.237	3.1276	0	0	0	0	0	0	0	0	0	0	0
05.500,00.000	29.1	5.5	-200	0	4.5	616.147	234.992	147.448	80.0335	66.3483	41.3597	21.1536	12.0437	9.25451	3.51262	0	0	0	0	0	0	0	0	0	0	0
05.500,00.000	29.2	5.5	-200	0	4.5	621.496	237.152	148.83	80.294	66.9151	41.6108	21.4869	12.2052	9.26615	3.73546	0	0	0	0	0	0	0	0	0	0	0
05.500,00.000	29.3	5.5	-200	0	4.5	624.884	238.565	149.7	80.4457	67.2565	41.7626	21.6944	12.3105	9.27568	3.87309	0	0	0	0	0	0	0	0	0	0	0
05.500,00.000	29.4	5.5	-200	0	4.5	632.456	241.8	151.561	80.8453	67.9861	42.0872	22.1503	12.5518	9.30047	4.17348	0	0	0	0	0	0	0	0	0	0	0
05.500,00.000	29.5	5.5	-200	0	4.5	637.324	243.942	152.694	81.1402	68.4356	42.2882	22.4369	12.7082	9.31802	4.36184	0	0	0	0	0	0	0	0	0	0	0
05.500,00.000	29.6	5.5	-200	0	4.5	640.804	245.492	153.512	81.3317	68.7448	42.4289	22.6408	12.8244	9.33297	4.49594	0	0	0	0	0	0	0	0	0	0	0
05.500,00.000	29.7	5.5	-200	0	4.5	671.018	257.395	161.095	82.9942	71.6697	44.0445	24.5779	13.9706	9.49416	5.77728	0	0	0	0	0	0	0	0	0	0	0
05.500,00.000	29.8	5.5	-200	0	4.5	677.664	260.224	162.639	83.3334	72.2708	44.4599	24.9686	14.2067	9.52924	6.03287	0	0	0	0	0	0	0	0	0	0	0
05.500,00.000	29.9	5.5	-200	0	4.5	698.077	269.629	167.155	84.2685	73.9251	45.6671	26.0856	14.9274	9.65683	6.7625	0	0	0	0	0	0	0	0	0	0	0
05.500,00.000	30	5.5	-200	0	4.5	707.137	273.803	169.112	84.6838	74.6561	46.2352	26.5844	15.2571	9.71816	7.08761	0	0	0	0	0	0	0	0	0	0	0
05.500,00.000	30.1	5.5	-200	0	4.5	710.657	275.187	170.172	84.8344	74.9168	46.4395	26.7674	15.3856	9.74527	7.20797	0	0	0	0	0	0	0	0	0	0	0
05.500,00.000	30.2	5.5	-200	0	4.5	714.278	276.677	171.217	84.9847	75.1729	46.6478	26.9515	15.521	9.7761	7.3301	0	0	0	0	0	0	0	0	0	0	0
05.500,00.000	30.3	5.5	-200	0	4.5	717.891	278.202	172.239	85.13	75.4162	46.854	27.1307	15.6594	9.8097	7.45018	0	0	0	0	0	0	0	0	0	0	0
05.500,00.000	30.4	5.5	-200	0	4.5	721.644	279.777	173.254	85.3885	75.6467	47.0581	27.3051	15.8008	9.84604	7.56833	0	0	0	0	0	0	0	0	0	0	0
05.500,00.000	30.5	5.5	-200	0	4.5	725.54	281.383	174.273	85.7628	75.8661	47.2614	27.476	15.9464	9.88536	7.68557	0	0	0	0	0	0	0	0	0	0	0
05.500,00.000	30.6	5.5	-200	0	4.5	729.357	282.909	175.299	86.1366	76.076	47.464	27.6448	16.0973	9.92794	7.80314	0	0	0	0	0	0	0	0	0	0	0
05.500,00.000	30.7	5.5	-200	0	4.5	732.822	284.161	176.274	86.5012	76.2718	47.6627	27.8077	16.2508	9.97306	7.9193	0	0	0	0	0	0	0	0	0	0	0
05.500,00.000	30.8	5.5	-200	0	4.5	765.867	298.055	184.11	89.9701	77.9333	49.5154	29.2329	17.6863	10.4158	8.94797	0	0	0	0	0	0	0	0	0	0	0
05.500,00.000	30.9	5.5	-200	0	4.5	771.801	300.527	185.415	90.5948	78.2456	49.923	29.4801	17.9659	10.5037	9.05138	0.0938546	0	0	0	0	0	0	0	0	0	0
05.500,00.000	31	5.5	-200	0	4.5	774.906	301.904	186.082	90.9111	78.3864	50.1269	29.5845	18.1144	10.5537	9.06187	0.181039	0	0	0	0	0	0	0	0	0	0
05.500,00.000	31.1	5.5	-200	0	4.5	786.067	306.953	188.399	92.0606	78.8637	50.8446	29.9693	18.6514	10.7388	9.09592	0.491035	0	0	0	0	0	0	0	0	0	0
05.500,00.000	31.2	5.5	-200	0	4.5	791.664	309.517	189.569	92.6387	79.0854	51.1984	30.1463	18.9204	10.8337	9.09779	0.656539	0	0	0	0	0	0	0	0	0	0
05.500,00.000	31.3	5.5	-200	0	4.5	795.249	311.191	190.322	92.9945	79.2128	51.4209	30.2575	19.0947	10.8973	9.10108	0.757028	0	0	0	0	0	0	0	0	0	0
05.500,00.000	31.4	5.5	-200	0	4.5	814.653	320.407	194.409	94.886	79.8247	52.605	30.8168	20.0464	11.2559	9.10108	1.30069	0	0	0	0	0	0	0	0	0	0
05.500,00.000	31.5	5.5	-200	0	4.5	823.473	324.583	196.255	95.7925	80.0738	53.1628	31.0469	20.4861	11.4258	9.10108	1.54636	0	0	0	0	0	0	0	0	0	0
05.500,00.000	31.6	5.5	-200	0	4.5	829.099	327.136	197.48	96.349	80.2302	53.5512	31.203	20.7897	11.5495	9.10108	1.70913	0	0	0	0	0	0	0	0	0	0
05.500,00.000	31.7	5.5	-200	0	4.5	851.455	336.321	202.544	98.7621	81.0061	55.2874	31.8262	22.1064	12.107	9.10135	2.39404	0	0	0	0	0	0	0	0	0	0
05.500,00.000	31.8	5.5	-200	0	4.5	855.987	338.258	203.567	98.9197	81.459	55.6579	31.9369	22.3534	12.2137	9.1017	2.52018	0	0	0	0	0	0	0	0	0	0
05.500,00.000	31.9	5.5	-200	0	4.5	878.415	348.341	208.607	99.6617	83.4745	57.3596	32.4136	23.5709	12.7686	9.10661	3.11141	0	0	0	0	0	0	0	0	0	0
05.500,00.000	32	5.5	-200	0	4.5	884.518	351.065	209.986	99.8634	84.0293	57.8499	32.597	23.8338	12.9181	9.10882	3.26629	0	0	0	0	0	0	0	0	0	0
05.500,00.000	32.1	5.5	-200	0	4.5	898.513	357.555	213.212	100.303	85.1949	58.8477	32.9214	24.4863	13.274	9.11737	3.60123	0	0	0	0	0	0	0	0	0	0
05.500,00.000	32.2	5.5	-200	0	4.5	905.78	360.845	214.927	100.535	85.8054	59.3904	33.1088	24.8064	13.4647	9.12277	3.77415	0	0	0	0	0	0	0	0	0	0
05.500,00.000	32.3	5.5	-200	0	4.5	909.646	362.631	215.83	100.681	86.1152	59.6644	33.1886	24.9814	13.5668	9.12695	3.86031	0	0	0	0	0	0	0	0	0	0
05.500,00.000	32.4	5.5	-200	0	4.5	918.566	366.949	217.986	101.02	86.5489	60.2939	33.3604	25.396	13.8145	9.1394	4.05733	0	0	0	0	0	0	0	0	0	0
05.500,00.000	32.5	5.5	-200	0	4.5	922.286	368.78	218.892	101.161	86.6936	60.5586	33.4363	25.5613	13.9196	9.14523	4.13803	0	0	0	0	0	0	0	0	0	0
05.500,00.000	32.6	5.5	-200	0	4.5	926.358	370.793	219.892	101.322	86.8437	60.8311	33.5052	25.7526	14.0399	9.15318	4.2248	0	0	0	0	0	0	0	0	0	0
05.500,00.000	32.7	5.5	-200	0	4.5	944.882	379.182	224.716	102.135	87.5885	62.1699	33.8247	26.7378	14.6687	9.19927	4.6597	0	0	0	0	0	0	0	0	0	0
05.500,00.000	32.8	5.5	-200	0	4.5	955.058	383.791	227.486	102.595	87.9752	62.8647	34.0144	27.2341	14.9964	9.22538	4.87673	0	0	0	0	0	0	0	0	0	0
05.500,00.000	32.9	5.5	-200	0	4.5	955.072	383.797	227.49	102.595	87.9757	62.8657	34.0147	27.2348	14.9969	9.22542	4.87703	0	0	0	0	0	0	0	0	0	0
05.500,00.000	33	5.5	-200	0	4.5	976.189	393.975	232.938	103.559	88.7327	64.155	34.3362	28.2298	15.6901	9.29123	5.28147	0	0	0	0	0	0	0	0	0	0
05.500,00.000	33.1	5.5	-200	0	4.5	986.596	398.785	235.374	104.438	89.251	64.764	34.4884	28.689	16.0162	9.3241	5.46659	0	0	0	0	0	0	0	0	0	0
05.500,00.000	33.2	5.5	-200	0	4.5	990.906	400.807	236.369	104.662	89.6314	64.9976	34.5423	28.8695	16.1504	9.33935	5.53789	0	0	0	0	0	0	0	0	0	0
05.500,00.000	33.3	5.5	-200	0	4.5	995.338	402.916	237.384	104.893	90.0153	65.229	34.5943	29.0514	16.2908	9.35643	5.60884	0	0	0	0	0	0	0	0	0	0
05.500,00.000	33.4	5.5	-200	0	4.5	1004.05	407.156	239.327	105.37	90.7495	65.6583	34.6888	29.398	16.5689	9.39242	5.74244	0	0	0	0	0	0	0	0	0	0
05.500,00.000	33.5	5.5	-200	0	4.5	1006.02	408.129	239.731	105.495	90.9143	65.7557	34.7104	29.4748	16.6318	9.40081	5.77181	0	0	0	0	0	0	0	0	0	0
05.500,00.000	33.6	5.5	-200	0	4.5	1015.67	412.499	241.862	106.325	91.7387	66.2212	34.8099	29.8713	16.9739	9.44972	5.92158	0	0	0	0	0	0	0	0	0	0
05.500,00.000	33.7	5.5	-200	0	4.5	1032.44	420.355	245.372	108.052	93.0473	66.939	34.962	30.4927	17.5298	9.53261	6.15302	0	0	0	0	0	0	0	0	0	0
05.500,00.000	33.8	5.5	-200	0	4.5	1037.24	422.579	246.321	108.582	93.4371	67.1539	35.0069	30.6797	17.7014	9.55932	6.22208	0	0	0	0	0	0	0	0	0	0
05.500,00.000	33.9	5.5	-200	0	4.5	1048.34	427.781	248.594	109.757	94.3071	67.6084	35.0987	31.0954	18.103	9.62575	6.37296	0	0	0	0	0	0	0	0	0	0
05.500,00.000	34	5.5	-200	0	4.5	1050.06	428.566	248.916	109.964	94.4506	67.6829	35.1145	31.1631	18.1694	9.63695	6.39738	0	0	0	0	0	0	0	0	0	0
05.500,00.000	34.1	5.5	-200	0	4.5	1072.42	439.354	253.173	112.421	96.1801	68.5294	35.284	31.9798	19.0242	9.78907	6.6857	0	0	0	0	0	0	0	0	0	0
05.500,00.000	34.2	5.5	-200	0	4.5	1083.17	444.667	254.949	113.713	97.0676	68.9255	35.3649	32.3653	19.4358	9.86392	6.82091	0	0	0	0	0	0	0	0	0	0
05.500,00.000	34.3	5.5	-200	0	4.5	1087.78	446.928	255.773	114.246	97.4401	69.0821	35.3962	32.5252	19.6153	9.89804	6.87613	0	0	0	0	0	0	0	0	0	0
05.500,00.000	34.4	5.5	-200	0	4.5	1092.73	449.405	256.635	114.81	97.8323	69.2392	35.44	32.6912	19.8094	9.93607	6.9329	0	0	0	0	0	0	0	0	0	0
05.500,00.000	34.5	5.5	-200	0	4.5	1097.09	451.59	257.384	115.312	98.1762	69.3707	35.4804	32.8351	19.9847	9.97133	6.98163	0	0	0	0	0	0	0	0	0	0
05.500,00.000	34.6	5.5	-200	0	4.5	1108.43	457.285	259.261	116.241	99.5006	69.7088	35.5422	33.2224	20.4796	10.0731	7.11259	0	0	0	0	0	0	0	0	0	0
05.500,00.000	34.7	5.5	-200	0	4.5	1139.33	473.157	264.254	118.425	103.294	70.5545	35.7716	34.2271	21.8319	10.3582	7.45248	0	0	0	0	0	0	0	0	0	0
05.500,00.000	34.8	5.5	-200	0	4.5	1144.61	475.818	265.073	118.859	103.956	70.6757	35.8484	34.3947	22.0626	10.4079	7.50887	0	0	0	0	0	0	0	0	0	0
05.500,00.000	34.9	5.5	-200	0	4.5	1167.64	487.901	268.607	120.498	106.808	71.1438	36.1406	35.0816	23.0861	10.6379	7.73745	0	0	0	0	0	0	0	0	0	0
05.500,00.000	35	5.5	-200	0	4.5	1174.85	491.695	269.671	121.042	107.702	71.2749	36.2441	35.2947	23.4095	10.7113	7.80815	0	0	0	0	0	0	0	0	0	0
05.500,00.000	35.1	5.5	-200	0	4.5	1179.26	494.074	270.348	121.326	108.229	71.3514	36.294	35.4178	23.6083	10.7582	7.84804	0	0	0	0	0	0	0	0	0	0
05.500,00.000	35.2	5.5	-200	0	4.5	1186.21	497.838	271.399	121.782	109.067	71.4592	36.3777	35.6105	23.9305	10.8357	7.90954	0	0	0	0	0	0	0	0	0	0
05.500,00.000	35.3	5.5	-200	0	4.5	1191.53	500.756	272.194	122.133	109.697	71.5317	36.4409	35.7528	24.177	10.8961	7.95422	0	0	0	0	0	0	0	0	0	0
05.500,00.000	35.4	5.5	-200	0	4.5	1202.16	506.562	273.815	122.836	110.947	71.6656	36.5598	36.0315	24.6812	11.0223	8.03998	0	0	0	0	0	0	0	0	0	0
05.500,00.000	35.5	5.5	-200	0	4.5	1204.42	507.787	274.164	122.991	111.213	71.6876	36.59	36.0902	24.7895	11.0497	8.05786	0	0	0	0	0	0	0	0	0	0
05.500,00.000	35.6	5.5	-200	0	4.5	1213.07	512.521	275.487	123.568	111.999	71.9966	36.6838	36.3094	25.22	11.1622	8.12301	0	0	0	0	0	0	0	0	0	0
05.500,00.000	35.7	5.5	-200	0	4.5	1235.18	524.9	278.974	125.06	113.624	72.5547	37.0046	36.8885	26.4049	11.4773	8.29406	0	0	0	0	0	0	0	0	0	0
05.500,00.000	35.8	5.5	-200	0	4.5	1245.26	530.702	280.577	125.749	114.336	72.6406	37.178	37.1425	26.9431	11.6236	8.36856	0	0	0	0	0	0	0	0	0	0
05.500,00.000	35.9	5.5	-200	0	4.5	1245.26	530.689	280.581	125.753	114.336	72.6384	37.1802	37.1425	26.9431	11.6236	8.36856	0	0	0	0	0	0	0	0	0	0
05.500,00.000	36	5.5	-200	0	4.5	1260.35	539.412	282.913	126.87	115.435	72.7283	37.419	37.4845	27.7573	11.8601	8.46736	0	0	0	0	0	0	0	0	0	0
05.500,00.000	36.1	5.5	-200	0	4.5	1271.6	545.914	284.72	127.713	116.225	72.7806	37.5961	37.7256	28.3553	12.0365	8.53716	0	0	0	0	0	0	0	0	0	0
05.500,00.000	36.2	5.5	-200	0	4.5	1276.96	549.01	285.573	128.121	116.606	72.803	37.6745	37.8335	28.6421	12.1236	8.56855	0	0	0	0	0	0	0	0	0	0
05.500,00.000	36.3	5.5	-200	0	4.5	1281.67	551.733	286.314	128.482	116.942	72.8489	37.7395	37.9221	28.8938	12.2022	8.59437	0	0	0	0	0	0	0	0	0	0
05.500,00.000	36.4	5.5	-200	0	4.5	1291.18	557.221	287.803	129.202	117.607	72.9826	37.8635	38.0906	29.3992	12.3645	8.6429	0	0	0	0	0	0	0	0	0	0
05.500,00.000	36.5	5.5	-200	0	4.5	1293.15	558.365	288.105	129.355	117.745	73.0124	37.8904	38.1246	29.504	12.3985	8.65262	0	0	0	0	0	0	0	0	0	0
05.500,00.000	36.6	5.5	-200	0	4.5	1302.98	564.133	289.573	130.103	118.43	73.1434	38.0097	38.3156	29.9951	12.5769	8.69679	0	0	0	0	0	0	0	0	0	0
05.500,00.000	36.7	5.5	-200	0	4.5	1320.98	574.699	292.179	131.452	119.667	73.3869	38.2331	38.7275	30.9286	12.9269	8.77693	0	0	0	0	0	0	0	0	0	0
05.500,00.000	36.8	5.5	-200	0	4.5	1328.49	579.14	293.269	132.02	120.183	73.4821	38.3211	38.8924	31.3037	13.0722	8.80752	0	0	0	0	0	0	0	0	0	0
05.500,00.000	36.9	5.5	-200	0	4.5	1328.49	579.142	293.267	132.02	120.183	73.4828	38.3219	38.895	31.2991	13.0722	8.80752	0	0	0	0	0	0	0	0	0	0
05.500,00.000	37	5.5	-200	0	4.5	1337.16	584.226	294.479	132.741	120.815	73.5844	38.4138	39.0782	31.7298	13.254	8.83644	0	0	0	0	0	0	0	0	0	0
05.500,00.000	37.1	5.5	-200	0	4.5	1345.44	589.165	295.579	133.426	121.409	73.6795	38.5002	39.2551	32.132	13.4313	8.86216	0	0	0	0	0	0	0	0	0	0
05.500,00.000	37.2	5.5	-200	0	4.5	1349.27	591.45	296.076	133.75	121.688	73.7213	38.5381	39.3347	32.3188	13.5157	8.87282	0	0	0	0	0	0	0	0	0	0
05.500,00.000	37.3	5.5	-200	0	4.5	1353.7	594.085	296.651	134.142	122.021	73.7672	38.5784	39.4234	32.5335	13.6171	8.88354	0	0	0	0	0	0	0	0	0	0
05.500,00.000	37.4	5.5	-200	0	4.5	1365.28	600.981	298.141	135.178	122.882	73.8814	38.6783	39.6498	33.0921	13.8909	8.9079	0	0	0	0	0	0	0	0	0	0
05.500,00.000	37.5	5.5	-200	0	4.5	1367.63	602.369	298.438	135.393	123.061	73.9054	38.6991	39.6987	33.2049	13.9473	8.91248	0	0	0	0	0	0	0	0	0	0
05.500,00.000	37.6	5.5	-200	0	4.5	1377.21	608.084	299.641	136.289	123.673	74.0999	38.7727	39.8779	33.6584	14.1905	8.92644	0	0	0	0	0	0	0	0	0	0
05.500,00.000	37.7	5.5	-200	0	4.5	1386.58	613.647	300.854	137.186	124.028	74.5559	38.8415	40.0508	34.0495	14.4326	8.9375	0	0	0	0	0	0	0	0	0	0
05.500,00.000	37.8	5.5	-200	0	4.5	1390.06	615.718	301.299	137.525	124.163	74.7185	38.8658	40.1138	34.1946	14.5257	8.9406	0	0	0	0	0	0	0	0	0	0
05.500,00.000	37.9	5.5	-200	0	4.5	1400.42	621.869	302.558	138.575	124.611	75.198	38.9321	40.2895	34.6236	14.8144	8.94555	0	0	0	0	0	0	0	0	0	0
05.500,00.000	38	5.5	-200	0	4.5	1402.34	623.015	302.774	138.777	124.698	75.29	38.9442	40.3246	34.7019	14.8697	8.94621	0	0	0	0	0	0	0	0	0	0
05.500,00.000	38.1	5.5	-200	0	4.5	1414.3	630.236	304.167	140.087	125.241	75.6826	39.01	40.5135	35.1872	15.2305	8.94621	0	0	0	0	0	0	0	0	0	0
05.500,00.000	38.2	5.5	-200	0	4.5	1421.68	634.836	305.035	140.933	125.613	75.7026	39.0495	40.6313	35.4657	15.4649	8.94621	0	0	0	0	0	0	0	0	0	0
05.500,00.000	38.3	5.5	-200	0	4.5	1425.3	637.064	305.463	141.356	125.808	75.7284	39.0666	40.6855	35.5984	15.5824	8.94621	0	0	0	0	0	0	0	0	0	0
05.500,00.000	38.4	5.5	-200	0	4.5	1434.05	642.451	306.492	142.412	126.261	75.7873	39.1031	40.8099	35.912	15.8768	8.94621	0	0	0	0	0	0	0	0	0	0
05.500,00.000	38.5	5.5	-200	0	4.5	1435.83	643.547	306.693	142.628	126.362	75.8001	39.1101	40.8345	35.9723	15.9374	8.94621	0	0	0	0	0	0	0	0	0	0
05.500,00.000	38.6	5.5	-200	0	4.5	1442.68	647.768	307.472	143.491	126.743	75.843	39.133	40.9244	36.1745	16.1857	8.94621	0	0	0	0	0	0	0	0	0	0
05.500,00.000	38.7	5.5	-200	0	4.5	1452.97	654.053	308.621	144.804	127.396	75.9055	39.1643	41.0555	36.4552	16.5692	8.94621	0	0	0	0	0	0	0	0	0	0
05.500,00.000	38.8	5.5	-200	0	4.5	1456	655.904	308.954	145.204	127.581	75.9242	39.1729	41.0936	36.5364	16.6858	8.94621	0	0	0	0	0	0	0	0	0	0
05.500,00.000	38.9	5.5	-200	0	4.5	1456.05	655.933	308.959	145.21	127.584	75.9245	39.173	41.0942	36.5376	16.6878	8.94621	0	0	0	0	0	0	0	0	0	0
05.500,00.000	39	5.5	-200	0	4.5	1459.26	657.828	309.322	145.662	127.818	75.9431	39.1793	41.1312	36.616	16.8184	8.94621	0	0	0	0	0	0	0	0	0	0
05.500,00.000	39.1	5.5	-200	0	4.5	1465.42	661.434	310.041	146.548	128.248	75.9786	39.1896	41.2002	36.7618	17.0748	8.94621	0	0	0	0	0	0	0	0	0	0
05.500,00.000	39.2	5.5	-200	0	4.5	1469.78	663.936	310.537	147.189	128.6	76.0032	39.1955	41.2474	36.8613	17.2602	8.94621	0	0	0	0	0	0	0	0	0	0
05.500,00.000	39.3	5.5	-200	0	4.5	1472.72	665.61	310.866	147.633	128.852	76.0193	39.1983	41.2782	36.9167	17.398	8.94621	0	0	0	0	0	0	0	0	0	0
05.500,00.000	39.4	5.5	-200	0	4.5	1480.27	669.877	311.698	148.811	129.507	76.0599	39.2024	41.3545	37.036	17.7793	8.94621	0	0	0	0	0	0	0	0	0	0
05.500,00.000	39.5	5.5	-200	0	4.5	1481.7	670.649	311.857	149.047	129.647	76.0684	39.2029	41.3692	37.0473	17.8666	8.94621	0	0	0	0	0	0	0	0	0	0
05.500,00.000	39.6	5.5	-200	0	4.5	1488.19	674.158	312.578	150.168	130.21	76.1036	39.2029	41.4363	37.1487	18.2435	8.94621	0	0	0	0	0	0	0	0	0	0
05.500,00.000	39.7	5.5	-200	0	4.5	1495.37	678.106	313.333	151.379	130.849	76.1413	39.2029	41.5064	37.2429	18.6647	8.94621	0	0	0	0	0	0	0	0	0	0
05.500,00.000	39.8	5.5	-200	0	4.5	1496.3	678.609	313.429	151.533	130.945	76.1464	39.2029	41.5151	37.2489	18.7237	8.94621	0	0	0	0	0	0	0	0	0	0
05.500,00.000	39.9	5.5	-200	0	4.5	1499.37	680.249	313.731	152.066	131.284	76.1608	39.2029	41.5419	37.2861	18.9016	8.94621	0	0	0	0	0	0	0	0	0	0
05.500,00.000	40	5.5	-200	0	4.5	1500.04	680.6	313.797	152.181	131.363	76.1641	39.2029	41.5477	37.2897	18.9448	8.94621	0	0	0	0	0	0	0	0	0	0
05.500,00.000	40.1	5.5	-200	0	4.5	1503.22	682.245	314.083	152.761	131.766	76.1786	39.2029	41.5732	37.3206	19.1376	8.94621	0	0	0	0	0	0	0	0	0	0
05.500,00.000	40.2	5.5	-200	0	4.5	1506.48	683.938	314.336	153.367	132.211	76.1921	39.2029	41.5988	37.3461	19.3459	8.94621	0	0	0	0	0	0	0	0	0	0
05.500,00.000	40.3	5.5	-200	0	4.5	1509.89	685.681	314.604	153.995	132.698	76.2059	39.2029	41.6242	37.3723	19.5637	8.94621	0	0	0	0	0	0	0	0	0	0
05.500,00.000	40.4	5.5	-200	0	4.5	1512.78	687.136	314.82	154.533	133.135	76.2175	39.2029	41.6444	37.3922	19.7496	8.94621	0	0	0	0	0	0	0	0	0	0
05.500,00.000	40.5	5.5	-200	0	4.5	1513.95	687.718	314.903	154.752	133.324	76.2217	39.2029	41.6522	37.3986	19.8267	8.94621	0	0	0	0	0	0	0	0	0	0
05.500,00.000	40.6	5.5	-200	0	4.5	1521.63	691.397	315.696	156.214	134.455	76.2451	39.2029	41.7003	37.4471	20.3249	8.94621	0	0	0	0	0	0	0	0	0	0
05.500,00.000	40.7	5.5	-200	0	4.5	1523.17	692.116	315.859	156.493	134.716	76.2505	39.2029	41.71	37.4486	20.4263	8.94621	0	0	0	0	0	0	0	0	0	0
05.500,00.000	40.8	5.5	-200	0	4.5	1524.95	692.871	316.096	156.822	135.039	76.2566	39.2029	41.7194	37.4572	20.5429	8.94621	0	0	0	0	0	0	0	0	0	0
05.500,00.000	40.9	5.5	-200	0	4.5	1527.15	693.708	316.463	157.219	135.459	76.2651	39.2029	41.7301	37.4648	20.6873	8.94621	0	0	0	0	0	0	0	0	0	0
05.500,00.000	41	5.5	-200	0	4.5	1527.52	693.839	316.54	157.279	135.539	76.2667	39.2029	41.7319	37.4647	20.7124	8.94621	0	0	0	0	0	0	0	0	0	0
05.500,00.000	41.1	5.5	-200	0	4.5	1529.64	694.585	316.905	157.669	135.991	76.2745	39.2029	41.74	37.4709	20.851	8.94621	0	0	0	0	0	0	0	0	0	0
05.500,00.000	41.2	5.5	-200	0	4.5	1532.34	695.497	317.386	158.161	136.604	76.2858	39.2029	41.7495	37.4768	21.0281	8.94621	0	0	0	0	0	0	0	0	0	0
05.500,00.000	41.3	5.5	-200	0	4.5	1534.02	695.97	317.769	158.469	136.998	76.294	39.2029	41.7548	37.4796	21.1388	8.94621	0	0	0	0	0	0	0	0	0	0
05.500,00.000	41.4	5.5	-200	0	4.5	1536.95	696.743	318.448	159.017	137.703	76.3048	39.2029	41.7624	37.4852	21.3318	8.94621	0	0	0	0	0	0	0	0	0	0
05.500,00.000	41.5	5.5	-200	0	4.5	1538.1	697.015	318.741	159.216	138.011	76.3108	39.2029	41.7649	37.4859	21.4069	8.94621	0	0	0	0	0	0	0	0	0	0
05.500,00.000	41.6	5.5	-200	0	4.5	1542.47	697.919	320.035	160.014	139.054	76.3304	39.2029	41.772	37.4917	21.7071	8.94621	0	0	0	0	0	0	0	0	0	0
05.500,00.000	41.7	5.5	-200	0	4.5	1543.46	698.08	320.353	160.173	139.328	76.3357	39.2029	41.7734	37.4905	21.7722	8.94621	0	0	0	0	0	0	0	0	0	0
05.500,00.000	41.8	5.5	-200	0	4.5	1544.84	698.269	320.804	160.428	139.716	76.3426	39.2029	41.7743	37.4912	21.8624	8.94621	0	0	0	0	0	0	0	0	0	0
05.500,00.000	41.9	5.5	-200	0	4.5	1546.52	698.487	321.364	160.736	140.194	76.351	39.2029	41.775	37.4912	21.9716	8.94621	0	0	0	0	0	0	0	0	0	0
05.500,00.000	42	5.5	-200	0	4.5	1547.68	698.627	321.745	160.943	140.543	76.3586	39.2029	41.7754	37.4912	22.044	8.94621	0	0	0	0	0	0	0	0	0	0