
label	time(d)	x	depth	z	radius	total	0-10	10-20	20-30	30-40	40-50	50-60	60-70	70-80	80-90	90-100	100-110	110-120	120-130	130-140	140-150	150-160	160-170	170-180	180-190	190-200
00.000,00.000	0	0	-200	0	4.5	0	0	0	0	0	0	0	0	0	0	0	0	0	0	0	0	0	0	0	0	0
00.000,00.000	0.1	0	-200	0	4.5	0.37949	0.37949	0	0	0	0	0	0	0	0	0	0	0	0	0	0	0	0	0	0	0
00.000,00.000	0.2	0	-200	0	4.5	0.761527	0.761527	0	0	0	0	0	0	0	0	0	0	0	0	0	0	0	0	0	0	0
00.000,00.000	0.3	0	-200	0	4.5	1.14629	1.14629	0	0	0	0	0	0	0	0	0	0	0	0	0	0	0	0	0	0	0
00.000,00.000	0.4	0	-200	0	4.5	1.53366	1.53366	0	0	0	0	0	0	0	0	0	0	0	0	0	0	0	0	0	0	0
00.000,00.000	0.5	0	-200	0	4.5	1.92317	1.92317	0	0	0	0	0	0	0	0	0	0	0	0	0	0	0	0	0	0	0
00.000,00.000	0.6	0	-200	0	4.5	2.31464	2.31464	0	0	0	0	0	0	0	0	0	0	0	0	0	0	0	0	0	0	0
00.000,00.000	0.7	0	-200	0	4.5	2.70824	2.70824	0	0	0	0	0	0	0	0	0	0	0	0	0	0	0	0	0	0	0
00.000,00.000	0.8	0	-200	0	4.5	3.10392	3.10392	0	0	0	0	0	0	0	0	0	0	0	0	0	0	0	0	0	0	0
00.000,00.000	0.9	0	-200	0	4.5	3.50189	3.50189	0	0	0	0	0	0	0	0	0	0	0	0	0	0	0	0	0	0	0
00.000,00.000	1	0	-200	0	4.5	3.90291	3.90291	0	0	0	0	0	0	0	0	0	0	0	0	0	0	0	0	0	0	0
00.000,00.000	1.1	0	-200	0	4.5	4.3145	4.3145	0	0	0	0	0	0	0	0	0	0	0	0	0	0	0	0	0	0	0
00.000,00.000	1.2	0	-200	0	4.5	4.73764	4.73764	0	0	0	0	0	0	0	0	0	0	0	0	0	0	0	0	0	0	0
00.000,00.000	1.3	0	-200	0	4.5	5.17215	5.17215	0	0	0	0	0	0	0	0	0	0	0	0	0	0	0	0	0	0	0
00.000,00.000	1.4	0	-200	0	4.5	5.61775	5.61775	0	0	0	0	0	0	0	0	0	0	0	0	0	0	0	0	0	0	0
00.000,00.000	1.5	0	-200	0	4.5	6.07273	6.07273	0	0	0	0	0	0	0	0	0	0	0	0	0	0	0	0	0	0	0
00.000,00.000	1.6	0	-200	0	4.5	6.53529	6.53529	0	0	0	0	0	0	0	0	0	0	0	0	0	0	0	0	0	0	0
00.000,00.000	1.7	0	-200	0	4.5	7.0101	7.0101	0	0	0	0	0	0	0	0	0	0	0	0	0	0	0	0	0	0	0
00.000,00.000	1.8	0	-200	0	4.5	7.49901	7.36431	0.134691	0	0	0	0	0	0	0	0	0	0	0	0	0	0	0	0	0	0
00.000,00.000	1.9	0	-200	0	4.5	8.00093	7.59342	0.407509	0	0	0	0	0	0	0	0	0	0	0	0	0	0	0	0	0	0
00.000,00.000	2	0	-200	0	4.5	8.51677	7.83775	0.67902	0	0	0	0	0	0	0	0	0	0	0	0	0	0	0	0	0	0
00.000,00.000	2.1	0	-200	0	4.5	9.09892	8.14828	0.95064	0	0	0	0	0	0	0	0	0	0	0	0	0	0	0	0	0	0
00.000,00.000	2.2	0	-200	0	4.5	9.79841	8.57624	1.22217	0	0	0	0	0	0	0	0	0	0	0	0	0	0	0	0	0	0
00.000,00.000	2.3	0	-200	0	4.5	10.614	9.12136	1.4926	0	0	0	0	0	0	0	0	0	0	0	0	0	0	0	0	0	0
00.000,00.000	2.4	0	-200	0	4.5	11.5467	9.78411	1.76263	0	0	0	0	0	0	0	0	0	0	0	0	0	0	0	0	0	0
00.000,00.000	2.5	0	-200	0	4.5	12.5954	10.5631	2.03234	0	0	0	0	0	0	0	0	0	0	0	0	0	0	0	0	0	0
00.000,00.000	2.6	0	-200	0	4.5	13.7572	11.4557	2.30157	0	0	0	0	0	0	0	0	0	0	0	0	0	0	0	0	0	0
00.000,00.000	2.7	0	-200	0	4.5	15.0402	12.4703	2.56984	0	0	0	0	0	0	0	0	0	0	0	0	0	0	0	0	0	0
00.000,00.000	2.8	0	-200	0	4.5	16.4289	13.5917	2.83723	0	0	0	0	0	0	0	0	0	0	0	0	0	0	0	0	0	0
00.000,00.000	2.9	0	-200	0	4.5	17.9469	14.8417	3.10523	0	0	0	0	0	0	0	0	0	0	0	0	0	0	0	0	0	0
00.000,00.000	3	0	-200	0	4.5	19.5868	16.2144	3.37244	0	0	0	0	0	0	0	0	0	0	0	0	0	0	0	0	0	0
00.000,00.000	3.1	0	-200	0	4.5	21.282	17.6436	3.63838	0	0	0	0	0	0	0	0	0	0	0	0	0	0	0	0	0	0
00.000,00.000	3.2	0	-200	0	4.5	22.9765	19.0725	3.90401	0	0	0	0	0	0	0	0	0	0	0	0	0	0	0	0	0	0
00.000,00.000	3.3	0	-200	0	4.5	24.6702	20.5006	4.16963	0	0	0	0	0	0	0	0	0	0	0	0	0	0	0	0	0	0
00.000,00.000	3.4	0	-200	0	4.5	26.3621	21.9279	4.43423	0	0	0	0	0	0	0	0	0	0	0	0	0	0	0	0	0	0
00.000,00.000	3.5	0	-200	0	4.5	28.0459	23.348	4.69789	0	0	0	0	0	0	0	0	0	0	0	0	0	0	0	0	0	0
00.000,00.000	3.6	0	-200	0	4.5	29.7116	24.7505	4.96108	0	0	0	0	0	0	0	0	0	0	0	0	0	0	0	0	0	0
00.000,00.000	3.7	0	-200	0	4.5	31.373	26.1492	5.22387	0	0	0	0	0	0	0	0	0	0	0	0	0	0	0	0	0	0
00.000,00.000	3.8	0	-200	0	4.5	33.0285	27.5427	5.48578	0	0	0	0	0	0	0	0	0	0	0	0	0	0	0	0	0	0
00.000,00.000	3.9	0	-200	0	4.5	34.6786	28.9313	5.74726	0	0	0	0	0	0	0	0	0	0	0	0	0	0	0	0	0	0
00.000,00.000	4	0	-200	0	4.5	36.3282	30.3197	6.0085	0	0	0	0	0	0	0	0	0	0	0	0	0	0	0	0	0	0
00.000,00.000	4.1	0	-200	0	4.5	37.9757	31.7063	6.26942	0	0	0	0	0	0	0	0	0	0	0	0	0	0	0	0	0	0
00.000,00.000	4.2	0	-200	0	4.5	39.6183	33.0889	6.52932	0	0	0	0	0	0	0	0	0	0	0	0	0	0	0	0	0	0
00.000,00.000	4.3	0	-200	0	4.5	41.255	34.4664	6.78861	0	0	0	0	0	0	0	0	0	0	0	0	0	0	0	0	0	0
00.000,00.000	4.4	0	-200	0	4.5	42.8882	35.8272	7.06093	0	0	0	0	0	0	0	0	0	0	0	0	0	0	0	0	0	0
00.000,00.000	4.5	0	-200	0	4.5	44.5113	36.875	7.63625	0	0	0	0	0	0	0	0	0	0	0	0	0	0	0	0	0	0
00.000,00.000	4.6	0	-200	0	4.5	46.1264	37.9169	8.20947	0	0	0	0	0	0	0	0	0	0	0	0	0	0	0	0	0	0
00.000,00.000	4.7	0	-200	0	4.5	47.627	38.7008	8.92616	0	0	0	0	0	0	0	0	0	0	0	0	0	0	0	0	0	0
00.000,00.000	4.8	0	-200	0	4.5	48.9568	39.1875	9.76933	0	0	0	0	0	0	0	0	0	0	0	0	0	0	0	0	0	0
00.000,00.000	4.9	0	-200	0	4.5	49.9758	39.675	10.3008	0	0	0	0	0	0	0	0	0	0	0	0	0	0	0	0	0	0
00.000,00.000	5	0	-200	0	4.5	50.9866	40.1617	10.8249	0	0	0	0	0	0	0	0	0	0	0	0	0	0	0	0	0	0
00.000,00.000	5.1	0	-200	0	4.5	52.0004	40.6501	11.3504	0	0	0	0	0	0	0	0	0	0	0	0	0	0	0	0	0	0
00.000,00.000	5.2	0	-200	0	4.5	53.0161	40.9139	12.1022	0	0	0	0	0	0	0	0	0	0	0	0	0	0	0	0	0	0
00.000,00.000	5.3	0	-200	0	4.5	53.8986	41.1655	12.7332	0	0	0	0	0	0	0	0	0	0	0	0	0	0	0	0	0	0
00.000,00.000	5.4	0	-200	0	4.5	54.6756	41.2634	13.4122	0	0	0	0	0	0	0	0	0	0	0	0	0	0	0	0	0	0
00.000,00.000	5.5	0	-200	0	4.5	55.4531	41.3037	14.1494	0	0	0	0	0	0	0	0	0	0	0	0	0	0	0	0	0	0
00.000,00.000	5.6	0	-200	0	4.5	56.2397	41.3528	14.8629	0.0239586	0	0	0	0	0	0	0	0	0	0	0	0	0	0	0	0	0
00.000,00.000	5.7	0	-200	0	4.5	56.9087	41.4069	15.2268	0.274867	0	0	0	0	0	0	0	0	0	0	0	0	0	0	0	0	0
00.000,00.000	5.8	0	-200	0	4.5	57.4431	41.4691	15.4483	0.525667	0	0	0	0	0	0	0	0	0	0	0	0	0	0	0	0	0
00.000,00.000	5.9	0	-200	0	4.5	57.9651	41.5388	15.6507	0.775618	0	0	0	0	0	0	0	0	0	0	0	0	0	0	0	0	0
00.000,00.000	6	0	-200	0	4.5	58.2953	41.6159	15.6543	1.02501	0	0	0	0	0	0	0	0	0	0	0	0	0	0	0	0	0
00.000,00.000	6.1	0	-200	0	4.5	58.6313	41.7021	15.6553	1.27385	0	0	0	0	0	0	0	0	0	0	0	0	0	0	0	0	0
00.000,00.000	6.2	0	-200	0	4.5	58.9811	41.8011	15.6581	1.52196	0	0	0	0	0	0	0	0	0	0	0	0	0	0	0	0	0
00.000,00.000	6.3	0	-200	0	4.5	59.3446	41.9132	15.6619	1.76939	0	0	0	0	0	0	0	0	0	0	0	0	0	0	0	0	0
00.000,00.000	6.4	0	-200	0	4.5	59.725	42.0407	15.668	2.01636	0	0	0	0	0	0	0	0	0	0	0	0	0	0	0	0	0
00.000,00.000	6.5	0	-200	0	4.5	60.1163	42.1766	15.6772	2.26253	0	0	0	0	0	0	0	0	0	0	0	0	0	0	0	0	0
00.000,00.000	6.6	0	-200	0	4.5	60.5287	42.3312	15.6895	2.50798	0	0	0	0	0	0	0	0	0	0	0	0	0	0	0	0	0
00.000,00.000	6.7	0	-200	0	4.5	60.9664	42.5087	15.7049	2.75282	0	0	0	0	0	0	0	0	0	0	0	0	0	0	0	0	0
00.000,00.000	6.8	0	-200	0	4.5	61.4377	42.7163	15.7241	2.99723	0	0	0	0	0	0	0	0	0	0	0	0	0	0	0	0	0
00.000,00.000	6.9	0	-200	0	4.5	61.9495	42.9604	15.7479	3.24122	0	0	0	0	0	0	0	0	0	0	0	0	0	0	0	0	0
00.000,00.000	7	0	-200	0	4.5	62.5046	43.2434	15.7766	3.48457	0	0	0	0	0	0	0	0	0	0	0	0	0	0	0	0	0
00.000,00.000	7.1	0	-200	0	4.5	63.1135	43.5741	15.812	3.72751	0	0	0	0	0	0	0	0	0	0	0	0	0	0	0	0	0
00.000,00.000	7.2	0	-200	0	4.5	63.7766	43.9546	15.8523	3.96972	0	0	0	0	0	0	0	0	0	0	0	0	0	0	0	0	0
00.000,00.000	7.3	0	-200	0	4.5	64.5004	44.3906	15.8985	4.21138	0	0	0	0	0	0	0	0	0	0	0	0	0	0	0	0	0
00.000,00.000	7.4	0	-200	0	4.5	65.2928	44.8896	15.9507	4.45253	0	0	0	0	0	0	0	0	0	0	0	0	0	0	0	0	0
00.000,00.000	7.5	0	-200	0	4.5	66.1313	45.4304	16.0082	4.69269	0	0	0	0	0	0	0	0	0	0	0	0	0	0	0	0	0
00.000,00.000	7.6	0	-200	0	4.5	67.0458	46.0411	16.0726	4.93217	0	0	0	0	0	0	0	0	0	0	0	0	0	0	0	0	0
00.000,00.000	7.7	0	-200	0	4.5	68.0337	46.7194	16.1428	5.17149	0	0	0	0	0	0	0	0	0	0	0	0	0	0	0	0	0
00.000,00.000	7.8	0	-200	0	4.5	69.1032	47.4728	16.2202	5.41026	0	0	0	0	0	0	0	0	0	0	0	0	0	0	0	0	0
00.000,00.000	7.9	0	-200	0	4.5	70.2758	48.3204	16.3071	5.64837	0	0	0	0	0	0	0	0	0	0	0	0	0	0	0	0	0
00.000,00.000	8	0	-200	0	4.5	71.5487	49.2617	16.4011	5.88585	0	0	0	0	0	0	0	0	0	0	0	0	0	0	0	0	0
00.000,00.000	8.1	0	-200	0	4.5	72.9328	50.3059	16.5039	6.12298	0	0	0	0	0	0	0	0	0	0	0	0	0	0	0	0	0
00.000,00.000	8.2	0	-200	0	4.5	74.4275	51.451	16.6168	6.35969	0	0	0	0	0	0	0	0	0	0	0	0	0	0	0	0	0
00.000,00.000	8.3	0	-200	0	4.5	76.0343	52.6982	16.7403	6.59573	0	0	0	0	0	0	0	0	0	0	0	0	0	0	0	0	0
00.000,00.000	8.4	0	-200	0	4.5	77.7555	54.0484	16.876	6.83117	0	0	0	0	0	0	0	0	0	0	0	0	0	0	0	0	0
00.000,00.000	8.5	0	-200	0	4.5	79.5337	55.4434	17.0247	7.06558	0	0	0	0	0	0	0	0	0	0	0	0	0	0	0	0	0
00.000,00.000	8.6	0	-200	0	4.5	81.4293	56.9423	17.1872	7.2998	0	0	0	0	0	0	0	0	0	0	0	0	0	0	0	0	0
00.000,00.000	8.7	0	-200	0	4.5	83.4292	58.5332	17.3626	7.53344	0	0	0	0	0	0	0	0	0	0	0	0	0	0	0	0	0
00.000,00.000	8.8	0	-200	0	4.5	85.5392	60.2205	17.552	7.76664	0	0	0	0	0	0	0	0	0	0	0	0	0	0	0	0	0
00.000,00.000	8.9	0	-200	0	4.5	87.7925	62.0372	17.7558	7.99953	0	0	0	0	0	0	0	0	0	0	0	0	0	0	0	0	0
00.000,00.000	9	0	-200	0	4.5	90.1597	63.9536	17.9743	8.23177	0	0	0	0	0	0	0	0	0	0	0	0	0	0	0	0	0
00.000,00.000	9.1	0	-200	0	4.5	92.6567	65.9842	18.2091	8.46339	0	0	0	0	0	0	0	0	0	0	0	0	0	0	0	0	0
00.000,00.000	9.2	0	-200	0	4.5	95.2978	68.143	18.4603	8.69446	0	0	0	0	0	0	0	0	0	0	0	0	0	0	0	0	0
00.000,00.000	9.3	0	-200	0	4.5	98.0875	70.4323	18.73	8.92519	0	0	0	0	0	0	0	0	0	0	0	0	0	0	0	0	0
00.000,00.000	9.4	0	-200	0	4.5	101.028	72.8543	19.0184	9.15535	0	0	0	0	0	0	0	0	0	0	0	0	0	0	0	0	0
00.000,00.000	9.5	0	-200	0	4.5	104.017	75.3104	19.3217	9.38483	0	0	0	0	0	0	0	0	0	0	0	0	0	0	0	0	0
00.000,00.000	9.6	0	-200	0	4.5	107.158	77.8965	19.6474	9.61378	0	0	0	0	0	0	0	0	0	0	0	0	0	0	0	0	0
00.000,00.000	9.7	0	-200	0	4.5	110.429	80.5918	19.9948	9.84194	0	0	0	0	0	0	0	0	0	0	0	0	0	0	0	0	0
00.000,00.000	9.8	0	-200	0	4.5	113.852	83.4146	20.3678	10.0695	0	0	0	0	0	0	0	0	0	0	0	0	0	0	0	0	0
00.000,00.000	9.9	0	-200	0	4.5	117.469	86.4033	20.769	10.2969	0	0	0	0	0	0	0	0	0	0	0	0	0	0	0	0	0
00.000,00.000	10	0	-200	0	4.5	121.245	89.5246	21.197	10.4513	0.0726323	0	0	0	0	0	0	0	0	0	0	0	0	0	0	0	0
00.000,00.000	10.1	0	-200	0	4.5	125.198	92.7957	21.6515	10.4509	0.299359	0	0	0	0	0	0	0	0	0	0	0	0	0	0	0	0
00.000,00.000	10.2	0	-200	0	4.5	129.336	96.2274	22.1329	10.4509	0.525138	0	0	0	0	0	0	0	0	0	0	0	0	0	0	0	0
00.000,00.000	10.3	0	-200	0	4.5	133.668	99.8239	22.6424	10.4509	0.750299	0	0	0	0	0	0	0	0	0	0	0	0	0	0	0	0
00.000,00.000	10.4	0	-200	0	4.5	138.186	103.582	23.1776	10.4512	0.974944	0	0	0	0	0	0	0	0	0	0	0	0	0	0	0	0
00.000,00.000	10.5	0	-200	0	4.5	142.74	107.358	23.7299	10.4529	1.19882	0	0	0	0	0	0	0	0	0	0	0	0	0	0	0	0
00.000,00.000	10.6	0	-200	0	4.5	147.473	111.279	24.3148	10.4572	1.4222	0	0	0	0	0	0	0	0	0	0	0	0	0	0	0	0
00.000,00.000	10.7	0	-200	0	4.5	152.354	115.301	24.945	10.463	1.64511	0	0	0	0	0	0	0	0	0	0	0	0	0	0	0	0
00.000,00.000	10.8	0	-200	0	4.5	157.416	119.473	25.6034	10.472	1.86748	0	0	0	0	0	0	0	0	0	0	0	0	0	0	0	0
00.000,00.000	10.9	0	-200	0	4.5	162.727	123.867	26.2856	10.4849	2.08952	0	0	0	0	0	0	0	0	0	0	0	0	0	0	0	0
00.000,00.000	11	0	-200	0	4.5	168.242	128.441	26.9884	10.5019	2.31087	0	0	0	0	0	0	0	0	0	0	0	0	0	0	0	0
00.000,00.000	11.1	0	-200	0	4.5	173.966	133.194	27.717	10.5229	2.53161	0	0	0	0	0	0	0	0	0	0	0	0	0	0	0	0
00.000,00.000	11.2	0	-200	0	4.5	179.95	138.18	28.472	10.5489	2.74976	0	0	0	0	0	0	0	0	0	0	0	0	0	0	0	0
00.000,00.000	11.3	0	-200	0	4.5	186.006	143.422	29.2546	10.5801	2.74976	0	0	0	0	0	0	0	0	0	0	0	0	0	0	0	0
00.000,00.000	11.4	0	-200	0	4.5	192.323	148.888	30.0675	10.6176	2.74976	0	0	0	0	0	0	0	0	0	0	0	0	0	0	0	0
00.000,00.000	11.5	0	-200	0	4.5	198.7	154.389	30.9004	10.6607	2.74976	0	0	0	0	0	0	0	0	0	0	0	0	0	0	0	0
00.000,00.000	11.6	0	-200	0	4.5	205.288	160.064	31.7637	10.7103	2.74976	0	0	0	0	0	0	0	0	0	0	0	0	0	0	0	0
00.000,00.000	11.7	0	-200	0	4.5	212.042	165.859	32.6664	10.7661	2.74976	0	0	0	0	0	0	0	0	0	0	0	0	0	0	0	0
00.000,00.000	11.8	0	-200	0	4.5	218.999	171.821	33.5994	10.828	2.74976	0	0	0	0	0	0	0	0	0	0	0	0	0	0	0	0
00.000,00.000	11.9	0	-200	0	4.5	226.261	178.05	34.5648	10.8962	2.74976	0	0	0	0	0	0	0	0	0	0	0	0	0	0	0	0
00.000,00.000	12	0	-200	0	4.5	233.798	184.518	35.5596	10.9712	2.74976	0	0	0	0	0	0	0	0	0	0	0	0	0	0	0	0
00.000,00.000	12.1	0	-200	0	4.5	241.594	191.203	36.5881	11.0535	2.74976	0	0	0	0	0	0	0	0	0	0	0	0	0	0	0	0
00.000,00.000	12.2	0	-200	0	4.5	249.581	198.032	37.6563	11.1421	2.74976	0	0	0	0	0	0	0	0	0	0	0	0	0	0	0	0
00.000,00.000	12.3	0	-200	0	4.5	257.766	205.012	38.7659	11.2383	2.74976	0	0	0	0	0	0	0	0	0	0	0	0	0	0	0	0
00.000,00.000	12.4	0	-200	0	4.5	266.136	212.139	39.9054	11.3418	2.74976	0	0	0	0	0	0	0	0	0	0	0	0	0	0	0	0
00.000,00.000	12.5	0	-200	0	4.5	274.603	219.332	41.0673	11.4539	2.74976	0	0	0	0	0	0	0	0	0	0	0	0	0	0	0	0
00.000,00.000	12.6	0	-200	0	4.5	283.497	226.879	42.2897	11.5792	2.74976	0	0	0	0	0	0	0	0	0	0	0	0	0	0	0	0
00.000,00.000	12.7	0	-200	0	4.5	292.303	234.323	43.5194	11.711	2.74976	0	0	0	0	0	0	0	0	0	0	0	0	0	0	0	0
00.000,00.000	12.8	0	-200	0	4.5	300.626	241.044	44.991	11.8414	2.74976	0	0	0	0	0	0	0	0	0	0	0	0	0	0	0	0
00.000,00.000	12.9	0	-200	0	4.5	309.648	248.078	46.8314	11.9891	2.74976	0	0	0	0	0	0	0	0	0	0	0	0	0	0	0	0
00.000,00.000	13	0	-200	0	4.5	318.765	255.117	48.753	12.1448	2.74976	0	0	0	0	0	0	0	0	0	0	0	0	0	0	0	0
00.000,00.000	13.1	0	-200	0	4.5	327.992	262.007	50.9257	12.3092	2.74976	0	0	0	0	0	0	0	0	0	0	0	0	0	0	0	0
00.000,00.000	13.2	0	-200	0	4.5	337.345	269	53.1116	12.4836	2.74976	0	0	0	0	0	0	0	0	0	0	0	0	0	0	0	0
00.000,00.000	13.3	0	-200	0	4.5	346.866	276.154	55.294	12.6681	2.74976	0	0	0	0	0	0	0	0	0	0	0	0	0	0	0	0
00.000,00.000	13.4	0	-200	0	4.5	356.573	283.452	57.5083	12.863	2.74976	0	0	0	0	0	0	0	0	0	0	0	0	0	0	0	0
00.000,00.000	13.5	0	-200	0	4.5	366.369	290.757	59.7932	13.0687	2.74976	0	0	0	0	0	0	0	0	0	0	0	0	0	0	0	0
00.000,00.000	13.6	0	-200	0	4.5	377.369	298.935	62.3735	13.3107	2.74976	0	0	0	0	0	0	0	0	0	0	0	0	0	0	0	0
00.000,00.000	13.7	0	-200	0	4.5	387.452	306.373	64.7876	13.5416	2.74976	0	0	0	0	0	0	0	0	0	0	0	0	0	0	0	0
00.000,00.000	13.8	0	-200	0	4.5	396.162	312.799	66.8641	13.7492	2.74976	0	0	0	0	0	0	0	0	0	0	0	0	0	0	0	0
00.000,00.000	13.9	0	-200	0	4.5	406.784	320.642	69.3809	14.0119	2.74976	0	0	0	0	0	0	0	0	0	0	0	0	0	0	0	0
00.000,00.000	14	0	-200	0	4.5	417.328	328.415	71.882	14.2817	2.74976	0	0	0	0	0	0	0	0	0	0	0	0	0	0	0	0
00.000,00.000	14.1	0	-200	0	4.5	427.813	336.062	74.4439	14.5577	2.74976	0	0	0	0	0	0	0	0	0	0	0	0	0	0	0	0
00.000,00.000	14.2	0	-200	0	4.5	438.364	343.678	77.0905	14.8464	2.74976	0	0	0	0	0	0	0	0	0	0	0	0	0	0	0	0
00.000,00.000	14.3	0	-200	0	4.5	448.975	351.319	79.7593	15.1477	2.74976	0	0	0	0	0	0	0	0	0	0	0	0	0	0	0	0
00.000,00.000	14.4	0	-200	0	4.5	459.627	358.968	82.446	15.4625	2.74976	0	0	0	0	0	0	0	0	0	0	0	0	0	0	0	0
00.000,00.000	14.5	0	-200	0	4.5	471.003	367.067	85.3704	15.8154	2.74976	0	0	0	0	0	0	0	0	0	0	0	0	0	0	0	0
00.000,00.000	14.6	0	-200	0	4.5	484.01	376.234	88.7848	16.241	2.74976	0	0	0	0	0	0	0	0	0	0	0	0	0	0	0	0
00.000,00.000	14.7	0	-200	0	4.5	494.232	383.328	91.5611	16.5931	2.74976	0	0	0	0	0	0	0	0	0	0	0	0	0	0	0	0
00.000,00.000	14.8	0	-200	0	4.5	502.609	389.074	93.889	16.8965	2.74976	0	0	0	0	0	0	0	0	0	0	0	0	0	0	0	0
00.000,00.000	14.9	0	-200	0	4.5	511.991	395.479	96.5123	17.2504	2.74976	0	0	0	0	0	0	0	0	0	0	0	0	0	0	0	0
00.000,00.000	15	0	-200	0	4.5	523.252	403.129	99.6829	17.6903	2.74976	0	0	0	0	0	0	0	0	0	0	0	0	0	0	0	0
00.000,00.000	15.1	0	-200	0	4.5	533.821	410.254	102.698	18.1183	2.74976	0	0	0	0	0	0	0	0	0	0	0	0	0	0	0	0
00.000,00.000	15.2	0	-200	0	4.5	544.035	417.09	105.647	18.5485	2.74987	0	0	0	0	0	0	0	0	0	0	0	0	0	0	0	0
00.000,00.000	15.3	0	-200	0	4.5	554.179	423.813	108.62	18.994	2.75161	0	0	0	0	0	0	0	0	0	0	0	0	0	0	0	0
00.000,00.000	15.4	0	-200	0	4.5	564.279	430.443	111.628	19.4544	2.75384	0	0	0	0	0	0	0	0	0	0	0	0	0	0	0	0
00.000,00.000	15.5	0	-200	0	4.5	578.739	439.758	116.074	20.1481	2.75968	0	0	0	0	0	0	0	0	0	0	0	0	0	0	0	0
00.000,00.000	15.6	0	-200	0	4.5	586.808	444.85	118.634	20.5595	2.76493	0	0	0	0	0	0	0	0	0	0	0	0	0	0	0	0
00.000,00.000	15.7	0	-200	0	4.5	596.71	451.014	121.829	21.093	2.77371	0	0	0	0	0	0	0	0	0	0	0	0	0	0	0	0
00.000,00.000	15.8	0	-200	0	4.5	607.001	457.308	125.228	21.6786	2.78642	0	0	0	0	0	0	0	0	0	0	0	0	0	0	0	0
00.000,00.000	15.9	0	-200	0	4.5	610.665	459.501	126.482	21.89	2.79182	0	0	0	0	0	0	0	0	0	0	0	0	0	0	0	0
00.000,00.000	16	0	-200	0	4.5	621.652	466.066	130.224	22.549	2.81292	0	0	0	0	0	0	0	0	0	0	0	0	0	0	0	0
00.000,00.000	16.1	0	-200	0	4.5	631.583	471.936	133.64	23.17	2.83705	0	0	0	0	0	0	0	0	0	0	0	0	0	0	0	0
00.000,00.000	16.2	0	-200	0	4.5	640.334	477.076	136.657	23.7379	2.86266	0	0	0	0	0	0	0	0	0	0	0	0	0	0	0	0
00.000,00.000	16.3	0	-200	0	4.5	649.011	482.061	139.686	24.3711	2.89319	0	0	0	0	0	0	0	0	0	0	0	0	0	0	0	0
00.000,00.000	16.4	0	-200	0	4.5	657.585	486.973	142.486	25.197	2.92816	0	0	0	0	0	0	0	0	0	0	0	0	0	0	0	0
00.000,00.000	16.5	0	-200	0	4.5	673.618	496.067	147.753	26.795	3.00298	0	0	0	0	0	0	0	0	0	0	0	0	0	0	0	0
00.000,00.000	16.6	0	-200	0	4.5	678.112	498.591	149.201	27.2945	3.02602	0	0	0	0	0	0	0	0	0	0	0	0	0	0	0	0
00.000,00.000	16.7	0	-200	0	4.5	688.635	504.396	152.441	28.7082	3.08989	0	0	0	0	0	0	0	0	0	0	0	0	0	0	0	0
00.000,00.000	16.8	0	-200	0	4.5	691.218	505.815	153.192	29.1056	3.10636	0	0	0	0	0	0	0	0	0	0	0	0	0	0	0	0
00.000,00.000	16.9	0	-200	0	4.5	695.325	508.062	154.419	29.7077	3.13638	0	0	0	0	0	0	0	0	0	0	0	0	0	0	0	0
00.000,00.000	17	0	-200	0	4.5	705.737	513.774	157.473	31.2718	3.21728	0	0	0	0	0	0	0	0	0	0	0	0	0	0	0	0
00.000,00.000	17.1	0	-200	0	4.5	714.309	518.418	159.978	32.6252	3.28807	0	0	0	0	0	0	0	0	0	0	0	0	0	0	0	0
00.000,00.000	17.2	0	-200	0	4.5	721.878	522.489	162.002	34.0319	3.35463	0	0	0	0	0	0	0	0	0	0	0	0	0	0	0	0
00.000,00.000	17.3	0	-200	0	4.5	729.323	526.461	163.984	35.4533	3.42429	0	0	0	0	0	0	0	0	0	0	0	0	0	0	0	0
00.000,00.000	17.4	0	-200	0	4.5	736.654	530.334	165.938	36.8848	3.49695	0	0	0	0	0	0	0	0	0	0	0	0	0	0	0	0
00.000,00.000	17.5	0	-200	0	4.5	752.721	538.738	170.182	40.1383	3.66329	0	0	0	0	0	0	0	0	0	0	0	0	0	0	0	0
00.000,00.000	17.6	0	-200	0	4.5	759.703	542.271	172.11	41.5851	3.73768	0	0	0	0	0	0	0	0	0	0	0	0	0	0	0	0
00.000,00.000	17.7	0	-200	0	4.5	761.15	543.001	172.503	41.8929	3.75426	0	0	0	0	0	0	0	0	0	0	0	0	0	0	0	0
00.000,00.000	17.8	0	-200	0	4.5	770.059	547.231	175.016	43.944	3.86818	0	0	0	0	0	0	0	0	0	0	0	0	0	0	0	0
00.000,00.000	17.9	0	-200	0	4.5	772.348	548.365	175.638	44.4499	3.8956	0	0	0	0	0	0	0	0	0	0	0	0	0	0	0	0
00.000,00.000	18	0	-200	0	4.5	786.568	555.496	179.406	47.587	4.07896	0	0	0	0	0	0	0	0	0	0	0	0	0	0	0	0
00.000,00.000	18.1	0	-200	0	4.5	795.571	559.912	181.885	49.578	4.19621	0	0	0	0	0	0	0	0	0	0	0	0	0	0	0	0
00.000,00.000	18.2	0	-200	0	4.5	802.106	563.131	183.662	51.0284	4.28458	0	0	0	0	0	0	0	0	0	0	0	0	0	0	0	0
00.000,00.000	18.3	0	-200	0	4.5	808.769	566.413	185.463	52.5152	4.37743	0	0	0	0	0	0	0	0	0	0	0	0	0	0	0	0
00.000,00.000	18.4	0	-200	0	4.5	815.442	569.698	187.264	54.008	4.47226	0	0	0	0	0	0	0	0	0	0	0	0	0	0	0	0
00.000,00.000	18.5	0	-200	0	4.5	838.632	580.693	193.779	59.3374	4.82253	0	0	0	0	0	0	0	0	0	0	0	0	0	0	0	0
00.000,00.000	18.6	0	-200	0	4.5	843.46	582.962	195.202	60.4036	4.8919	0	0	0	0	0	0	0	0	0	0	0	0	0	0	0	0
00.000,00.000	18.7	0	-200	0	4.5	889.599	600.861	210.045	72.927	5.76558	0	0	0	0	0	0	0	0	0	0	0	0	0	0	0	0
00.000,00.000	18.8	0	-200	0	4.5	901.394	605.748	213.969	75.7596	5.91665	0	0	0	0	0	0	0	0	0	0	0	0	0	0	0	0
00.000,00.000	18.9	0	-200	0	4.5	920.11	612.747	220.448	80.4011	6.51366	0	0	0	0	0	0	0	0	0	0	0	0	0	0	0	0
00.000,00.000	19	0	-200	0	4.5	926.864	615.252	222.898	81.8153	6.89889	0	0	0	0	0	0	0	0	0	0	0	0	0	0	0	0
00.000,00.000	19.1	0	-200	0	4.5	935.355	618.655	225.829	83.5227	7.34849	0	0	0	0	0	0	0	0	0	0	0	0	0	0	0	0
00.000,00.000	19.2	0	-200	0	4.5	943.533	621.866	228.871	84.9507	7.84535	0	0	0	0	0	0	0	0	0	0	0	0	0	0	0	0
00.000,00.000	19.3	0	-200	0	4.5	951.086	624.793	231.841	86.0218	8.43016	0	0	0	0	0	0	0	0	0	0	0	0	0	0	0	0
00.000,00.000	19.4	0	-200	0	4.5	958.291	627.402	234.884	87.0467	8.95842	0	0	0	0	0	0	0	0	0	0	0	0	0	0	0	0
00.000,00.000	19.5	0	-200	0	4.5	965.233	629.832	238.02	88.0668	9.31503	0	0	0	0	0	0	0	0	0	0	0	0	0	0	0	0
00.000,00.000	19.6	0	-200	0	4.5	971.469	631.602	241.173	89.0365	9.65741	0	0	0	0	0	0	0	0	0	0	0	0	0	0	0	0
00.000,00.000	19.7	0	-200	0	4.5	1013.81	643.025	262.459	95.73	12.5914	0	0	0	0	0	0	0	0	0	0	0	0	0	0	0	0
00.000,00.000	19.8	0	-200	0	4.5	1023.47	645.93	267.32	96.8651	13.359	0	0	0	0	0	0	0	0	0	0	0	0	0	0	0	0
00.000,00.000	19.9	0	-200	0	4.5	1023.48	645.931	267.322	96.8657	13.3594	0	0	0	0	0	0	0	0	0	0	0	0	0	0	0	0
00.000,00.000	20	0	-200	0	4.5	1051.27	654.818	280.936	100.039	15.4749	0	0	0	0	0	0	0	0	0	0	0	0	0	0	0	0
00.000,00.000	20.1	0	-200	0	4.5	1069.92	661.268	289.724	102.059	16.8684	0	0	0	0	0	0	0	0	0	0	0	0	0	0	0	0
00.000,00.000	20.2	0	-200	0	4.5	1078.1	664.045	293.643	102.946	17.4679	0	0	0	0	0	0	0	0	0	0	0	0	0	0	0	0
00.000,00.000	20.3	0	-200	0	4.5	1085.67	666.754	297.17	103.746	18.0008	0	0	0	0	0	0	0	0	0	0	0	0	0	0	0	0
00.000,00.000	20.4	0	-200	0	4.5	1095.83	670.497	301.845	104.802	18.6873	0	0	0	0	0	0	0	0	0	0	0	0	0	0	0	0
00.000,00.000	20.5	0	-200	0	4.5	1100.71	672.298	304.077	105.315	19.0161	0	0	0	0	0	0	0	0	0	0	0	0	0	0	0	0
00.000,00.000	20.6	0	-200	0	4.5	1116.25	677.983	310.962	107.142	20.163	0	0	0	0	0	0	0	0	0	0	0	0	0	0	0	0
00.000,00.000	20.7	0	-200	0	4.5	1147.4	689.294	324.592	110.968	22.5474	0	0	0	0	0	0	0	0	0	0	0	0	0	0	0	0
00.000,00.000	20.8	0	-200	0	4.5	1156.03	692.71	328.261	111.916	23.148	0	0	0	0	0	0	0	0	0	0	0	0	0	0	0	0
00.000,00.000	20.9	0	-200	0	4.5	1156.19	692.772	328.326	111.933	23.1584	0	0	0	0	0	0	0	0	0	0	0	0	0	0	0	0
00.000,00.000	21	0	-200	0	4.5	1167.52	697.578	332.961	113.114	23.8629	0	0	0	0	0	0	0	0	0	0	0	0	0	0	0	0
00.000,00.000	21.1	0	-200	0	4.5	1189.48	706.89	341.839	115.549	25.2011	0	0	0	0	0	0	0	0	0	0	0	0	0	0	0	0
00.000,00.000	21.2	0	-200	0	4.5	1201.63	712.063	346.744	116.897	25.8043	0.126253	0	0	0	0	0	0	0	0	0	0	0	0	0	0	0
00.000,00.000	21.3	0	-200	0	4.5	1210.97	716.092	350.258	118.148	26.1695	0.3059	0	0	0	0	0	0	0	0	0	0	0	0	0	0	0
00.000,00.000	21.4	0	-200	0	4.5	1220.58	720.293	353.758	119.507	26.5195	0.503471	0	0	0	0	0	0	0	0	0	0	0	0	0	0	0
00.000,00.000	21.5	0	-200	0	4.5	1230.34	724.586	357.281	120.901	26.8634	0.709682	0	0	0	0	0	0	0	0	0	0	0	0	0	0	0
00.000,00.000	21.6	0	-200	0	4.5	1239.93	728.677	360.728	122.385	27.2208	0.920844	0	0	0	0	0	0	0	0	0	0	0	0	0	0	0
00.000,00.000	21.7	0	-200	0	4.5	1282.28	745.396	375.319	130.73	28.8687	1.96973	0	0	0	0	0	0	0	0	0	0	0	0	0	0	0
00.000,00.000	21.8	0	-200	0	4.5	1294.01	750.716	378.981	132.872	29.2196	2.22564	0	0	0	0	0	0	0	0	0	0	0	0	0	0	0
00.000,00.000	21.9	0	-200	0	4.5	1294.32	750.849	379.078	132.928	29.2295	2.23195	0	0	0	0	0	0	0	0	0	0	0	0	0	0	0
00.000,00.000	22	0	-200	0	4.5	1323.29	763.24	388.669	138.4	30.1567	2.82744	0	0	0	0	0	0	0	0	0	0	0	0	0	0	0
00.000,00.000	22.1	0	-200	0	4.5	1344.84	772.961	395.452	142.348	30.8462	3.23206	0	0	0	0	0	0	0	0	0	0	0	0	0	0	0
00.000,00.000	22.2	0	-200	0	4.5	1357.11	778.558	399.286	144.577	31.2321	3.45328	0	0	0	0	0	0	0	0	0	0	0	0	0	0	0
00.000,00.000	22.3	0	-200	0	4.5	1368.49	783.54	402.979	146.712	31.598	3.65895	0	0	0	0	0	0	0	0	0	0	0	0	0	0	0
00.000,00.000	22.4	0	-200	0	4.5	1379.49	788.6	406.416	148.691	31.9359	3.84537	0	0	0	0	0	0	0	0	0	0	0	0	0	0	0
00.000,00.000	22.5	0	-200	0	4.5	1391.62	794.065	410.283	150.912	32.3121	4.04871	0	0	0	0	0	0	0	0	0	0	0	0	0	0	0
00.000,00.000	22.6	0	-200	0	4.5	1414.04	803.163	418.001	155.268	32.8488	4.76423	0	0	0	0	0	0	0	0	0	0	0	0	0	0	0
00.000,00.000	22.7	0	-200	0	4.5	1478.35	831.783	437.737	167.765	34.0152	7.04727	0	0	0	0	0	0	0	0	0	0	0	0	0	0	0
00.000,00.000	22.8	0	-200	0	4.5	1489.54	836.347	441.602	170.099	34.2121	7.27703	0	0	0	0	0	0	0	0	0	0	0	0	0	0	0
00.000,00.000	22.9	0	-200	0	4.5	1490.09	836.611	441.769	170.201	34.2215	7.2862	0	0	0	0	0	0	0	0	0	0	0	0	0	0	0
00.000,00.000	23	0	-200	0	4.5	1492.34	837.597	442.53	170.631	34.2615	7.32028	0	0	0	0	0	0	0	0	0	0	0	0	0	0	0
00.000,00.000	23.1	0	-200	0	4.5	1521.62	849.509	453.067	176.45	34.816	7.77848	0	0	0	0	0	0	0	0	0	0	0	0	0	0	0
00.000,00.000	23.2	0	-200	0	4.5	1540.21	858.096	459.018	179.892	35.1748	8.02974	0	0	0	0	0	0	0	0	0	0	0	0	0	0	0
00.000,00.000	23.3	0	-200	0	4.5	1553.75	864.299	463.478	182.326	35.444	8.20609	0	0	0	0	0	0	0	0	0	0	0	0	0	0	0
00.000,00.000	23.4	0	-200	0	4.5	1567.6	870.54	468.195	184.762	35.719	8.3795	0	0	0	0	0	0	0	0	0	0	0	0	0	0	0
00.000,00.000	23.5	0	-200	0	4.5	1581.93	876.626	473.491	187.252	36.01	8.55319	0	0	0	0	0	0	0	0	0	0	0	0	0	0	0
00.000,00.000	23.6	0	-200	0	4.5	1612.48	886.887	486.572	193.259	36.7712	8.98674	0	0	0	0	0	0	0	0	0	0	0	0	0	0	0
00.000,00.000	23.7	0	-200	0	4.5	1676.25	910.821	512.958	203.693	39.0023	9.77661	0	0	0	0	0	0	0	0	0	0	0	0	0	0	0
00.000,00.000	23.8	0	-200	0	4.5	1685.63	914.045	516.974	205.299	39.4106	9.89941	0	0	0	0	0	0	0	0	0	0	0	0	0	0	0
00.000,00.000	23.9	0	-200	0	4.5	1732.4	932.443	535.424	212.791	41.2948	10.4435	0	0	0	0	0	0	0	0	0	0	0	0	0	0	0
00.000,00.000	24	0	-200	0	4.5	1746.39	937.718	541.028	215.148	41.8827	10.6096	0	0	0	0	0	0	0	0	0	0	0	0	0	0	0
00.000,00.000	24.1	0	-200	0	4.5	1775.03	948.179	553.001	219.856	43.0695	10.9278	0	0	0	0	0	0	0	0	0	0	0	0	0	0	0
00.000,00.000	24.2	0	-200	0	4.5	1795.74	955.98	561.511	223.166	43.9354	11.1495	0	0	0	0	0	0	0	0	0	0	0	0	0	0	0
00.000,00.000	24.3	0	-200	0	4.5	1811.8	961.963	568.215	225.703	44.6068	11.3156	0	0	0	0	0	0	0	0	0	0	0	0	0	0	0
00.000,00.000	24.4	0	-200	0	4.5	1828.35	968.093	575.16	228.318	45.3007	11.4824	0	0	0	0	0	0	0	0	0	0	0	0	0	0	0
00.000,00.000	24.5	0	-200	0	4.5	1845.21	974.285	582.272	230.99	46.0145	11.6486	0	0	0	0	0	0	0	0	0	0	0	0	0	0	0
00.000,00.000	24.6	0	-200	0	4.5	1876.64	985.568	595.565	236.091	47.4411	11.9732	0	0	0	0	0	0	0	0	0	0	0	0	0	0	0
00.000,00.000	24.7	0	-200	0	4.5	1899.72	994.055	605.161	239.81	48.4882	12.2047	0	0	0	0	0	0	0	0	0	0	0	0	0	0	0
00.000,00.000	24.8	0	-200	0	4.5	1919.04	1001.06	613.227	242.972	49.3846	12.4004	0	0	0	0	0	0	0	0	0	0	0	0	0	0	0
00.000,00.000	24.9	0	-200	0	4.5	1922.44	1002.32	614.632	243.514	49.5426	12.434	0	0	0	0	0	0	0	0	0	0	0	0	0	0	0
00.000,00.000	25	0	-200	0	4.5	1930.41	1005.29	617.915	244.79	49.9079	12.5082	0	0	0	0	0	0	0	0	0	0	0	0	0	0	0
00.000,00.000	25.1	0	-200	0	4.5	1960.63	1016.46	630.416	249.658	51.317	12.7861	0	0	0	0	0	0	0	0	0	0	0	0	0	0	0
00.000,00.000	25.2	0	-200	0	4.5	1983.28	1024.76	639.85	253.283	52.3865	12.9938	0	0	0	0	0	0	0	0	0	0	0	0	0	0	0
00.000,00.000	25.3	0	-200	0	4.5	2002.41	1031.74	647.806	256.406	53.2905	13.1699	0	0	0	0	0	0	0	0	0	0	0	0	0	0	0
00.000,00.000	25.4	0	-200	0	4.5	2021.95	1038.96	655.787	259.615	54.2397	13.3488	0	0	0	0	0	0	0	0	0	0	0	0	0	0	0
00.000,00.000	25.5	0	-200	0	4.5	2041.81	1046.25	663.902	262.905	55.221	13.5325	0	0	0	0	0	0	0	0	0	0	0	0	0	0	0
00.000,00.000	25.6	0	-200	0	4.5	2061.25	1053.05	671.953	266.276	56.2402	13.7259	0	0	0	0	0	0	0	0	0	0	0	0	0	0	0
00.000,00.000	25.7	0	-200	0	4.5	2134.52	1075.86	702.501	280.766	60.8171	14.5829	0	0	0	0	0	0	0	0	0	0	0	0	0	0	0
00.000,00.000	25.8	0	-200	0	4.5	2161.68	1086.38	712.436	285.567	62.4277	14.8715	0	0	0	0	0	0	0	0	0	0	0	0	0	0	0
00.000,00.000	25.9	0	-200	0	4.5	2162.12	1086.53	712.613	285.652	62.4548	14.8765	0	0	0	0	0	0	0	0	0	0	0	0	0	0	0
00.000,00.000	26	0	-200	0	4.5	2205.62	1104.28	728.126	293.062	64.8338	15.3197	0	0	0	0	0	0	0	0	0	0	0	0	0	0	0
00.000,00.000	26.1	0	-200	0	4.5	2246.85	1120.53	743.016	300.292	67.237	15.7708	0	0	0	0	0	0	0	0	0	0	0	0	0	0	0
00.000,00.000	26.2	0	-200	0	4.5	2269.96	1128.96	751.484	304.891	68.5932	15.9354	0.100634	0	0	0	0	0	0	0	0	0	0	0	0	0	0
00.000,00.000	26.3	0	-200	0	4.5	2290.28	1137.12	758.445	308.748	69.712	16.0144	0.244583	0	0	0	0	0	0	0	0	0	0	0	0	0	0
00.000,00.000	26.4	0	-200	0	4.5	2312	1145.65	765.971	312.928	70.952	16.1043	0.40179	0	0	0	0	0	0	0	0	0	0	0	0	0	0
00.000,00.000	26.5	0	-200	0	4.5	2333.62	1154	773.517	317.178	72.1722	16.2004	0.559578	0	0	0	0	0	0	0	0	0	0	0	0	0	0
00.000,00.000	26.6	0	-200	0	4.5	2372.8	1167.23	787.943	325.671	74.6624	16.4136	0.877837	0	0	0	0	0	0	0	0	0	0	0	0	0	0
00.000,00.000	26.7	0	-200	0	4.5	2441.94	1192.52	812.765	339.625	78.2468	17.3789	1.41106	0	0	0	0	0	0	0	0	0	0	0	0	0	0
00.000,00.000	26.8	0	-200	0	4.5	2452.74	1195.94	817.028	341.898	78.8167	17.5599	1.49779	0	0	0	0	0	0	0	0	0	0	0	0	0	0
00.000,00.000	26.9	0	-200	0	4.5	2483.54	1207.72	827.98	347.806	80.2832	18.0384	1.71502	0	0	0	0	0	0	0	0	0	0	0	0	0	0
00.000,00.000	27	0	-200	0	4.5	2493.63	1211.11	831.854	349.874	80.794	18.2034	1.78912	0	0	0	0	0	0	0	0	0	0	0	0	0	0
00.000,00.000	27.1	0	-200	0	4.5	2533.98	1224.65	847.391	358.097	82.8723	18.8856	2.08121	0	0	0	0	0	0	0	0	0	0	0	0	0	0
00.000,00.000	27.2	0	-200	0	4.5	2563.06	1235.03	858.195	363.78	84.3822	19.3791	2.28822	0	0	0	0	0	0	0	0	0	0	0	0	0	0
00.000,00.000	27.3	0	-200	0	4.5	2585.65	1243.12	866.503	368.252	85.5579	19.7657	2.44515	0	0	0	0	0	0	0	0	0	0	0	0	0	0
00.000,00.000	27.4	0	-200	0	4.5	2608.42	1251.25	874.902	372.8	86.7656	20.0988	2.60229	0	0	0	0	0	0	0	0	0	0	0	0	0	0
00.000,00.000	27.5	0	-200	0	4.5	2631.14	1259.48	883.248	377.355	88.0017	20.298	2.75922	0	0	0	0	0	0	0	0	0	0	0	0	0	0
00.000,00.000	27.6	0	-200	0	4.5	2670.34	1272.58	897.819	385.789	90.3749	20.7155	3.05954	0	0	0	0	0	0	0	0	0	0	0	0	0	0
00.000,00.000	27.7	0	-200	0	4.5	2734.02	1296.33	920.123	398.59	94.1096	21.3583	3.51491	0	0	0	0	0	0	0	0	0	0	0	0	0	0
00.000,00.000	27.8	0	-200	0	4.5	2744.01	1299.73	923.755	400.709	94.7564	21.4677	3.58987	0	0	0	0	0	0	0	0	0	0	0	0	0	0
00.000,00.000	27.9	0	-200	0	4.5	2770.77	1310.09	932.916	405.861	96.3757	21.7551	3.7724	0	0	0	0	0	0	0	0	0	0	0	0	0	0
00.000,00.000	28	0	-200	0	4.5	2779.39	1313.27	935.98	407.54	96.9212	21.8502	3.83238	0	0	0	0	0	0	0	0	0	0	0	0	0	0
00.000,00.000	28.1	0	-200	0	4.5	2820.86	1327.88	951.194	415.684	99.6433	22.3437	4.1188	0	0	0	0	0	0	0	0	0	0	0	0	0	0
00.000,00.000	28.2	0	-200	0	4.5	2851.72	1339.62	962.002	421.427	101.642	22.7061	4.32294	0	0	0	0	0	0	0	0	0	0	0	0	0	0
00.000,00.000	28.3	0	-200	0	4.5	2875.69	1348.78	970.4	425.819	103.212	22.9951	4.47958	0	0	0	0	0	0	0	0	0	0	0	0	0	0
00.000,00.000	28.4	0	-200	0	4.5	2899.14	1357.5	978.679	430.199	104.826	23.296	4.63612	0	0	0	0	0	0	0	0	0	0	0	0	0	0
00.000,00.000	28.5	0	-200	0	4.5	2923	1366.68	986.914	434.515	106.495	23.6032	4.79146	0	0	0	0	0	0	0	0	0	0	0	0	0	0
00.000,00.000	28.6	0	-200	0	4.5	3027.41	1401.19	1022.48	456.959	115.738	25.3786	5.67211	0	0	0	0	0	0	0	0	0	0	0	0	0	0
00.000,00.000	28.7	0	-200	0	4.5	3051.07	1410.29	1030.18	461.456	117.571	25.7227	5.84903	0	0	0	0	0	0	0	0	0	0	0	0	0	0
00.000,00.000	28.8	0	-200	0	4.5	3052.09	1410.64	1030.54	461.659	117.659	25.7402	5.85692	0	0	0	0	0	0	0	0	0	0	0	0	0	0
00.000,00.000	28.9	0	-200	0	4.5	3129.54	1443.5	1054.35	474.69	123.675	26.9349	6.38389	0	0	0	0	0	0	0	0	0	0	0	0	0	0
00.000,00.000	29	0	-200	0	4.5	3150.23	1451.67	1061.18	478.197	125.44	27.2066	6.53486	0	0	0	0	0	0	0	0	0	0	0	0	0	0
00.000,00.000	29.1	0	-200	0	4.5	3184.82	1463.9	1073.41	484.33	128.575	27.8129	6.78789	0	0	0	0	0	0	0	0	0	0	0	0	0	0
00.000,00.000	29.2	0	-200	0	4.5	3212.38	1475.58	1082.07	488.462	131.053	28.2421	6.97187	0	0	0	0	0	0	0	0	0	0	0	0	0	0
00.000,00.000	29.3	0	-200	0	4.5	3235.54	1484.62	1089.72	492.107	133.305	28.6516	7.13317	0	0	0	0	0	0	0	0	0	0	0	0	0	0
00.000,00.000	29.4	0	-200	0	4.5	3258.63	1494.06	1097.15	495.574	135.498	29.0634	7.28791	0	0	0	0	0	0	0	0	0	0	0	0	0	0
00.000,00.000	29.5	0	-200	0	4.5	3281.79	1504.1	1104.26	498.874	137.645	29.4795	7.43668	0	0	0	0	0	0	0	0	0	0	0	0	0	0
00.000,00.000	29.6	0	-200	0	4.5	3304.41	1513.02	1111.33	502.413	140.08	29.9662	7.60552	0	0	0	0	0	0	0	0	0	0	0	0	0	0
00.000,00.000	29.7	0	-200	0	4.5	3473.02	1580.31	1159.42	529.132	160.764	34.3026	9.09967	0	0	0	0	0	0	0	0	0	0	0	0	0	0
00.000,00.000	29.8	0	-200	0	4.5	3509.55	1596.35	1169.52	534.388	164.853	35.0348	9.4002	0	0	0	0	0	0	0	0	0	0	0	0	0	0
00.000,00.000	29.9	0	-200	0	4.5	3584.76	1630.36	1189.49	545.257	172.869	36.818	9.73411	0.241503	0	0	0	0	0	0	0	0	0	0	0	0	0
00.000,00.000	30	0	-200	0	4.5	3605.67	1639.45	1195.24	548.304	175.24	37.2898	9.73411	0.412228	0	0	0	0	0	0	0	0	0	0	0	0	0
00.000,00.000	30.1	0	-200	0	4.5	3675.16	1670.88	1213.44	558.23	182.807	39.1199	9.73411	0.942027	0	0	0	0	0	0	0	0	0	0	0	0	0
00.000,00.000	30.2	0	-200	0	4.5	3703.14	1683.91	1220.42	562.226	185.866	39.8297	9.73415	1.16069	0	0	0	0	0	0	0	0	0	0	0	0	0
00.000,00.000	30.3	0	-200	0	4.5	3723.79	1692.93	1225.86	565.283	188.222	40.4455	9.73451	1.32325	0	0	0	0	0	0	0	0	0	0	0	0	0
00.000,00.000	30.4	0	-200	0	4.5	3744.11	1701.75	1231.4	568.181	190.517	41.0486	9.73502	1.48015	0	0	0	0	0	0	0	0	0	0	0	0	0
00.000,00.000	30.5	0	-200	0	4.5	3764.16	1710.61	1236.75	570.879	192.846	41.6979	9.73661	1.64133	0	0	0	0	0	0	0	0	0	0	0	0	0
00.000,00.000	30.6	0	-200	0	4.5	3818.21	1732.33	1252.9	578.446	199.14	43.5755	9.74487	2.07526	0	0	0	0	0	0	0	0	0	0	0	0	0
00.000,00.000	30.7	0	-200	0	4.5	3833	1738.29	1257.32	580.465	200.9	44.0889	9.7485	2.19653	0	0	0	0	0	0	0	0	0	0	0	0	0
00.000,00.000	30.8	0	-200	0	4.5	3894.16	1763.27	1275.44	588.648	207.936	46.4025	9.77725	2.69029	0	0	0	0	0	0	0	0	0	0	0	0	0
00.000,00.000	30.9	0	-200	0	4.5	3906.2	1768.54	1278.65	590.295	209.321	46.827	9.78405	2.78693	0	0	0	0	0	0	0	0	0	0	0	0	0
00.000,00.000	31	0	-200	0	4.5	3907.33	1769.03	1278.96	590.444	209.446	46.8706	9.78505	2.79553	0	0	0	0	0	0	0	0	0	0	0	0	0
00.000,00.000	31.1	0	-200	0	4.5	3967.47	1795.72	1295.37	598.074	216.036	49.178	9.85157	3.24855	0	0	0	0	0	0	0	0	0	0	0	0	0
00.000,00.000	31.2	0	-200	0	4.5	4000.93	1811.11	1304.04	602.252	219.685	50.4459	9.89397	3.50056	0	0	0	0	0	0	0	0	0	0	0	0	0
00.000,00.000	31.3	0	-200	0	4.5	4020.6	1819.78	1309.27	604.803	221.901	51.2624	9.92669	3.65384	0	0	0	0	0	0	0	0	0	0	0	0	0
00.000,00.000	31.4	0	-200	0	4.5	4080.47	1845.21	1325.73	612.621	228.823	53.9002	10.0476	4.1313	0	0	0	0	0	0	0	0	0	0	0	0	0
00.000,00.000	31.5	0	-200	0	4.5	4092.58	1850.49	1328.96	614.215	230.229	54.384	10.0745	4.22876	0	0	0	0	0	0	0	0	0	0	0	0	0
00.000,00.000	31.6	0	-200	0	4.5	4133.19	1869.59	1339.07	619.03	234.688	56.0882	10.1813	4.5429	0	0	0	0	0	0	0	0	0	0	0	0	0
00.000,00.000	31.7	0	-200	0	4.5	4199.85	1900.16	1355.96	627.072	241.622	59.582	10.3778	5.06891	0	0	0	0	0	0	0	0	0	0	0	0	0
00.000,00.000	31.8	0	-200	0	4.5	4216.52	1908.08	1360.09	628.945	243.323	60.4565	10.4308	5.19929	0	0	0	0	0	0	0	0	0	0	0	0	0
00.000,00.000	31.9	0	-200	0	4.5	4304.1	1949.9	1381.26	638.98	252.073	65.2602	10.7481	5.87485	0	0	0	0	0	0	0	0	0	0	0	0	0
00.000,00.000	32	0	-200	0	4.5	4320.4	1957.53	1385.2	640.962	253.74	66.1507	10.8116	6.00433	0	0	0	0	0	0	0	0	0	0	0	0	0
00.000,00.000	32.1	0	-200	0	4.5	4385.58	1990.03	1400.11	648.37	259.82	69.6736	11.0881	6.48706	0	0	0	0	0	0	0	0	0	0	0	0	0
00.000,00.000	32.2	0	-200	0	4.5	4443.42	2016.78	1414.43	655.434	265.523	72.9478	11.3692	6.93957	0	0	0	0	0	0	0	0	0	0	0	0	0
00.000,00.000	32.3	0	-200	0	4.5	4458.2	2023.72	1418.01	657.243	266.946	73.7774	11.4457	7.05503	0	0	0	0	0	0	0	0	0	0	0	0	0
00.000,00.000	32.4	0	-200	0	4.5	4475.34	2031.69	1422.24	659.29	268.595	74.7893	11.5458	7.18973	0	0	0	0	0	0	0	0	0	0	0	0	0
00.000,00.000	32.5	0	-200	0	4.5	4496.88	2041.81	1427.53	661.81	270.624	76.069	11.6785	7.35688	0	0	0	0	0	0	0	0	0	0	0	0	0
00.000,00.000	32.6	0	-200	0	4.5	4551.92	2069.25	1440.09	667.314	275.802	79.5834	12.0531	7.82538	0	0	0	0	0	0	0	0	0	0	0	0	0
00.000,00.000	32.7	0	-200	0	4.5	4648.8	2117.05	1462.49	677.515	284.659	85.7226	12.7474	8.61794	0	0	0	0	0	0	0	0	0	0	0	0	0
00.000,00.000	32.8	0	-200	0	4.5	4662.86	2123.96	1465.72	678.989	285.982	86.6212	12.8541	8.73289	0	0	0	0	0	0	0	0	0	0	0	0	0
00.000,00.000	32.9	0	-200	0	4.5	4757.33	2171	1487.5	688.143	294.647	92.8961	13.6556	9.4162	0.0769582	0	0	0	0	0	0	0	0	0	0	0	0
00.000,00.000	33	0	-200	0	4.5	4782.6	2183.55	1493.29	690.521	297.062	94.5803	13.9034	9.33267	0.365392	0	0	0	0	0	0	0	0	0	0	0	0
00.000,00.000	33.1	0	-200	0	4.5	4783.61	2184.05	1493.52	690.616	297.153	94.6458	13.9136	9.33399	0.37197	0	0	0	0	0	0	0	0	0	0	0	0
00.000,00.000	33.2	0	-200	0	4.5	4832.09	2208.35	1504.82	695.169	301.6	97.616	14.4483	9.37069	0.711852	0	0	0	0	0	0	0	0	0	0	0	0
00.000,00.000	33.3	0	-200	0	4.5	4866.56	2225.58	1512.97	698.441	304.818	99.5686	14.8404	9.37069	0.981755	0	0	0	0	0	0	0	0	0	0	0	0
00.000,00.000	33.4	0	-200	0	4.5	4874.28	2229.45	1514.8	699.165	305.521	100.001	14.9311	9.37069	1.04196	0	0	0	0	0	0	0	0	0	0	0	0
00.000,00.000	33.5	0	-200	0	4.5	4893.45	2239.1	1519.37	700.935	307.224	101.087	15.1663	9.37069	1.18784	0	0	0	0	0	0	0	0	0	0	0	0
00.000,00.000	33.6	0	-200	0	4.5	4928.62	2256.82	1527.92	704.068	310.288	103.075	15.6147	9.37069	1.45932	0	0	0	0	0	0	0	0	0	0	0	0
00.000,00.000	33.7	0	-200	0	4.5	4984.17	2285.15	1541.2	708.951	315.123	106.154	16.3416	9.37087	1.88346	0	0	0	0	0	0	0	0	0	0	0	0
00.000,00.000	33.8	0	-200	0	4.5	5001.79	2294.14	1545.35	710.501	316.693	107.128	16.5834	9.37131	2.01907	0	0	0	0	0	0	0	0	0	0	0	0
00.000,00.000	33.9	0	-200	0	4.5	5002.04	2294.27	1545.4	710.522	316.714	107.143	16.587	9.37133	2.02096	0	0	0	0	0	0	0	0	0	0	0	0
00.000,00.000	34	0	-200	0	4.5	5016.97	2301.9	1548.96	711.788	317.993	107.993	16.8159	9.37318	2.13671	0	0	0	0	0	0	0	0	0	0	0	0
00.000,00.000	34.1	0	-200	0	4.5	5043.99	2315.97	1555.22	714.029	320.287	109.52	17.2371	9.37791	2.34343	0	0	0	0	0	0	0	0	0	0	0	0
00.000,00.000	34.2	0	-200	0	4.5	5081.35	2335.01	1564.07	717.162	323.514	111.688	17.8844	9.38724	2.63295	0	0	0	0	0	0	0	0	0	0	0	0
00.000,00.000	34.3	0	-200	0	4.5	5088.66	2338.83	1565.76	717.743	324.131	112.099	18.0144	9.3894	2.6908	0	0	0	0	0	0	0	0	0	0	0	0
00.000,00.000	34.4	0	-200	0	4.5	5115.94	2352.99	1572.16	719.939	326.348	113.69	18.5107	9.40139	2.90133	0	0	0	0	0	0	0	0	0	0	0	0
00.000,00.000	34.5	0	-200	0	4.5	5133.79	2362.4	1576.27	721.344	327.765	114.719	18.8458	9.41083	3.04062	0	0	0	0	0	0	0	0	0	0	0	0
00.000,00.000	34.6	0	-200	0	4.5	5153.94	2373.12	1580.84	722.901	329.352	115.881	19.2272	9.42429	3.19567	0	0	0	0	0	0	0	0	0	0	0	0
00.000,00.000	34.7	0	-200	0	4.5	5230.78	2414.24	1598.09	728.774	335.34	120.317	20.747	9.48587	3.78606	0	0	0	0	0	0	0	0	0	0	0	0
00.000,00.000	34.8	0	-200	0	4.5	5244.47	2421.76	1601.02	729.779	336.383	121.1	21.0348	9.49869	3.89676	0	0	0	0	0	0	0	0	0	0	0	0
00.000,00.000	34.9	0	-200	0	4.5	5290.85	2447.27	1611.09	733.099	339.787	123.779	22.0153	9.5551	4.26191	0	0	0	0	0	0	0	0	0	0	0	0
00.000,00.000	35	0	-200	0	4.5	5302.04	2453.51	1613.39	733.888	340.618	124.437	22.2708	9.57022	4.3529	0	0	0	0	0	0	0	0	0	0	0	0
00.000,00.000	35.1	0	-200	0	4.5	5321.29	2464.36	1617.43	735.156	341.992	125.54	22.713	9.6018	4.5056	0	0	0	0	0	0	0	0	0	0	0	0
00.000,00.000	35.2	0	-200	0	4.5	5358.33	2485.25	1625.11	737.614	344.664	127.649	23.5658	9.66959	4.80077	0	0	0	0	0	0	0	0	0	0	0	0
00.000,00.000	35.3	0	-200	0	4.5	5366.54	2489.92	1626.76	738.166	345.256	128.122	23.762	9.68595	4.86734	0	0	0	0	0	0	0	0	0	0	0	0
00.000,00.000	35.4	0	-200	0	4.5	5390.61	2503.43	1631.73	739.734	346.997	129.554	24.3722	9.74231	5.0625	0	0	0	0	0	0	0	0	0	0	0	0
00.000,00.000	35.5	0	-200	0	4.5	5403.64	2510.75	1634.38	740.627	347.938	130.303	24.6928	9.77554	5.17093	0	0	0	0	0	0	0	0	0	0	0	0
00.000,00.000	35.6	0	-200	0	4.5	5443.91	2533.69	1642.54	743.241	350.706	132.64	25.6889	9.88939	5.51059	0	0	0	0	0	0	0	0	0	0	0	0
00.000,00.000	35.7	0	-200	0	4.5	5455.44	2540.21	1644.85	744.026	351.509	133.32	25.9928	9.92431	5.6081	0	0	0	0	0	0	0	0	0	0	0	0
00.000,00.000	35.8	0	-200	0	4.5	5473.08	2550.25	1648.39	745.191	352.716	134.322	26.4723	9.98457	5.75549	0	0	0	0	0	0	0	0	0	0	0	0
00.000,00.000	35.9	0	-200	0	4.5	5487.8	2558.64	1651.3	746.178	353.734	135.159	26.8604	10.0389	5.87979	0	0	0	0	0	0	0	0	0	0	0	0
00.000,00.000	36	0	-200	0	4.5	5492.65	2561.43	1652.24	746.504	354.069	135.446	26.9876	10.0579	5.92099	0	0	0	0	0	0	0	0	0	0	0	0
00.000,00.000	36.1	0	-200	0	4.5	5512.96	2573.08	1656.13	747.849	355.467	136.628	27.5751	10.1428	6.09215	0	0	0	0	0	0	0	0	0	0	0	0
00.000,00.000	36.2	0	-200	0	4.5	5533.28	2584.81	1660.01	749.212	356.864	137.729	28.1556	10.2333	6.26513	0	0	0	0	0	0	0	0	0	0	0	0
00.000,00.000	36.3	0	-200	0	4.5	5551.06	2595.14	1663.4	750.406	358.073	138.676	28.6339	10.3177	6.41744	0	0	0	0	0	0	0	0	0	0	0	0
00.000,00.000	36.4	0	-200	0	4.5	5569.15	2605.67	1666.78	751.607	359.29	139.665	29.1561	10.4083	6.5724	0	0	0	0	0	0	0	0	0	0	0	0
00.000,00.000	36.5	0	-200	0	4.5	5580.71	2612.39	1668.91	752.382	360.065	140.295	29.5183	10.4693	6.67211	0	0	0	0	0	0	0	0	0	0	0	0
00.000,00.000	36.6	0	-200	0	4.5	5605.6	2627.07	1673.63	754.021	361.675	141.544	30.1498	10.6101	6.89493	0	0	0	0	0	0	0	0	0	0	0	0
00.000,00.000	36.7	0	-200	0	4.5	5618.45	2634.57	1675.99	754.886	362.518	142.227	30.5617	10.6855	7.0091	0	0	0	0	0	0	0	0	0	0	0	0
00.000,00.000	36.8	0	-200	0	4.5	5632.29	2642.65	1678.51	755.806	363.414	142.97	31.0405	10.7754	7.13351	0	0	0	0	0	0	0	0	0	0	0	0
00.000,00.000	36.9	0	-200	0	4.5	5647.62	2651.74	1681.27	756.85	364.39	143.731	31.4708	10.8833	7.27442	0	0	0	0	0	0	0	0	0	0	0	0
00.000,00.000	37	0	-200	0	4.5	5662.6	2660.63	1683.91	757.866	365.354	144.489	31.9496	10.995	7.41295	0	0	0	0	0	0	0	0	0	0	0	0
00.000,00.000	37.1	0	-200	0	4.5	5676.9	2669.13	1686.36	758.828	366.253	145.216	32.4642	11.1041	7.54483	0	0	0	0	0	0	0	0	0	0	0	0
00.000,00.000	37.2	0	-200	0	4.5	5692.67	2678.58	1689.02	759.895	367.227	146.003	33.0108	11.2352	7.69046	0	0	0	0	0	0	0	0	0	0	0	0
00.000,00.000	37.3	0	-200	0	4.5	5703.78	2685.32	1690.9	760.645	367.918	146.518	33.352	11.3337	7.7934	0	0	0	0	0	0	0	0	0	0	0	0
00.000,00.000	37.4	0	-200	0	4.5	5722.96	2696.97	1694.02	761.903	369.114	147.405	34.0699	11.5116	7.9689	0	0	0	0	0	0	0	0	0	0	0	0
00.000,00.000	37.5	0	-200	0	4.5	5734.84	2704.24	1695.89	762.675	369.836	147.96	34.5352	11.6258	8.07751	0	0	0	0	0	0	0	0	0	0	0	0
00.000,00.000	37.6	0	-200	0	4.5	5750.81	2714.27	1698.36	763.711	370.787	148.65	35.0148	11.7883	8.2269	0	0	0	0	0	0	0	0	0	0	0	0
00.000,00.000	37.7	0	-200	0	4.5	5764.17	2722.68	1700.37	764.586	371.577	149.215	35.4535	11.9352	8.35091	0	0	0	0	0	0	0	0	0	0	0	0
00.000,00.000	37.8	0	-200	0	4.5	5777.64	2731.13	1702.34	765.44	372.369	149.798	36.0008	12.0893	8.47476	0	0	0	0	0	0	0	0	0	0	0	0
00.000,00.000	37.9	0	-200	0	4.5	5791.38	2739.79	1704.31	766.297	373.186	150.385	36.5619	12.2523	8.60099	0	0	0	0	0	0	0	0	0	0	0	0
00.000,00.000	38	0	-200	0	4.5	5804.78	2748.35	1706.22	767.132	373.994	150.931	36.9932	12.4297	8.72567	0	0	0	0	0	0	0	0	0	0	0	0
00.000,00.000	38.1	0	-200	0	4.5	5818.11	2756.93	1708.07	767.946	374.798	151.448	37.4617	12.6103	8.84848	0	0	0	0	0	0	0	0	0	0	0	0
00.000,00.000	38.2	0	-200	0	4.5	5831.28	2765.34	1709.86	768.739	375.597	151.966	38.019	12.7951	8.96974	0	0	0	0	0	0	0	0	0	0	0	0
00.000,00.000	38.3	0	-200	0	4.5	5844.32	2773.73	1711.59	769.512	376.397	152.463	38.5508	12.987	9.08947	0	0	0	0	0	0	0	0	0	0	0	0
00.000,00.000	38.4	0	-200	0	4.5	5857.12	2782.03	1713.31	770.262	377.175	152.931	39.0178	13.1865	9.20766	0	0	0	0	0	0	0	0	0	0	0	0
00.000,00.000	38.5	0	-200	0	4.5	5869.83	2790.29	1715.01	770.991	377.955	153.376	39.4922	13.3941	9.32457	0	0	0	0	0	0	0	0	0	0	0	0
00.000,00.000	38.6	0	-200	0	4.5	5882.4	2798.48	1716.68	771.68	378.716	153.805	40.0003	13.5977	9.44066	0	0	0	0	0	0	0	0	0	0	0	0
00.000,00.000	38.7	0	-200	0	4.5	5894.55	2806.41	1718.28	772.339	379.459	154.214	40.4914	13.8059	9.55396	0	0	0	0	0	0	0	0	0	0	0	0
00.000,00.000	38.8	0	-200	0	4.5	5906.51	2814.27	1719.84	772.976	380.191	154.591	40.934	14.034	9.65915	0.00689214	0	0	0	0	0	0	0	0	0	0	0
00.000,00.000	38.9	0	-200	0	4.5	5918.38	2822.04	1721.4	773.589	380.946	154.956	41.4038	14.2658	9.6592	0.117624	0	0	0	0	0	0	0	0	0	0	0
00.000,00.000	39	0	-200	0	4.5	5930.01	2829.65	1722.92	774.171	381.707	155.319	41.873	14.4925	9.65912	0.227124	0	0	0	0	0	0	0	0	0	0	0
00.000,00.000	39.1	0	-200	0	4.5	5941.48	2837.15	1724.41	774.73	382.468	155.671	42.3245	14.7355	9.65912	0.335027	0	0	0	0	0	0	0	0	0	0	0
00.000,00.000	39.2	0	-200	0	4.5	5952.7	2844.48	1725.89	775.255	383.222	155.989	42.7596	14.9955	9.65912	0.441422	0	0	0	0	0	0	0	0	0	0	0
00.000,00.000	39.3	0	-200	0	4.5	5963.73	2851.7	1727.33	775.756	383.976	156.292	43.2193	15.2423	9.65912	0.546395	0	0	0	0	0	0	0	0	0	0	0
00.000,00.000	39.4	0	-200	0	4.5	5974.5	2858.76	1728.74	776.229	384.711	156.598	43.6429	15.5066	9.65912	0.649834	0	0	0	0	0	0	0	0	0	0	0
00.000,00.000	39.5	0	-200	0	4.5	5985.04	2865.66	1730.13	776.676	385.445	156.896	44.0447	15.7866	9.65912	0.751882	0	0	0	0	0	0	0	0	0	0	0
00.000,00.000	39.6	0	-200	0	4.5	5995.31	2872.38	1731.53	777.092	386.154	157.16	44.451	16.0333	9.65912	0.852963	0	0	0	0	0	0	0	0	0	0	0
00.000,00.000	39.7	0	-200	0	4.5	6005.25	2878.87	1732.86	777.479	386.86	157.416	44.8682	16.2884	9.65912	0.951192	0	0	0	0	0	0	0	0	0	0	0
00.000,00.000	39.8	0	-200	0	4.5	6015.05	2885.26	1734.18	777.847	387.553	157.673	45.243	16.5873	9.65912	1.04894	0	0	0	0	0	0	0	0	0	0	0
00.000,00.000	39.9	0	-200	0	4.5	6024.57	2891.44	1735.47	778.186	388.256	157.922	45.6438	16.8469	9.65912	1.1452	0	0	0	0	0	0	0	0	0	0	0
00.000,00.000	40	0	-200	0	4.5	6033.97	2897.5	1736.76	778.5	388.949	158.174	46.0567	17.1345	9.65912	1.23968	0	0	0	0	0	0	0	0	0	0	0
00.000,00.000	40.1	0	-200	0	4.5	6043.24	2903.48	1738.01	778.793	389.649	158.451	46.4077	17.4638	9.65912	1.33405	0	0	0	0	0	0	0	0	0	0	0
00.000,00.000	40.2	0	-200	0	4.5	6052.12	2909.21	1739.21	779.052	390.339	158.71	46.7308	17.7847	9.65919	1.42576	0	0	0	0	0	0	0	0	0	0	0
00.000,00.000	40.3	0	-200	0	4.5	6060.77	2914.78	1740.39	779.287	391.024	158.953	47.0925	18.0681	9.65964	1.51598	0	0	0	0	0	0	0	0	0	0	0
00.000,00.000	40.4	0	-200	0	4.5	6069.2	2920.19	1741.54	779.494	391.677	159.186	47.4432	18.4002	9.66041	1.60492	0	0	0	0	0	0	0	0	0	0	0
00.000,00.000	40.5	0	-200	0	4.5	6077.33	2925.48	1742.65	779.679	392.282	159.419	47.7016	18.7675	9.66176	1.69291	0	0	0	0	0	0	0	0	0	0	0
00.000,00.000	40.6	0	-200	0	4.5	6085.06	2930.55	1743.69	779.836	392.873	159.633	47.9429	19.0848	9.6639	1.77887	0	0	0	0	0	0	0	0	0	0	0
00.000,00.000	40.7	0	-200	0	4.5	6092.52	2935.43	1744.69	779.97	393.46	159.837	48.2073	19.3972	9.66687	1.86258	0	0	0	0	0	0	0	0	0	0	0
00.000,00.000	40.8	0	-200	0	4.5	6099.82	2940.16	1745.63	780.088	394.029	160.036	48.4753	19.7799	9.67078	1.94529	0	0	0	0	0	0	0	0	0	0	0
00.000,00.000	40.9	0	-200	0	4.5	6106.98	2944.79	1746.56	780.205	394.588	160.244	48.7119	20.1775	9.67575	2.02731	0	0	0	0	0	0	0	0	0	0	0
00.000,00.000	41	0	-200	0	4.5	6113.82	2949.24	1747.44	780.322	395.125	160.462	48.9287	20.5092	9.68205	2.10748	0	0	0	0	0	0	0	0	0	0	0
00.000,00.000	41.1	0	-200	0	4.5	6120.47	2953.54	1748.3	780.428	395.659	160.675	49.1427	20.8518	9.68909	2.18623	0	0	0	0	0	0	0	0	0	0	0
00.000,00.000	41.2	0	-200	0	4.5	6127	2957.57	1749.25	780.522	396.185	160.886	49.3527	21.2628	9.69722	2.26445	0	0	0	0	0	0	0	0	0	0	0
00.000,00.000	41.3	0	-200	0	4.5	6133.34	2961.45	1750.22	780.608	396.704	161.093	49.5402	21.6724	9.70696	2.34098	0	0	0	0	0	0	0	0	0	0	0
00.000,00.000	41.4	0	-200	0	4.5	6139.33	2965.14	1751.15	780.684	397.199	161.289	49.7297	22.0074	9.71768	2.41531	0	0	0	0	0	0	0	0	0	0	0
00.000,00.000	41.5	0	-200	0	4.5	6144.99	2968.54	1752.06	780.752	397.688	161.478	49.8995	22.3579	9.7299	2.48843	0	0	0	0	0	0	0	0	0	0	0
00.000,00.000	41.6	0	-200	0	4.5	6150.52	2971.79	1752.97	780.813	398.17	161.661	50.0417	22.7723	9.74379	2.56078	0	0	0	0	0	0	0	0	0	0	0
00.000,00.000	41.7	0	-200	0	4.5	6155.77	2974.84	1753.85	780.865	398.622	161.844	50.1778	23.1767	9.75889	2.63066	0	0	0	0	0	0	0	0	0	0	0
00.000,00.000	41.8	0	-200	0	4.5	6160.77	2977.61	1754.85	780.91	399.059	162.044	50.3173	23.5048	9.77552	2.69935	0	0	0	0	0	0	0	0	0	0	0
00.000,00.000	41.9	0	-200	0	4.5	6165.65	2980.24	1755.82	780.944	399.492	162.27	50.4484	23.872	9.79384	2.76685	0	0	0	0	0	0	0	0	0	0	0
00.000,00.000	42	0	-200	0	4.5	6170.36	2982.59	1756.88	780.971	399.916	162.502	50.5547	24.2927	9.8145	2.83298	0	0	0	0	0	0	0	0	0	0	0