
label	time(d)	x	depth	z	radius	total	0-10	10-20	20-30	30-40	40-50	50-60	60-70	70-80	80-90	90-100	100-110	110-120	120-130	130-140	140-150	150-160	160-170	170-180	180-190	190-200
05.500,00.000	0	5.5	-200	0	4.5	0	0	0	0	0	0	0	0	0	0	0	0	0	0	0	0	0	0	0	0	0
05.500,00.000	0.1	5.5	-200	0	4.5	0	0	0	0	0	0	0	0	0	0	0	0	0	0	0	0	0	0	0	0	0
05.500,00.000	0.2	5.5	-200	0	4.5	0	0	0	0	0	0	0	0	0	0	0	0	0	0	0	0	0	0	0	0	0
05.500,00.000	0.3	5.5	-200	0	4.5	0	0	0	0	0	0	0	0	0	0	0	0	0	0	0	0	0	0	0	0	0
05.500,00.000	0.4	5.5	-200	0	4.5	0	0	0	0	0	0	0	0	0	0	0	0	0	0	0	0	0	0	0	0	0
05.500,00.000	0.5	5.5	-200	0	4.5	0	0	0	0	0	0	0	0	0	0	0	0	0	0	0	0	0	0	0	0	0
05.500,00.000	0.6	5.5	-200	0	4.5	0	0	0	0	0	0	0	0	0	0	0	0	0	0	0	0	0	0	0	0	0
05.500,00.000	0.7	5.5	-200	0	4.5	0	0	0	0	0	0	0	0	0	0	0	0	0	0	0	0	0	0	0	0	0
05.500,00.000	0.8	5.5	-200	0	4.5	0	0	0	0	0	0	0	0	0	0	0	0	0	0	0	0	0	0	0	0	0
05.500,00.000	0.9	5.5	-200	0	4.5	0	0	0	0	0	0	0	0	0	0	0	0	0	0	0	0	0	0	0	0	0
05.500,00.000	1	5.5	-200	0	4.5	0	0	0	0	0	0	0	0	0	0	0	0	0	0	0	0	0	0	0	0	0
05.500,00.000	1.1	5.5	-200	0	4.5	0	0	0	0	0	0	0	0	0	0	0	0	0	0	0	0	0	0	0	0	0
05.500,00.000	1.2	5.5	-200	0	4.5	0	0	0	0	0	0	0	0	0	0	0	0	0	0	0	0	0	0	0	0	0
05.500,00.000	1.3	5.5	-200	0	4.5	0	0	0	0	0	0	0	0	0	0	0	0	0	0	0	0	0	0	0	0	0
05.500,00.000	1.4	5.5	-200	0	4.5	0	0	0	0	0	0	0	0	0	0	0	0	0	0	0	0	0	0	0	0	0
05.500,00.000	1.5	5.5	-200	0	4.5	0	0	0	0	0	0	0	0	0	0	0	0	0	0	0	0	0	0	0	0	0
05.500,00.000	1.6	5.5	-200	0	4.5	0	0	0	0	0	0	0	0	0	0	0	0	0	0	0	0	0	0	0	0	0
05.500,00.000	1.7	5.5	-200	0	4.5	0	0	0	0	0	0	0	0	0	0	0	0	0	0	0	0	0	0	0	0	0
05.500,00.000	1.8	5.5	-200	0	4.5	0	0	0	0	0	0	0	0	0	0	0	0	0	0	0	0	0	0	0	0	0
05.500,00.000	1.9	5.5	-200	0	4.5	0	0	0	0	0	0	0	0	0	0	0	0	0	0	0	0	0	0	0	0	0
05.500,00.000	2	5.5	-200	0	4.5	0	0	0	0	0	0	0	0	0	0	0	0	0	0	0	0	0	0	0	0	0
05.500,00.000	2.1	5.5	-200	0	4.5	0	0	0	0	0	0	0	0	0	0	0	0	0	0	0	0	0	0	0	0	0
05.500,00.000	2.2	5.5	-200	0	4.5	0	0	0	0	0	0	0	0	0	0	0	0	0	0	0	0	0	0	0	0	0
05.500,00.000	2.3	5.5	-200	0	4.5	0	0	0	0	0	0	0	0	0	0	0	0	0	0	0	0	0	0	0	0	0
05.500,00.000	2.4	5.5	-200	0	4.5	0	0	0	0	0	0	0	0	0	0	0	0	0	0	0	0	0	0	0	0	0
05.500,00.000	2.5	5.5	-200	0	4.5	0	0	0	0	0	0	0	0	0	0	0	0	0	0	0	0	0	0	0	0	0
05.500,00.000	2.6	5.5	-200	0	4.5	0	0	0	0	0	0	0	0	0	0	0	0	0	0	0	0	0	0	0	0	0
05.500,00.000	2.7	5.5	-200	0	4.5	0	0	0	0	0	0	0	0	0	0	0	0	0	0	0	0	0	0	0	0	0
05.500,00.000	2.8	5.5	-200	0	4.5	0	0	0	0	0	0	0	0	0	0	0	0	0	0	0	0	0	0	0	0	0
05.500,00.000	2.9	5.5	-200	0	4.5	0	0	0	0	0	0	0	0	0	0	0	0	0	0	0	0	0	0	0	0	0
05.500,00.000	3	5.5	-200	0	4.5	0	0	0	0	0	0	0	0	0	0	0	0	0	0	0	0	0	0	0	0	0
05.500,00.000	3.1	5.5	-200	0	4.5	0	0	0	0	0	0	0	0	0	0	0	0	0	0	0	0	0	0	0	0	0
05.500,00.000	3.2	5.5	-200	0	4.5	0	0	0	0	0	0	0	0	0	0	0	0	0	0	0	0	0	0	0	0	0
05.500,00.000	3.3	5.5	-200	0	4.5	0	0	0	0	0	0	0	0	0	0	0	0	0	0	0	0	0	0	0	0	0
05.500,00.000	3.4	5.5	-200	0	4.5	0.135365	0.135365	0	0	0	0	0	0	0	0	0	0	0	0	0	0	0	0	0	0	0
05.500,00.000	3.5	5.5	-200	0	4.5	0.401472	0.401472	0	0	0	0	0	0	0	0	0	0	0	0	0	0	0	0	0	0	0
05.500,00.000	3.6	5.5	-200	0	4.5	0.66314	0.66314	0	0	0	0	0	0	0	0	0	0	0	0	0	0	0	0	0	0	0
05.500,00.000	3.7	5.5	-200	0	4.5	0.921625	0.921625	0	0	0	0	0	0	0	0	0	0	0	0	0	0	0	0	0	0	0
05.500,00.000	3.8	5.5	-200	0	4.5	1.17862	1.17862	0	0	0	0	0	0	0	0	0	0	0	0	0	0	0	0	0	0	0
05.500,00.000	3.9	5.5	-200	0	4.5	1.43631	1.43631	0	0	0	0	0	0	0	0	0	0	0	0	0	0	0	0	0	0	0
05.500,00.000	4	5.5	-200	0	4.5	1.69699	1.69699	0	0	0	0	0	0	0	0	0	0	0	0	0	0	0	0	0	0	0
05.500,00.000	4.1	5.5	-200	0	4.5	1.95974	1.95974	0	0	0	0	0	0	0	0	0	0	0	0	0	0	0	0	0	0	0
05.500,00.000	4.2	5.5	-200	0	4.5	2.22425	2.22425	0	0	0	0	0	0	0	0	0	0	0	0	0	0	0	0	0	0	0
05.500,00.000	4.3	5.5	-200	0	4.5	2.49021	2.49021	0	0	0	0	0	0	0	0	0	0	0	0	0	0	0	0	0	0	0
05.500,00.000	4.4	5.5	-200	0	4.5	2.75672	2.75672	0	0	0	0	0	0	0	0	0	0	0	0	0	0	0	0	0	0	0
05.500,00.000	4.5	5.5	-200	0	4.5	3.02094	3.02094	0	0	0	0	0	0	0	0	0	0	0	0	0	0	0	0	0	0	0
05.500,00.000	4.6	5.5	-200	0	4.5	3.28242	3.28242	0	0	0	0	0	0	0	0	0	0	0	0	0	0	0	0	0	0	0
05.500,00.000	4.7	5.5	-200	0	4.5	3.54141	3.54141	0	0	0	0	0	0	0	0	0	0	0	0	0	0	0	0	0	0	0
05.500,00.000	4.8	5.5	-200	0	4.5	3.79912	3.79912	0	0	0	0	0	0	0	0	0	0	0	0	0	0	0	0	0	0	0
05.500,00.000	4.9	5.5	-200	0	4.5	4.05621	4.05621	0	0	0	0	0	0	0	0	0	0	0	0	0	0	0	0	0	0	0
05.500,00.000	5	5.5	-200	0	4.5	4.31233	4.06641	0.245926	0	0	0	0	0	0	0	0	0	0	0	0	0	0	0	0	0	0
05.500,00.000	5.1	5.5	-200	0	4.5	4.56771	4.06641	0.501308	0	0	0	0	0	0	0	0	0	0	0	0	0	0	0	0	0	0
05.500,00.000	5.2	5.5	-200	0	4.5	4.82365	4.06641	0.757245	0	0	0	0	0	0	0	0	0	0	0	0	0	0	0	0	0	0
05.500,00.000	5.3	5.5	-200	0	4.5	5.08079	4.06641	1.01438	0	0	0	0	0	0	0	0	0	0	0	0	0	0	0	0	0	0
05.500,00.000	5.4	5.5	-200	0	4.5	5.33925	4.06641	1.27284	0	0	0	0	0	0	0	0	0	0	0	0	0	0	0	0	0	0
05.500,00.000	5.5	5.5	-200	0	4.5	5.59727	4.06641	1.53086	0	0	0	0	0	0	0	0	0	0	0	0	0	0	0	0	0	0
05.500,00.000	5.6	5.5	-200	0	4.5	5.85461	4.06641	1.7882	0	0	0	0	0	0	0	0	0	0	0	0	0	0	0	0	0	0
05.500,00.000	5.7	5.5	-200	0	4.5	6.11051	4.06641	2.0441	0	0	0	0	0	0	0	0	0	0	0	0	0	0	0	0	0	0
05.500,00.000	5.8	5.5	-200	0	4.5	6.36583	4.06641	2.29942	0	0	0	0	0	0	0	0	0	0	0	0	0	0	0	0	0	0
05.500,00.000	5.9	5.5	-200	0	4.5	6.62048	4.06641	2.55408	0	0	0	0	0	0	0	0	0	0	0	0	0	0	0	0	0	0
05.500,00.000	6	5.5	-200	0	4.5	6.8746	4.06641	2.80819	0	0	0	0	0	0	0	0	0	0	0	0	0	0	0	0	0	0
05.500,00.000	6.1	5.5	-200	0	4.5	7.12905	4.06641	3.06265	0	0	0	0	0	0	0	0	0	0	0	0	0	0	0	0	0	0
05.500,00.000	6.2	5.5	-200	0	4.5	7.17179	4.06641	3.10539	0	0	0	0	0	0	0	0	0	0	0	0	0	0	0	0	0	0
05.500,00.000	6.3	5.5	-200	0	4.5	7.14814	4.06641	3.08173	0	0	0	0	0	0	0	0	0	0	0	0	0	0	0	0	0	0
05.500,00.000	6.4	5.5	-200	0	4.5	7.14814	4.06641	3.08173	0	0	0	0	0	0	0	0	0	0	0	0	0	0	0	0	0	0
05.500,00.000	6.5	5.5	-200	0	4.5	7.14814	4.06641	3.08173	0	0	0	0	0	0	0	0	0	0	0	0	0	0	0	0	0	0
05.500,00.000	6.6	5.5	-200	0	4.5	7.14814	4.06641	3.08173	0	0	0	0	0	0	0	0	0	0	0	0	0	0	0	0	0	0
05.500,00.000	6.7	5.5	-200	0	4.5	7.14814	4.06641	3.08173	0	0	0	0	0	0	0	0	0	0	0	0	0	0	0	0	0	0
05.500,00.000	6.8	5.5	-200	0	4.5	7.14814	4.06641	3.08173	0	0	0	0	0	0	0	0	0	0	0	0	0	0	0	0	0	0
05.500,00.000	6.9	5.5	-200	0	4.5	7.14814	4.06641	3.08173	0	0	0	0	0	0	0	0	0	0	0	0	0	0	0	0	0	0
05.500,00.000	7	5.5	-200	0	4.5	7.14814	4.06641	3.08173	0	0	0	0	0	0	0	0	0	0	0	0	0	0	0	0	0	0
05.500,00.000	7.1	5.5	-200	0	4.5	7.14814	4.06641	3.08173	0	0	0	0	0	0	0	0	0	0	0	0	0	0	0	0	0	0
05.500,00.000	7.2	5.5	-200	0	4.5	7.14814	4.06641	3.08173	0	0	0	0	0	0	0	0	0	0	0	0	0	0	0	0	0	0
05.500,00.000	7.3	5.5	-200	0	4.5	7.14814	4.06641	3.08173	0	0	0	0	0	0	0	0	0	0	0	0	0	0	0	0	0	0
05.500,00.000	7.4	5.5	-200	0	4.5	7.14814	4.06641	3.08173	0	0	0	0	0	0	0	0	0	0	0	0	0	0	0	0	0	0
05.500,00.000	7.5	5.5	-200	0	4.5	7.14814	4.06641	3.08173	0	0	0	0	0	0	0	0	0	0	0	0	0	0	0	0	0	0
05.500,00.000	7.6	5.5	-200	0	4.5	7.14814	4.06641	3.08173	0	0	0	0	0	0	0	0	0	0	0	0	0	0	0	0	0	0
05.500,00.000	7.7	5.5	-200	0	4.5	7.14831	4.06658	3.08173	0	0	0	0	0	0	0	0	0	0	0	0	0	0	0	0	0	0
05.500,00.000	7.8	5.5	-200	0	4.5	7.1502	4.06847	3.08173	0	0	0	0	0	0	0	0	0	0	0	0	0	0	0	0	0	0
05.500,00.000	7.9	5.5	-200	0	4.5	7.1544	4.07267	3.08173	0	0	0	0	0	0	0	0	0	0	0	0	0	0	0	0	0	0
05.500,00.000	8	5.5	-200	0	4.5	7.16352	4.08179	3.08173	0	0	0	0	0	0	0	0	0	0	0	0	0	0	0	0	0	0
05.500,00.000	8.1	5.5	-200	0	4.5	7.17917	4.09744	3.08173	0	0	0	0	0	0	0	0	0	0	0	0	0	0	0	0	0	0
05.500,00.000	8.2	5.5	-200	0	4.5	7.20286	4.12112	3.08173	0	0	0	0	0	0	0	0	0	0	0	0	0	0	0	0	0	0
05.500,00.000	8.3	5.5	-200	0	4.5	7.23573	4.154	3.08173	0	0	0	0	0	0	0	0	0	0	0	0	0	0	0	0	0	0
05.500,00.000	8.4	5.5	-200	0	4.5	7.2788	4.19707	3.08173	0	0	0	0	0	0	0	0	0	0	0	0	0	0	0	0	0	0
05.500,00.000	8.5	5.5	-200	0	4.5	7.3328	4.25107	3.08173	0	0	0	0	0	0	0	0	0	0	0	0	0	0	0	0	0	0
05.500,00.000	8.6	5.5	-200	0	4.5	7.40053	4.3188	3.08173	0	0	0	0	0	0	0	0	0	0	0	0	0	0	0	0	0	0
05.500,00.000	8.7	5.5	-200	0	4.5	7.48047	4.39874	3.08173	0	0	0	0	0	0	0	0	0	0	0	0	0	0	0	0	0	0
05.500,00.000	8.8	5.5	-200	0	4.5	7.57486	4.49313	3.08173	0	0	0	0	0	0	0	0	0	0	0	0	0	0	0	0	0	0
05.500,00.000	8.9	5.5	-200	0	4.5	7.68431	4.60258	3.08173	0	0	0	0	0	0	0	0	0	0	0	0	0	0	0	0	0	0
05.500,00.000	9	5.5	-200	0	4.5	7.81142	4.72968	3.08173	0	0	0	0	0	0	0	0	0	0	0	0	0	0	0	0	0	0
05.500,00.000	9.1	5.5	-200	0	4.5	7.95592	4.87418	3.08173	0	0	0	0	0	0	0	0	0	0	0	0	0	0	0	0	0	0
05.500,00.000	9.2	5.5	-200	0	4.5	8.12086	5.03913	3.08173	0	0	0	0	0	0	0	0	0	0	0	0	0	0	0	0	0	0
05.500,00.000	9.3	5.5	-200	0	4.5	8.30634	5.22443	3.08191	0	0	0	0	0	0	0	0	0	0	0	0	0	0	0	0	0	0
05.500,00.000	9.4	5.5	-200	0	4.5	8.49881	5.4153	3.08351	0	0	0	0	0	0	0	0	0	0	0	0	0	0	0	0	0	0
05.500,00.000	9.5	5.5	-200	0	4.5	8.69873	5.61005	3.08868	0	0	0	0	0	0	0	0	0	0	0	0	0	0	0	0	0	0
05.500,00.000	9.6	5.5	-200	0	4.5	8.91269	5.81439	3.09831	0	0	0	0	0	0	0	0	0	0	0	0	0	0	0	0	0	0
05.500,00.000	9.7	5.5	-200	0	4.5	9.14403	6.02878	3.11525	0	0	0	0	0	0	0	0	0	0	0	0	0	0	0	0	0	0
05.500,00.000	9.8	5.5	-200	0	4.5	9.396	6.25419	3.1418	0	0	0	0	0	0	0	0	0	0	0	0	0	0	0	0	0	0
05.500,00.000	9.9	5.5	-200	0	4.5	9.67186	6.49395	3.17791	0	0	0	0	0	0	0	0	0	0	0	0	0	0	0	0	0	0
05.500,00.000	10	5.5	-200	0	4.5	9.97622	6.75107	3.22515	0	0	0	0	0	0	0	0	0	0	0	0	0	0	0	0	0	0
05.500,00.000	10.1	5.5	-200	0	4.5	10.3069	7.02248	3.28447	0	0	0	0	0	0	0	0	0	0	0	0	0	0	0	0	0	0
05.500,00.000	10.2	5.5	-200	0	4.5	10.6642	7.30718	3.35697	0	0	0	0	0	0	0	0	0	0	0	0	0	0	0	0	0	0
05.500,00.000	10.3	5.5	-200	0	4.5	11.0504	7.60426	3.4461	0	0	0	0	0	0	0	0	0	0	0	0	0	0	0	0	0	0
05.500,00.000	10.4	5.5	-200	0	4.5	11.4626	7.91171	3.55086	0	0	0	0	0	0	0	0	0	0	0	0	0	0	0	0	0	0
05.500,00.000	10.5	5.5	-200	0	4.5	11.895	8.22498	3.67005	0	0	0	0	0	0	0	0	0	0	0	0	0	0	0	0	0	0
05.500,00.000	10.6	5.5	-200	0	4.5	12.3475	8.54537	3.80213	0	0	0	0	0	0	0	0	0	0	0	0	0	0	0	0	0	0
05.500,00.000	10.7	5.5	-200	0	4.5	12.8187	8.87257	3.94615	0	0	0	0	0	0	0	0	0	0	0	0	0	0	0	0	0	0
05.500,00.000	10.8	5.5	-200	0	4.5	13.3134	9.21189	4.10147	0	0	0	0	0	0	0	0	0	0	0	0	0	0	0	0	0	0
05.500,00.000	10.9	5.5	-200	0	4.5	13.8414	9.57293	4.26845	0	0	0	0	0	0	0	0	0	0	0	0	0	0	0	0	0	0
05.500,00.000	11	5.5	-200	0	4.5	14.3893	9.94174	4.44759	0	0	0	0	0	0	0	0	0	0	0	0	0	0	0	0	0	0
05.500,00.000	11.1	5.5	-200	0	4.5	14.9432	10.3042	4.63897	0	0	0	0	0	0	0	0	0	0	0	0	0	0	0	0	0	0
05.500,00.000	11.2	5.5	-200	0	4.5	15.5235	10.6805	4.84302	0	0	0	0	0	0	0	0	0	0	0	0	0	0	0	0	0	0
05.500,00.000	11.3	5.5	-200	0	4.5	16.1325	11.0733	5.0592	0	0	0	0	0	0	0	0	0	0	0	0	0	0	0	0	0	0
05.500,00.000	11.4	5.5	-200	0	4.5	16.7612	11.4751	5.28612	0	0	0	0	0	0	0	0	0	0	0	0	0	0	0	0	0	0
05.500,00.000	11.5	5.5	-200	0	4.5	17.4036	11.8832	5.5204	0	0	0	0	0	0	0	0	0	0	0	0	0	0	0	0	0	0
05.500,00.000	11.6	5.5	-200	0	4.5	18.0364	12.2984	5.73801	0	0	0	0	0	0	0	0	0	0	0	0	0	0	0	0	0	0
05.500,00.000	11.7	5.5	-200	0	4.5	18.6685	12.7048	5.96369	0	0	0	0	0	0	0	0	0	0	0	0	0	0	0	0	0	0
05.500,00.000	11.8	5.5	-200	0	4.5	19.2942	13.097	6.19726	0	0	0	0	0	0	0	0	0	0	0	0	0	0	0	0	0	0
05.500,00.000	11.9	5.5	-200	0	4.5	19.9375	13.5084	6.42908	0	0	0	0	0	0	0	0	0	0	0	0	0	0	0	0	0	0
05.500,00.000	12	5.5	-200	0	4.5	20.6097	13.9421	6.66761	0	0	0	0	0	0	0	0	0	0	0	0	0	0	0	0	0	0
05.500,00.000	12.1	5.5	-200	0	4.5	21.3205	14.4031	6.91739	0	0	0	0	0	0	0	0	0	0	0	0	0	0	0	0	0	0
05.500,00.000	12.2	5.5	-200	0	4.5	22.0794	14.9025	7.17689	0	0	0	0	0	0	0	0	0	0	0	0	0	0	0	0	0	0
05.500,00.000	12.3	5.5	-200	0	4.5	22.8726	15.4312	7.44141	0	0	0	0	0	0	0	0	0	0	0	0	0	0	0	0	0	0
05.500,00.000	12.4	5.5	-200	0	4.5	23.6696	15.9662	7.70334	0	0	0	0	0	0	0	0	0	0	0	0	0	0	0	0	0	0
05.500,00.000	12.5	5.5	-200	0	4.5	24.4743	16.5068	7.96755	0	0	0	0	0	0	0	0	0	0	0	0	0	0	0	0	0	0
05.500,00.000	12.6	5.5	-200	0	4.5	25.3995	17.1472	8.25232	0	0	0	0	0	0	0	0	0	0	0	0	0	0	0	0	0	0
05.500,00.000	12.7	5.5	-200	0	4.5	26.2376	17.7301	8.50757	0	0	0	0	0	0	0	0	0	0	0	0	0	0	0	0	0	0
05.500,00.000	12.8	5.5	-200	0	4.5	26.9177	18.2014	8.71624	0	0	0	0	0	0	0	0	0	0	0	0	0	0	0	0	0	0
05.500,00.000	12.9	5.5	-200	0	4.5	27.8116	18.8216	8.98998	0	0	0	0	0	0	0	0	0	0	0	0	0	0	0	0	0	0
05.500,00.000	13	5.5	-200	0	4.5	28.7034	19.4569	9.24648	0	0	0	0	0	0	0	0	0	0	0	0	0	0	0	0	0	0
05.500,00.000	13.1	5.5	-200	0	4.5	29.6017	20.09	9.51168	0	0	0	0	0	0	0	0	0	0	0	0	0	0	0	0	0	0
05.500,00.000	13.2	5.5	-200	0	4.5	30.5138	20.725	9.78879	0	0	0	0	0	0	0	0	0	0	0	0	0	0	0	0	0	0
05.500,00.000	13.3	5.5	-200	0	4.5	31.4504	21.3744	10.076	0	0	0	0	0	0	0	0	0	0	0	0	0	0	0	0	0	0
05.500,00.000	13.4	5.5	-200	0	4.5	32.4349	22.0598	10.3751	0	0	0	0	0	0	0	0	0	0	0	0	0	0	0	0	0	0
05.500,00.000	13.5	5.5	-200	0	4.5	33.5017	22.798	10.7038	0	0	0	0	0	0	0	0	0	0	0	0	0	0	0	0	0	0
05.500,00.000	13.6	5.5	-200	0	4.5	34.7727	23.6647	11.108	0	0	0	0	0	0	0	0	0	0	0	0	0	0	0	0	0	0
05.500,00.000	13.7	5.5	-200	0	4.5	35.7866	24.3504	11.4361	0	0	0	0	0	0	0	0	0	0	0	0	0	0	0	0	0	0
05.500,00.000	13.8	5.5	-200	0	4.5	36.4692	24.8123	11.657	0	0	0	0	0	0	0	0	0	0	0	0	0	0	0	0	0	0
05.500,00.000	13.9	5.5	-200	0	4.5	37.5434	25.5281	12.0154	0	0	0	0	0	0	0	0	0	0	0	0	0	0	0	0	0	0
05.500,00.000	14	5.5	-200	0	4.5	38.7093	26.3206	12.3887	0	0	0	0	0	0	0	0	0	0	0	0	0	0	0	0	0	0
05.500,00.000	14.1	5.5	-200	0	4.5	39.8777	27.0823	12.7954	0	0	0	0	0	0	0	0	0	0	0	0	0	0	0	0	0	0
05.500,00.000	14.2	5.5	-200	0	4.5	41.0386	27.8407	13.1979	0	0	0	0	0	0	0	0	0	0	0	0	0	0	0	0	0	0
05.500,00.000	14.3	5.5	-200	0	4.5	42.2089	28.6343	13.5745	0	0	0	0	0	0	0	0	0	0	0	0	0	0	0	0	0	0
05.500,00.000	14.4	5.5	-200	0	4.5	43.4273	29.4564	13.9709	0	0	0	0	0	0	0	0	0	0	0	0	0	0	0	0	0	0
05.500,00.000	14.5	5.5	-200	0	4.5	44.9042	30.4506	14.4536	0	0	0	0	0	0	0	0	0	0	0	0	0	0	0	0	0	0
05.500,00.000	14.6	5.5	-200	0	4.5	46.5828	31.5662	15.0166	0	0	0	0	0	0	0	0	0	0	0	0	0	0	0	0	0	0
05.500,00.000	14.7	5.5	-200	0	4.5	47.9621	32.4795	15.4827	0	0	0	0	0	0	0	0	0	0	0	0	0	0	0	0	0	0
05.500,00.000	14.8	5.5	-200	0	4.5	48.7145	32.9629	15.7516	0	0	0	0	0	0	0	0	0	0	0	0	0	0	0	0	0	0
05.500,00.000	14.9	5.5	-200	0	4.5	50.0752	33.8201	16.2551	0	0	0	0	0	0	0	0	0	0	0	0	0	0	0	0	0	0
05.500,00.000	15	5.5	-200	0	4.5	51.5497	34.6996	16.8501	0	0	0	0	0	0	0	0	0	0	0	0	0	0	0	0	0	0
05.500,00.000	15.1	5.5	-200	0	4.5	52.9164	35.5337	17.3827	0	0	0	0	0	0	0	0	0	0	0	0	0	0	0	0	0	0
05.500,00.000	15.2	5.5	-200	0	4.5	54.2137	36.338	17.8758	0	0	0	0	0	0	0	0	0	0	0	0	0	0	0	0	0	0
05.500,00.000	15.3	5.5	-200	0	4.5	55.4998	37.1338	18.366	0	0	0	0	0	0	0	0	0	0	0	0	0	0	0	0	0	0
05.500,00.000	15.4	5.5	-200	0	4.5	56.739	37.9025	18.8364	0	0	0	0	0	0	0	0	0	0	0	0	0	0	0	0	0	0
05.500,00.000	15.5	5.5	-200	0	4.5	59.025	39.3218	19.7033	0	0	0	0	0	0	0	0	0	0	0	0	0	0	0	0	0	0
05.500,00.000	15.6	5.5	-200	0	4.5	60.4441	40.2107	20.2334	0	0	0	0	0	0	0	0	0	0	0	0	0	0	0	0	0	0
05.500,00.000	15.7	5.5	-200	0	4.5	61.8307	41.0633	20.7673	0	0	0	0	0	0	0	0	0	0	0	0	0	0	0	0	0	0
05.500,00.000	15.8	5.5	-200	0	4.5	62.8646	41.6937	21.1709	0	0	0	0	0	0	0	0	0	0	0	0	0	0	0	0	0	0
05.500,00.000	15.9	5.5	-200	0	4.5	63.4052	42.023	21.3822	0	0	0	0	0	0	0	0	0	0	0	0	0	0	0	0	0	0
05.500,00.000	16	5.5	-200	0	4.5	64.829	42.8729	21.9561	0	0	0	0	0	0	0	0	0	0	0	0	0	0	0	0	0	0
05.500,00.000	16.1	5.5	-200	0	4.5	66.0048	43.5664	22.4383	0	0	0	0	0	0	0	0	0	0	0	0	0	0	0	0	0	0
05.500,00.000	16.2	5.5	-200	0	4.5	67.0524	44.1652	22.8871	0	0	0	0	0	0	0	0	0	0	0	0	0	0	0	0	0	0
05.500,00.000	16.3	5.5	-200	0	4.5	68.1445	44.7386	23.4059	0	0	0	0	0	0	0	0	0	0	0	0	0	0	0	0	0	0
05.500,00.000	16.4	5.5	-200	0	4.5	69.2215	45.2857	23.9358	0	0	0	0	0	0	0	0	0	0	0	0	0	0	0	0	0	0
05.500,00.000	16.5	5.5	-200	0	4.5	72.1138	46.7017	25.4121	0	0	0	0	0	0	0	0	0	0	0	0	0	0	0	0	0	0
05.500,00.000	16.6	5.5	-200	0	4.5	72.6981	46.975	25.723	0	0	0	0	0	0	0	0	0	0	0	0	0	0	0	0	0	0
05.500,00.000	16.7	5.5	-200	0	4.5	74.7242	47.8769	26.8474	0	0	0	0	0	0	0	0	0	0	0	0	0	0	0	0	0	0
05.500,00.000	16.8	5.5	-200	0	4.5	75.1789	48.0755	27.1034	0	0	0	0	0	0	0	0	0	0	0	0	0	0	0	0	0	0
05.500,00.000	16.9	5.5	-200	0	4.5	75.7761	48.3239	27.4522	0	0	0	0	0	0	0	0	0	0	0	0	0	0	0	0	0	0
05.500,00.000	17	5.5	-200	0	4.5	77.4095	48.9876	28.4219	0	0	0	0	0	0	0	0	0	0	0	0	0	0	0	0	0	0
05.500,00.000	17.1	5.5	-200	0	4.5	78.5444	49.4369	29.1075	0	0	0	0	0	0	0	0	0	0	0	0	0	0	0	0	0	0
05.500,00.000	17.2	5.5	-200	0	4.5	79.4579	49.7874	29.6705	0	0	0	0	0	0	0	0	0	0	0	0	0	0	0	0	0	0
05.500,00.000	17.3	5.5	-200	0	4.5	80.3563	50.1222	30.2341	0	0	0	0	0	0	0	0	0	0	0	0	0	0	0	0	0	0
05.500,00.000	17.4	5.5	-200	0	4.5	81.2345	50.4402	30.7944	0	0	0	0	0	0	0	0	0	0	0	0	0	0	0	0	0	0
05.500,00.000	17.5	5.5	-200	0	4.5	84.3841	51.53	32.8541	0	0	0	0	0	0	0	0	0	0	0	0	0	0	0	0	0	0
05.500,00.000	17.6	5.5	-200	0	4.5	85.0124	51.7215	33.2908	0	0	0	0	0	0	0	0	0	0	0	0	0	0	0	0	0	0
05.500,00.000	17.7	5.5	-200	0	4.5	87.004	52.2643	34.7397	0	0	0	0	0	0	0	0	0	0	0	0	0	0	0	0	0	0
05.500,00.000	17.8	5.5	-200	0	4.5	87.4399	52.374	35.0659	0	0	0	0	0	0	0	0	0	0	0	0	0	0	0	0	0	0
05.500,00.000	17.9	5.5	-200	0	4.5	87.9822	52.5071	35.4751	0	0	0	0	0	0	0	0	0	0	0	0	0	0	0	0	0	0
05.500,00.000	18	5.5	-200	0	4.5	89.4853	52.8584	36.6269	0	0	0	0	0	0	0	0	0	0	0	0	0	0	0	0	0	0
05.500,00.000	18.1	5.5	-200	0	4.5	90.4624	53.0676	37.3948	0	0	0	0	0	0	0	0	0	0	0	0	0	0	0	0	0	0
05.500,00.000	18.2	5.5	-200	0	4.5	91.2092	53.2167	37.9926	0	0	0	0	0	0	0	0	0	0	0	0	0	0	0	0	0	0
05.500,00.000	18.3	5.5	-200	0	4.5	91.9358	53.3532	38.5827	0	0	0	0	0	0	0	0	0	0	0	0	0	0	0	0	0	0
05.500,00.000	18.4	5.5	-200	0	4.5	92.6315	53.4774	39.1541	0	0	0	0	0	0	0	0	0	0	0	0	0	0	0	0	0	0
05.500,00.000	18.5	5.5	-200	0	4.5	95.672	53.9479	41.7241	0	0	0	0	0	0	0	0	0	0	0	0	0	0	0	0	0	0
05.500,00.000	18.6	5.5	-200	0	4.5	96.2856	54.0313	42.2543	0	0	0	0	0	0	0	0	0	0	0	0	0	0	0	0	0	0
05.500,00.000	18.7	5.5	-200	0	4.5	98.4566	54.2845	44.1722	0	0	0	0	0	0	0	0	0	0	0	0	0	0	0	0	0	0
05.500,00.000	18.8	5.5	-200	0	4.5	98.9505	54.3369	44.6136	0	0	0	0	0	0	0	0	0	0	0	0	0	0	0	0	0	0
05.500,00.000	18.9	5.5	-200	0	4.5	99.8653	54.42	45.4453	0	0	0	0	0	0	0	0	0	0	0	0	0	0	0	0	0	0
05.500,00.000	19	5.5	-200	0	4.5	101.304	54.5295	46.7741	0	0	0	0	0	0	0	0	0	0	0	0	0	0	0	0	0	0
05.500,00.000	19.1	5.5	-200	0	4.5	102.248	54.6275	47.6204	0	0	0	0	0	0	0	0	0	0	0	0	0	0	0	0	0	0
05.500,00.000	19.2	5.5	-200	0	4.5	103.04	54.6978	48.3418	0	0	0	0	0	0	0	0	0	0	0	0	0	0	0	0	0	0
05.500,00.000	19.3	5.5	-200	0	4.5	103.82	54.7639	49.0564	0	0	0	0	0	0	0	0	0	0	0	0	0	0	0	0	0	0
05.500,00.000	19.4	5.5	-200	0	4.5	104.596	54.8302	49.7654	0	0	0	0	0	0	0	0	0	0	0	0	0	0	0	0	0	0
05.500,00.000	19.5	5.5	-200	0	4.5	105.418	54.9237	50.4946	0	0	0	0	0	0	0	0	0	0	0	0	0	0	0	0	0	0
05.500,00.000	19.6	5.5	-200	0	4.5	106.862	55.0744	51.7875	0	0	0	0	0	0	0	0	0	0	0	0	0	0	0	0	0	0
05.500,00.000	19.7	5.5	-200	0	4.5	107.193	55.1179	52.0746	0	0	0	0	0	0	0	0	0	0	0	0	0	0	0	0	0	0
05.500,00.000	19.8	5.5	-200	0	4.5	109.284	55.3312	53.9533	0	0	0	0	0	0	0	0	0	0	0	0	0	0	0	0	0	0
05.500,00.000	19.9	5.5	-200	0	4.5	109.851	55.4231	54.4282	0	0	0	0	0	0	0	0	0	0	0	0	0	0	0	0	0	0
05.500,00.000	20	5.5	-200	0	4.5	110.847	55.5689	55.2786	0	0	0	0	0	0	0	0	0	0	0	0	0	0	0	0	0	0
05.500,00.000	20.1	5.5	-200	0	4.5	111.803	55.7326	56.0705	0	0	0	0	0	0	0	0	0	0	0	0	0	0	0	0	0	0
05.500,00.000	20.2	5.5	-200	0	4.5	112.555	55.8898	56.6223	0.0429584	0	0	0	0	0	0	0	0	0	0	0	0	0	0	0	0	0
05.500,00.000	20.3	5.5	-200	0	4.5	113.276	56.06	57.1111	0.105096	0	0	0	0	0	0	0	0	0	0	0	0	0	0	0	0	0
05.500,00.000	20.4	5.5	-200	0	4.5	113.968	56.236	57.5646	0.167635	0	0	0	0	0	0	0	0	0	0	0	0	0	0	0	0	0
05.500,00.000	20.5	5.5	-200	0	4.5	114.649	56.4139	58.0073	0.22786	0	0	0	0	0	0	0	0	0	0	0	0	0	0	0	0	0
05.500,00.000	20.6	5.5	-200	0	4.5	115.305	56.5923	58.4264	0.286547	0	0	0	0	0	0	0	0	0	0	0	0	0	0	0	0	0
05.500,00.000	20.7	5.5	-200	0	4.5	115.927	56.7733	58.8118	0.341503	0	0	0	0	0	0	0	0	0	0	0	0	0	0	0	0	0
05.500,00.000	20.8	5.5	-200	0	4.5	119.399	57.701	61.0418	0.656444	0	0	0	0	0	0	0	0	0	0	0	0	0	0	0	0	0
05.500,00.000	20.9	5.5	-200	0	4.5	120.592	58.0223	61.801	0.768495	0	0	0	0	0	0	0	0	0	0	0	0	0	0	0	0	0
05.500,00.000	21	5.5	-200	0	4.5	120.697	58.0486	61.8724	0.775648	0	0	0	0	0	0	0	0	0	0	0	0	0	0	0	0	0
05.500,00.000	21.1	5.5	-200	0	4.5	122.84	58.611	63.31	0.91941	0	0	0	0	0	0	0	0	0	0	0	0	0	0	0	0	0
05.500,00.000	21.2	5.5	-200	0	4.5	124.218	59.0115	64.1913	1.01566	0	0	0	0	0	0	0	0	0	0	0	0	0	0	0	0	0
05.500,00.000	21.3	5.5	-200	0	4.5	125.143	59.2975	64.7724	1.07346	0	0	0	0	0	0	0	0	0	0	0	0	0	0	0	0	0
05.500,00.000	21.4	5.5	-200	0	4.5	126.688	59.8115	65.7143	1.16269	0	0	0	0	0	0	0	0	0	0	0	0	0	0	0	0	0
05.500,00.000	21.5	5.5	-200	0	4.5	127.08	59.9516	65.9417	1.18682	0	0	0	0	0	0	0	0	0	0	0	0	0	0	0	0	0
05.500,00.000	21.6	5.5	-200	0	4.5	132.716	61.8404	68.8417	2.03414	0	0	0	0	0	0	0	0	0	0	0	0	0	0	0	0	0
05.500,00.000	21.7	5.5	-200	0	4.5	133.868	62.2722	69.1138	2.48236	0	0	0	0	0	0	0	0	0	0	0	0	0	0	0	0	0
05.500,00.000	21.8	5.5	-200	0	4.5	135.111	62.7073	69.476	2.92808	0	0	0	0	0	0	0	0	0	0	0	0	0	0	0	0	0
05.500,00.000	21.9	5.5	-200	0	4.5	135.338	62.7943	69.5311	3.01267	0	0	0	0	0	0	0	0	0	0	0	0	0	0	0	0	0
05.500,00.000	22	5.5	-200	0	4.5	137.416	63.5844	70.0799	3.75179	0	0	0	0	0	0	0	0	0	0	0	0	0	0	0	0	0
05.500,00.000	22.1	5.5	-200	0	4.5	139.747	64.5783	70.6366	4.53189	0	0	0	0	0	0	0	0	0	0	0	0	0	0	0	0	0
05.500,00.000	22.2	5.5	-200	0	4.5	140.942	65.0855	70.9086	4.94762	0	0	0	0	0	0	0	0	0	0	0	0	0	0	0	0	0
05.500,00.000	22.3	5.5	-200	0	4.5	141.891	65.4829	71.1228	5.28587	0	0	0	0	0	0	0	0	0	0	0	0	0	0	0	0	0
05.500,00.000	22.4	5.5	-200	0	4.5	144.384	66.5333	71.6843	6.16683	0	0	0	0	0	0	0	0	0	0	0	0	0	0	0	0	0
05.500,00.000	22.5	5.5	-200	0	4.5	144.963	66.7791	71.8049	6.37903	0	0	0	0	0	0	0	0	0	0	0	0	0	0	0	0	0
05.500,00.000	22.6	5.5	-200	0	4.5	152.295	69.8021	73.5554	8.9374	2.88658e-14	0	0	0	0	0	0	0	0	0	0	0	0	0	0	0	0
05.500,00.000	22.7	5.5	-200	0	4.5	154.148	70.5655	74.0139	9.51086	0.0580417	0	0	0	0	0	0	0	0	0	0	0	0	0	0	0	0
05.500,00.000	22.8	5.5	-200	0	4.5	154.197	70.586	74.0255	9.52614	0.0595344	0	0	0	0	0	0	0	0	0	0	0	0	0	0	0	0
05.500,00.000	22.9	5.5	-200	0	4.5	154.273	70.6174	74.0441	9.55009	0.0618107	0	0	0	0	0	0	0	0	0	0	0	0	0	0	0	0
05.500,00.000	23	5.5	-200	0	4.5	155.012	70.9301	74.2239	9.77523	0.0824518	0	0	0	0	0	0	0	0	0	0	0	0	0	0	0	0
05.500,00.000	23.1	5.5	-200	0	4.5	157.638	72.0396	74.8648	10.5789	0.154729	0	0	0	0	0	0	0	0	0	0	0	0	0	0	0	0
05.500,00.000	23.2	5.5	-200	0	4.5	159.142	72.6352	75.2704	11.0434	0.192784	0	0	0	0	0	0	0	0	0	0	0	0	0	0	0	0
05.500,00.000	23.3	5.5	-200	0	4.5	160.178	73.0406	75.5571	11.3621	0.217971	0	0	0	0	0	0	0	0	0	0	0	0	0	0	0	0
05.500,00.000	23.4	5.5	-200	0	4.5	163.072	74.1535	76.3868	12.1874	0.344218	0	0	0	0	0	0	0	0	0	0	0	0	0	0	0	0
05.500,00.000	23.5	5.5	-200	0	4.5	163.725	74.4006	76.5823	12.1412	0.60071	0	0	0	0	0	0	0	0	0	0	0	0	0	0	0	0
05.500,00.000	23.6	5.5	-200	0	4.5	170.051	76.6	78.5998	12.5583	2.29335	0	0	0	0	0	0	0	0	0	0	0	0	0	0	0	0
05.500,00.000	23.7	5.5	-200	0	4.5	174.042	77.7382	80.0333	12.7278	3.54297	0	0	0	0	0	0	0	0	0	0	0	0	0	0	0	0
05.500,00.000	23.8	5.5	-200	0	4.5	175.004	78.0014	80.3907	12.7693	3.84229	0	0	0	0	0	0	0	0	0	0	0	0	0	0	0	0
05.500,00.000	23.9	5.5	-200	0	4.5	175.033	78.009	80.4022	12.7706	3.85135	0	0	0	0	0	0	0	0	0	0	0	0	0	0	0	0
05.500,00.000	24	5.5	-200	0	4.5	176.109	78.2483	80.7934	12.9307	4.13631	0	0	0	0	0	0	0	0	0	0	0	0	0	0	0	0
05.500,00.000	24.1	5.5	-200	0	4.5	180.861	79.4013	82.7592	13.5533	5.14688	0	0	0	0	0	0	0	0	0	0	0	0	0	0	0	0
05.500,00.000	24.2	5.5	-200	0	4.5	183.177	79.9684	83.739	13.847	5.62293	0	0	0	0	0	0	0	0	0	0	0	0	0	0	0	0
05.500,00.000	24.3	5.5	-200	0	4.5	184.582	80.3228	84.3375	14.0008	5.9205	0	0	0	0	0	0	0	0	0	0	0	0	0	0	0	0
05.500,00.000	24.4	5.5	-200	0	4.5	188.439	81.2678	86.0236	14.4267	6.72129	0	0	0	0	0	0	0	0	0	0	0	0	0	0	0	0
05.500,00.000	24.5	5.5	-200	0	4.5	189.369	81.4941	86.4446	14.5314	6.89937	0	0	0	0	0	0	0	0	0	0	0	0	0	0	0	0
05.500,00.000	24.6	5.5	-200	0	4.5	195.077	82.6669	89.0049	15.262	8.14344	0	0	0	0	0	0	0	0	0	0	0	0	0	0	0	0
05.500,00.000	24.7	5.5	-200	0	4.5	196.672	83.0694	89.6671	15.4715	8.46401	0	0	0	0	0	0	0	0	0	0	0	0	0	0	0	0
05.500,00.000	24.8	5.5	-200	0	4.5	201.48	84.2017	91.6426	16.2523	9.38307	0	0	0	0	0	0	0	0	0	0	0	0	0	0	0	0
05.500,00.000	24.9	5.5	-200	0	4.5	202.683	84.4395	92.1364	16.4929	9.61416	0	0	0	0	0	0	0	0	0	0	0	0	0	0	0	0
05.500,00.000	25	5.5	-200	0	4.5	202.951	84.4945	92.2439	16.5493	9.6634	0	0	0	0	0	0	0	0	0	0	0	0	0	0	0	0
05.500,00.000	25.1	5.5	-200	0	4.5	205.7	85.0455	93.3684	17.1343	10.1515	0	0	0	0	0	0	0	0	0	0	0	0	0	0	0	0
05.500,00.000	25.2	5.5	-200	0	4.5	207.683	85.4141	94.2033	17.5709	10.4948	0	0	0	0	0	0	0	0	0	0	0	0	0	0	0	0
05.500,00.000	25.3	5.5	-200	0	4.5	209.147	85.6931	94.8059	17.9057	10.742	0	0	0	0	0	0	0	0	0	0	0	0	0	0	0	0
05.500,00.000	25.4	5.5	-200	0	4.5	210.74	85.9875	95.457	18.2936	11.0019	0	0	0	0	0	0	0	0	0	0	0	0	0	0	0	0
05.500,00.000	25.5	5.5	-200	0	4.5	212.367	86.2683	96.1347	18.7055	11.2584	0	0	0	0	0	0	0	0	0	0	0	0	0	0	0	0
05.500,00.000	25.6	5.5	-200	0	4.5	214.019	86.5466	96.829	19.1311	11.3216	0.190429	0	0	0	0	0	0	0	0	0	0	0	0	0	0	0
05.500,00.000	25.7	5.5	-200	0	4.5	215.819	86.8972	97.5376	19.5979	11.3348	0.451797	0	0	0	0	0	0	0	0	0	0	0	0	0	0	0
05.500,00.000	25.8	5.5	-200	0	4.5	221.963	88.4854	99.7123	21.1782	11.3571	1.23021	0	0	0	0	0	0	0	0	0	0	0	0	0	0	0
05.500,00.000	25.9	5.5	-200	0	4.5	223.48	88.9952	100.21	21.5299	11.3608	1.38455	0	0	0	0	0	0	0	0	0	0	0	0	0	0	0
05.500,00.000	26	5.5	-200	0	4.5	228.704	90.6433	101.935	22.8311	11.3688	1.92567	0	0	0	0	0	0	0	0	0	0	0	0	0	0	0
05.500,00.000	26.1	5.5	-200	0	4.5	232.184	91.7587	103.102	23.6829	11.3742	2.26639	0	0	0	0	0	0	0	0	0	0	0	0	0	0	0
05.500,00.000	26.2	5.5	-200	0	4.5	234.576	92.5307	103.885	24.2839	11.3799	2.49681	0	0	0	0	0	0	0	0	0	0	0	0	0	0	0
05.500,00.000	26.3	5.5	-200	0	4.5	237.083	93.3313	104.719	24.916	11.3872	2.72973	0	0	0	0	0	0	0	0	0	0	0	0	0	0	0
05.500,00.000	26.4	5.5	-200	0	4.5	255.654	99.0697	111.032	29.6871	11.4712	4.39367	0	0	0	0	0	0	0	0	0	0	0	0	0	0	0
05.500,00.000	26.5	5.5	-200	0	4.5	262.994	100.848	113.916	31.6081	11.5274	5.09475	0	0	0	0	0	0	0	0	0	0	0	0	0	0	0
05.500,00.000	26.6	5.5	-200	0	4.5	263.665	101.002	114.164	31.8073	11.5361	5.15543	0	0	0	0	0	0	0	0	0	0	0	0	0	0	0
05.500,00.000	26.7	5.5	-200	0	4.5	268.555	101.873	116.168	33.2946	11.6334	5.58577	0	0	0	0	0	0	0	0	0	0	0	0	0	0	0
05.500,00.000	26.8	5.5	-200	0	4.5	275.348	102.761	119.168	35.2888	11.8109	6.31811	0	0	0	0	0	0	0	0	0	0	0	0	0	0	0
05.500,00.000	26.9	5.5	-200	0	4.5	276.607	102.948	119.706	35.6548	11.8506	6.4481	0	0	0	0	0	0	0	0	0	0	0	0	0	0	0
05.500,00.000	27	5.5	-200	0	4.5	276.812	102.976	119.794	35.7156	11.8585	6.46843	0	0	0	0	0	0	0	0	0	0	0	0	0	0	0
05.500,00.000	27.1	5.5	-200	0	4.5	277.122	103.017	119.925	35.8088	11.8717	6.49838	0	0	0	0	0	0	0	0	0	0	0	0	0	0	0
05.500,00.000	27.2	5.5	-200	0	4.5	277.402	103.054	120.044	35.8945	11.8847	6.52471	0	0	0	0	0	0	0	0	0	0	0	0	0	0	0
05.500,00.000	27.3	5.5	-200	0	4.5	277.648	103.086	120.147	35.9708	11.897	6.54713	0	0	0	0	0	0	0	0	0	0	0	0	0	0	0
05.500,00.000	27.4	5.5	-200	0	4.5	277.687	103.092	120.163	35.9829	11.899	6.55064	0	0	0	0	0	0	0	0	0	0	0	0	0	0	0
05.500,00.000	27.5	5.5	-200	0	4.5	277.912	103.119	120.255	36.0554	11.9119	6.57018	0	0	0	0	0	0	0	0	0	0	0	0	0	0	0
05.500,00.000	27.6	5.5	-200	0	4.5	277.968	103.127	120.278	36.0736	11.9152	6.57502	0	0	0	0	0	0	0	0	0	0	0	0	0	0	0
05.500,00.000	27.7	5.5	-200	0	4.5	278.25	103.161	120.39	36.1669	11.9332	6.59846	0	0	0	0	0	0	0	0	0	0	0	0	0	0	0
05.500,00.000	27.8	5.5	-200	0	4.5	297.061	105.808	126.813	42.6902	13.5529	8.19704	0	0	0	0	0	0	0	0	0	0	0	0	0	0	0
05.500,00.000	27.9	5.5	-200	0	4.5	303.424	106.987	128.74	44.5732	14.1135	8.67225	0	0.338363	0	0	0	0	0	0	0	0	0	0	0	0	0
05.500,00.000	28	5.5	-200	0	4.5	303.691	107.03	128.819	44.6595	14.1382	8.69209	0	0.352872	0	0	0	0	0	0	0	0	0	0	0	0	0
05.500,00.000	28.1	5.5	-200	0	4.5	304.088	107.093	128.935	44.7885	14.177	8.72097	0	0.374156	0	0	0	0	0	0	0	0	0	0	0	0	0
05.500,00.000	28.2	5.5	-200	0	4.5	304.46	107.15	129.043	44.9103	14.2152	8.74777	0	0.393926	0	0	0	0	0	0	0	0	0	0	0	0	0
05.500,00.000	28.3	5.5	-200	0	4.5	304.803	107.203	129.141	45.0229	14.2521	8.77213	0	0.412017	0	0	0	0	0	0	0	0	0	0	0	0	0
05.500,00.000	28.4	5.5	-200	0	4.5	304.86	107.213	129.157	45.0406	14.2585	8.77608	0	0.415096	0	0	0	0	0	0	0	0	0	0	0	0	0
05.500,00.000	28.5	5.5	-200	0	4.5	333.434	111.744	136.62	54.3493	17.9933	10.0007	0.763082	1.96354	0	0	0	0	0	0	0	0	0	0	0	0	0
05.500,00.000	28.6	5.5	-200	0	4.5	348.087	114.317	140.334	58.7327	20.1637	10.2421	1.57565	2.72171	0	0	0	0	0	0	0	0	0	0	0	0	0
05.500,00.000	28.7	5.5	-200	0	4.5	356.464	115.751	142.43	61.3119	21.4293	10.3783	2.02385	2.80177	0.338366	0	0	0	0	0	0	0	0	0	0	0	0
05.500,00.000	28.8	5.5	-200	0	4.5	371.582	118.684	146.072	65.8009	23.7372	10.6177	2.80217	2.80455	1.06398	0	0	0	0	0	0	0	0	0	0	0	0
05.500,00.000	28.9	5.5	-200	0	4.5	374.214	119.236	146.684	66.5385	24.1726	10.6588	2.93355	2.80455	1.1865	0	0	0	0	0	0	0	0	0	0	0	0
05.500,00.000	29	5.5	-200	0	4.5	374.809	119.358	146.821	66.7062	24.2734	10.6688	2.96295	2.80455	1.21388	0	0	0	0	0	0	0	0	0	0	0	0
05.500,00.000	29.1	5.5	-200	0	4.5	385.71	121.606	149.311	69.7594	26.1261	10.9027	3.49446	2.80455	1.70643	0	0	0	0	0	0	0	0	0	0	0	0
05.500,00.000	29.2	5.5	-200	0	4.5	392.707	123.081	150.909	71.6473	27.3077	11.1172	3.82674	2.80455	2.01332	0	0	0	0	0	0	0	0	0	0	0	0
05.500,00.000	29.3	5.5	-200	0	4.5	397.475	124.074	151.986	72.9184	28.1376	11.2863	4.0496	2.80455	2.21855	0	0	0	0	0	0	0	0	0	0	0	0
05.500,00.000	29.4	5.5	-200	0	4.5	421.326	129.186	157.401	79.0578	32.3255	12.1806	5.14416	2.80455	3.22551	0	0	0	0	0	0	0	0	0	0	0	0
05.500,00.000	29.5	5.5	-200	0	4.5	432.951	131.87	159.996	81.8943	34.3398	12.6927	5.6578	2.80455	3.69652	0	0	0	0	0	0	0	0	0	0	0	0
05.500,00.000	29.6	5.5	-200	0	4.5	438.075	133.022	161.132	83.1083	35.274	12.949	5.88248	2.80455	3.90327	0	0	0	0	0	0	0	0	0	0	0	0
05.500,00.000	29.7	5.5	-200	0	4.5	443.23	134.222	162.262	84.2973	36.225	13.2137	6.10106	2.80455	4.10435	0	0	0	0	0	0	0	0	0	0	0	0
05.500,00.000	29.8	5.5	-200	0	4.5	460.135	138.179	165.959	88.1768	39.3339	14.1168	6.81043	2.80455	4.75461	0	0	0	0	0	0	0	0	0	0	0	0
05.500,00.000	29.9	5.5	-200	0	4.5	467.737	140.022	167.626	89.8309	40.7484	14.5404	7.12346	2.80455	5.04112	0	0	0	0	0	0	0	0	0	0	0	0
05.500,00.000	30	5.5	-200	0	4.5	468.17	140.13	167.719	89.925	40.828	14.5656	7.14088	2.80455	5.05707	0	0	0	0	0	0	0	0	0	0	0	0
05.500,00.000	30.1	5.5	-200	0	4.5	484.027	144.194	170.94	93.3594	43.8175	15.5187	7.76594	2.80455	5.62759	0	0	0	0	0	0	0	0	0	0	0	0
05.500,00.000	30.2	5.5	-200	0	4.5	493.34	146.685	172.705	95.3275	45.6286	16.0968	8.13211	2.80455	5.96119	0	0	0	0	0	0	0	0	0	0	0	0
05.500,00.000	30.3	5.5	-200	0	4.5	499.097	148.204	173.802	96.5506	46.7478	16.4696	8.35415	2.80455	6.16381	0	0	0	0	0	0	0	0	0	0	0	0
05.500,00.000	30.4	5.5	-200	0	4.5	503.422	149.386	174.595	97.3996	47.6382	16.7626	8.51713	2.80769	6.31531	0	0	0	0	0	0	0	0	0	0	0	0
05.500,00.000	30.5	5.5	-200	0	4.5	526.831	155.605	178.913	102.2	52.3413	18.3843	8.71208	3.5521	7.12304	0	0	0	0	0	0	0	0	0	0	0	0
05.500,00.000	30.6	5.5	-200	0	4.5	552.814	162.229	183.777	107.439	57.5778	20.3959	8.83063	4.54081	8.0239	0	0	0	0	0	0	0	0	0	0	0	0
05.500,00.000	30.7	5.5	-200	0	4.5	561.701	164.461	185.437	109.229	59.3382	21.1512	8.87218	4.87889	8.33265	0	0	0	0	0	0	0	0	0	0	0	0
05.500,00.000	30.8	5.5	-200	0	4.5	562.117	164.568	185.514	109.313	59.4189	21.188	8.87416	4.89449	8.3468	0	0	0	0	0	0	0	0	0	0	0	0
05.500,00.000	30.9	5.5	-200	0	4.5	562.601	164.693	185.603	109.409	59.5117	21.2319	8.87648	4.91237	8.36295	0	0	0	0	0	0	0	0	0	0	0	0
05.500,00.000	31	5.5	-200	0	4.5	581.38	169.103	189.562	113.048	63.0598	23.0482	8.96921	5.60564	8.98365	0	0	0	0	0	0	0	0	0	0	0	0
05.500,00.000	31.1	5.5	-200	0	4.5	591.958	171.484	191.791	115.09	64.9934	24.243	9.02616	5.9993	9.10175	0.230106	0	0	0	0	0	0	0	0	0	0	0
05.500,00.000	31.2	5.5	-200	0	4.5	598.206	172.884	193.118	116.283	66.1359	24.9567	9.06559	6.23047	9.11929	0.412784	0	0	0	0	0	0	0	0	0	0	0
05.500,00.000	31.3	5.5	-200	0	4.5	604.485	174.287	194.454	117.451	67.2904	25.6933	9.11019	6.46668	9.12919	0.604168	0	0	0	0	0	0	0	0	0	0	0
05.500,00.000	31.4	5.5	-200	0	4.5	617.432	177.173	197.218	119.857	69.6222	27.2434	9.21417	6.95839	9.14005	1.00479	0	0	0	0	0	0	0	0	0	0	0
05.500,00.000	31.5	5.5	-200	0	4.5	625.957	179.05	199.041	121.432	71.0985	28.3404	9.29345	7.28554	9.14005	1.27552	0	0	0	0	0	0	0	0	0	0	0
05.500,00.000	31.6	5.5	-200	0	4.5	633.63	180.625	200.684	122.839	72.4512	29.3496	9.42892	7.59193	9.14005	1.52047	0	0	0	0	0	0	0	0	0	0	0
05.500,00.000	31.7	5.5	-200	0	4.5	638.017	181.403	201.629	123.668	73.2388	29.9658	9.52174	7.78139	9.14005	1.66814	0	0	0	0	0	0	0	0	0	0	0
05.500,00.000	31.8	5.5	-200	0	4.5	705.479	196.188	215.639	135.048	84.7461	38.9226	11.3812	10.6295	9.14953	3.7745	0	0	0	0	0	0	0	0	0	0	0
05.500,00.000	31.9	5.5	-200	0	4.5	718.455	198.817	218.339	137.125	86.9681	40.7646	11.8875	11.2049	9.16195	4.18826	0	0	0	0	0	0	0	0	0	0	0
05.500,00.000	32	5.5	-200	0	4.5	731.288	201.533	221.104	139.112	89.0404	42.5191	12.4306	11.763	9.21142	4.57525	0	0	0	0	0	0	0	0	0	0	0
05.500,00.000	32.1	5.5	-200	0	4.5	754.026	206.26	226.113	142.498	92.7166	45.6165	13.4384	12.7972	9.32667	5.26035	0	0	0	0	0	0	0	0	0	0	0
05.500,00.000	32.2	5.5	-200	0	4.5	764.438	208.397	228.387	144.031	94.384	47.0476	13.9281	13.1732	9.52069	5.56968	0	0	0	0	0	0	0	0	0	0	0
05.500,00.000	32.3	5.5	-200	0	4.5	771.31	209.815	229.889	145.008	95.49	48.0057	14.2618	13.3109	9.76275	5.76677	0	0	0	0	0	0	0	0	0	0	0
05.500,00.000	32.4	5.5	-200	0	4.5	822.751	220.281	241.369	151.878	103.741	55.1287	17.0681	14.2659	11.7935	7.22678	0	0	0	0	0	0	0	0	0	0	0
05.500,00.000	32.5	5.5	-200	0	4.5	838.413	223.407	244.925	154.068	105.897	57.1984	18.0357	14.7116	12.4813	7.68935	0	0	0	0	0	0	0	0	0	0	0
05.500,00.000	32.6	5.5	-200	0	4.5	838.457	223.415	244.935	154.074	105.903	57.2045	18.0385	14.7129	12.4833	7.69064	0	0	0	0	0	0	0	0	0	0	0
05.500,00.000	32.7	5.5	-200	0	4.5	874.599	230.366	252.76	159.302	110.862	62.1543	20.4885	15.7341	14.2415	8.69081	0	0	0	0	0	0	0	0	0	0	0
05.500,00.000	32.8	5.5	-200	0	4.5	905.099	235.643	259.616	163.58	115.124	66.2528	22.7048	16.6627	15.9644	8.77986	0.770542	0	0	0	0	0	0	0	0	0	0
05.500,00.000	32.9	5.5	-200	0	4.5	932.3	240.612	265.753	167.196	119.115	69.6534	24.6764	17.5034	17.5101	8.77986	1.50109	0	0	0	0	0	0	0	0	0	0
05.500,00.000	33	5.5	-200	0	4.5	936.478	241.352	266.75	167.742	119.646	70.2052	25.0042	17.6284	17.7549	8.77986	1.61579	0	0	0	0	0	0	0	0	0	0
05.500,00.000	33.1	5.5	-200	0	4.5	961.035	245.756	272.536	171.043	122.795	73.2043	26.9712	18.4743	19.2306	8.77986	2.244	0	0	0	0	0	0	0	0	0	0
05.500,00.000	33.2	5.5	-200	0	4.5	972.537	247.874	275.299	172.558	124.157	74.576	27.9681	18.8499	19.9353	8.78044	2.53861	0	0	0	0	0	0	0	0	0	0
05.500,00.000	33.3	5.5	-200	0	4.5	973.993	248.142	275.648	172.757	124.328	74.7418	28.0941	18.9	20.026	8.78081	2.57464	0	0	0	0	0	0	0	0	0	0
05.500,00.000	33.4	5.5	-200	0	4.5	974.129	248.167	275.681	172.776	124.343	74.7571	28.1064	18.9046	20.0347	8.78086	2.578	0	0	0	0	0	0	0	0	0	0
05.500,00.000	33.5	5.5	-200	0	4.5	1011.47	254.828	284.664	178.162	128.657	78.7454	31.3346	20.3555	22.4624	8.80449	3.45399	0	0	0	0	0	0	0	0	0	0
05.500,00.000	33.6	5.5	-200	0	4.5	1024.41	256.84	288.001	179.943	130.214	80.1108	32.4892	20.883	23.3274	8.81604	3.78143	0	0	0	0	0	0	0	0	0	0
05.500,00.000	33.7	5.5	-200	0	4.5	1046.61	260.835	293.31	183.04	132.762	82.4429	34.383	21.8628	24.8125	8.85346	4.30461	0	0	0	0	0	0	0	0	0	0
05.500,00.000	33.8	5.5	-200	0	4.5	1067.18	264.11	298.294	186.025	135.02	84.6141	36.1955	22.9917	25.9216	9.21032	4.80147	0	0	0	0	0	0	0	0	0	0
05.500,00.000	33.9	5.5	-200	0	4.5	1102.55	270.181	306.519	191.194	138.751	88.1884	39.2359	25.1913	27.5525	10.1172	5.61919	0	0	0	0	0	0	0	0	0	0
05.500,00.000	34	5.5	-200	0	4.5	1108.16	271.128	307.897	191.985	139.309	88.7337	39.7283	25.5586	27.7964	10.272	5.75112	0	0	0	0	0	0	0	0	0	0
05.500,00.000	34.1	5.5	-200	0	4.5	1139.97	276.561	315.528	196.666	142.405	91.8425	42.3999	27.6399	29.2964	11.1623	6.46717	0	0	0	0	0	0	0	0	0	0
05.500,00.000	34.2	5.5	-200	0	4.5	1156.47	279.476	319.498	199.074	143.982	93.4486	43.7224	28.7388	30.0519	11.6369	6.84026	0	0	0	0	0	0	0	0	0	0
05.500,00.000	34.3	5.5	-200	0	4.5	1158.62	279.851	320.019	199.391	144.187	93.6513	43.8984	28.8845	30.1515	11.6999	6.88797	0	0	0	0	0	0	0	0	0	0
05.500,00.000	34.4	5.5	-200	0	4.5	1158.77	279.877	320.055	199.412	144.201	93.6648	43.9105	28.8955	30.1583	11.7043	6.89122	0	0	0	0	0	0	0	0	0	0
05.500,00.000	34.5	5.5	-200	0	4.5	1198.59	286.711	329.402	205.132	148.061	97.3674	47.269	31.8767	32.0913	12.937	7.74276	0	0	0	0	0	0	0	0	0	0
05.500,00.000	34.6	5.5	-200	0	4.5	1212.12	288.772	332.548	207.167	149.475	98.554	48.2635	33.2553	32.6464	13.386	8.04843	0	0	0	0	0	0	0	0	0	0
05.500,00.000	34.7	5.5	-200	0	4.5	1215.31	289.334	333.248	207.625	149.798	98.8266	48.5227	33.556	32.7889	13.4957	8.11722	0	0	0	0	0	0	0	0	0	0
05.500,00.000	34.8	5.5	-200	0	4.5	1259.21	296.02	342.654	214.172	154.314	102.828	52.404	37.5716	35.0904	15.0778	8.49057	0.59032	0	0	0	0	0	0	0	0	0
05.500,00.000	34.9	5.5	-200	0	4.5	1307.03	303.687	352.8	221.387	159.128	106.973	56.5115	41.9242	37.7092	16.8092	8.49057	1.60958	0	0	0	0	0	0	0	0	0
05.500,00.000	35	5.5	-200	0	4.5	1312.96	304.63	354.081	222.272	159.743	107.451	57.0294	42.4756	38.0145	17.0339	8.49057	1.73785	0	0	0	0	0	0	0	0	0
05.500,00.000	35.1	5.5	-200	0	4.5	1349.57	310.466	361.904	227.687	163.321	110.516	60.1826	45.8345	40.2076	18.4658	8.49057	2.49904	0	0	0	0	0	0	0	0	0
05.500,00.000	35.2	5.5	-200	0	4.5	1361.6	312.453	364.494	229.404	164.444	111.493	61.1956	46.9655	40.9519	18.9558	8.49104	2.7548	0	0	0	0	0	0	0	0	0
05.500,00.000	35.3	5.5	-200	0	4.5	1362.46	312.592	364.673	229.524	164.526	111.564	61.2673	47.0436	41.0112	18.991	8.49128	2.77209	0	0	0	0	0	0	0	0	0
05.500,00.000	35.4	5.5	-200	0	4.5	1362.59	312.614	364.7	229.541	164.539	111.575	61.2783	47.0558	41.0198	18.9966	8.49133	2.77478	0	0	0	0	0	0	0	0	0
05.500,00.000	35.5	5.5	-200	0	4.5	1381.27	315.746	368.607	232.041	166.336	113.019	62.8849	48.7668	42.4004	19.8205	8.50284	3.1457	0	0	0	0	0	0	0	0	0
05.500,00.000	35.6	5.5	-200	0	4.5	1417.81	320.673	376.211	236.833	170.002	116.005	66.2939	52.4446	45.2911	21.5913	8.53296	3.93106	0	0	0	0	0	0	0	0	0
05.500,00.000	35.7	5.5	-200	0	4.5	1503.77	333.885	393.629	246.275	177.841	123.002	74.6309	61.4011	52.5886	24.5735	10.0747	5.87319	0	0	0	0	0	0	0	0	0
05.500,00.000	35.8	5.5	-200	0	4.5	1519.15	336.227	396.912	248.024	179.302	124.126	76.1148	62.9282	53.8338	25.0233	10.4459	6.21148	0	0	0	0	0	0	0	0	0
05.500,00.000	35.9	5.5	-200	0	4.5	1519.15	336.227	396.913	248.024	179.303	124.126	76.1149	62.9283	53.8339	25.0233	10.446	6.2115	0	0	0	0	0	0	0	0	0
05.500,00.000	36	5.5	-200	0	4.5	1580.69	345.441	409.525	254.523	184.838	128.815	82.1459	69.2849	59.5516	27.0137	12.0482	7.50183	0	0	0	0	0	0	0	0	0
05.500,00.000	36.1	5.5	-200	0	4.5	1608.37	349.628	415.373	257.377	187.444	130.919	84.805	72.0746	61.9619	27.9196	12.7852	8.07924	0	0	0	0	0	0	0	0	0
05.500,00.000	36.2	5.5	-200	0	4.5	1618	351.129	417.308	258.356	188.367	131.663	85.719	73.0448	62.8324	28.2477	13.0545	8.27563	0	0	0	0	0	0	0	0	0
05.500,00.000	36.3	5.5	-200	0	4.5	1628.51	352.73	419.374	259.332	189.351	132.574	86.7307	74.1174	63.824	28.6251	13.3645	8.4893	0	0	0	0	0	0	0	0	0
05.500,00.000	36.4	5.5	-200	0	4.5	1649.8	355.97	423.506	261.192	191.284	134.554	88.7777	76.2824	65.8811	29.4158	14.0171	8.67048	0.246115	0	0	0	0	0	0	0	0
05.500,00.000	36.5	5.5	-200	0	4.5	1656.74	357.027	424.866	261.773	191.933	135.192	89.46	76.9802	66.5289	29.6841	14.2397	8.63099	0.427339	0	0	0	0	0	0	0	0
05.500,00.000	36.6	5.5	-200	0	4.5	1685.16	361.252	430.171	264.071	194.127	137.686	92.384	80.0637	69.5865	30.8902	15.2592	8.67139	0.99819	0	0	0	0	0	0	0	0
05.500,00.000	36.7	5.5	-200	0	4.5	1760.8	372.384	444.131	270.515	200.797	144.194	99.7907	88.0259	77.5366	34.2175	17.9768	8.67171	2.55836	0	0	0	0	0	0	0	0
05.500,00.000	36.8	5.5	-200	0	4.5	1772.77	374.256	446.434	271.437	201.761	145.15	100.879	89.3358	78.7973	34.8001	18.4344	8.67301	2.81399	0	0	0	0	0	0	0	0
05.500,00.000	36.9	5.5	-200	0	4.5	1813.11	380.789	453.892	274.342	204.765	148.327	104.703	93.6841	83.3608	36.8691	20.0349	8.69545	3.64703	0	0	0	0	0	0	0	0
05.500,00.000	37	5.5	-200	0	4.5	1826.52	382.946	456.395	275.202	205.958	149.405	105.888	95.0968	84.871	37.5467	20.5788	8.70674	3.92846	0	0	0	0	0	0	0	0
05.500,00.000	37.1	5.5	-200	0	4.5	1852.35	387.176	460.992	276.858	207.899	151.567	108.319	97.8326	87.8712	38.9728	21.6583	8.75568	4.45196	0	0	0	0	0	0	0	0
05.500,00.000	37.2	5.5	-200	0	4.5	1859.73	388.416	462.351	277.289	208.42	152.139	109.014	98.6088	88.7249	39.3977	21.9849	8.77286	4.60775	0	0	0	0	0	0	0	0
05.500,00.000	37.3	5.5	-200	0	4.5	1881.51	392.029	466.126	278.473	209.945	153.961	111.139	100.922	91.3224	40.7456	22.7117	9.08838	5.04363	0	0	0	0	0	0	0	0
05.500,00.000	37.4	5.5	-200	0	4.5	1937.43	400.963	475.68	281.335	214.172	158.654	116.389	106.924	98.1245	44.4171	24.1145	10.4893	6.16848	0	0	0	0	0	0	0	0
05.500,00.000	37.5	5.5	-200	0	4.5	1946.41	402.408	477.273	281.802	214.761	159.354	117.199	107.873	99.2605	45.0408	24.3522	10.7309	6.35685	0	0	0	0	0	0	0	0
05.500,00.000	37.6	5.5	-200	0	4.5	1981.14	407.661	482.958	283.466	217.158	162.33	120.308	111.779	103.865	47.505	25.2568	11.7542	7.09797	0	0	0	0	0	0	0	0
05.500,00.000	37.7	5.5	-200	0	4.5	2022.82	414.45	489.978	285.358	220.032	165.495	124.003	116.435	109.293	50.422	26.3141	13.0432	7.99913	0	0	0	0	0	0	0	0
05.500,00.000	37.8	5.5	-200	0	4.5	2028.81	415.394	490.947	285.612	220.453	166	124.494	117.108	109.789	51.1309	26.4938	13.2677	8.12259	0	0	0	0	0	0	0	0
05.500,00.000	37.9	5.5	-200	0	4.5	2028.9	415.408	490.961	285.616	220.459	166.008	124.501	117.118	109.799	51.1388	26.4966	13.2715	8.12424	0	0	0	0	0	0	0	0
05.500,00.000	38	5.5	-200	0	4.5	2074.6	422.734	498.049	287.272	223.364	169.628	128.485	122.191	115.329	54.9395	27.8589	15.7642	8.98866	0	0	0	0	0	0	0	0
05.500,00.000	38.1	5.5	-200	0	4.5	2101.32	427.124	502.201	288.221	224.961	171.557	130.75	125.205	118.504	57.2331	28.713	17.3576	9.49668	0	0	0	0	0	0	0	0
05.500,00.000	38.2	5.5	-200	0	4.5	2103.89	427.536	502.595	288.308	225.121	171.755	130.961	125.49	118.812	57.4454	28.8028	17.5146	9.52527	0.0202694	0	0	0	0	0	0	0
05.500,00.000	38.3	5.5	-200	0	4.5	2109.48	428.441	503.443	288.469	225.415	172.187	131.461	126.114	119.517	57.9259	28.9976	17.8657	9.5526	0.0970296	0	0	0	0	0	0	0
05.500,00.000	38.4	5.5	-200	0	4.5	2131.53	432.048	506.745	289.05	226.577	173.844	133.386	128.557	122.299	59.8848	29.8129	19.2757	9.5905	0.462623	0	0	0	0	0	0	0
05.500,00.000	38.5	5.5	-200	0	4.5	2135.98	432.763	507.422	289.168	226.823	174.195	133.746	129.056	122.837	60.283	29.9786	19.5695	9.5905	0.54602	0	0	0	0	0	0	0
05.500,00.000	38.6	5.5	-200	0	4.5	2164.95	437.551	511.78	289.857	228.378	176.121	136.082	132.291	126.66	62.8848	31.0288	21.6017	9.5905	1.11973	0	0	0	0	0	0	0
05.500,00.000	38.7	5.5	-200	0	4.5	2171.24	438.589	512.722	290.007	228.706	176.602	136.562	132.949	127.493	63.4619	31.2727	22.0454	9.59052	1.24396	0	0	0	0	0	0	0
05.500,00.000	38.8	5.5	-200	0	4.5	2178.46	439.737	513.737	290.142	229.06	177.116	137.156	133.725	128.452	64.1954	31.6148	22.5641	9.59143	1.37094	0	0	0	0	0	0	0
05.500,00.000	38.9	5.5	-200	0	4.5	2179.85	439.961	513.935	290.168	229.127	177.215	137.261	133.873	128.634	64.3398	31.6836	22.668	9.59165	1.39615	0	0	0	0	0	0	0
05.500,00.000	39	5.5	-200	0	4.5	2205.35	444.318	517.764	290.594	230.34	179.081	139.313	136.577	131.862	66.7987	32.721	24.5237	9.59798	1.86271	0	0	0	0	0	0	0
05.500,00.000	39.1	5.5	-200	0	4.5	2223.49	447.41	520.369	290.88	231.191	180.362	140.757	138.491	134.196	68.6177	33.5139	25.9021	9.60659	2.19399	0	0	0	0	0	0	0
05.500,00.000	39.2	5.5	-200	0	4.5	2227.58	448.061	520.932	290.938	231.358	180.627	141.065	138.928	134.754	69.0813	33.7353	26.2243	9.60972	2.26604	0	0	0	0	0	0	0
05.500,00.000	39.3	5.5	-200	0	4.5	2232.64	448.878	521.648	291.001	231.547	180.953	141.464	139.482	135.416	69.6505	34.0255	26.6076	9.61499	2.35417	0	0	0	0	0	0	0
05.500,00.000	39.4	5.5	-200	0	4.5	2244.63	450.818	523.448	291.142	231.977	181.774	142.369	140.777	136.983	70.9056	34.5949	27.6322	9.63517	2.57378	0	0	0	0	0	0	0
05.500,00.000	39.5	5.5	-200	0	4.5	2252.33	451.915	524.645	291.224	232.246	182.141	143.066	141.605	138.004	71.8426	35.0629	28.2223	9.64695	2.70917	0	0	0	0	0	0	0
05.500,00.000	39.6	5.5	-200	0	4.5	2260.73	453.011	525.953	291.305	232.54	182.535	143.802	142.536	139.16	72.9166	35.5909	28.8628	9.66155	2.8596	0	0	0	0	0	0	0
05.500,00.000	39.7	5.5	-200	0	4.5	2268.61	454.044	527.289	291.376	232.82	182.92	144.507	143.368	140.162	73.804	36.0214	29.6077	9.68976	3.00542	0	0	0	0	0	0	0
05.500,00.000	39.8	5.5	-200	0	4.5	2276.65	455.062	528.628	291.438	233.085	183.299	145.234	144.224	141.219	74.8323	36.528	30.2467	9.70883	3.14785	0	0	0	0	0	0	0
05.500,00.000	39.9	5.5	-200	0	4.5	2284.93	456.08	529.991	291.494	233.354	183.672	145.972	145.114	142.328	75.9054	37.0883	30.9051	9.73701	3.28882	0	0	0	0	0	0	0
05.500,00.000	40	5.5	-200	0	4.5	2292.97	457.095	531.362	291.544	233.6	184.022	146.691	145.966	143.347	76.8392	37.5856	31.6982	9.78207	3.43283	0	0	0	0	0	0	0
05.500,00.000	40.1	5.5	-200	0	4.5	2300.76	458.058	532.699	291.588	233.836	184.361	147.358	146.766	144.33	77.7826	38.0999	32.4879	9.82424	3.57042	0	0	0	0	0	0	0
05.500,00.000	40.2	5.5	-200	0	4.5	2308.36	458.984	533.994	291.626	234.046	184.658	147.984	147.559	145.341	78.809	38.6447	33.065	9.94805	3.70393	0	0	0	0	0	0	0
05.500,00.000	40.3	5.5	-200	0	4.5	2315.93	459.87	535.241	291.659	234.241	184.943	148.598	148.357	146.371	79.8581	39.2269	33.5435	10.1847	3.83598	0	0	0	0	0	0	0
05.500,00.000	40.4	5.5	-200	0	4.5	2323.35	460.765	536.487	291.688	234.425	185.211	149.248	149.116	147.265	80.7995	39.7778	34.066	10.5267	3.9717	0	0	0	0	0	0	0
05.500,00.000	40.5	5.5	-200	0	4.5	2330.55	461.58	537.676	291.713	234.591	185.464	149.855	149.86	148.204	81.8292	40.3708	34.3209	10.9941	4.0974	0	0	0	0	0	0	0
05.500,00.000	40.6	5.5	-200	0	4.5	2337.67	462.394	538.821	291.734	234.757	185.722	150.463	150.568	149.057	82.7615	40.9613	34.7026	11.5015	4.22374	0	0	0	0	0	0	0
05.500,00.000	40.7	5.5	-200	0	4.5	2344.44	463.132	539.941	291.751	234.902	185.946	151.004	151.251	149.931	83.7616	41.547	34.9704	11.9603	4.34082	0	0	0	0	0	0	0
05.500,00.000	40.8	5.5	-200	0	4.5	2351.53	463.882	541.082	291.767	235.045	186.175	151.579	151.957	150.771	84.7863	42.1958	35.3529	12.4724	4.45945	0	0	0	0	0	0	0
05.500,00.000	40.9	5.5	-200	0	4.5	2358.32	464.594	542.169	291.797	235.178	186.383	152.124	152.602	151.573	85.7525	42.819	35.7562	12.9897	4.57918	0	0	0	0	0	0	0
05.500,00.000	41	5.5	-200	0	4.5	2365.09	465.276	543.268	291.841	235.304	186.576	152.626	153.262	152.439	86.7954	43.4589	36.0636	13.4833	4.69939	0	0	0	0	0	0	0
05.500,00.000	41.1	5.5	-200	0	4.5	2371.69	465.926	544.325	291.884	235.419	186.753	153.105	153.889	153.3	87.8095	44.1085	36.3796	13.9791	4.81382	0	0	0	0	0	0	0
05.500,00.000	41.2	5.5	-200	0	4.5	2378.21	466.553	545.327	291.929	235.527	186.92	153.591	154.472	154.076	88.7995	44.7815	36.7905	14.5122	4.92674	0	0	0	0	0	0	0
05.500,00.000	41.3	5.5	-200	0	4.5	2384.67	467.138	546.303	291.974	235.624	187.077	154.06	155.022	154.853	89.828	45.4831	37.2246	15.0486	5.0389	0	0	0	0	0	0	0
05.500,00.000	41.4	5.5	-200	0	4.5	2390.97	467.702	547.282	292.016	235.713	187.23	154.481	155.573	155.648	90.8574	46.1924	37.5759	15.554	5.14487	0	0	0	0	0	0	0
05.500,00.000	41.5	5.5	-200	0	4.5	2397.28	468.229	548.218	292.06	235.792	187.37	154.907	156.085	156.448	91.8641	46.9395	38.0227	16.0911	5.25137	0	0	0	0	0	0	0
05.500,00.000	41.6	5.5	-200	0	4.5	2403.29	468.739	549.148	292.101	235.869	187.511	155.291	156.57	157.171	92.8616	47.6572	38.4164	16.6085	5.35034	0	0	0	0	0	0	0
05.500,00.000	41.7	5.5	-200	0	4.5	2408.92	469.193	550.003	292.136	235.935	187.637	155.654	157.01	157.858	93.7958	48.3632	38.7942	17.0981	5.44756	0	0	0	0	0	0	0
05.500,00.000	41.8	5.5	-200	0	4.5	2415.02	469.641	550.875	292.178	235.999	187.761	156.05	157.468	158.627	94.8109	49.1513	39.2772	17.6393	5.54832	0	0	0	0	0	0	0
05.500,00.000	41.9	5.5	-200	0	4.5	2421.08	470.059	551.71	292.219	236.056	187.881	156.427	157.905	159.384	95.8524	49.9763	39.7862	18.1745	5.64634	0	0	0	0	0	0	0
05.500,00.000	42	5.5	-200	0	4.5	2426.86	470.468	552.564	292.259	236.11	188	156.76	158.328	160.071	96.8244	50.7776	40.2384	18.7084	5.74776	0	0	0	0	0	0	0