
label	time(d)	x	depth	z	radius	total	0-10	10-20	20-30	30-40	40-50	50-60	60-70	70-80	80-90	90-100	100-110	110-120	120-130	130-140	140-150	150-160	160-170	170-180	180-190	190-200
00.000,00.000	0	0	-200	0	4.5	0	0	0	0	0	0	0	0	0	0	0	0	0	0	0	0	0	0	0	0	0
00.000,00.000	0.1	0	-200	0	4.5	0.372517	0.372517	0	0	0	0	0	0	0	0	0	0	0	0	0	0	0	0	0	0	0
00.000,00.000	0.2	0	-200	0	4.5	0.749708	0.749708	0	0	0	0	0	0	0	0	0	0	0	0	0	0	0	0	0	0	0
00.000,00.000	0.3	0	-200	0	4.5	1.13179	1.13179	0	0	0	0	0	0	0	0	0	0	0	0	0	0	0	0	0	0	0
00.000,00.000	0.4	0	-200	0	4.5	1.51819	1.51819	0	0	0	0	0	0	0	0	0	0	0	0	0	0	0	0	0	0	0
00.000,00.000	0.5	0	-200	0	4.5	1.90744	1.90744	0	0	0	0	0	0	0	0	0	0	0	0	0	0	0	0	0	0	0
00.000,00.000	0.6	0	-200	0	4.5	2.29789	2.29789	0	0	0	0	0	0	0	0	0	0	0	0	0	0	0	0	0	0	0
00.000,00.000	0.7	0	-200	0	4.5	2.68996	2.68996	0	0	0	0	0	0	0	0	0	0	0	0	0	0	0	0	0	0	0
00.000,00.000	0.8	0	-200	0	4.5	3.08467	3.08467	0	0	0	0	0	0	0	0	0	0	0	0	0	0	0	0	0	0	0
00.000,00.000	0.9	0	-200	0	4.5	3.48286	3.48286	0	0	0	0	0	0	0	0	0	0	0	0	0	0	0	0	0	0	0
00.000,00.000	1	0	-200	0	4.5	3.88502	3.88502	0	0	0	0	0	0	0	0	0	0	0	0	0	0	0	0	0	0	0
00.000,00.000	1.1	0	-200	0	4.5	4.29429	4.29429	0	0	0	0	0	0	0	0	0	0	0	0	0	0	0	0	0	0	0
00.000,00.000	1.2	0	-200	0	4.5	4.71018	4.71018	0	0	0	0	0	0	0	0	0	0	0	0	0	0	0	0	0	0	0
00.000,00.000	1.3	0	-200	0	4.5	5.13243	5.13243	0	0	0	0	0	0	0	0	0	0	0	0	0	0	0	0	0	0	0
00.000,00.000	1.4	0	-200	0	4.5	5.56055	5.56055	0	0	0	0	0	0	0	0	0	0	0	0	0	0	0	0	0	0	0
00.000,00.000	1.5	0	-200	0	4.5	5.99387	5.99387	0	0	0	0	0	0	0	0	0	0	0	0	0	0	0	0	0	0	0
00.000,00.000	1.6	0	-200	0	4.5	6.4317	6.4317	0	0	0	0	0	0	0	0	0	0	0	0	0	0	0	0	0	0	0
00.000,00.000	1.7	0	-200	0	4.5	6.88006	6.88006	0	0	0	0	0	0	0	0	0	0	0	0	0	0	0	0	0	0	0
00.000,00.000	1.8	0	-200	0	4.5	7.33815	7.29952	0.0386246	0	0	0	0	0	0	0	0	0	0	0	0	0	0	0	0	0	0
00.000,00.000	1.9	0	-200	0	4.5	7.80541	7.50247	0.302934	0	0	0	0	0	0	0	0	0	0	0	0	0	0	0	0	0	0
00.000,00.000	2	0	-200	0	4.5	8.28342	7.71597	0.567455	0	0	0	0	0	0	0	0	0	0	0	0	0	0	0	0	0	0
00.000,00.000	2.1	0	-200	0	4.5	8.80258	7.97017	0.832408	0	0	0	0	0	0	0	0	0	0	0	0	0	0	0	0	0	0
00.000,00.000	2.2	0	-200	0	4.5	9.40799	8.30561	1.10238	0	0	0	0	0	0	0	0	0	0	0	0	0	0	0	0	0	0
00.000,00.000	2.3	0	-200	0	4.5	10.0938	8.71712	1.37663	0	0	0	0	0	0	0	0	0	0	0	0	0	0	0	0	0	0
00.000,00.000	2.4	0	-200	0	4.5	10.8546	9.20242	1.65213	0	0	0	0	0	0	0	0	0	0	0	0	0	0	0	0	0	0
00.000,00.000	2.5	0	-200	0	4.5	11.6879	9.76082	1.92704	0	0	0	0	0	0	0	0	0	0	0	0	0	0	0	0	0	0
00.000,00.000	2.6	0	-200	0	4.5	12.5929	10.3921	2.2008	0	0	0	0	0	0	0	0	0	0	0	0	0	0	0	0	0	0
00.000,00.000	2.7	0	-200	0	4.5	13.5706	11.0969	2.47372	0	0	0	0	0	0	0	0	0	0	0	0	0	0	0	0	0	0
00.000,00.000	2.8	0	-200	0	4.5	14.6233	11.8771	2.74615	0	0	0	0	0	0	0	0	0	0	0	0	0	0	0	0	0	0
00.000,00.000	2.9	0	-200	0	4.5	15.7547	12.7355	3.01912	0	0	0	0	0	0	0	0	0	0	0	0	0	0	0	0	0	0
00.000,00.000	3	0	-200	0	4.5	16.9652	13.672	3.2932	0	0	0	0	0	0	0	0	0	0	0	0	0	0	0	0	0	0
00.000,00.000	3.1	0	-200	0	4.5	18.2135	14.6456	3.56797	0	0	0	0	0	0	0	0	0	0	0	0	0	0	0	0	0	0
00.000,00.000	3.2	0	-200	0	4.5	19.4545	15.612	3.84256	0	0	0	0	0	0	0	0	0	0	0	0	0	0	0	0	0	0
00.000,00.000	3.3	0	-200	0	4.5	20.6902	16.5732	4.11708	0	0	0	0	0	0	0	0	0	0	0	0	0	0	0	0	0	0
00.000,00.000	3.4	0	-200	0	4.5	21.9167	17.526	4.39069	0	0	0	0	0	0	0	0	0	0	0	0	0	0	0	0	0	0
00.000,00.000	3.5	0	-200	0	4.5	23.1311	18.4683	4.66283	0	0	0	0	0	0	0	0	0	0	0	0	0	0	0	0	0	0
00.000,00.000	3.6	0	-200	0	4.5	24.3329	19.3998	4.9331	0	0	0	0	0	0	0	0	0	0	0	0	0	0	0	0	0	0
00.000,00.000	3.7	0	-200	0	4.5	25.5234	20.322	5.2014	0	0	0	0	0	0	0	0	0	0	0	0	0	0	0	0	0	0
00.000,00.000	3.8	0	-200	0	4.5	26.706	21.2373	5.46879	0	0	0	0	0	0	0	0	0	0	0	0	0	0	0	0	0	0
00.000,00.000	3.9	0	-200	0	4.5	27.8845	22.1483	5.73617	0	0	0	0	0	0	0	0	0	0	0	0	0	0	0	0	0	0
00.000,00.000	4	0	-200	0	4.5	28.9382	22.9346	6.00363	0	0	0	0	0	0	0	0	0	0	0	0	0	0	0	0	0	0
00.000,00.000	4.1	0	-200	0	4.5	29.7315	23.4605	6.27105	0	0	0	0	0	0	0	0	0	0	0	0	0	0	0	0	0	0
00.000,00.000	4.2	0	-200	0	4.5	30.3084	23.7709	6.53752	0	0	0	0	0	0	0	0	0	0	0	0	0	0	0	0	0	0
00.000,00.000	4.3	0	-200	0	4.5	30.8743	24.0711	6.80316	0	0	0	0	0	0	0	0	0	0	0	0	0	0	0	0	0	0
00.000,00.000	4.4	0	-200	0	4.5	31.4327	24.3654	7.06725	0	0	0	0	0	0	0	0	0	0	0	0	0	0	0	0	0	0
00.000,00.000	4.5	0	-200	0	4.5	31.9813	24.6526	7.3287	0	0	0	0	0	0	0	0	0	0	0	0	0	0	0	0	0	0
00.000,00.000	4.6	0	-200	0	4.5	32.4382	24.8508	7.58747	0	0	0	0	0	0	0	0	0	0	0	0	0	0	0	0	0	0
00.000,00.000	4.7	0	-200	0	4.5	32.7311	24.8874	7.84377	0	0	0	0	0	0	0	0	0	0	0	0	0	0	0	0	0	0
00.000,00.000	4.8	0	-200	0	4.5	33.0199	24.9221	8.09773	0	0	0	0	0	0	0	0	0	0	0	0	0	0	0	0	0	0
00.000,00.000	4.9	0	-200	0	4.5	33.3034	24.9537	8.3497	0	0	0	0	0	0	0	0	0	0	0	0	0	0	0	0	0	0
00.000,00.000	5	0	-200	0	4.5	33.5827	24.9828	8.5999	0	0	0	0	0	0	0	0	0	0	0	0	0	0	0	0	0	0
00.000,00.000	5.1	0	-200	0	4.5	33.8643	25.0152	8.84912	0	0	0	0	0	0	0	0	0	0	0	0	0	0	0	0	0	0
00.000,00.000	5.2	0	-200	0	4.5	34.1521	25.0549	9.09721	0	0	0	0	0	0	0	0	0	0	0	0	0	0	0	0	0	0
00.000,00.000	5.3	0	-200	0	4.5	34.4461	25.102	9.34404	0	0	0	0	0	0	0	0	0	0	0	0	0	0	0	0	0	0
00.000,00.000	5.4	0	-200	0	4.5	34.7457	25.1557	9.58998	0	0	0	0	0	0	0	0	0	0	0	0	0	0	0	0	0	0
00.000,00.000	5.5	0	-200	0	4.5	35.0512	25.2166	9.83461	0	0	0	0	0	0	0	0	0	0	0	0	0	0	0	0	0	0
00.000,00.000	5.6	0	-200	0	4.5	35.3622	25.2848	10.0774	0	0	0	0	0	0	0	0	0	0	0	0	0	0	0	0	0	0
00.000,00.000	5.7	0	-200	0	4.5	35.6775	25.3597	10.205	0.11283	0	0	0	0	0	0	0	0	0	0	0	0	0	0	0	0	0
00.000,00.000	5.8	0	-200	0	4.5	35.9988	25.4426	10.2058	0.350479	0	0	0	0	0	0	0	0	0	0	0	0	0	0	0	0	0
00.000,00.000	5.9	0	-200	0	4.5	36.3269	25.5339	10.2059	0.587053	0	0	0	0	0	0	0	0	0	0	0	0	0	0	0	0	0
00.000,00.000	6	0	-200	0	4.5	36.6609	25.633	10.2059	0.821956	0	0	0	0	0	0	0	0	0	0	0	0	0	0	0	0	0
00.000,00.000	6.1	0	-200	0	4.5	37.002	25.7404	10.2063	1.0553	0	0	0	0	0	0	0	0	0	0	0	0	0	0	0	0	0
00.000,00.000	6.2	0	-200	0	4.5	37.353	25.8568	10.2082	1.28797	0	0	0	0	0	0	0	0	0	0	0	0	0	0	0	0	0
00.000,00.000	6.3	0	-200	0	4.5	37.7161	25.9844	10.2111	1.52056	0	0	0	0	0	0	0	0	0	0	0	0	0	0	0	0	0
00.000,00.000	6.4	0	-200	0	4.5	38.0918	26.1236	10.2153	1.75291	0	0	0	0	0	0	0	0	0	0	0	0	0	0	0	0	0
00.000,00.000	6.5	0	-200	0	4.5	38.4802	26.2733	10.2223	1.98453	0	0	0	0	0	0	0	0	0	0	0	0	0	0	0	0	0
00.000,00.000	6.6	0	-200	0	4.5	38.8875	26.4397	10.2325	2.21532	0	0	0	0	0	0	0	0	0	0	0	0	0	0	0	0	0
00.000,00.000	6.7	0	-200	0	4.5	39.3199	26.6292	10.2459	2.44481	0	0	0	0	0	0	0	0	0	0	0	0	0	0	0	0	0
00.000,00.000	6.8	0	-200	0	4.5	39.7789	26.8426	10.2631	2.67315	0	0	0	0	0	0	0	0	0	0	0	0	0	0	0	0	0
00.000,00.000	6.9	0	-200	0	4.5	40.268	27.0827	10.2843	2.90111	0	0	0	0	0	0	0	0	0	0	0	0	0	0	0	0	0
00.000,00.000	7	0	-200	0	4.5	40.7961	27.3566	10.3104	3.12911	0	0	0	0	0	0	0	0	0	0	0	0	0	0	0	0	0
00.000,00.000	7.1	0	-200	0	4.5	41.3611	27.6623	10.3417	3.35709	0	0	0	0	0	0	0	0	0	0	0	0	0	0	0	0	0
00.000,00.000	7.2	0	-200	0	4.5	41.9646	28.0031	10.3778	3.58373	0	0	0	0	0	0	0	0	0	0	0	0	0	0	0	0	0
00.000,00.000	7.3	0	-200	0	4.5	42.6133	28.3844	10.4199	3.80896	0	0	0	0	0	0	0	0	0	0	0	0	0	0	0	0	0
00.000,00.000	7.4	0	-200	0	4.5	43.3108	28.8113	10.4671	4.03248	0	0	0	0	0	0	0	0	0	0	0	0	0	0	0	0	0
00.000,00.000	7.5	0	-200	0	4.5	44.0558	29.2818	10.5203	4.2536	0	0	0	0	0	0	0	0	0	0	0	0	0	0	0	0	0
00.000,00.000	7.6	0	-200	0	4.5	44.8538	29.8029	10.5788	4.47215	0	0	0	0	0	0	0	0	0	0	0	0	0	0	0	0	0
00.000,00.000	7.7	0	-200	0	4.5	45.705	30.3724	10.6443	4.68838	0	0	0	0	0	0	0	0	0	0	0	0	0	0	0	0	0
00.000,00.000	7.8	0	-200	0	4.5	46.6201	31.0014	10.7162	4.90249	0	0	0	0	0	0	0	0	0	0	0	0	0	0	0	0	0
00.000,00.000	7.9	0	-200	0	4.5	47.5979	31.6889	10.7943	5.11475	0	0	0	0	0	0	0	0	0	0	0	0	0	0	0	0	0
00.000,00.000	8	0	-200	0	4.5	48.6406	32.4355	10.8799	5.32527	0	0	0	0	0	0	0	0	0	0	0	0	0	0	0	0	0
00.000,00.000	8.1	0	-200	0	4.5	49.7497	33.2434	10.9721	5.53415	0	0	0	0	0	0	0	0	0	0	0	0	0	0	0	0	0
00.000,00.000	8.2	0	-200	0	4.5	50.9257	34.1124	11.0718	5.74155	0	0	0	0	0	0	0	0	0	0	0	0	0	0	0	0	0
00.000,00.000	8.3	0	-200	0	4.5	52.1717	35.0458	11.1782	5.94759	0	0	0	0	0	0	0	0	0	0	0	0	0	0	0	0	0
00.000,00.000	8.4	0	-200	0	4.5	53.4801	36.0364	11.2914	6.15226	0	0	0	0	0	0	0	0	0	0	0	0	0	0	0	0	0
00.000,00.000	8.5	0	-200	0	4.5	54.8514	37.0839	11.4121	6.35534	0	0	0	0	0	0	0	0	0	0	0	0	0	0	0	0	0
00.000,00.000	8.6	0	-200	0	4.5	56.2858	38.1886	11.5405	6.55673	0	0	0	0	0	0	0	0	0	0	0	0	0	0	0	0	0
00.000,00.000	8.7	0	-200	0	4.5	57.778	39.3463	11.6752	6.75641	0	0	0	0	0	0	0	0	0	0	0	0	0	0	0	0	0
00.000,00.000	8.8	0	-200	0	4.5	59.33	40.5581	11.8174	6.95446	0	0	0	0	0	0	0	0	0	0	0	0	0	0	0	0	0
00.000,00.000	8.9	0	-200	0	4.5	60.947	41.8293	11.9668	7.15096	0	0	0	0	0	0	0	0	0	0	0	0	0	0	0	0	0
00.000,00.000	9	0	-200	0	4.5	62.632	43.1618	12.1243	7.34591	0	0	0	0	0	0	0	0	0	0	0	0	0	0	0	0	0
00.000,00.000	9.1	0	-200	0	4.5	64.3817	44.5521	12.2903	7.53937	0	0	0	0	0	0	0	0	0	0	0	0	0	0	0	0	0
00.000,00.000	9.2	0	-200	0	4.5	66.2545	46.0548	12.4677	7.73192	0	0	0	0	0	0	0	0	0	0	0	0	0	0	0	0	0
00.000,00.000	9.3	0	-200	0	4.5	68.2257	47.6434	12.6578	7.92451	0	0	0	0	0	0	0	0	0	0	0	0	0	0	0	0	0
00.000,00.000	9.4	0	-200	0	4.5	70.2926	49.3158	12.8589	8.1179	0	0	0	0	0	0	0	0	0	0	0	0	0	0	0	0	0
00.000,00.000	9.5	0	-200	0	4.5	72.4515	51.0677	13.0715	8.31231	0	0	0	0	0	0	0	0	0	0	0	0	0	0	0	0	0
00.000,00.000	9.6	0	-200	0	4.5	74.6993	52.8974	13.2943	8.50765	0	0	0	0	0	0	0	0	0	0	0	0	0	0	0	0	0
00.000,00.000	9.7	0	-200	0	4.5	77.0437	54.8106	13.5295	8.7037	0	0	0	0	0	0	0	0	0	0	0	0	0	0	0	0	0
00.000,00.000	9.8	0	-200	0	4.5	79.4963	56.8181	13.7776	8.90066	0	0	0	0	0	0	0	0	0	0	0	0	0	0	0	0	0
00.000,00.000	9.9	0	-200	0	4.5	82.0738	58.9326	14.0419	9.0993	0	0	0	0	0	0	0	0	0	0	0	0	0	0	0	0	0
00.000,00.000	10	0	-200	0	4.5	84.7834	61.1602	14.3225	9.30074	0	0	0	0	0	0	0	0	0	0	0	0	0	0	0	0	0
00.000,00.000	10.1	0	-200	0	4.5	87.629	63.5029	14.6205	9.50565	0	0	0	0	0	0	0	0	0	0	0	0	0	0	0	0	0
00.000,00.000	10.2	0	-200	0	4.5	90.5175	65.8823	14.9253	9.70993	0	0	0	0	0	0	0	0	0	0	0	0	0	0	0	0	0
00.000,00.000	10.3	0	-200	0	4.5	93.4999	68.3455	15.2414	9.913	0	0	0	0	0	0	0	0	0	0	0	0	0	0	0	0	0
00.000,00.000	10.4	0	-200	0	4.5	96.5669	70.8832	15.5692	10.0743	0.0402368	0	0	0	0	0	0	0	0	0	0	0	0	0	0	0	0
00.000,00.000	10.5	0	-200	0	4.5	99.7058	73.4852	15.9069	10.0744	0.239406	0	0	0	0	0	0	0	0	0	0	0	0	0	0	0	0
00.000,00.000	10.6	0	-200	0	4.5	102.916	76.1516	16.254	10.0744	0.436065	0	0	0	0	0	0	0	0	0	0	0	0	0	0	0	0
00.000,00.000	10.7	0	-200	0	4.5	106.208	78.8906	16.6126	10.0743	0.630239	0	0	0	0	0	0	0	0	0	0	0	0	0	0	0	0
00.000,00.000	10.8	0	-200	0	4.5	109.594	81.7146	16.983	10.0743	0.821963	0	0	0	0	0	0	0	0	0	0	0	0	0	0	0	0
00.000,00.000	10.9	0	-200	0	4.5	113.091	84.6498	17.3555	10.0743	1.01175	0	0	0	0	0	0	0	0	0	0	0	0	0	0	0	0
00.000,00.000	11	0	-200	0	4.5	116.666	87.6744	17.7169	10.0746	1.20018	0	0	0	0	0	0	0	0	0	0	0	0	0	0	0	0
00.000,00.000	11.1	0	-200	0	4.5	120.351	90.7797	18.1072	10.0762	1.38748	0	0	0	0	0	0	0	0	0	0	0	0	0	0	0	0
00.000,00.000	11.2	0	-200	0	4.5	124.139	93.9617	18.5231	10.0804	1.57338	0	0	0	0	0	0	0	0	0	0	0	0	0	0	0	0
00.000,00.000	11.3	0	-200	0	4.5	128.038	97.2294	18.9652	10.0858	1.75789	0	0	0	0	0	0	0	0	0	0	0	0	0	0	0	0
00.000,00.000	11.4	0	-200	0	4.5	132.032	100.589	19.4089	10.0938	1.94095	0	0	0	0	0	0	0	0	0	0	0	0	0	0	0	0
00.000,00.000	11.5	0	-200	0	4.5	136.101	104.012	19.8628	10.1039	2.12219	0	0	0	0	0	0	0	0	0	0	0	0	0	0	0	0
00.000,00.000	11.6	0	-200	0	4.5	140.246	107.501	20.3261	10.1174	2.30169	0	0	0	0	0	0	0	0	0	0	0	0	0	0	0	0
00.000,00.000	11.7	0	-200	0	4.5	144.486	111.063	20.81	10.1334	2.47933	0	0	0	0	0	0	0	0	0	0	0	0	0	0	0	0
00.000,00.000	11.8	0	-200	0	4.5	148.821	114.71	21.3033	10.1529	2.65492	0	0	0	0	0	0	0	0	0	0	0	0	0	0	0	0
00.000,00.000	11.9	0	-200	0	4.5	153.255	118.443	21.8083	10.1754	2.82868	0	0	0	0	0	0	0	0	0	0	0	0	0	0	0	0
00.000,00.000	12	0	-200	0	4.5	157.795	122.262	22.3298	10.2021	3.001	0	0	0	0	0	0	0	0	0	0	0	0	0	0	0	0
00.000,00.000	12.1	0	-200	0	4.5	162.375	126.108	22.8626	10.2317	3.17226	0	0	0	0	0	0	0	0	0	0	0	0	0	0	0	0
00.000,00.000	12.2	0	-200	0	4.5	167.016	130.002	23.4082	10.2648	3.34182	0	0	0	0	0	0	0	0	0	0	0	0	0	0	0	0
00.000,00.000	12.3	0	-200	0	4.5	171.754	133.976	23.9674	10.3008	3.51018	0	0	0	0	0	0	0	0	0	0	0	0	0	0	0	0
00.000,00.000	12.4	0	-200	0	4.5	176.572	138.013	24.5406	10.3407	3.67779	0	0	0	0	0	0	0	0	0	0	0	0	0	0	0	0
00.000,00.000	12.5	0	-200	0	4.5	181.439	142.087	25.1245	10.3834	3.84415	0	0	0	0	0	0	0	0	0	0	0	0	0	0	0	0
00.000,00.000	12.6	0	-200	0	4.5	186.661	146.45	25.7579	10.433	4.02	0	0	0	0	0	0	0	0	0	0	0	0	0	0	0	0
00.000,00.000	12.7	0	-200	0	4.5	191.863	150.584	26.6023	10.4847	4.19271	0	0	0	0	0	0	0	0	0	0	0	0	0	0	0	0
00.000,00.000	12.8	0	-200	0	4.5	196.806	154.416	27.4998	10.5371	4.35271	0	0	0	0	0	0	0	0	0	0	0	0	0	0	0	0
00.000,00.000	12.9	0	-200	0	4.5	202.009	158.46	28.4376	10.5947	4.51661	0	0	0	0	0	0	0	0	0	0	0	0	0	0	0	0
00.000,00.000	13	0	-200	0	4.5	207.259	162.388	29.5356	10.6567	4.67811	0	0	0	0	0	0	0	0	0	0	0	0	0	0	0	0
00.000,00.000	13.1	0	-200	0	4.5	212.553	166.237	30.7567	10.7223	4.8375	0	0	0	0	0	0	0	0	0	0	0	0	0	0	0	0
00.000,00.000	13.2	0	-200	0	4.5	217.93	170.151	31.9911	10.7932	4.99482	0	0	0	0	0	0	0	0	0	0	0	0	0	0	0	0
00.000,00.000	13.3	0	-200	0	4.5	223.427	174.15	33.2546	10.8695	5.15275	0	0	0	0	0	0	0	0	0	0	0	0	0	0	0	0
00.000,00.000	13.4	0	-200	0	4.5	229.008	178.207	34.5379	10.9516	5.311	0	0	0	0	0	0	0	0	0	0	0	0	0	0	0	0
00.000,00.000	13.5	0	-200	0	4.5	234.66	182.321	35.8308	11.0388	5.46917	0	0	0	0	0	0	0	0	0	0	0	0	0	0	0	0
00.000,00.000	13.6	0	-200	0	4.5	240.345	186.457	37.1283	11.1326	5.6267	0	0	0	0	0	0	0	0	0	0	0	0	0	0	0	0
00.000,00.000	13.7	0	-200	0	4.5	246.065	190.617	38.4321	11.2317	5.78384	0	0	0	0	0	0	0	0	0	0	0	0	0	0	0	0
00.000,00.000	13.8	0	-200	0	4.5	251.845	194.817	39.7474	11.3391	5.94086	0	0	0	0	0	0	0	0	0	0	0	0	0	0	0	0
00.000,00.000	13.9	0	-200	0	4.5	257.634	199.005	41.0777	11.4533	6.09777	0	0	0	0	0	0	0	0	0	0	0	0	0	0	0	0
00.000,00.000	14	0	-200	0	4.5	263.312	203.064	42.4174	11.5767	6.25401	0	0	0	0	0	0	0	0	0	0	0	0	0	0	0	0
00.000,00.000	14.1	0	-200	0	4.5	269.012	207.112	43.7788	11.7091	6.41162	0	0	0	0	0	0	0	0	0	0	0	0	0	0	0	0
00.000,00.000	14.2	0	-200	0	4.5	274.719	211.144	45.153	11.8511	6.57152	0	0	0	0	0	0	0	0	0	0	0	0	0	0	0	0
00.000,00.000	14.3	0	-200	0	4.5	280.386	215.151	46.5062	12.0002	6.72889	0	0	0	0	0	0	0	0	0	0	0	0	0	0	0	0
00.000,00.000	14.4	0	-200	0	4.5	286.017	219.119	47.8548	12.1571	6.886	0	0	0	0	0	0	0	0	0	0	0	0	0	0	0	0
00.000,00.000	14.5	0	-200	0	4.5	293.544	224.363	49.695	12.3846	7.10064	0	0	0	0	0	0	0	0	0	0	0	0	0	0	0	0
00.000,00.000	14.6	0	-200	0	4.5	300.605	229.194	51.4846	12.6173	7.30937	0	0	0	0	0	0	0	0	0	0	0	0	0	0	0	0
00.000,00.000	14.7	0	-200	0	4.5	306.479	233.221	52.9529	12.8219	7.48307	0	0	0	0	0	0	0	0	0	0	0	0	0	0	0	0
00.000,00.000	14.8	0	-200	0	4.5	308.918	235.005	53.4402	12.9142	7.55817	0	0	0	0	0	0	0	0	0	0	0	0	0	0	0	0
00.000,00.000	14.9	0	-200	0	4.5	313.365	238.195	54.387	13.0898	7.69302	0	0	0	0	0	0	0	0	0	0	0	0	0	0	0	0
00.000,00.000	15	0	-200	0	4.5	319.417	242.537	55.6606	13.3426	7.8769	0	0	0	0	0	0	0	0	0	0	0	0	0	0	0	0
00.000,00.000	15.1	0	-200	0	4.5	324.633	246.271	56.7574	13.5703	8.03468	0	0	0	0	0	0	0	0	0	0	0	0	0	0	0	0
00.000,00.000	15.2	0	-200	0	4.5	329.493	249.736	57.7815	13.7932	8.18187	0	0	0	0	0	0	0	0	0	0	0	0	0	0	0	0
00.000,00.000	15.3	0	-200	0	4.5	334.324	253.172	58.7988	14.0252	8.32812	0	0	0	0	0	0	0	0	0	0	0	0	0	0	0	0
00.000,00.000	15.4	0	-200	0	4.5	339.148	256.599	59.8074	14.2677	8.47359	0	0	0	0	0	0	0	0	0	0	0	0	0	0	0	0
00.000,00.000	15.5	0	-200	0	4.5	346.963	262.131	61.4414	14.6801	8.71084	0	0	0	0	0	0	0	0	0	0	0	0	0	0	0	0
00.000,00.000	15.6	0	-200	0	4.5	353.409	266.678	62.7872	15.0362	8.90739	0	0	0	0	0	0	0	0	0	0	0	0	0	0	0	0
00.000,00.000	15.7	0	-200	0	4.5	358.82	270.483	63.9138	15.3497	9.07347	0	0	0	0	0	0	0	0	0	0	0	0	0	0	0	0
00.000,00.000	15.8	0	-200	0	4.5	360.155	271.419	64.1909	15.4297	9.11446	0	0	0	0	0	0	0	0	0	0	0	0	0	0	0	0
00.000,00.000	15.9	0	-200	0	4.5	364.143	274.209	65.0134	15.6832	9.23744	0	0	0	0	0	0	0	0	0	0	0	0	0	0	0	0
00.000,00.000	16	0	-200	0	4.5	370.105	278.364	66.2418	16.0779	9.42136	0	0	0	0	0	0	0	0	0	0	0	0	0	0	0	0
00.000,00.000	16.1	0	-200	0	4.5	374.936	281.724	67.1827	16.4588	9.57038	0	0	0	0	0	0	0	0	0	0	0	0	0	0	0	0
00.000,00.000	16.2	0	-200	0	4.5	379.348	284.784	67.8305	17.0275	9.70683	0	0	0	0	0	0	0	0	0	0	0	0	0	0	0	0
00.000,00.000	16.3	0	-200	0	4.5	383.723	287.809	68.4645	17.6068	9.84237	0	0	0	0	0	0	0	0	0	0	0	0	0	0	0	0
00.000,00.000	16.4	0	-200	0	4.5	388.041	290.783	69.0847	18.1962	9.97688	0	0	0	0	0	0	0	0	0	0	0	0	0	0	0	0
00.000,00.000	16.5	0	-200	0	4.5	400.305	299.225	70.8151	19.9055	10.036	0.323409	0	0	0	0	0	0	0	0	0	0	0	0	0	0	0
00.000,00.000	16.6	0	-200	0	4.5	404.156	301.883	71.3508	20.4438	10.0184	0.459687	0	0	0	0	0	0	0	0	0	0	0	0	0	0	0
00.000,00.000	16.7	0	-200	0	4.5	404.867	302.373	71.448	20.5459	10.0204	0.479709	0	0	0	0	0	0	0	0	0	0	0	0	0	0	0
00.000,00.000	16.8	0	-200	0	4.5	405.332	302.691	71.511	20.6154	10.0195	0.49522	0	0	0	0	0	0	0	0	0	0	0	0	0	0	0
00.000,00.000	16.9	0	-200	0	4.5	406.149	303.247	71.6207	20.7406	10.0161	0.524433	0	0	0	0	0	0	0	0	0	0	0	0	0	0	0
00.000,00.000	17	0	-200	0	4.5	412.97	307.882	72.5067	21.8245	10.0185	0.73763	0	0	0	0	0	0	0	0	0	0	0	0	0	0	0
00.000,00.000	17.1	0	-200	0	4.5	418.044	311.282	73.1593	22.6881	10.0185	0.89645	0	0	0	0	0	0	0	0	0	0	0	0	0	0	0
00.000,00.000	17.2	0	-200	0	4.5	422.117	313.994	73.7016	23.3789	10.0185	1.02392	0	0	0	0	0	0	0	0	0	0	0	0	0	0	0
00.000,00.000	17.3	0	-200	0	4.5	426.189	316.699	74.2373	24.0831	10.0187	1.15094	0	0	0	0	0	0	0	0	0	0	0	0	0	0	0
00.000,00.000	17.4	0	-200	0	4.5	430.23	319.369	74.7747	24.7889	10.0198	1.27731	0	0	0	0	0	0	0	0	0	0	0	0	0	0	0
00.000,00.000	17.5	0	-200	0	4.5	445.818	329.658	76.834	27.5723	10.0246	1.72854	0	0	0	0	0	0	0	0	0	0	0	0	0	0	0
00.000,00.000	17.6	0	-200	0	4.5	448.966	331.705	77.2529	28.1547	10.0262	1.82682	0	0	0	0	0	0	0	0	0	0	0	0	0	0	0
00.000,00.000	17.7	0	-200	0	4.5	460.217	338.959	78.7154	30.3233	10.0376	2.18156	0	0	0	0	0	0	0	0	0	0	0	0	0	0	0
00.000,00.000	17.8	0	-200	0	4.5	462.865	340.656	79.0684	30.8353	10.0407	2.26458	0	0	0	0	0	0	0	0	0	0	0	0	0	0	0
00.000,00.000	17.9	0	-200	0	4.5	467.779	343.787	79.7154	31.8051	10.0493	2.42199	0	0	0	0	0	0	0	0	0	0	0	0	0	0	0
00.000,00.000	18	0	-200	0	4.5	475.482	348.666	80.7478	33.3419	10.0657	2.66036	0	0	0	0	0	0	0	0	0	0	0	0	0	0	0
00.000,00.000	18.1	0	-200	0	4.5	480.223	351.621	81.4215	34.2952	10.0792	2.80621	0	0	0	0	0	0	0	0	0	0	0	0	0	0	0
00.000,00.000	18.2	0	-200	0	4.5	484.071	354.009	81.9722	35.0741	10.092	2.92358	0	0	0	0	0	0	0	0	0	0	0	0	0	0	0
00.000,00.000	18.3	0	-200	0	4.5	487.945	356.407	82.5322	35.858	10.1075	3.04032	0	0	0	0	0	0	0	0	0	0	0	0	0	0	0
00.000,00.000	18.4	0	-200	0	4.5	491.837	358.805	83.1027	36.6477	10.1251	3.15644	0	0	0	0	0	0	0	0	0	0	0	0	0	0	0
00.000,00.000	18.5	0	-200	0	4.5	511.01	370.543	85.9778	40.5821	10.2253	3.68152	0	0	0	0	0	0	0	0	0	0	0	0	0	0	0
00.000,00.000	18.6	0	-200	0	4.5	514.863	372.833	86.6021	41.3836	10.2473	3.79688	0	0	0	0	0	0	0	0	0	0	0	0	0	0	0
00.000,00.000	18.7	0	-200	0	4.5	517.256	374.254	86.9927	41.8785	10.2636	3.86716	0	0	0	0	0	0	0	0	0	0	0	0	0	0	0
00.000,00.000	18.8	0	-200	0	4.5	517.94	374.654	87.1099	42.0204	10.2686	3.88723	0	0	0	0	0	0	0	0	0	0	0	0	0	0	0
00.000,00.000	18.9	0	-200	0	4.5	518.503	374.985	87.2057	42.136	10.2731	3.90346	0	0	0	0	0	0	0	0	0	0	0	0	0	0	0
00.000,00.000	19	0	-200	0	4.5	527.56	380.328	88.7502	43.9722	10.3512	4.15857	0	0	0	0	0	0	0	0	0	0	0	0	0	0	0
00.000,00.000	19.1	0	-200	0	4.5	533.317	383.697	89.7613	45.1362	10.4033	4.31902	0	0	0	0	0	0	0	0	0	0	0	0	0	0	0
00.000,00.000	19.2	0	-200	0	4.5	537.306	386.044	90.4603	45.9321	10.442	4.42782	0	0	0	0	0	0	0	0	0	0	0	0	0	0	0
00.000,00.000	19.3	0	-200	0	4.5	541.405	388.443	91.1917	46.7476	10.4839	4.53865	0	0	0	0	0	0	0	0	0	0	0	0	0	0	0
00.000,00.000	19.4	0	-200	0	4.5	545.468	390.8	91.9351	47.5567	10.5278	4.64793	0	0	0	0	0	0	0	0	0	0	0	0	0	0	0
00.000,00.000	19.5	0	-200	0	4.5	552.422	394.514	93.523	48.943	10.6084	4.83404	0	0	0	0	0	0	0	0	0	0	0	0	0	0	0
00.000,00.000	19.6	0	-200	0	4.5	567.307	401.846	97.4406	51.4682	11.3105	5.24156	0	0	0	0	0	0	0	0	0	0	0	0	0	0	0
00.000,00.000	19.7	0	-200	0	4.5	570.066	403.157	98.1898	51.9234	11.4761	5.31984	0	0	0	0	0	0	0	0	0	0	0	0	0	0	0
00.000,00.000	19.8	0	-200	0	4.5	574.724	405.352	99.4784	52.6864	11.7563	5.45085	0	0	0	0	0	0	0	0	0	0	0	0	0	0	0
00.000,00.000	19.9	0	-200	0	4.5	575.891	405.904	99.801	52.8765	11.8264	5.48345	0	0	0	0	0	0	0	0	0	0	0	0	0	0	0
00.000,00.000	20	0	-200	0	4.5	577.47	406.648	100.247	53.1278	11.9212	5.52649	0	0	0	0	0	0	0	0	0	0	0	0	0	0	0
00.000,00.000	20.1	0	-200	0	4.5	587.174	411.231	102.999	54.6563	12.4985	5.78865	0	0	0	0	0	0	0	0	0	0	0	0	0	0	0
00.000,00.000	20.2	0	-200	0	4.5	592.903	413.96	104.619	55.5468	12.8351	5.94156	0	0	0	0	0	0	0	0	0	0	0	0	0	0	0
00.000,00.000	20.3	0	-200	0	4.5	596.984	415.909	105.783	56.17	13.0738	6.04832	0	0	0	0	0	0	0	0	0	0	0	0	0	0	0
00.000,00.000	20.4	0	-200	0	4.5	601.155	417.893	106.993	56.7963	13.3163	6.1558	0	0	0	0	0	0	0	0	0	0	0	0	0	0	0
00.000,00.000	20.5	0	-200	0	4.5	616.939	425.359	111.635	59.1485	14.236	6.56027	0	0	0	0	0	0	0	0	0	0	0	0	0	0	0
00.000,00.000	20.6	0	-200	0	4.5	633.06	433.141	116.171	61.5808	15.1886	6.97904	0	0	0	0	0	0	0	0	0	0	0	0	0	0	0
00.000,00.000	20.7	0	-200	0	4.5	635.082	434.138	116.711	61.8908	15.3106	7.03235	0	0	0	0	0	0	0	0	0	0	0	0	0	0	0
00.000,00.000	20.8	0	-200	0	4.5	639.704	436.45	117.947	62.5719	15.5857	7.14949	0	0	0	0	0	0	0	0	0	0	0	0	0	0	0
00.000,00.000	20.9	0	-200	0	4.5	672.022	452.802	126.499	67.2814	17.4711	7.96877	0	0	0	0	0	0	0	0	0	0	0	0	0	0	0
00.000,00.000	21	0	-200	0	4.5	678.792	456.354	128.386	68.2611	17.6394	8.15145	0	0	0	0	0	0	0	0	0	0	0	0	0	0	0
00.000,00.000	21.1	0	-200	0	4.5	694.569	464.601	132.863	70.5213	18.0357	8.54806	0	0	0	0	0	0	0	0	0	0	0	0	0	0	0
00.000,00.000	21.2	0	-200	0	4.5	702.765	468.932	135.185	71.6459	18.2478	8.75406	0	0	0	0	0	0	0	0	0	0	0	0	0	0	0
00.000,00.000	21.3	0	-200	0	4.5	707.195	471.294	136.43	72.2456	18.3646	8.86079	0	0	0	0	0	0	0	0	0	0	0	0	0	0	0
00.000,00.000	21.4	0	-200	0	4.5	711.791	473.762	137.716	72.8561	18.4882	8.96865	0	0	0	0	0	0	0	0	0	0	0	0	0	0	0
00.000,00.000	21.5	0	-200	0	4.5	743.789	491.178	146.449	77.0737	19.3794	9.69235	0.0163365	0	0	0	0	0	0	0	0	0	0	0	0	0	0
00.000,00.000	21.6	0	-200	0	4.5	750.588	494.902	148.302	77.9493	19.5704	9.59248	0.271129	0	0	0	0	0	0	0	0	0	0	0	0	0	0
00.000,00.000	21.7	0	-200	0	4.5	795.004	519.15	160.498	83.6281	20.875	9.67714	1.17568	0	0	0	0	0	0	0	0	0	0	0	0	0	0
00.000,00.000	21.8	0	-200	0	4.5	806.674	525.414	163.885	85.0354	21.2258	9.67797	1.43613	0	0	0	0	0	0	0	0	0	0	0	0	0	0
00.000,00.000	21.9	0	-200	0	4.5	857.563	552.248	178.998	91.1587	22.9148	9.7139	2.5294	0	0	0	0	0	0	0	0	0	0	0	0	0	0
00.000,00.000	22	0	-200	0	4.5	869.461	558.177	182.92	92.4761	23.3673	9.72171	2.79862	0	0	0	0	0	0	0	0	0	0	0	0	0	0
00.000,00.000	22.1	0	-200	0	4.5	892.792	569.786	190.505	95.2039	24.2471	9.75711	3.29266	0	0	0	0	0	0	0	0	0	0	0	0	0	0
00.000,00.000	22.2	0	-200	0	4.5	904.001	574.882	194.684	96.4937	24.6338	9.77535	3.53134	0	0	0	0	0	0	0	0	0	0	0	0	0	0
00.000,00.000	22.3	0	-200	0	4.5	909.366	577.39	196.613	97.1149	24.8222	9.78752	3.63867	0	0	0	0	0	0	0	0	0	0	0	0	0	0
00.000,00.000	22.4	0	-200	0	4.5	914.956	579.984	198.638	97.7656	25.0197	9.80215	3.74782	0	0	0	0	0	0	0	0	0	0	0	0	0	0
00.000,00.000	22.5	0	-200	0	4.5	947.521	595.146	210.283	101.631	26.1716	9.9047	4.38419	0	0	0	0	0	0	0	0	0	0	0	0	0	0
00.000,00.000	22.6	0	-200	0	4.5	953.994	598.119	212.591	102.469	26.3653	9.92901	4.52049	0	0	0	0	0	0	0	0	0	0	0	0	0	0
00.000,00.000	22.7	0	-200	0	4.5	974.693	607.959	219.69	104.995	27.1118	10.0207	4.91713	0	0	0	0	0	0	0	0	0	0	0	0	0	0
00.000,00.000	22.8	0	-200	0	4.5	1020.43	629.623	235.445	110.523	28.7963	10.2464	5.79647	0	0	0	0	0	0	0	0	0	0	0	0	0	0
00.000,00.000	22.9	0	-200	0	4.5	1028.78	633.535	238.471	111.419	29.1037	10.2917	5.9592	0	0	0	0	0	0	0	0	0	0	0	0	0	0
00.000,00.000	23	0	-200	0	4.5	1029.69	633.981	238.781	111.52	29.1386	10.2972	5.97534	0	0	0	0	0	0	0	0	0	0	0	0	0	0
00.000,00.000	23.1	0	-200	0	4.5	1052.74	645.427	246.414	114.042	30.0386	10.4445	6.37156	0	0	0	0	0	0	0	0	0	0	0	0	0	0
00.000,00.000	23.2	0	-200	0	4.5	1064.69	651.463	250.28	115.325	30.5201	10.5256	6.57812	0	0	0	0	0	0	0	0	0	0	0	0	0	0
00.000,00.000	23.3	0	-200	0	4.5	1071.44	654.936	252.415	116.038	30.7914	10.5731	6.68645	0	0	0	0	0	0	0	0	0	0	0	0	0	0
00.000,00.000	23.4	0	-200	0	4.5	1078.52	658.614	254.626	116.776	31.079	10.6248	6.79631	0	0	0	0	0	0	0	0	0	0	0	0	0	0
00.000,00.000	23.5	0	-200	0	4.5	1113.41	676.832	265.412	120.415	32.5314	10.8931	7.32625	0	0	0	0	0	0	0	0	0	0	0	0	0	0
00.000,00.000	23.6	0	-200	0	4.5	1121.22	680.945	267.841	121.175	32.8584	10.9547	7.44224	0	0	0	0	0	0	0	0	0	0	0	0	0	0
00.000,00.000	23.7	0	-200	0	4.5	1144.94	693.727	274.923	123.489	33.8683	11.1541	7.77556	0	0	0	0	0	0	0	0	0	0	0	0	0	0
00.000,00.000	23.8	0	-200	0	4.5	1199.37	722.793	291.259	128.96	36.16	11.6425	8.5564	0	0	0	0	0	0	0	0	0	0	0	0	0	0
00.000,00.000	23.9	0	-200	0	4.5	1209.78	728.398	294.393	130.011	36.5363	11.7397	8.70427	0	0	0	0	0	0	0	0	0	0	0	0	0	0
00.000,00.000	24	0	-200	0	4.5	1210.85	728.981	294.71	130.111	36.5786	11.7497	8.71819	0	0	0	0	0	0	0	0	0	0	0	0	0	0
00.000,00.000	24.1	0	-200	0	4.5	1246.37	748.51	305.191	133.405	37.996	12.0966	9.16792	0	0	0	0	0	0	0	0	0	0	0	0	0	0
00.000,00.000	24.2	0	-200	0	4.5	1264.01	758.334	310.219	135.098	38.6876	12.2764	9.17097	0.22134	0	0	0	0	0	0	0	0	0	0	0	0	0
00.000,00.000	24.3	0	-200	0	4.5	1273.15	763.424	312.849	135.952	39.0537	12.3715	9.18644	0.315072	0	0	0	0	0	0	0	0	0	0	0	0	0
00.000,00.000	24.4	0	-200	0	4.5	1282.67	768.748	315.58	136.826	39.4356	12.4728	9.19796	0.413974	0	0	0	0	0	0	0	0	0	0	0	0	0
00.000,00.000	24.5	0	-200	0	4.5	1338.78	800.012	331.717	141.987	41.7168	13.0949	9.24881	1.00663	0	0	0	0	0	0	0	0	0	0	0	0	0
00.000,00.000	24.6	0	-200	0	4.5	1350.5	806.789	335.012	143.044	42.1911	13.2296	9.24881	0.981493	0	0	0	0	0	0	0	0	0	0	0	0	0
00.000,00.000	24.7	0	-200	0	4.5	1386.6	827.294	345.372	146.287	43.6807	13.6588	9.24881	1.05416	0	0	0	0	0	0	0	0	0	0	0	0	0
00.000,00.000	24.8	0	-200	0	4.5	1395.39	832.427	347.771	147.087	44.0386	13.7647	9.24883	1.05416	0	0	0	0	0	0	0	0	0	0	0	0	0
00.000,00.000	24.9	0	-200	0	4.5	1396.54	833.092	348.097	147.188	44.0847	13.7788	9.24896	1.05416	0	0	0	0	0	0	0	0	0	0	0	0	0
00.000,00.000	25	0	-200	0	4.5	1400.98	835.672	349.332	147.583	44.2586	13.8352	9.24959	1.05416	0	0	0	0	0	0	0	0	0	0	0	0	0
00.000,00.000	25.1	0	-200	0	4.5	1430.24	852.535	357.608	150.153	45.4235	14.2126	9.25477	1.05416	0	0	0	0	0	0	0	0	0	0	0	0	0
00.000,00.000	25.2	0	-200	0	4.5	1446.53	862.102	362.039	151.611	46.037	14.4308	9.25837	1.05416	0	0	0	0	0	0	0	0	0	0	0	0	0
00.000,00.000	25.3	0	-200	0	4.5	1457.5	868.498	365.066	152.59	46.4467	14.5813	9.26182	1.05416	0	0	0	0	0	0	0	0	0	0	0	0	0
00.000,00.000	25.4	0	-200	0	4.5	1468.6	874.954	368.144	153.585	46.8613	14.738	9.26583	1.05416	0	0	0	0	0	0	0	0	0	0	0	0	0
00.000,00.000	25.5	0	-200	0	4.5	1483.1	883.274	372.197	154.937	47.4168	14.9504	9.27212	1.05416	0	0	0	0	0	0	0	0	0	0	0	0	0
00.000,00.000	25.6	0	-200	0	4.5	1533.8	912.326	386.198	159.799	49.4074	15.7201	9.3011	1.05416	0	0	0	0	0	0	0	0	0	0	0	0	0
00.000,00.000	25.7	0	-200	0	4.5	1543.66	918.023	388.826	160.825	49.7437	15.8814	9.30753	1.05416	0	0	0	0	0	0	0	0	0	0	0	0	0
00.000,00.000	25.8	0	-200	0	4.5	1548.82	920.899	390.285	161.338	49.9606	15.9665	9.31179	1.05416	0	0	0	0	0	0	0	0	0	0	0	0	0
00.000,00.000	25.9	0	-200	0	4.5	1550.61	921.907	390.788	161.521	50.0326	15.9974	9.31345	1.05416	0	0	0	0	0	0	0	0	0	0	0	0	0
00.000,00.000	26	0	-200	0	4.5	1570.04	932.692	396.365	163.413	50.8457	16.3415	9.33395	1.05416	0	0	0	0	0	0	0	0	0	0	0	0	0
00.000,00.000	26.1	0	-200	0	4.5	1591.48	944.506	402.602	165.484	51.7374	16.7319	9.35912	1.05416	0	0	0	0	0	0	0	0	0	0	0	0	0
00.000,00.000	26.2	0	-200	0	4.5	1604.03	951.329	406.319	166.709	52.2794	16.9679	9.37535	1.05416	0	0	0	0	0	0	0	0	0	0	0	0	0
00.000,00.000	26.3	0	-200	0	4.5	1614.59	956.956	409.509	167.759	52.752	17.1731	9.39051	1.05416	0	0	0	0	0	0	0	0	0	0	0	0	0
00.000,00.000	26.4	0	-200	0	4.5	1625.16	962.579	412.691	168.814	53.2319	17.3844	9.40743	1.05416	0	0	0	0	0	0	0	0	0	0	0	0	0
00.000,00.000	26.5	0	-200	0	4.5	1646.11	973.522	419.098	170.942	54.2257	17.8237	9.44444	1.05416	0	0	0	0	0	0	0	0	0	0	0	0	0
00.000,00.000	26.6	0	-200	0	4.5	1680.06	991.214	429.502	174.381	55.8478	18.5518	9.50889	1.05416	0	0	0	0	0	0	0	0	0	0	0	0	0
00.000,00.000	26.7	0	-200	0	4.5	1686.35	994.502	431.434	175.011	56.1437	18.6792	9.52175	1.05416	0	0	0	0	0	0	0	0	0	0	0	0	0
00.000,00.000	26.8	0	-200	0	4.5	1727.47	1015.75	444.165	179.162	58.0933	19.6306	9.61726	1.05416	0	0	0	0	0	0	0	0	0	0	0	0	0
00.000,00.000	26.9	0	-200	0	4.5	1762.67	1033.79	455.201	182.727	59.7293	20.4618	9.70581	1.05416	0	0	0	0	0	0	0	0	0	0	0	0	0
00.000,00.000	27	0	-200	0	4.5	1768.16	1036.59	456.954	183.276	59.974	20.5944	9.72055	1.05416	0	0	0	0	0	0	0	0	0	0	0	0	0
00.000,00.000	27.1	0	-200	0	4.5	1795.18	1050.28	465.552	185.986	61.2512	21.2551	9.80011	1.05416	0	0	0	0	0	0	0	0	0	0	0	0	0
00.000,00.000	27.2	0	-200	0	4.5	1811.23	1058.41	470.682	187.601	61.9765	21.6587	9.85119	1.05416	0	0	0	0	0	0	0	0	0	0	0	0	0
00.000,00.000	27.3	0	-200	0	4.5	1821.6	1063.66	473.993	188.624	62.4639	21.9227	9.88653	1.05416	0	0	0	0	0	0	0	0	0	0	0	0	0
00.000,00.000	27.4	0	-200	0	4.5	1832.04	1068.93	477.338	189.646	62.9577	22.1948	9.92524	1.05416	0	0	0	0	0	0	0	0	0	0	0	0	0
00.000,00.000	27.5	0	-200	0	4.5	1858.48	1081.96	485.998	192.264	64.2588	22.9126	10.0323	1.05416	0	0	0	0	0	0	0	0	0	0	0	0	0
00.000,00.000	27.6	0	-200	0	4.5	1888.12	1096.55	495.777	195.142	65.7084	23.7302	10.1602	1.05416	0	0	0	0	0	0	0	0	0	0	0	0	0
00.000,00.000	27.7	0	-200	0	4.5	1892.81	1098.82	497.376	195.588	65.9302	23.8648	10.1818	1.05416	0	0	0	0	0	0	0	0	0	0	0	0	0
00.000,00.000	27.8	0	-200	0	4.5	1947.45	1125.43	515.679	200.748	68.6293	25.451	10.4527	1.05416	0	0	0	0	0	0	0	0	0	0	0	0	0
00.000,00.000	27.9	0	-200	0	4.5	1962.14	1132.57	520.626	202.135	69.3352	25.8936	10.5303	1.05416	0	0	0	0	0	0	0	0	0	0	0	0	0
00.000,00.000	28	0	-200	0	4.5	1963.93	1133.45	521.219	202.301	69.423	25.9472	10.5403	1.05416	0	0	0	0	0	0	0	0	0	0	0	0	0
00.000,00.000	28.1	0	-200	0	4.5	1983.81	1143.27	527.77	204.107	70.399	26.5538	10.6592	1.05416	0	0	0	0	0	0	0	0	0	0	0	0	0
00.000,00.000	28.2	0	-200	0	4.5	1997.59	1150.07	532.351	205.349	71.0277	26.9868	10.7463	1.05416	0	0	0	0	0	0	0	0	0	0	0	0	0
00.000,00.000	28.3	0	-200	0	4.5	2007.89	1155.21	535.729	206.254	71.5082	27.3156	10.8151	1.05416	0	0	0	0	0	0	0	0	0	0	0	0	0
00.000,00.000	28.4	0	-200	0	4.5	2018.17	1160.36	539.085	207.147	71.9861	27.6514	10.8881	1.05416	0	0	0	0	0	0	0	0	0	0	0	0	0
00.000,00.000	28.5	0	-200	0	4.5	2028.72	1165.64	542.508	208.053	72.4865	28.0096	10.9682	1.05416	0	0	0	0	0	0	0	0	0	0	0	0	0
00.000,00.000	28.6	0	-200	0	4.5	2074.91	1188.84	557.31	211.994	74.7431	29.6288	11.3426	1.05416	0	0	0	0	0	0	0	0	0	0	0	0	0
00.000,00.000	28.7	0	-200	0	4.5	2084.37	1193.58	560.358	212.77	75.2114	29.9752	11.4243	1.05416	0	0	0	0	0	0	0	0	0	0	0	0	0
00.000,00.000	28.8	0	-200	0	4.5	2085.5	1194.15	560.711	212.859	75.2663	30.0165	11.4346	1.05416	0	0	0	0	0	0	0	0	0	0	0	0	0
00.000,00.000	28.9	0	-200	0	4.5	2086.77	1194.82	561.102	212.956	75.3278	30.0637	11.4466	1.05416	0	0	0	0	0	0	0	0	0	0	0	0	0
00.000,00.000	29	0	-200	0	4.5	2111.39	1207.82	568.548	214.786	76.5046	30.9856	11.6915	1.05416	0	0	0	0	0	0	0	0	0	0	0	0	0
00.000,00.000	29.1	0	-200	0	4.5	2128.68	1216.98	573.783	216.009	77.3355	31.6472	11.8722	1.05416	0	0	0	0	0	0	0	0	0	0	0	0	0
00.000,00.000	29.2	0	-200	0	4.5	2139.05	1222.58	576.82	216.74	77.8265	32.042	11.9844	1.05416	0	0	0	0	0	0	0	0	0	0	0	0	0
00.000,00.000	29.3	0	-200	0	4.5	2148.74	1227.91	579.596	217.386	78.2828	32.4141	12.0945	1.05416	0	0	0	0	0	0	0	0	0	0	0	0	0
00.000,00.000	29.4	0	-200	0	4.5	2158.4	1233.3	582.317	218.002	78.7342	32.7872	12.2089	1.05416	0	0	0	0	0	0	0	0	0	0	0	0	0
00.000,00.000	29.5	0	-200	0	4.5	2168.24	1238.83	585.022	218.63	79.1985	33.1763	12.3326	1.05416	0	0	0	0	0	0	0	0	0	0	0	0	0
00.000,00.000	29.6	0	-200	0	4.5	2210.95	1263.06	596.346	221.455	81.2378	34.8958	12.9014	1.05416	0	0	0	0	0	0	0	0	0	0	0	0	0
00.000,00.000	29.7	0	-200	0	4.5	2219.74	1268.06	598.749	221.96	81.6425	35.2586	13.0238	1.05416	0	0	0	0	0	0	0	0	0	0	0	0	0
00.000,00.000	29.8	0	-200	0	4.5	2221.31	1268.97	599.143	222.06	81.7134	35.3218	13.0465	1.05416	0	0	0	0	0	0	0	0	0	0	0	0	0
00.000,00.000	29.9	0	-200	0	4.5	2222.4	1269.62	599.411	222.126	81.7611	35.3653	13.0627	1.05416	0	0	0	0	0	0	0	0	0	0	0	0	0
00.000,00.000	30	0	-200	0	4.5	2240	1280.22	603.653	223.17	82.5015	36.0663	13.3376	1.05416	0	0	0	0	0	0	0	0	0	0	0	0	0
00.000,00.000	30.1	0	-200	0	4.5	2256.31	1289.52	607.903	224.194	83.2353	36.7771	13.6255	1.05416	0	0	0	0	0	0	0	0	0	0	0	0	0
00.000,00.000	30.2	0	-200	0	4.5	2265.91	1295.02	610.373	224.8	83.6666	37.195	13.8026	1.05416	0	0	0	0	0	0	0	0	0	0	0	0	0
00.000,00.000	30.3	0	-200	0	4.5	2274.06	1299.76	612.405	225.311	84.024	37.5497	13.9599	1.05416	0	0	0	0	0	0	0	0	0	0	0	0	0
00.000,00.000	30.4	0	-200	0	4.5	2282.12	1304.47	614.397	225.812	84.3647	37.9014	14.1226	1.05416	0	0	0	0	0	0	0	0	0	0	0	0	0
00.000,00.000	30.5	0	-200	0	4.5	2290.13	1309.08	616.408	226.321	84.6977	38.2642	14.298	1.05416	0	0	0	0	0	0	0	0	0	0	0	0	0
00.000,00.000	30.6	0	-200	0	4.5	2319.3	1326.14	623.508	228.152	85.8909	39.5872	14.9716	1.0542	0	0	0	0	0	0	0	0	0	0	0	0	0
00.000,00.000	30.7	0	-200	0	4.5	2332.11	1333.8	626.421	228.952	86.4108	40.1825	15.2851	1.05487	0	0	0	0	0	0	0	0	0	0	0	0	0
00.000,00.000	30.8	0	-200	0	4.5	2332.84	1334.25	626.573	228.996	86.4405	40.2168	15.3042	1.05495	0	0	0	0	0	0	0	0	0	0	0	0	0
00.000,00.000	30.9	0	-200	0	4.5	2333.65	1334.76	626.74	229.044	86.472	40.2539	15.326	1.05506	0	0	0	0	0	0	0	0	0	0	0	0	0
00.000,00.000	31	0	-200	0	4.5	2354.27	1347.58	631.153	230.193	87.2277	41.1678	15.8965	1.05908	0	0	0	0	0	0	0	0	0	0	0	0	0
00.000,00.000	31.1	0	-200	0	4.5	2367.85	1356.1	633.972	230.932	87.7137	41.774	16.2888	1.06249	0	0	0	0	0	0	0	0	0	0	0	0	0
00.000,00.000	31.2	0	-200	0	4.5	2375.23	1360.82	635.468	231.319	87.973	42.0878	16.5049	1.06538	0	0	0	0	0	0	0	0	0	0	0	0	0
00.000,00.000	31.3	0	-200	0	4.5	2382.3	1365.39	636.866	231.674	88.2104	42.3781	16.7173	1.0686	0	0	0	0	0	0	0	0	0	0	0	0	0
00.000,00.000	31.4	0	-200	0	4.5	2389.32	1370.01	638.219	232.01	88.4252	42.6574	16.9341	1.07248	0	0	0	0	0	0	0	0	0	0	0	0	0
00.000,00.000	31.5	0	-200	0	4.5	2408.84	1383.01	641.855	232.905	89.0058	43.4153	17.5612	1.08667	0	0	0	0	0	0	0	0	0	0	0	0	0
00.000,00.000	31.6	0	-200	0	4.5	2435.15	1400.22	646.487	234.775	89.7538	44.3886	18.4157	1.10803	0	0	0	0	0	0	0	0	0	0	0	0	0
00.000,00.000	31.7	0	-200	0	4.5	2452.07	1411.48	649.364	235.933	90.2089	44.9877	18.9748	1.12346	0	0	0	0	0	0	0	0	0	0	0	0	0
00.000,00.000	31.8	0	-200	0	4.5	2453.06	1412.15	649.525	236	90.2344	45.022	19.0084	1.12445	0	0	0	0	0	0	0	0	0	0	0	0	0
00.000,00.000	31.9	0	-200	0	4.5	2453.75	1412.62	649.632	236.044	90.2509	45.0439	19.032	1.12522	0	0	0	0	0	0	0	0	0	0	0	0	0
00.000,00.000	32	0	-200	0	4.5	2478.83	1430.18	653.28	237.597	90.9237	45.7935	19.9002	1.1558	0	0	0	0	0	0	0	0	0	0	0	0	0
00.000,00.000	32.1	0	-200	0	4.5	2494.96	1441.66	655.46	238.57	91.3695	46.3935	20.3296	1.17638	0	0	0	0	0	0	0	0	0	0	0	0	0
00.000,00.000	32.2	0	-200	0	4.5	2502.8	1447.36	656.46	239.027	91.5464	46.669	20.5461	1.1871	0	0	0	0	0	0	0	0	0	0	0	0	0
00.000,00.000	32.3	0	-200	0	4.5	2509.94	1452.64	657.308	239.429	91.7084	46.9112	20.7444	1.19743	0	0	0	0	0	0	0	0	0	0	0	0	0
00.000,00.000	32.4	0	-200	0	4.5	2517.11	1458.02	658.094	239.819	91.8801	47.1396	20.95	1.2083	0	0	0	0	0	0	0	0	0	0	0	0	0
00.000,00.000	32.5	0	-200	0	4.5	2524.45	1463.62	658.831	240.203	92.0472	47.3564	21.1723	1.21998	0	0	0	0	0	0	0	0	0	0	0	0	0
00.000,00.000	32.6	0	-200	0	4.5	2557.06	1488.93	661.827	241.849	92.7241	48.1384	22.3131	1.27434	0	0	0	0	0	0	0	0	0	0	0	0	0
00.000,00.000	32.7	0	-200	0	4.5	2563.88	1494.27	662.409	242.191	92.8747	48.2983	22.5557	1.2818	0	0	0	0	0	0	0	0	0	0	0	0	0
00.000,00.000	32.8	0	-200	0	4.5	2568.23	1497.73	662.75	242.396	92.9566	48.3886	22.7113	1.28778	0	0	0	0	0	0	0	0	0	0	0	0	0
00.000,00.000	32.9	0	-200	0	4.5	2569.45	1498.72	662.838	242.453	92.9792	48.4126	22.7556	1.28898	0	0	0	0	0	0	0	0	0	0	0	0	0
00.000,00.000	33	0	-200	0	4.5	2593.68	1518.44	664.471	243.539	93.4031	48.8686	23.637	1.31981	0	0	0	0	0	0	0	0	0	0	0	0	0
00.000,00.000	33.1	0	-200	0	4.5	2606.87	1529.21	665.304	244.118	93.6528	49.1314	24.1202	1.33318	0	0	0	0	0	0	0	0	0	0	0	0	0
00.000,00.000	33.2	0	-200	0	4.5	2614.1	1535.17	665.736	244.427	93.777	49.2588	24.3886	1.34282	0	0	0	0	0	0	0	0	0	0	0	0	0
00.000,00.000	33.3	0	-200	0	4.5	2621.39	1541.23	666.143	244.73	93.8932	49.3772	24.6614	1.3528	0	0	0	0	0	0	0	0	0	0	0	0	0
00.000,00.000	33.4	0	-200	0	4.5	2628.69	1547.35	666.525	245.026	94.0004	49.4871	24.9371	1.36304	0	0	0	0	0	0	0	0	0	0	0	0	0
00.000,00.000	33.5	0	-200	0	4.5	2636.12	1553.62	666.886	245.323	94.101	49.5917	25.2234	1.37388	0	0	0	0	0	0	0	0	0	0	0	0	0
00.000,00.000	33.6	0	-200	0	4.5	2670.68	1583.05	668.459	246.668	94.5285	50.0373	26.5152	1.42845	0	0	0	0	0	0	0	0	0	0	0	0	0
00.000,00.000	33.7	0	-200	0	4.5	2690.47	1600.04	669.299	247.424	94.7614	50.2836	27.1978	1.45884	0	0	0	0	0	0	0	0	0	0	0	0	0
00.000,00.000	33.8	0	-200	0	4.5	2691.25	1600.72	669.328	247.454	94.7701	50.2931	27.2242	1.45992	0	0	0	0	0	0	0	0	0	0	0	0	0
00.000,00.000	33.9	0	-200	0	4.5	2693.67	1602.84	669.404	247.541	94.7933	50.3189	27.3053	1.46333	0	0	0	0	0	0	0	0	0	0	0	0	0
00.000,00.000	34	0	-200	0	4.5	2715.21	1621.76	670.099	248.297	94.9827	50.5242	28.0518	1.50003	0	0	0	0	0	0	0	0	0	0	0	0	0
00.000,00.000	34.1	0	-200	0	4.5	2726.76	1631.95	670.437	248.699	95.0809	50.6318	28.4484	1.51875	0	0	0	0	0	0	0	0	0	0	0	0	0
00.000,00.000	34.2	0	-200	0	4.5	2733.91	1638.32	670.634	248.931	95.1334	50.6859	28.6724	1.53155	0	0	0	0	0	0	0	0	0	0	0	0	0
00.000,00.000	34.3	0	-200	0	4.5	2741.27	1644.92	670.828	249.162	95.1834	50.736	28.9024	1.54495	0	0	0	0	0	0	0	0	0	0	0	0	0
00.000,00.000	34.4	0	-200	0	4.5	2748.7	1651.6	671.006	249.387	95.2302	50.7809	29.1315	1.55944	0	0	0	0	0	0	0	0	0	0	0	0	0
00.000,00.000	34.5	0	-200	0	4.5	2756.15	1658.34	671.17	249.535	95.3493	50.8129	29.3642	1.57655	0	0	0	0	0	0	0	0	0	0	0	0	0
00.000,00.000	34.6	0	-200	0	4.5	2777.18	1677.38	671.664	249.678	95.9207	50.8911	30.0169	1.62558	0	0	0	0	0	0	0	0	0	0	0	0	0
00.000,00.000	34.7	0	-200	0	4.5	2793.58	1692.21	672.109	249.78	96.3485	50.9434	30.5244	1.66526	0	0	0	0	0	0	0	0	0	0	0	0	0
00.000,00.000	34.8	0	-200	0	4.5	2795.46	1693.91	672.166	249.791	96.3979	50.9483	30.5834	1.6699	0	0	0	0	0	0	0	0	0	0	0	0	0
00.000,00.000	34.9	0	-200	0	4.5	2804.81	1702.38	672.401	249.843	96.6461	50.9714	30.881	1.69453	0	0	0	0	0	0	0	0	0	0	0	0	0
00.000,00.000	35	0	-200	0	4.5	2818.28	1714.62	672.729	249.912	97.0002	51.0014	31.2928	1.7299	0	0	0	0	0	0	0	0	0	0	0	0	0
00.000,00.000	35.1	0	-200	0	4.5	2826.55	1722.15	672.92	249.95	97.2169	51.0174	31.5365	1.7582	0	0	0	0	0	0	0	0	0	0	0	0	0
00.000,00.000	35.2	0	-200	0	4.5	2833.45	1728.44	673.073	249.979	97.3987	51.0292	31.7428	1.78345	0	0	0	0	0	0	0	0	0	0	0	0	0
00.000,00.000	35.3	0	-200	0	4.5	2840.32	1734.72	673.219	250.005	97.5784	51.0404	31.9474	1.80889	0	0	0	0	0	0	0	0	0	0	0	0	0
00.000,00.000	35.4	0	-200	0	4.5	2847.12	1740.94	673.357	250.028	97.7565	51.0507	32.1498	1.83506	0	0	0	0	0	0	0	0	0	0	0	0	0
00.000,00.000	35.5	0	-200	0	4.5	2854.02	1747.26	673.492	250.051	97.935	51.0598	32.3531	1.86251	0	0	0	0	0	0	0	0	0	0	0	0	0
00.000,00.000	35.6	0	-200	0	4.5	2864.36	1756.76	673.687	250.083	98.1988	51.0723	32.6541	1.90562	0	0	0	0	0	0	0	0	0	0	0	0	0
00.000,00.000	35.7	0	-200	0	4.5	2881.06	1772.11	673.992	250.139	98.619	51.0907	33.1344	1.97736	0	0	0	0	0	0	0	0	0	0	0	0	0
00.000,00.000	35.8	0	-200	0	4.5	2884.19	1774.99	674.045	250.15	98.6963	51.0947	33.222	1.99323	0	0	0	0	0	0	0	0	0	0	0	0	0
00.000,00.000	35.9	0	-200	0	4.5	2895.74	1785.64	674.236	250.199	98.9802	51.1051	33.5378	2.0451	0	0	0	0	0	0	0	0	0	0	0	0	0
00.000,00.000	36	0	-200	0	4.5	2905.39	1794.54	674.387	250.244	99.2145	51.1146	33.7985	2.09318	0	0	0	0	0	0	0	0	0	0	0	0	0
00.000,00.000	36.1	0	-200	0	4.5	2912.34	1800.96	674.491	250.28	99.3822	51.1204	33.9825	2.12761	0	0	0	0	0	0	0	0	0	0	0	0	0
00.000,00.000	36.2	0	-200	0	4.5	2919.06	1807.17	674.586	250.319	99.5413	51.1331	34.1553	2.16055	0	0	0	0	0	0	0	0	0	0	0	0	0
00.000,00.000	36.3	0	-200	0	4.5	2925.82	1813.4	674.681	250.364	99.6986	51.1571	34.3236	2.19532	0	0	0	0	0	0	0	0	0	0	0	0	0
00.000,00.000	36.4	0	-200	0	4.5	2932.62	1819.68	674.771	250.416	99.8543	51.1806	34.4874	2.23104	0	0	0	0	0	0	0	0	0	0	0	0	0
00.000,00.000	36.5	0	-200	0	4.5	2939.48	1826.02	674.856	250.476	100.01	51.2033	34.6484	2.26805	0	0	0	0	0	0	0	0	0	0	0	0	0
00.000,00.000	36.6	0	-200	0	4.5	2949.43	1835.23	674.972	250.572	100.231	51.2319	34.8737	2.32265	0	0	0	0	0	0	0	0	0	0	0	0	0
00.000,00.000	36.7	0	-200	0	4.5	2960.21	1845.21	675.09	250.687	100.468	51.2622	35.1092	2.38307	0	0	0	0	0	0	0	0	0	0	0	0	0
00.000,00.000	36.8	0	-200	0	4.5	2962.21	1847.06	675.111	250.71	100.512	51.2715	35.1522	2.39626	0	0	0	0	0	0	0	0	0	0	0	0	0
00.000,00.000	36.9	0	-200	0	4.5	2972.9	1856.97	675.212	250.849	100.742	51.2977	35.3665	2.45752	0	0	0	0	0	0	0	0	0	0	0	0	0
00.000,00.000	37	0	-200	0	4.5	2981.29	1864.75	675.288	250.969	100.922	51.3228	35.5309	2.50897	0	0	0	0	0	0	0	0	0	0	0	0	0
00.000,00.000	37.1	0	-200	0	4.5	2988.17	1871.13	675.346	251.076	101.069	51.3394	35.6597	2.55062	0	0	0	0	0	0	0	0	0	0	0	0	0
00.000,00.000	37.2	0	-200	0	4.5	2995.18	1877.63	675.401	251.193	101.215	51.3551	35.7832	2.59308	0	0	0	0	0	0	0	0	0	0	0	0	0
00.000,00.000	37.3	0	-200	0	4.5	3002.29	1884.24	675.453	251.322	101.362	51.3697	35.902	2.63506	0	0	0	0	0	0	0	0	0	0	0	0	0
00.000,00.000	37.4	0	-200	0	4.5	3009.47	1890.92	675.502	251.46	101.508	51.3838	36.0158	2.67705	0	0	0	0	0	0	0	0	0	0	0	0	0
00.000,00.000	37.5	0	-200	0	4.5	3016.66	1897.72	675.548	251.61	101.54	51.3976	36.1251	2.72023	0	0	0	0	0	0	0	0	0	0	0	0	0
00.000,00.000	37.6	0	-200	0	4.5	3023.73	1904.43	675.591	251.768	101.54	51.4105	36.2281	2.76347	0	0	0	0	0	0	0	0	0	0	0	0	0
00.000,00.000	37.7	0	-200	0	4.5	3034.39	1914.54	675.652	252.023	101.542	51.4285	36.376	2.82929	0	0	0	0	0	0	0	0	0	0	0	0	0
00.000,00.000	37.8	0	-200	0	4.5	3036.65	1916.68	675.665	252.082	101.539	51.4345	36.4076	2.84449	0	0	0	0	0	0	0	0	0	0	0	0	0
00.000,00.000	37.9	0	-200	0	4.5	3044.66	1924.26	675.706	252.302	101.54	51.4468	36.5081	2.89366	0	0	0	0	0	0	0	0	0	0	0	0	0
00.000,00.000	38	0	-200	0	4.5	3052.24	1931.44	675.742	252.522	101.54	51.4601	36.6	2.94138	0	0	0	0	0	0	0	0	0	0	0	0	0
00.000,00.000	38.1	0	-200	0	4.5	3059.26	1938.07	675.774	252.736	101.54	51.4711	36.6799	2.98504	0	0	0	0	0	0	0	0	0	0	0	0	0
00.000,00.000	38.2	0	-200	0	4.5	3066.28	1944.71	675.803	252.962	101.54	51.4815	36.7556	3.03005	0	0	0	0	0	0	0	0	0	0	0	0	0
00.000,00.000	38.3	0	-200	0	4.5	3073.28	1951.32	675.83	253.198	101.54	51.4912	36.8269	3.07578	0	0	0	0	0	0	0	0	0	0	0	0	0
00.000,00.000	38.4	0	-200	0	4.5	3080.29	1957.93	675.856	253.445	101.54	51.5005	36.8939	3.12124	0	0	0	0	0	0	0	0	0	0	0	0	0
00.000,00.000	38.5	0	-200	0	4.5	3087.21	1964.45	675.879	253.706	101.54	51.5093	36.9573	3.16692	0	0	0	0	0	0	0	0	0	0	0	0	0
00.000,00.000	38.6	0	-200	0	4.5	3093.92	1970.76	675.9	253.974	101.54	51.5174	37.016	3.21149	0	0	0	0	0	0	0	0	0	0	0	0	0
00.000,00.000	38.7	0	-200	0	4.5	3106.33	1982.39	675.937	254.513	101.54	51.5312	37.121	3.29522	0	0	0	0	0	0	0	0	0	0	0	0	0
00.000,00.000	38.8	0	-200	0	4.5	3108.81	1984.7	675.944	254.63	101.54	51.5352	37.1424	3.31427	0	0	0	0	0	0	0	0	0	0	0	0	0
00.000,00.000	38.9	0	-200	0	4.5	3117.19	1992.52	675.965	255.05	101.54	51.5435	37.2081	3.37014	0	0	0	0	0	0	0	0	0	0	0	0	0
00.000,00.000	39	0	-200	0	4.5	3124.11	1998.96	675.981	255.402	101.54	51.5508	37.2602	3.41706	0	0	0	0	0	0	0	0	0	0	0	0	0
00.000,00.000	39.1	0	-200	0	4.5	3129.94	2004.37	675.993	255.718	101.54	51.556	37.3111	3.44513	0	0	0	0	0	0	0	0	0	0	0	0	0
00.000,00.000	39.2	0	-200	0	4.5	3135.72	2009.74	676.002	256.052	101.54	51.5609	37.358	3.47274	0	0	0	0	0	0	0	0	0	0	0	0	0
00.000,00.000	39.3	0	-200	0	4.5	3141.43	2015.01	676.009	256.402	101.54	51.5654	37.3987	3.50243	0	0	0	0	0	0	0	0	0	0	0	0	0
00.000,00.000	39.4	0	-200	0	4.5	3146.91	2020.05	676.014	256.768	101.54	51.5693	37.4355	3.53244	0	0	0	0	0	0	0	0	0	0	0	0	0
00.000,00.000	39.5	0	-200	0	4.5	3152.29	2024.98	676.018	257.152	101.54	51.5728	37.4696	3.56158	0	0	0	0	0	0	0	0	0	0	0	0	0
00.000,00.000	39.6	0	-200	0	4.5	3157.44	2029.68	676.019	257.535	101.54	51.5757	37.5006	3.58901	0	0	0	0	0	0	0	0	0	0	0	0	0
00.000,00.000	39.7	0	-200	0	4.5	3165.28	2036.82	676.019	258.146	101.54	51.5791	37.5445	3.63031	0	0	0	0	0	0	0	0	0	0	0	0	0
00.000,00.000	39.8	0	-200	0	4.5	3166.93	2038.32	676.019	258.271	101.54	51.58	37.5542	3.63905	0	0	0	0	0	0	0	0	0	0	0	0	0
00.000,00.000	39.9	0	-200	0	4.5	3172.67	2043.5	676.019	258.779	101.54	51.5812	37.5817	3.66617	0	0	0	0	0	0	0	0	0	0	0	0	0
00.000,00.000	40	0	-200	0	4.5	3177.9	2048.13	676.092	259.256	101.54	51.5818	37.6063	3.68957	0	0	0	0	0	0	0	0	0	0	0	0	0
00.000,00.000	40.1	0	-200	0	4.5	3182.57	2052.1	676.307	259.713	101.54	51.5819	37.6257	3.7103	0	0	0	0	0	0	0	0	0	0	0	0	0
00.000,00.000	40.2	0	-200	0	4.5	3187.16	2055.95	676.527	260.189	101.54	51.5819	37.6422	3.73025	0	0	0	0	0	0	0	0	0	0	0	0	0
00.000,00.000	40.3	0	-200	0	4.5	3191.64	2059.69	676.747	260.674	101.54	51.5819	37.6583	3.74727	0	0	0	0	0	0	0	0	0	0	0	0	0
00.000,00.000	40.4	0	-200	0	4.5	3196.04	2063.34	676.967	261.177	101.54	51.5819	37.6729	3.76302	0	0	0	0	0	0	0	0	0	0	0	0	0
00.000,00.000	40.5	0	-200	0	4.5	3200.38	2066.91	677.187	261.697	101.54	51.5819	37.6856	3.77824	0	0	0	0	0	0	0	0	0	0	0	0	0
00.000,00.000	40.6	0	-200	0	4.5	3204.59	2070.34	677.405	262.232	101.54	51.5819	37.6956	3.79371	0	0	0	0	0	0	0	0	0	0	0	0	0
00.000,00.000	40.7	0	-200	0	4.5	3211.54	2075.96	677.768	263.163	101.54	51.5819	37.7094	3.81879	0	0	0	0	0	0	0	0	0	0	0	0	0
00.000,00.000	40.8	0	-200	0	4.5	3213.06	2077.18	677.85	263.371	101.54	51.5819	37.713	3.82424	0	0	0	0	0	0	0	0	0	0	0	0	0
00.000,00.000	40.9	0	-200	0	4.5	3218.13	2081.19	678.124	264.135	101.54	51.5819	37.7202	3.84173	0	0	0	0	0	0	0	0	0	0	0	0	0
00.000,00.000	41	0	-200	0	4.5	3222.53	2084.69	678.317	264.823	101.54	51.5819	37.7261	3.8564	0	0	0	0	0	0	0	0	0	0	0	0	0
00.000,00.000	41.1	0	-200	0	4.5	3226.15	2087.66	678.317	265.447	101.542	51.5819	37.7298	3.8691	0	0	0	0	0	0	0	0	0	0	0	0	0
00.000,00.000	41.2	0	-200	0	4.5	3229.7	2090.55	678.317	266.094	101.544	51.5819	37.733	3.88086	0	0	0	0	0	0	0	0	0	0	0	0	0
00.000,00.000	41.3	0	-200	0	4.5	3233.16	2093.33	678.317	266.756	101.548	51.5819	37.7356	3.89084	0	0	0	0	0	0	0	0	0	0	0	0	0
00.000,00.000	41.4	0	-200	0	4.5	3236.53	2096.01	678.317	267.433	101.554	51.5819	37.7373	3.90011	0	0	0	0	0	0	0	0	0	0	0	0	0
00.000,00.000	41.5	0	-200	0	4.5	3239.83	2098.59	678.317	268.129	101.561	51.5819	37.7381	3.90882	0	0	0	0	0	0	0	0	0	0	0	0	0
00.000,00.000	41.6	0	-200	0	4.5	3248.11	2105	678.317	269.964	101.587	51.5819	37.7385	3.92999	0	0	0	0	0	0	0	0	0	0	0	0	0
00.000,00.000	41.7	0	-200	0	4.5	3251.12	2107.3	678.317	270.646	101.6	51.5819	37.7385	3.93616	0	0	0	0	0	0	0	0	0	0	0	0	0
00.000,00.000	41.8	0	-200	0	4.5	3251.4	2107.51	678.317	270.716	101.601	51.5819	37.7385	3.93673	0	0	0	0	0	0	0	0	0	0	0	0	0
00.000,00.000	41.9	0	-200	0	4.5	3252.72	2108.48	678.317	271.06	101.612	51.5819	37.7385	3.93887	0	0	0	0	0	0	0	0	0	0	0	0	0
00.000,00.000	42	0	-200	0	4.5	3257.56	2111.93	678.317	272.375	101.658	51.5819	37.7385	3.96145	0	0	0	0	0	0	0	0	0	0	0	0	0