
label	time(d)	x	depth	z	radius	total	0-10	10-20	20-30	30-40	40-50	50-60	60-70	70-80	80-90	90-100	100-110	110-120	120-130	130-140	140-150	150-160	160-170	170-180	180-190	190-200
00.000,00.000	0	0	-200	0	4.5	0	0	0	0	0	0	0	0	0	0	0	0	0	0	0	0	0	0	0	0	0
00.000,00.000	0.1	0	-200	0	4.5	0.372517	0.372517	0	0	0	0	0	0	0	0	0	0	0	0	0	0	0	0	0	0	0
00.000,00.000	0.2	0	-200	0	4.5	0.749708	0.749708	0	0	0	0	0	0	0	0	0	0	0	0	0	0	0	0	0	0	0
00.000,00.000	0.3	0	-200	0	4.5	1.1318	1.1318	0	0	0	0	0	0	0	0	0	0	0	0	0	0	0	0	0	0	0
00.000,00.000	0.4	0	-200	0	4.5	1.5182	1.5182	0	0	0	0	0	0	0	0	0	0	0	0	0	0	0	0	0	0	0
00.000,00.000	0.5	0	-200	0	4.5	1.90745	1.90745	0	0	0	0	0	0	0	0	0	0	0	0	0	0	0	0	0	0	0
00.000,00.000	0.6	0	-200	0	4.5	2.29789	2.29789	0	0	0	0	0	0	0	0	0	0	0	0	0	0	0	0	0	0	0
00.000,00.000	0.7	0	-200	0	4.5	2.68996	2.68996	0	0	0	0	0	0	0	0	0	0	0	0	0	0	0	0	0	0	0
00.000,00.000	0.8	0	-200	0	4.5	3.08468	3.08468	0	0	0	0	0	0	0	0	0	0	0	0	0	0	0	0	0	0	0
00.000,00.000	0.9	0	-200	0	4.5	3.48288	3.48288	0	0	0	0	0	0	0	0	0	0	0	0	0	0	0	0	0	0	0
00.000,00.000	1	0	-200	0	4.5	3.88503	3.88503	0	0	0	0	0	0	0	0	0	0	0	0	0	0	0	0	0	0	0
00.000,00.000	1.1	0	-200	0	4.5	4.29513	4.29513	0	0	0	0	0	0	0	0	0	0	0	0	0	0	0	0	0	0	0
00.000,00.000	1.2	0	-200	0	4.5	4.71303	4.71303	0	0	0	0	0	0	0	0	0	0	0	0	0	0	0	0	0	0	0
00.000,00.000	1.3	0	-200	0	4.5	5.13866	5.13866	0	0	0	0	0	0	0	0	0	0	0	0	0	0	0	0	0	0	0
00.000,00.000	1.4	0	-200	0	4.5	5.57123	5.57123	0	0	0	0	0	0	0	0	0	0	0	0	0	0	0	0	0	0	0
00.000,00.000	1.5	0	-200	0	4.5	6.00991	6.00991	0	0	0	0	0	0	0	0	0	0	0	0	0	0	0	0	0	0	0
00.000,00.000	1.6	0	-200	0	4.5	6.45459	6.45459	0	0	0	0	0	0	0	0	0	0	0	0	0	0	0	0	0	0	0
00.000,00.000	1.7	0	-200	0	4.5	6.91098	6.91098	0	0	0	0	0	0	0	0	0	0	0	0	0	0	0	0	0	0	0
00.000,00.000	1.8	0	-200	0	4.5	7.37784	7.37647	0.00137391	0	0	0	0	0	0	0	0	0	0	0	0	0	0	0	0	0	0
00.000,00.000	1.9	0	-200	0	4.5	7.85539	7.58959	0.265799	0	0	0	0	0	0	0	0	0	0	0	0	0	0	0	0	0	0
00.000,00.000	2	0	-200	0	4.5	8.34506	7.81463	0.530431	0	0	0	0	0	0	0	0	0	0	0	0	0	0	0	0	0	0
00.000,00.000	2.1	0	-200	0	4.5	8.88133	8.0858	0.795532	0	0	0	0	0	0	0	0	0	0	0	0	0	0	0	0	0	0
00.000,00.000	2.2	0	-200	0	4.5	9.51469	8.4489	1.06579	0	0	0	0	0	0	0	0	0	0	0	0	0	0	0	0	0	0
00.000,00.000	2.3	0	-200	0	4.5	10.2385	8.89841	1.34011	0	0	0	0	0	0	0	0	0	0	0	0	0	0	0	0	0	0
00.000,00.000	2.4	0	-200	0	4.5	11.0475	9.43165	1.61586	0	0	0	0	0	0	0	0	0	0	0	0	0	0	0	0	0	0
00.000,00.000	2.5	0	-200	0	4.5	11.9393	10.0481	1.89122	0	0	0	0	0	0	0	0	0	0	0	0	0	0	0	0	0	0
00.000,00.000	2.6	0	-200	0	4.5	12.9126	10.7475	2.16518	0	0	0	0	0	0	0	0	0	0	0	0	0	0	0	0	0	0
00.000,00.000	2.7	0	-200	0	4.5	13.9687	11.5304	2.43829	0	0	0	0	0	0	0	0	0	0	0	0	0	0	0	0	0	0
00.000,00.000	2.8	0	-200	0	4.5	15.11	12.3988	2.71122	0	0	0	0	0	0	0	0	0	0	0	0	0	0	0	0	0	0
00.000,00.000	2.9	0	-200	0	4.5	16.3404	13.3559	2.9845	0	0	0	0	0	0	0	0	0	0	0	0	0	0	0	0	0	0
00.000,00.000	3	0	-200	0	4.5	17.6605	14.4019	3.25865	0	0	0	0	0	0	0	0	0	0	0	0	0	0	0	0	0	0
00.000,00.000	3.1	0	-200	0	4.5	19.0242	15.4904	3.53384	0	0	0	0	0	0	0	0	0	0	0	0	0	0	0	0	0	0
00.000,00.000	3.2	0	-200	0	4.5	20.3805	16.5717	3.80873	0	0	0	0	0	0	0	0	0	0	0	0	0	0	0	0	0	0
00.000,00.000	3.3	0	-200	0	4.5	21.7313	17.6479	4.08347	0	0	0	0	0	0	0	0	0	0	0	0	0	0	0	0	0	0
00.000,00.000	3.4	0	-200	0	4.5	23.0729	18.7155	4.35745	0	0	0	0	0	0	0	0	0	0	0	0	0	0	0	0	0	0
00.000,00.000	3.5	0	-200	0	4.5	24.4021	19.7724	4.62974	0	0	0	0	0	0	0	0	0	0	0	0	0	0	0	0	0	0
00.000,00.000	3.6	0	-200	0	4.5	25.7179	20.8177	4.90021	0	0	0	0	0	0	0	0	0	0	0	0	0	0	0	0	0	0
00.000,00.000	3.7	0	-200	0	4.5	27.0225	21.8535	5.169	0	0	0	0	0	0	0	0	0	0	0	0	0	0	0	0	0	0
00.000,00.000	3.8	0	-200	0	4.5	28.2379	22.8011	5.4368	0	0	0	0	0	0	0	0	0	0	0	0	0	0	0	0	0	0
00.000,00.000	3.9	0	-200	0	4.5	29.0301	23.3257	5.70448	0	0	0	0	0	0	0	0	0	0	0	0	0	0	0	0	0	0
00.000,00.000	4	0	-200	0	4.5	29.6556	23.6832	5.97236	0	0	0	0	0	0	0	0	0	0	0	0	0	0	0	0	0	0
00.000,00.000	4.1	0	-200	0	4.5	30.2748	24.0344	6.24034	0	0	0	0	0	0	0	0	0	0	0	0	0	0	0	0	0	0
00.000,00.000	4.2	0	-200	0	4.5	30.7776	24.2704	6.5072	0	0	0	0	0	0	0	0	0	0	0	0	0	0	0	0	0	0
00.000,00.000	4.3	0	-200	0	4.5	31.0967	24.3237	6.77298	0	0	0	0	0	0	0	0	0	0	0	0	0	0	0	0	0	0
00.000,00.000	4.4	0	-200	0	4.5	31.4091	24.3717	7.03733	0	0	0	0	0	0	0	0	0	0	0	0	0	0	0	0	0	0
00.000,00.000	4.5	0	-200	0	4.5	31.7124	24.4132	7.29918	0	0	0	0	0	0	0	0	0	0	0	0	0	0	0	0	0	0
00.000,00.000	4.6	0	-200	0	4.5	32.0071	24.4488	7.55834	0	0	0	0	0	0	0	0	0	0	0	0	0	0	0	0	0	0
00.000,00.000	4.7	0	-200	0	4.5	32.2944	24.4796	7.81486	0	0	0	0	0	0	0	0	0	0	0	0	0	0	0	0	0	0
00.000,00.000	4.8	0	-200	0	4.5	32.5742	24.5053	8.06886	0	0	0	0	0	0	0	0	0	0	0	0	0	0	0	0	0	0
00.000,00.000	4.9	0	-200	0	4.5	32.8472	24.5264	8.32085	0	0	0	0	0	0	0	0	0	0	0	0	0	0	0	0	0	0
00.000,00.000	5	0	-200	0	4.5	33.1151	24.544	8.57108	0	0	0	0	0	0	0	0	0	0	0	0	0	0	0	0	0	0
00.000,00.000	5.1	0	-200	0	4.5	33.381	24.5607	8.82031	0	0	0	0	0	0	0	0	0	0	0	0	0	0	0	0	0	0
00.000,00.000	5.2	0	-200	0	4.5	33.6501	24.5817	9.06843	0	0	0	0	0	0	0	0	0	0	0	0	0	0	0	0	0	0
00.000,00.000	5.3	0	-200	0	4.5	33.9214	24.6061	9.31534	0	0	0	0	0	0	0	0	0	0	0	0	0	0	0	0	0	0
00.000,00.000	5.4	0	-200	0	4.5	34.1952	24.6339	9.5613	0	0	0	0	0	0	0	0	0	0	0	0	0	0	0	0	0	0
00.000,00.000	5.5	0	-200	0	4.5	34.4708	24.665	9.80583	0	0	0	0	0	0	0	0	0	0	0	0	0	0	0	0	0	0
00.000,00.000	5.6	0	-200	0	4.5	34.7487	24.7001	10.0485	0	0	0	0	0	0	0	0	0	0	0	0	0	0	0	0	0	0
00.000,00.000	5.7	0	-200	0	4.5	35.0273	24.7382	10.1636	0.1255	0	0	0	0	0	0	0	0	0	0	0	0	0	0	0	0	0
00.000,00.000	5.8	0	-200	0	4.5	35.3073	24.7797	10.1636	0.364052	0	0	0	0	0	0	0	0	0	0	0	0	0	0	0	0	0
00.000,00.000	5.9	0	-200	0	4.5	35.591	24.8269	10.1636	0.600472	0	0	0	0	0	0	0	0	0	0	0	0	0	0	0	0	0
00.000,00.000	6	0	-200	0	4.5	35.8802	24.8815	10.1636	0.835071	0	0	0	0	0	0	0	0	0	0	0	0	0	0	0	0	0
00.000,00.000	6.1	0	-200	0	4.5	36.1763	24.9442	10.1637	1.06837	0	0	0	0	0	0	0	0	0	0	0	0	0	0	0	0	0
00.000,00.000	6.2	0	-200	0	4.5	36.4834	25.0175	10.1652	1.3007	0	0	0	0	0	0	0	0	0	0	0	0	0	0	0	0	0
00.000,00.000	6.3	0	-200	0	4.5	36.8001	25.1006	10.1669	1.53262	0	0	0	0	0	0	0	0	0	0	0	0	0	0	0	0	0
00.000,00.000	6.4	0	-200	0	4.5	37.1314	25.1971	10.1697	1.76464	0	0	0	0	0	0	0	0	0	0	0	0	0	0	0	0	0
00.000,00.000	6.5	0	-200	0	4.5	37.4808	25.3088	10.1757	1.99624	0	0	0	0	0	0	0	0	0	0	0	0	0	0	0	0	0
00.000,00.000	6.6	0	-200	0	4.5	37.8459	25.4364	10.1829	2.22669	0	0	0	0	0	0	0	0	0	0	0	0	0	0	0	0	0
00.000,00.000	6.7	0	-200	0	4.5	38.2316	25.5838	10.1919	2.45584	0	0	0	0	0	0	0	0	0	0	0	0	0	0	0	0	0
00.000,00.000	6.8	0	-200	0	4.5	38.6457	25.7583	10.2033	2.68417	0	0	0	0	0	0	0	0	0	0	0	0	0	0	0	0	0
00.000,00.000	6.9	0	-200	0	4.5	39.086	25.9562	10.218	2.91179	0	0	0	0	0	0	0	0	0	0	0	0	0	0	0	0	0
00.000,00.000	7	0	-200	0	4.5	39.5576	26.1835	10.235	3.13912	0	0	0	0	0	0	0	0	0	0	0	0	0	0	0	0	0
00.000,00.000	7.1	0	-200	0	4.5	40.0626	26.4412	10.2547	3.36676	0	0	0	0	0	0	0	0	0	0	0	0	0	0	0	0	0
00.000,00.000	7.2	0	-200	0	4.5	40.5986	26.7272	10.278	3.59337	0	0	0	0	0	0	0	0	0	0	0	0	0	0	0	0	0
00.000,00.000	7.3	0	-200	0	4.5	41.1666	27.0443	10.304	3.81826	0	0	0	0	0	0	0	0	0	0	0	0	0	0	0	0	0
00.000,00.000	7.4	0	-200	0	4.5	41.7652	27.3913	10.3329	4.04113	0	0	0	0	0	0	0	0	0	0	0	0	0	0	0	0	0
00.000,00.000	7.5	0	-200	0	4.5	42.3937	27.7675	10.3642	4.26193	0	0	0	0	0	0	0	0	0	0	0	0	0	0	0	0	0
00.000,00.000	7.6	0	-200	0	4.5	43.0522	28.1726	10.3992	4.48044	0	0	0	0	0	0	0	0	0	0	0	0	0	0	0	0	0
00.000,00.000	7.7	0	-200	0	4.5	43.7384	28.605	10.4368	4.69667	0	0	0	0	0	0	0	0	0	0	0	0	0	0	0	0	0
00.000,00.000	7.8	0	-200	0	4.5	44.4555	29.0676	10.4774	4.91049	0	0	0	0	0	0	0	0	0	0	0	0	0	0	0	0	0
00.000,00.000	7.9	0	-200	0	4.5	45.2031	29.559	10.522	5.1221	0	0	0	0	0	0	0	0	0	0	0	0	0	0	0	0	0
00.000,00.000	8	0	-200	0	4.5	45.9806	30.0788	10.5698	5.332	0	0	0	0	0	0	0	0	0	0	0	0	0	0	0	0	0
00.000,00.000	8.1	0	-200	0	4.5	46.7892	30.6279	10.6211	5.54025	0	0	0	0	0	0	0	0	0	0	0	0	0	0	0	0	0
00.000,00.000	8.2	0	-200	0	4.5	47.629	31.2054	10.6765	5.74707	0	0	0	0	0	0	0	0	0	0	0	0	0	0	0	0	0
00.000,00.000	8.3	0	-200	0	4.5	48.4986	31.8108	10.7353	5.9525	0	0	0	0	0	0	0	0	0	0	0	0	0	0	0	0	0
00.000,00.000	8.4	0	-200	0	4.5	49.397	32.4429	10.7977	6.15652	0	0	0	0	0	0	0	0	0	0	0	0	0	0	0	0	0
00.000,00.000	8.5	0	-200	0	4.5	50.3217	33.0994	10.8633	6.35899	0	0	0	0	0	0	0	0	0	0	0	0	0	0	0	0	0
00.000,00.000	8.6	0	-200	0	4.5	51.2727	33.7798	10.9331	6.55978	0	0	0	0	0	0	0	0	0	0	0	0	0	0	0	0	0
00.000,00.000	8.7	0	-200	0	4.5	52.2481	34.483	11.0062	6.7589	0	0	0	0	0	0	0	0	0	0	0	0	0	0	0	0	0
00.000,00.000	8.8	0	-200	0	4.5	53.2498	35.2106	11.0829	6.95636	0	0	0	0	0	0	0	0	0	0	0	0	0	0	0	0	0
00.000,00.000	8.9	0	-200	0	4.5	54.2819	35.9661	11.1635	7.15224	0	0	0	0	0	0	0	0	0	0	0	0	0	0	0	0	0
00.000,00.000	9	0	-200	0	4.5	55.346	36.7504	11.2489	7.34658	0	0	0	0	0	0	0	0	0	0	0	0	0	0	0	0	0
00.000,00.000	9.1	0	-200	0	4.5	56.447	37.5693	11.3382	7.53947	0	0	0	0	0	0	0	0	0	0	0	0	0	0	0	0	0
00.000,00.000	9.2	0	-200	0	4.5	57.6163	38.4513	11.4336	7.73145	0	0	0	0	0	0	0	0	0	0	0	0	0	0	0	0	0
00.000,00.000	9.3	0	-200	0	4.5	58.8401	39.3816	11.535	7.92344	0	0	0	0	0	0	0	0	0	0	0	0	0	0	0	0	0
00.000,00.000	9.4	0	-200	0	4.5	60.1179	40.3585	11.6429	8.11651	0	0	0	0	0	0	0	0	0	0	0	0	0	0	0	0	0
00.000,00.000	9.5	0	-200	0	4.5	61.4466	41.3795	11.7561	8.3109	0	0	0	0	0	0	0	0	0	0	0	0	0	0	0	0	0
00.000,00.000	9.6	0	-200	0	4.5	62.826	42.445	11.8748	8.50619	0	0	0	0	0	0	0	0	0	0	0	0	0	0	0	0	0
00.000,00.000	9.7	0	-200	0	4.5	64.2593	43.5582	11.999	8.70218	0	0	0	0	0	0	0	0	0	0	0	0	0	0	0	0	0
00.000,00.000	9.8	0	-200	0	4.5	65.7556	44.7257	12.1307	8.89908	0	0	0	0	0	0	0	0	0	0	0	0	0	0	0	0	0
00.000,00.000	9.9	0	-200	0	4.5	67.3232	45.9553	12.2702	9.09769	0	0	0	0	0	0	0	0	0	0	0	0	0	0	0	0	0
00.000,00.000	10	0	-200	0	4.5	68.9625	47.2453	12.4181	9.29912	0	0	0	0	0	0	0	0	0	0	0	0	0	0	0	0	0
00.000,00.000	10.1	0	-200	0	4.5	70.6772	48.5986	12.5746	9.50397	0	0	0	0	0	0	0	0	0	0	0	0	0	0	0	0	0
00.000,00.000	10.2	0	-200	0	4.5	72.4195	49.9763	12.735	9.70819	0	0	0	0	0	0	0	0	0	0	0	0	0	0	0	0	0
00.000,00.000	10.3	0	-200	0	4.5	74.2132	51.4008	12.9012	9.91122	0	0	0	0	0	0	0	0	0	0	0	0	0	0	0	0	0
00.000,00.000	10.4	0	-200	0	4.5	76.058	52.8725	13.0728	10.0184	0.0942418	0	0	0	0	0	0	0	0	0	0	0	0	0	0	0	0
00.000,00.000	10.5	0	-200	0	4.5	77.9475	54.3856	13.2499	10.0185	0.293405	0	0	0	0	0	0	0	0	0	0	0	0	0	0	0	0
00.000,00.000	10.6	0	-200	0	4.5	79.8778	55.9374	13.4318	10.0186	0.490035	0	0	0	0	0	0	0	0	0	0	0	0	0	0	0	0
00.000,00.000	10.7	0	-200	0	4.5	81.854	57.5322	13.6191	10.0186	0.684085	0	0	0	0	0	0	0	0	0	0	0	0	0	0	0	0
00.000,00.000	10.8	0	-200	0	4.5	83.8864	59.1787	13.8133	10.0186	0.875802	0	0	0	0	0	0	0	0	0	0	0	0	0	0	0	0
00.000,00.000	10.9	0	-200	0	4.5	85.9824	60.8839	14.0144	10.0186	1.06558	0	0	0	0	0	0	0	0	0	0	0	0	0	0	0	0
00.000,00.000	11	0	-200	0	4.5	88.1448	62.6494	14.2232	10.0186	1.25373	0	0	0	0	0	0	0	0	0	0	0	0	0	0	0	0
00.000,00.000	11.1	0	-200	0	4.5	90.369	64.4706	14.4394	10.0186	1.44044	0	0	0	0	0	0	0	0	0	0	0	0	0	0	0	0
00.000,00.000	11.2	0	-200	0	4.5	92.6505	66.3428	14.6624	10.0195	1.62575	0	0	0	0	0	0	0	0	0	0	0	0	0	0	0	0
00.000,00.000	11.3	0	-200	0	4.5	94.9932	68.2703	14.8924	10.0206	1.81	0	0	0	0	0	0	0	0	0	0	0	0	0	0	0	0
00.000,00.000	11.4	0	-200	0	4.5	97.3849	70.2411	15.1285	10.0222	1.99305	0	0	0	0	0	0	0	0	0	0	0	0	0	0	0	0
00.000,00.000	11.5	0	-200	0	4.5	99.8187	72.2504	15.3696	10.0244	2.1743	0	0	0	0	0	0	0	0	0	0	0	0	0	0	0	0
00.000,00.000	11.6	0	-200	0	4.5	102.293	74.296	15.6155	10.028	2.3535	0	0	0	0	0	0	0	0	0	0	0	0	0	0	0	0
00.000,00.000	11.7	0	-200	0	4.5	104.814	76.3843	15.8666	10.0324	2.53055	0	0	0	0	0	0	0	0	0	0	0	0	0	0	0	0
00.000,00.000	11.8	0	-200	0	4.5	107.384	78.5171	16.1232	10.0378	2.70586	0	0	0	0	0	0	0	0	0	0	0	0	0	0	0	0
00.000,00.000	11.9	0	-200	0	4.5	110.011	80.6731	16.414	10.0443	2.87963	0	0	0	0	0	0	0	0	0	0	0	0	0	0	0	0
00.000,00.000	12	0	-200	0	4.5	112.697	82.8798	16.7135	10.0518	3.05172	0	0	0	0	0	0	0	0	0	0	0	0	0	0	0	0
00.000,00.000	12.1	0	-200	0	4.5	115.433	85.1269	17.0218	10.0612	3.22261	0	0	0	0	0	0	0	0	0	0	0	0	0	0	0	0
00.000,00.000	12.2	0	-200	0	4.5	118.139	87.3369	17.3383	10.0716	3.39214	0	0	0	0	0	0	0	0	0	0	0	0	0	0	0	0
00.000,00.000	12.3	0	-200	0	4.5	120.878	89.5724	17.6624	10.0834	3.56022	0	0	0	0	0	0	0	0	0	0	0	0	0	0	0	0
00.000,00.000	12.4	0	-200	0	4.5	123.652	91.8321	17.9942	10.0986	3.72755	0	0	0	0	0	0	0	0	0	0	0	0	0	0	0	0
00.000,00.000	12.5	0	-200	0	4.5	126.449	94.1081	18.3319	10.1154	3.89393	0	0	0	0	0	0	0	0	0	0	0	0	0	0	0	0
00.000,00.000	12.6	0	-200	0	4.5	129.652	96.7117	18.7218	10.137	4.08141	0	0	0	0	0	0	0	0	0	0	0	0	0	0	0	0
00.000,00.000	12.7	0	-200	0	4.5	132.848	99.3064	19.1151	10.1607	4.2656	0	0	0	0	0	0	0	0	0	0	0	0	0	0	0	0
00.000,00.000	12.8	0	-200	0	4.5	135.536	101.486	19.4487	10.1835	4.41791	0	0	0	0	0	0	0	0	0	0	0	0	0	0	0	0
00.000,00.000	12.9	0	-200	0	4.5	138.561	103.876	19.8884	10.2113	4.58552	0	0	0	0	0	0	0	0	0	0	0	0	0	0	0	0
00.000,00.000	13	0	-200	0	4.5	141.561	105.753	20.8159	10.2414	4.75003	0	0	0	0	0	0	0	0	0	0	0	0	0	0	0	0
00.000,00.000	13.1	0	-200	0	4.5	144.562	107.648	21.7307	10.2738	4.90916	0	0	0	0	0	0	0	0	0	0	0	0	0	0	0	0
00.000,00.000	13.2	0	-200	0	4.5	147.589	109.562	22.651	10.3098	5.06626	0	0	0	0	0	0	0	0	0	0	0	0	0	0	0	0
00.000,00.000	13.3	0	-200	0	4.5	150.671	111.51	23.5874	10.3492	5.22391	0	0	0	0	0	0	0	0	0	0	0	0	0	0	0	0
00.000,00.000	13.4	0	-200	0	4.5	153.785	113.477	24.5334	10.3921	5.3819	0	0	0	0	0	0	0	0	0	0	0	0	0	0	0	0
00.000,00.000	13.5	0	-200	0	4.5	156.903	115.445	25.481	10.4379	5.53981	0	0	0	0	0	0	0	0	0	0	0	0	0	0	0	0
00.000,00.000	13.6	0	-200	0	4.5	160.155	117.492	26.4699	10.4887	5.70453	0	0	0	0	0	0	0	0	0	0	0	0	0	0	0	0
00.000,00.000	13.7	0	-200	0	4.5	163.462	119.568	27.4784	10.5436	5.87206	0	0	0	0	0	0	0	0	0	0	0	0	0	0	0	0
00.000,00.000	13.8	0	-200	0	4.5	166.395	121.403	28.3761	10.5956	6.02047	0	0	0	0	0	0	0	0	0	0	0	0	0	0	0	0
00.000,00.000	13.9	0	-200	0	4.5	169.575	123.39	29.3503	10.6546	6.18029	0	0	0	0	0	0	0	0	0	0	0	0	0	0	0	0
00.000,00.000	14	0	-200	0	4.5	172.759	125.385	30.3195	10.7162	6.33817	0	0	0	0	0	0	0	0	0	0	0	0	0	0	0	0
00.000,00.000	14.1	0	-200	0	4.5	175.917	127.35	31.29	10.7811	6.4955	0	0	0	0	0	0	0	0	0	0	0	0	0	0	0	0
00.000,00.000	14.2	0	-200	0	4.5	179.056	129.284	32.2657	10.851	6.65537	0	0	0	0	0	0	0	0	0	0	0	0	0	0	0	0
00.000,00.000	14.3	0	-200	0	4.5	182.108	131.148	33.2239	10.9229	6.81286	0	0	0	0	0	0	0	0	0	0	0	0	0	0	0	0
00.000,00.000	14.4	0	-200	0	4.5	185.109	132.966	34.1755	10.9979	6.96979	0	0	0	0	0	0	0	0	0	0	0	0	0	0	0	0
00.000,00.000	14.5	0	-200	0	4.5	190.253	136.046	35.8292	11.1348	7.24326	0	0	0	0	0	0	0	0	0	0	0	0	0	0	0	0
00.000,00.000	14.6	0	-200	0	4.5	194.142	138.326	37.1134	11.2463	7.45629	0	0	0	0	0	0	0	0	0	0	0	0	0	0	0	0
00.000,00.000	14.7	0	-200	0	4.5	197.177	140.221	37.9714	11.347	7.63757	0	0	0	0	0	0	0	0	0	0	0	0	0	0	0	0
00.000,00.000	14.8	0	-200	0	4.5	198.074	140.745	38.1927	11.3767	7.76043	0	0	0	0	0	0	0	0	0	0	0	0	0	0	0	0
00.000,00.000	14.9	0	-200	0	4.5	199.727	141.701	38.6016	11.4349	7.98888	0	0	0	0	0	0	0	0	0	0	0	0	0	0	0	0
00.000,00.000	15	0	-200	0	4.5	203.352	143.782	39.5083	11.5697	8.49168	0	0	0	0	0	0	0	0	0	0	0	0	0	0	0	0
00.000,00.000	15.1	0	-200	0	4.5	206.205	145.385	40.232	11.6817	8.90578	0	0	0	0	0	0	0	0	0	0	0	0	0	0	0	0
00.000,00.000	15.2	0	-200	0	4.5	208.616	146.715	40.8636	11.7845	9.25227	0	0	0	0	0	0	0	0	0	0	0	0	0	0	0	0
00.000,00.000	15.3	0	-200	0	4.5	210.94	147.959	41.4907	11.8926	9.59705	0	0	0	0	0	0	0	0	0	0	0	0	0	0	0	0
00.000,00.000	15.4	0	-200	0	4.5	213.227	149.171	42.1118	12.0044	9.93991	0	0	0	0	0	0	0	0	0	0	0	0	0	0	0	0
00.000,00.000	15.5	0	-200	0	4.5	218.526	151.963	43.56	12.2796	10.7234	0	0	0	0	0	0	0	0	0	0	0	0	0	0	0	0
00.000,00.000	15.6	0	-200	0	4.5	221.39	153.445	44.3479	12.4363	11.1612	0	0	0	0	0	0	0	0	0	0	0	0	0	0	0	0
00.000,00.000	15.7	0	-200	0	4.5	224.015	154.811	45.0488	12.5883	11.5672	0	0	0	0	0	0	0	0	0	0	0	0	0	0	0	0
00.000,00.000	15.8	0	-200	0	4.5	224.596	155.119	45.1955	12.6231	11.6578	0	0	0	0	0	0	0	0	0	0	0	0	0	0	0	0
00.000,00.000	15.9	0	-200	0	4.5	225.605	155.639	45.4609	12.688	11.817	0	0	0	0	0	0	0	0	0	0	0	0	0	0	0	0
00.000,00.000	16	0	-200	0	4.5	228.929	157.331	46.3438	12.9112	12.3433	0	0	0	0	0	0	0	0	0	0	0	0	0	0	0	0
00.000,00.000	16.1	0	-200	0	4.5	231.349	158.557	46.984	13.0806	12.7269	0	0	0	0	0	0	0	0	0	0	0	0	0	0	0	0
00.000,00.000	16.2	0	-200	0	4.5	233.352	159.567	47.5135	13.2271	13.0444	0	0	0	0	0	0	0	0	0	0	0	0	0	0	0	0
00.000,00.000	16.3	0	-200	0	4.5	235.332	160.561	48.0343	13.3777	13.3589	0	0	0	0	0	0	0	0	0	0	0	0	0	0	0	0
00.000,00.000	16.4	0	-200	0	4.5	237.302	161.547	48.5492	13.5336	13.6323	0.0399258	0	0	0	0	0	0	0	0	0	0	0	0	0	0	0
00.000,00.000	16.5	0	-200	0	4.5	245.931	165.853	50.6308	14.4355	14.4956	0.515606	0	0	0	0	0	0	0	0	0	0	0	0	0	0	0
00.000,00.000	16.6	0	-200	0	4.5	247.682	166.727	50.8798	14.7858	14.6546	0.635144	0	0	0	0	0	0	0	0	0	0	0	0	0	0	0
00.000,00.000	16.7	0	-200	0	4.5	248.881	167.325	51.0472	15.0278	14.7644	0.716488	0	0	0	0	0	0	0	0	0	0	0	0	0	0	0
00.000,00.000	16.8	0	-200	0	4.5	249.209	167.488	51.0924	15.0954	14.7948	0.73899	0	0	0	0	0	0	0	0	0	0	0	0	0	0	0
00.000,00.000	16.9	0	-200	0	4.5	249.467	167.614	51.127	15.1499	14.819	0.756804	0	0	0	0	0	0	0	0	0	0	0	0	0	0	0
00.000,00.000	17	0	-200	0	4.5	253.479	169.586	51.6546	16.0078	15.1969	1.03326	0	0	0	0	0	0	0	0	0	0	0	0	0	0	0
00.000,00.000	17.1	0	-200	0	4.5	256.087	170.867	51.995	16.5705	15.4428	1.21224	0	0	0	0	0	0	0	0	0	0	0	0	0	0	0
00.000,00.000	17.2	0	-200	0	4.5	257.93	171.771	52.2341	16.9711	15.6161	1.33751	0	0	0	0	0	0	0	0	0	0	0	0	0	0	0
00.000,00.000	17.3	0	-200	0	4.5	259.782	172.683	52.469	17.3771	15.7901	1.46233	0	0	0	0	0	0	0	0	0	0	0	0	0	0	0
00.000,00.000	17.4	0	-200	0	4.5	261.64	173.599	52.7032	17.7866	15.9649	1.58653	0	0	0	0	0	0	0	0	0	0	0	0	0	0	0
00.000,00.000	17.5	0	-200	0	4.5	273.316	179.404	54.1807	20.3763	17.0613	2.29369	0	0	0	0	0	0	0	0	0	0	0	0	0	0	0
00.000,00.000	17.6	0	-200	0	4.5	275.631	180.521	54.4809	20.899	17.2817	2.44852	0	0	0	0	0	0	0	0	0	0	0	0	0	0	0
00.000,00.000	17.7	0	-200	0	4.5	292.467	188.791	56.7302	24.6509	18.8456	3.44899	0	0	0	0	0	0	0	0	0	0	0	0	0	0	0
00.000,00.000	17.8	0	-200	0	4.5	296.324	190.716	57.1663	25.5305	19.2106	3.70046	0	0	0	0	0	0	0	0	0	0	0	0	0	0	0
00.000,00.000	17.9	0	-200	0	4.5	304.433	194.781	58.1865	27.315	19.9523	4.19778	0	0	0	0	0	0	0	0	0	0	0	0	0	0	0
00.000,00.000	18	0	-200	0	4.5	309.479	197.333	58.816	28.4201	20.3011	4.60896	0	0	0	0	0	0	0	0	0	0	0	0	0	0	0
00.000,00.000	18.1	0	-200	0	4.5	311.627	198.421	59.0979	28.8817	20.3581	4.86776	0	0	0	0	0	0	0	0	0	0	0	0	0	0	0
00.000,00.000	18.2	0	-200	0	4.5	313.586	199.418	59.3607	29.2975	20.412	5.0979	0	0	0	0	0	0	0	0	0	0	0	0	0	0	0
00.000,00.000	18.3	0	-200	0	4.5	315.567	200.429	59.6319	29.7127	20.4625	5.33122	0	0	0	0	0	0	0	0	0	0	0	0	0	0	0
00.000,00.000	18.4	0	-200	0	4.5	317.577	201.457	59.9123	30.1293	20.5064	5.57201	0	0	0	0	0	0	0	0	0	0	0	0	0	0	0
00.000,00.000	18.5	0	-200	0	4.5	333.716	209.804	62.2714	33.4669	20.8321	7.34161	0	0	0	0	0	0	0	0	0	0	0	0	0	0	0
00.000,00.000	18.6	0	-200	0	4.5	336.883	211.22	63.1005	34.149	20.8937	7.51972	0	0	0	0	0	0	0	0	0	0	0	0	0	0	0
00.000,00.000	18.7	0	-200	0	4.5	357.604	218.961	69.7364	37.4979	22.717	8.69147	0	0	0	0	0	0	0	0	0	0	0	0	0	0	0
00.000,00.000	18.8	0	-200	0	4.5	362.074	220.666	71.2151	37.9825	23.2206	8.98994	0	0	0	0	0	0	0	0	0	0	0	0	0	0	0
00.000,00.000	18.9	0	-200	0	4.5	372.315	224.444	74.6284	39.2393	24.3675	9.63639	0	0	0	0	0	0	0	0	0	0	0	0	0	0	0
00.000,00.000	19	0	-200	0	4.5	377.818	226.514	76.4552	39.8815	24.9808	9.98619	0	0	0	0	0	0	0	0	0	0	0	0	0	0	0
00.000,00.000	19.1	0	-200	0	4.5	379.648	227.27	76.9273	40.1324	25.2082	10.1096	0	0	0	0	0	0	0	0	0	0	0	0	0	0	0
00.000,00.000	19.2	0	-200	0	4.5	381.275	227.961	77.3104	40.3645	25.4199	10.2196	0	0	0	0	0	0	0	0	0	0	0	0	0	0	0
00.000,00.000	19.3	0	-200	0	4.5	382.939	228.667	77.7006	40.604	25.6385	10.3292	0	0	0	0	0	0	0	0	0	0	0	0	0	0	0
00.000,00.000	19.4	0	-200	0	4.5	384.658	229.394	78.1018	40.8532	25.8693	10.4394	0	0	0	0	0	0	0	0	0	0	0	0	0	0	0
00.000,00.000	19.5	0	-200	0	4.5	389.308	231.358	79.1863	41.5322	26.5004	10.6326	0.0981214	0	0	0	0	0	0	0	0	0	0	0	0	0	0
00.000,00.000	19.6	0	-200	0	4.5	397.163	234.776	81.0565	42.7363	27.6074	10.6421	0.344356	0	0	0	0	0	0	0	0	0	0	0	0	0	0
00.000,00.000	19.7	0	-200	0	4.5	398.504	235.383	81.3783	42.9503	27.8056	10.6421	0.344356	0	0	0	0	0	0	0	0	0	0	0	0	0	0
00.000,00.000	19.8	0	-200	0	4.5	404.059	237.93	82.6575	43.8536	28.6319	10.6421	0.344356	0	0	0	0	0	0	0	0	0	0	0	0	0	0
00.000,00.000	19.9	0	-200	0	4.5	405.471	238.59	82.9567	44.0876	28.8503	10.6421	0.344356	0	0	0	0	0	0	0	0	0	0	0	0	0	0
00.000,00.000	20	0	-200	0	4.5	405.994	238.835	83.0699	44.1737	28.9294	10.6421	0.344356	0	0	0	0	0	0	0	0	0	0	0	0	0	0
00.000,00.000	20.1	0	-200	0	4.5	412.228	241.776	84.4222	45.1882	29.8549	10.6421	0.344356	0	0	0	0	0	0	0	0	0	0	0	0	0	0
00.000,00.000	20.2	0	-200	0	4.5	415.658	243.425	85.1288	45.7478	30.3701	10.6423	0.344356	0	0	0	0	0	0	0	0	0	0	0	0	0	0
00.000,00.000	20.3	0	-200	0	4.5	417.765	244.447	85.5651	46.0853	30.6795	10.6434	0.344356	0	0	0	0	0	0	0	0	0	0	0	0	0	0
00.000,00.000	20.4	0	-200	0	4.5	419.967	245.527	86.0149	46.4357	31.0007	10.6444	0.344356	0	0	0	0	0	0	0	0	0	0	0	0	0	0
00.000,00.000	20.5	0	-200	0	4.5	432.269	251.501	88.6581	48.3584	32.7553	10.6521	0.344356	0	0	0	0	0	0	0	0	0	0	0	0	0	0
00.000,00.000	20.6	0	-200	0	4.5	442.067	256.243	90.8181	49.8781	34.1236	10.6604	0.344356	0	0	0	0	0	0	0	0	0	0	0	0	0	0
00.000,00.000	20.7	0	-200	0	4.5	443.497	256.937	91.1317	50.1024	34.3199	10.662	0.344356	0	0	0	0	0	0	0	0	0	0	0	0	0	0
00.000,00.000	20.8	0	-200	0	4.5	444.819	257.586	91.4154	50.3062	34.5036	10.6638	0.344356	0	0	0	0	0	0	0	0	0	0	0	0	0	0
00.000,00.000	20.9	0	-200	0	4.5	445.097	257.723	91.4748	50.3488	34.5418	10.6642	0.344356	0	0	0	0	0	0	0	0	0	0	0	0	0	0
00.000,00.000	21	0	-200	0	4.5	445.5	257.923	91.5609	50.4099	34.5971	10.6649	0.344356	0	0	0	0	0	0	0	0	0	0	0	0	0	0
00.000,00.000	21.1	0	-200	0	4.5	462.256	266.299	95.1183	52.9123	36.8835	10.6993	0.344356	0	0	0	0	0	0	0	0	0	0	0	0	0	0
00.000,00.000	21.2	0	-200	0	4.5	469.793	270.067	96.7214	54.0403	37.9044	10.7161	0.344356	0	0	0	0	0	0	0	0	0	0	0	0	0	0
00.000,00.000	21.3	0	-200	0	4.5	472.724	271.541	97.3464	54.4686	38.3002	10.7234	0.344356	0	0	0	0	0	0	0	0	0	0	0	0	0	0
00.000,00.000	21.4	0	-200	0	4.5	475.802	273.096	98.0014	54.9127	38.7154	10.7317	0.344356	0	0	0	0	0	0	0	0	0	0	0	0	0	0
00.000,00.000	21.5	0	-200	0	4.5	503.652	287.07	103.888	59.0942	41.848	11.4068	0.344356	0	0	0	0	0	0	0	0	0	0	0	0	0	0
00.000,00.000	21.6	0	-200	0	4.5	509.535	289.928	105.141	60.0624	42.4305	11.6285	0.344356	0	0	0	0	0	0	0	0	0	0	0	0	0	0
00.000,00.000	21.7	0	-200	0	4.5	527.719	298.842	108.992	62.9873	44.2596	12.294	0.344356	0	0	0	0	0	0	0	0	0	0	0	0	0	0
00.000,00.000	21.8	0	-200	0	4.5	560.429	314.756	116.524	67.69	47.65	13.4642	0.344356	0	0	0	0	0	0	0	0	0	0	0	0	0	0
00.000,00.000	21.9	0	-200	0	4.5	566.216	317.52	117.937	68.4033	48.3411	13.6706	0.344356	0	0	0	0	0	0	0	0	0	0	0	0	0	0
00.000,00.000	22	0	-200	0	4.5	566.578	317.695	118.025	68.4493	48.3818	13.6833	0.344356	0	0	0	0	0	0	0	0	0	0	0	0	0	0
00.000,00.000	22.1	0	-200	0	4.5	590.19	328.856	123.914	71.4873	51.0657	14.5232	0.344356	0	0	0	0	0	0	0	0	0	0	0	0	0	0
00.000,00.000	22.2	0	-200	0	4.5	599.604	333.138	126.397	72.656	52.1856	14.8826	0.344356	0	0	0	0	0	0	0	0	0	0	0	0	0	0
00.000,00.000	22.3	0	-200	0	4.5	602.998	334.669	127.295	73.0816	52.6012	15.0073	0.344356	0	0	0	0	0	0	0	0	0	0	0	0	0	0
00.000,00.000	22.4	0	-200	0	4.5	606.567	336.283	128.233	73.5339	53.0341	15.138	0.344356	0	0	0	0	0	0	0	0	0	0	0	0	0	0
00.000,00.000	22.5	0	-200	0	4.5	634.375	348.472	135.724	77.0354	56.6443	16.1554	0.344356	0	0	0	0	0	0	0	0	0	0	0	0	0	0
00.000,00.000	22.6	0	-200	0	4.5	640.016	350.439	137.66	77.8302	57.3703	16.3725	0.344356	0	0	0	0	0	0	0	0	0	0	0	0	0	0
00.000,00.000	22.7	0	-200	0	4.5	666.777	360.111	146.575	81.3848	60.991	17.3715	0.344356	0	0	0	0	0	0	0	0	0	0	0	0	0	0
00.000,00.000	22.8	0	-200	0	4.5	674.295	362.932	148.865	82.4912	61.9992	17.6627	0.344372	0	0	0	0	0	0	0	0	0	0	0	0	0	0
00.000,00.000	22.9	0	-200	0	4.5	705.994	375.215	158.26	86.8628	66.435	18.8731	0.348397	0	0	0	0	0	0	0	0	0	0	0	0	0	0
00.000,00.000	23	0	-200	0	4.5	713.191	377.952	160.554	87.7595	67.4177	19.1586	0.349174	0	0	0	0	0	0	0	0	0	0	0	0	0	0
00.000,00.000	23.1	0	-200	0	4.5	731.027	385.339	165.691	90.0462	69.7957	19.8035	0.352119	0	0	0	0	0	0	0	0	0	0	0	0	0	0
00.000,00.000	23.2	0	-200	0	4.5	739.588	388.923	168.138	91.1442	70.9197	20.1101	0.353764	0	0	0	0	0	0	0	0	0	0	0	0	0	0
00.000,00.000	23.3	0	-200	0	4.5	743.872	390.784	169.325	91.679	71.4733	20.2563	0.354738	0	0	0	0	0	0	0	0	0	0	0	0	0	0
00.000,00.000	23.4	0	-200	0	4.5	748.377	392.792	170.563	92.2344	72.024	20.4075	0.3559	0	0	0	0	0	0	0	0	0	0	0	0	0	0
00.000,00.000	23.5	0	-200	0	4.5	778.717	406.553	178.731	95.9996	75.6559	21.412	0.36469	0	0	0	0	0	0	0	0	0	0	0	0	0	0
00.000,00.000	23.6	0	-200	0	4.5	785.17	409.554	180.373	96.8368	76.4161	21.6232	0.366705	0	0	0	0	0	0	0	0	0	0	0	0	0	0
00.000,00.000	23.7	0	-200	0	4.5	805.561	419.331	185.485	99.419	78.6956	22.2575	0.373562	0	0	0	0	0	0	0	0	0	0	0	0	0	0
00.000,00.000	23.8	0	-200	0	4.5	815.73	424.3	187.892	100.737	79.8485	22.5741	0.377194	0	0	0	0	0	0	0	0	0	0	0	0	0	0
00.000,00.000	23.9	0	-200	0	4.5	852.174	442.312	196.634	105.23	83.935	23.3597	0.703054	0	0	0	0	0	0	0	0	0	0	0	0	0	0
00.000,00.000	24	0	-200	0	4.5	859.99	446.274	198.439	106.121	84.859	23.4506	0.845767	0	0	0	0	0	0	0	0	0	0	0	0	0	0
00.000,00.000	24.1	0	-200	0	4.5	884.447	458.888	204.103	108.878	87.5792	23.7421	1.25654	0	0	0	0	0	0	0	0	0	0	0	0	0	0
00.000,00.000	24.2	0	-200	0	4.5	896.402	465.207	206.746	110.135	88.9679	23.885	1.46074	0	0	0	0	0	0	0	0	0	0	0	0	0	0
00.000,00.000	24.3	0	-200	0	4.5	902.601	468.481	208.172	110.785	89.6459	23.9585	1.55905	0	0	0	0	0	0	0	0	0	0	0	0	0	0
00.000,00.000	24.4	0	-200	0	4.5	909.088	471.931	209.669	111.449	90.3452	24.035	1.6586	0	0	0	0	0	0	0	0	0	0	0	0	0	0
00.000,00.000	24.5	0	-200	0	4.5	943.429	490.173	217.556	115.08	94.0061	24.442	2.17143	0	0	0	0	0	0	0	0	0	0	0	0	0	0
00.000,00.000	24.6	0	-200	0	4.5	950.903	494.239	219.145	115.869	94.8359	24.5293	2.28456	0	0	0	0	0	0	0	0	0	0	0	0	0	0
00.000,00.000	24.7	0	-200	0	4.5	976	507.796	224.772	118.456	97.4953	24.8376	2.64339	0	0	0	0	0	0	0	0	0	0	0	0	0	0
00.000,00.000	24.8	0	-200	0	4.5	981.757	510.916	226.058	119.021	98.1257	24.91	2.72651	0	0	0	0	0	0	0	0	0	0	0	0	0	0
00.000,00.000	24.9	0	-200	0	4.5	1015.07	528.956	233.735	122.229	101.636	25.3286	3.1818	0	0	0	0	0	0	0	0	0	0	0	0	0	0
00.000,00.000	25	0	-200	0	4.5	1024.93	534.359	235.984	123.1	102.713	25.4535	3.31619	0	0	0	0	0	0	0	0	0	0	0	0	0	0
00.000,00.000	25.1	0	-200	0	4.5	1049.71	547.918	241.784	125.273	105.318	25.774	3.64212	0	0	0	0	0	0	0	0	0	0	0	0	0	0
00.000,00.000	25.2	0	-200	0	4.5	1063.26	555.389	244.932	126.405	106.756	25.954	3.82025	0	0	0	0	0	0	0	0	0	0	0	0	0	0
00.000,00.000	25.3	0	-200	0	4.5	1071.03	559.662	246.755	127.06	107.569	26.0601	3.92022	0	0	0	0	0	0	0	0	0	0	0	0	0	0
00.000,00.000	25.4	0	-200	0	4.5	1078.96	564.026	248.624	127.715	108.4	26.1705	4.021	0	0	0	0	0	0	0	0	0	0	0	0	0	0
00.000,00.000	25.5	0	-200	0	4.5	1098.91	574.926	253.402	129.371	110.481	26.4567	4.27353	0	0	0	0	0	0	0	0	0	0	0	0	0	0
00.000,00.000	25.6	0	-200	0	4.5	1134.13	593.268	262.322	132.484	114.304	27.0101	4.74112	0	0	0	0	0	0	0	0	0	0	0	0	0	0
00.000,00.000	25.7	0	-200	0	4.5	1140.19	596.291	263.955	133.076	114.93	27.1102	4.8243	0	0	0	0	0	0	0	0	0	0	0	0	0	0
00.000,00.000	25.8	0	-200	0	4.5	1163.79	608.266	270.176	135.266	117.419	27.517	5.14622	0	0	0	0	0	0	0	0	0	0	0	0	0	0
00.000,00.000	25.9	0	-200	0	4.5	1170.38	611.621	271.923	135.886	118.071	27.6351	5.24372	0	0	0	0	0	0	0	0	0	0	0	0	0	0
00.000,00.000	26	0	-200	0	4.5	1172.98	612.954	272.612	136.123	118.323	27.6837	5.28078	0	0	0	0	0	0	0	0	0	0	0	0	0	0
00.000,00.000	26.1	0	-200	0	4.5	1191.33	622.324	277.55	137.735	120.145	28.0342	5.53611	0	0	0	0	0	0	0	0	0	0	0	0	0	0
00.000,00.000	26.2	0	-200	0	4.5	1202.34	627.948	280.547	138.676	121.223	28.2496	5.69216	0	0	0	0	0	0	0	0	0	0	0	0	0	0
00.000,00.000	26.3	0	-200	0	4.5	1209.86	631.813	282.602	139.328	121.967	28.4027	5.74573	0	0	0	0	0	0	0	0	0	0	0	0	0	0
00.000,00.000	26.4	0	-200	0	4.5	1217.36	635.678	284.676	139.97	122.715	28.5614	5.75731	0	0	0	0	0	0	0	0	0	0	0	0	0	0
00.000,00.000	26.5	0	-200	0	4.5	1243.22	648.843	291.951	142.145	125.329	29.1325	5.8243	0	0	0	0	0	0	0	0	0	0	0	0	0	0
00.000,00.000	26.6	0	-200	0	4.5	1249.36	651.946	293.715	142.637	125.921	29.3052	5.83404	0	0	0	0	0	0	0	0	0	0	0	0	0	0
00.000,00.000	26.7	0	-200	0	4.5	1263.14	658.924	297.682	143.739	127.278	29.6711	5.85036	0	0	0	0	0	0	0	0	0	0	0	0	0	0
00.000,00.000	26.8	0	-200	0	4.5	1267.91	661.317	299.079	144.088	127.747	29.8184	5.85776	0	0	0	0	0	0	0	0	0	0	0	0	0	0
00.000,00.000	26.9	0	-200	0	4.5	1315.69	685.354	312.952	147.728	132.547	31.1936	5.91692	0	0	0	0	0	0	0	0	0	0	0	0	0	0
00.000,00.000	27	0	-200	0	4.5	1327.29	691.355	316.218	148.547	133.692	31.545	5.93672	0	0	0	0	0	0	0	0	0	0	0	0	0	0
00.000,00.000	27.1	0	-200	0	4.5	1353.88	704.892	323.962	150.398	136.314	32.3451	5.97269	0	0	0	0	0	0	0	0	0	0	0	0	0	0
00.000,00.000	27.2	0	-200	0	4.5	1367.59	711.955	327.944	151.285	137.64	32.7731	5.99444	0	0	0	0	0	0	0	0	0	0	0	0	0	0
00.000,00.000	27.3	0	-200	0	4.5	1374.73	715.612	330.029	151.758	138.324	32.9979	6.00468	0	0	0	0	0	0	0	0	0	0	0	0	0	0
00.000,00.000	27.4	0	-200	0	4.5	1381.87	719.292	332.106	152.221	139.01	33.2289	6.01492	0	0	0	0	0	0	0	0	0	0	0	0	0	0
00.000,00.000	27.5	0	-200	0	4.5	1411.91	734.781	340.835	154.093	141.911	34.2296	6.05847	0	0	0	0	0	0	0	0	0	0	0	0	0	0
00.000,00.000	27.6	0	-200	0	4.5	1418.76	738.405	342.791	154.467	142.555	34.4696	6.07084	0	0	0	0	0	0	0	0	0	0	0	0	0	0
00.000,00.000	27.7	0	-200	0	4.5	1423.32	740.823	344.09	154.72	142.985	34.6278	6.07824	0	0	0	0	0	0	0	0	0	0	0	0	0	0
00.000,00.000	27.8	0	-200	0	4.5	1436.43	747.762	347.812	155.443	144.219	35.0905	6.0995	0	0	0	0	0	0	0	0	0	0	0	0	0	0
00.000,00.000	27.9	0	-200	0	4.5	1466.09	763.709	355.988	157.065	147.007	36.1703	6.14783	0	0	0	0	0	0	0	0	0	0	0	0	0	0
00.000,00.000	28	0	-200	0	4.5	1472.52	767.209	357.729	157.397	147.604	36.4214	6.15987	0	0	0	0	0	0	0	0	0	0	0	0	0	0
00.000,00.000	28.1	0	-200	0	4.5	1490.37	776.886	362.625	158.319	149.259	37.0915	6.18981	0	0	0	0	0	0	0	0	0	0	0	0	0	0
00.000,00.000	28.2	0	-200	0	4.5	1501.09	782.693	365.554	158.861	150.254	37.5136	6.20957	0	0	0	0	0	0	0	0	0	0	0	0	0	0
00.000,00.000	28.3	0	-200	0	4.5	1508.03	786.511	367.421	159.204	150.885	37.7855	6.22188	0	0	0	0	0	0	0	0	0	0	0	0	0	0
00.000,00.000	28.4	0	-200	0	4.5	1514.96	790.358	369.264	159.538	151.508	38.0579	6.23417	0	0	0	0	0	0	0	0	0	0	0	0	0	0
00.000,00.000	28.5	0	-200	0	4.5	1526.71	796.931	372.341	160.1	152.564	38.5174	6.2555	0	0	0	0	0	0	0	0	0	0	0	0	0	0
00.000,00.000	28.6	0	-200	0	4.5	1563.15	817.464	381.664	161.92	155.798	39.9834	6.3231	0	0	0	0	0	0	0	0	0	0	0	0	0	0
00.000,00.000	28.7	0	-200	0	4.5	1570.3	821.465	383.52	162.312	156.374	40.2896	6.33844	0	0	0	0	0	0	0	0	0	0	0	0	0	0
00.000,00.000	28.8	0	-200	0	4.5	1586.78	830.866	387.527	163.206	157.721	40.985	6.37059	0	0.10404	0	0	0	0	0	0	0	0	0	0	0	0
00.000,00.000	28.9	0	-200	0	4.5	1591.42	833.467	388.626	163.449	158.081	41.1839	6.38084	0	0.235195	0	0	0	0	0	0	0	0	0	0	0	0
00.000,00.000	29	0	-200	0	4.5	1603.87	840.702	391.493	164.098	159.045	41.7178	6.4066	0	0.408303	0	0	0	0	0	0	0	0	0	0	0	0
00.000,00.000	29.1	0	-200	0	4.5	1618.95	849.494	394.93	164.88	160.187	42.3713	6.43908	0	0.652143	0	0	0	0	0	0	0	0	0	0	0	0
00.000,00.000	29.2	0	-200	0	4.5	1627.24	854.332	396.81	165.311	160.82	42.7179	6.45738	0	0.786729	0	0	0	0	0	0	0	0	0	0	0	0
00.000,00.000	29.3	0	-200	0	4.5	1633.87	858.232	398.281	165.659	161.328	42.9989	6.47241	0	0.894036	0	0	0	0	0	0	0	0	0	0	0	0
00.000,00.000	29.4	0	-200	0	4.5	1640.48	862.166	399.715	166.002	161.831	43.2816	6.48748	0	1.00037	0	0	0	0	0	0	0	0	0	0	0	0
00.000,00.000	29.5	0	-200	0	4.5	1648.71	867.082	401.459	166.428	162.456	43.6403	6.50699	0	1.13394	0	0	0	0	0	0	0	0	0	0	0	0
00.000,00.000	29.6	0	-200	0	4.5	1683.51	887.954	408.672	168.236	165.114	45.2302	6.59399	0	1.7053	0	0	0	0	0	0	0	0	0	0	0	0
00.000,00.000	29.7	0	-200	0	4.5	1690.39	891.956	410.209	168.594	165.639	45.5526	6.61452	0	1.82238	0	0	0	0	0	0	0	0	0	0	0	0
00.000,00.000	29.8	0	-200	0	4.5	1704.24	900.011	413.213	169.323	166.722	46.2507	6.65558	0	2.06433	0	0	0	0	0	0	0	0	0	0	0	0
00.000,00.000	29.9	0	-200	0	4.5	1707.78	901.992	414.046	169.513	166.999	46.4358	6.66764	0	2.13016	0	0	0	0	0	0	0	0	0	0	0	0
00.000,00.000	30	0	-200	0	4.5	1715.3	906.314	415.689	169.915	167.587	46.8322	6.69266	0	2.26626	0	0	0	0	0	0	0	0	0	0	0	0
00.000,00.000	30.1	0	-200	0	4.5	1726.89	912.897	418.255	170.556	168.519	47.4491	6.7338	0	2.48491	0	0	0	0	0	0	0	0	0	0	0	0
00.000,00.000	30.2	0	-200	0	4.5	1733.34	916.547	419.68	170.913	169.038	47.7976	6.75863	0	2.60846	0	0	0	0	0	0	0	0	0	0	0	0
00.000,00.000	30.3	0	-200	0	4.5	1738.32	919.402	420.753	171.181	169.434	48.0688	6.77822	0	2.70304	0	0	0	0	0	0	0	0	0	0	0	0
00.000,00.000	30.4	0	-200	0	4.5	1743.25	922.257	421.798	171.441	169.82	48.338	6.79823	0	2.79664	0	0	0	0	0	0	0	0	0	0	0	0
00.000,00.000	30.5	0	-200	0	4.5	1748.26	925.176	422.844	171.703	170.212	48.6162	6.81961	0	2.89371	0	0	0	0	0	0	0	0	0	0	0	0
00.000,00.000	30.6	0	-200	0	4.5	1771.25	938.736	427.498	172.871	171.982	49.9053	6.92042	0	3.3374	0	0	0	0	0	0	0	0	0	0	0	0
00.000,00.000	30.7	0	-200	0	4.5	1779.54	943.679	429.157	173.292	172.596	50.3555	6.96065	0	3.50051	0	0	0	0	0	0	0	0	0	0	0	0
00.000,00.000	30.8	0	-200	0	4.5	1780.08	944.008	429.261	173.319	172.636	50.3846	6.96338	0	3.51104	0	0	0	0	0	0	0	0	0	0	0	0
00.000,00.000	30.9	0	-200	0	4.5	1780.67	944.372	429.372	173.347	172.678	50.4162	6.96646	0	3.52243	0	0	0	0	0	0	0	0	0	0	0	0
00.000,00.000	31	0	-200	0	4.5	1786.03	947.709	430.365	173.591	173.047	50.7002	6.9968	0	3.62586	0	0	0	0	0	0	0	0	0	0	0	0
00.000,00.000	31.1	0	-200	0	4.5	1797.4	954.762	432.44	174.096	173.818	51.3317	7.1101	0	3.63433	0.210186	0	0	0	0	0	0	0	0	0	0	0
00.000,00.000	31.2	0	-200	0	4.5	1803.5	958.615	433.507	174.357	174.212	51.675	7.1786	0	3.62125	0.338496	0	0	0	0	0	0	0	0	0	0	0
00.000,00.000	31.3	0	-200	0	4.5	1808.07	961.579	434.273	174.538	174.482	51.9285	7.22905	0	3.62125	0.421884	0	0	0	0	0	0	0	0	0	0	0
00.000,00.000	31.4	0	-200	0	4.5	1812.68	964.594	435.049	174.711	174.74	52.1794	7.27961	0	3.62125	0.503882	0	0	0	0	0	0	0	0	0	0	0
00.000,00.000	31.5	0	-200	0	4.5	1827.35	974.352	437.464	175.233	175.535	52.9379	7.44109	0	3.62125	0.764237	0	0	0	0	0	0	0	0	0	0	0
00.000,00.000	31.6	0	-200	0	4.5	1848.06	988.305	440.788	175.938	176.596	54.0157	7.67116	0	3.62125	1.12819	0	0	0	0	0	0	0	0	0	0	0
00.000,00.000	31.7	0	-200	0	4.5	1851.17	990.414	441.273	176.043	176.748	54.1761	7.70713	0	3.62125	1.18261	0	0	0	0	0	0	0	0	0	0	0
00.000,00.000	31.8	0	-200	0	4.5	1874.61	1006.77	444.766	176.753	177.779	55.3805	7.9694	0	3.62125	1.57567	0	0	0	0	0	0	0	0	0	0	0
00.000,00.000	31.9	0	-200	0	4.5	1881.17	1011.52	445.559	176.96	178.049	55.7289	8.04841	0	3.62125	1.69025	0	0	0	0	0	0	0	0	0	0	0
00.000,00.000	32	0	-200	0	4.5	1882.67	1012.62	445.734	177.001	178.106	55.8046	8.06579	0	3.62125	1.71442	0	0	0	0	0	0	0	0	0	0	0
00.000,00.000	32.1	0	-200	0	4.5	1892.08	1019.64	446.826	177.241	178.45	56.2734	8.17369	0	3.62125	1.86244	0	0	0	0	0	0	0	0	0	0	0
00.000,00.000	32.2	0	-200	0	4.5	1898.26	1024.32	447.483	177.393	178.663	56.58	8.24565	0	3.62125	1.95879	0	0	0	0	0	0	0	0	0	0	0
00.000,00.000	32.3	0	-200	0	4.5	1902.94	1027.9	447.968	177.498	178.816	56.8086	8.29998	0	3.62125	2.02967	0	0	0	0	0	0	0	0	0	0	0
00.000,00.000	32.4	0	-200	0	4.5	1907.63	1031.53	448.432	177.597	178.959	57.0358	8.35485	0	3.62125	2.09958	0	0	0	0	0	0	0	0	0	0	0
00.000,00.000	32.5	0	-200	0	4.5	1914.68	1037.1	449.089	177.734	179.121	57.3733	8.43804	0	3.62125	2.20381	0	0	0	0	0	0	0	0	0	0	0
00.000,00.000	32.6	0	-200	0	4.5	1940.74	1057.97	451.307	178.199	179.669	58.6038	8.78799	0	3.62125	2.58114	0	0	0	0	0	0	0	0	0	0	0
00.000,00.000	32.7	0	-200	0	4.5	1962.02	1075.14	453.055	178.558	180.054	59.6186	9.08071	0	3.62125	2.88645	0	0	0	0	0	0	0	0	0	0	0
00.000,00.000	32.8	0	-200	0	4.5	1963.59	1076.43	453.181	178.585	180.074	59.6874	9.10359	0	3.62125	2.90949	0	0	0	0	0	0	0	0	0	0	0
00.000,00.000	32.9	0	-200	0	4.5	1965.13	1077.71	453.293	178.606	180.093	59.7556	9.12545	0	3.62125	2.93096	0	0	0	0	0	0	0	0	0	0	0
00.000,00.000	33	0	-200	0	4.5	1984.33	1093.66	454.654	178.857	180.341	60.616	9.39156	0	3.62125	3.19039	0	0	0	0	0	0	0	0	0	0	0
00.000,00.000	33.1	0	-200	0	4.5	1993.4	1101.3	455.28	178.972	180.438	60.9676	9.50831	0	3.62125	3.31546	0	0	0	0	0	0	0	0	0	0	0
00.000,00.000	33.2	0	-200	0	4.5	1997.95	1105.13	455.58	179.023	180.489	61.1588	9.56787	0	3.62125	3.37602	0	0	0	0	0	0	0	0	0	0	0
00.000,00.000	33.3	0	-200	0	4.5	2002.49	1109.01	455.866	179.07	180.534	61.3306	9.62757	0	3.62125	3.43565	0	0	0	0	0	0	0	0	0	0	0
00.000,00.000	33.4	0	-200	0	4.5	2007.06	1112.92	456.139	179.113	180.576	61.502	9.68728	0	3.62125	3.4942	0	0	0	0	0	0	0	0	0	0	0
00.000,00.000	33.5	0	-200	0	4.5	2012.85	1117.92	456.471	179.161	180.622	61.7179	9.76331	0	3.62125	3.56786	0	0	0	0	0	0	0	0	0	0	0
00.000,00.000	33.6	0	-200	0	4.5	2037.91	1139.61	457.905	179.347	180.804	62.6428	10.0953	0	3.62125	3.88012	0	0	0	0	0	0	0	0	0	0	0
00.000,00.000	33.7	0	-200	0	4.5	2060.46	1159.18	459.233	179.5	180.948	63.4165	10.3964	0	3.62125	4.16182	0	0	0	0	0	0	0	0	0	0	0
00.000,00.000	33.8	0	-200	0	4.5	2062.46	1160.93	459.35	179.513	180.957	63.4746	10.4212	0	3.62125	4.18658	0	0	0	0	0	0	0	0	0	0	0
00.000,00.000	33.9	0	-200	0	4.5	2077.66	1174.3	460.165	179.591	181.027	63.9732	10.6153	0	3.62125	4.36295	0	0	0	0	0	0	0	0	0	0	0
00.000,00.000	34	0	-200	0	4.5	2090.48	1185.58	460.9	179.651	181.075	64.3623	10.7853	0	3.62125	4.50773	0	0	0	0	0	0	0	0	0	0	0
00.000,00.000	34.1	0	-200	0	4.5	2098.35	1192.54	461.324	179.683	181.101	64.5918	10.8904	0	3.62125	4.593	0	0	0	0	0	0	0	0	0	0	0
00.000,00.000	34.2	0	-200	0	4.5	2103.75	1197.36	461.604	179.699	181.116	64.7419	10.9608	0	3.62125	4.64833	0	0	0	0	0	0	0	0	0	0	0
00.000,00.000	34.3	0	-200	0	4.5	2108.74	1201.77	461.915	179.711	181.127	64.8761	11.0253	0	3.62125	4.69719	0	0	0	0	0	0	0	0	0	0	0
00.000,00.000	34.4	0	-200	0	4.5	2113.84	1206.26	462.235	179.721	181.135	65.0073	11.1101	0	3.62125	4.74489	0	0	0	0	0	0	0	0	0	0	0
00.000,00.000	34.5	0	-200	0	4.5	2119.13	1210.95	462.565	179.729	181.142	65.1373	11.1985	0	3.62125	4.79262	0	0	0	0	0	0	0	0	0	0	0
00.000,00.000	34.6	0	-200	0	4.5	2141.89	1231.12	463.974	179.758	181.16	65.6917	11.5786	0	3.62125	4.99126	0	0	0	0	0	0	0	0	0	0	0
00.000,00.000	34.7	0	-200	0	4.5	2155.32	1243.04	464.798	179.771	181.166	66.011	11.8035	0	3.62125	5.10675	0	0	0	0	0	0	0	0	0	0	0
00.000,00.000	34.8	0	-200	0	4.5	2156.08	1243.71	464.845	179.772	181.167	66.0284	11.8162	0	3.62125	5.11312	0	0	0	0	0	0	0	0	0	0	0
00.000,00.000	34.9	0	-200	0	4.5	2160.78	1247.92	465.121	179.775	181.167	66.1317	11.8943	0	3.62125	5.15036	0	0	0	0	0	0	0	0	0	0	0
00.000,00.000	35	0	-200	0	4.5	2174.96	1260.63	465.964	179.784	181.167	66.4133	12.1294	0	3.62125	5.25891	0	0	0	0	0	0	0	0	0	0	0
00.000,00.000	35.1	0	-200	0	4.5	2182.67	1267.53	466.445	179.788	181.167	66.5539	12.2571	0	3.62125	5.31622	0	0	0	0	0	0	0	0	0	0	0
00.000,00.000	35.2	0	-200	0	4.5	2188.17	1272.47	466.759	179.79	181.167	66.6546	12.3488	0	3.62125	5.3554	0	0	0	0	0	0	0	0	0	0	0
00.000,00.000	35.3	0	-200	0	4.5	2193.69	1277.46	467.059	179.792	181.167	66.7538	12.4421	0	3.62125	5.39359	0	0	0	0	0	0	0	0	0	0	0
00.000,00.000	35.4	0	-200	0	4.5	2199.25	1282.5	467.346	179.793	181.167	66.8505	12.5367	0	3.62125	5.43071	0	0	0	0	0	0	0	0	0	0	0
00.000,00.000	35.5	0	-200	0	4.5	2204.99	1287.73	467.624	179.794	181.167	66.9448	12.6418	0	3.62125	5.46747	0	0	0	0	0	0	0	0	0	0	0
00.000,00.000	35.6	0	-200	0	4.5	2219.35	1300.82	468.275	179.794	181.167	67.1785	12.9046	0.0344711	3.62125	5.55551	0	0	0	0	0	0	0	0	0	0	0
00.000,00.000	35.7	0	-200	0	4.5	2229.86	1310.4	468.736	179.794	181.167	67.3332	13.1002	0.0841536	3.62125	5.61769	0	0	0	0	0	0	0	0	0	0	0
00.000,00.000	35.8	0	-200	0	4.5	2231.2	1311.63	468.796	179.794	181.167	67.3512	13.1268	0.0903589	3.62125	5.62542	0	0	0	0	0	0	0	0	0	0	0
00.000,00.000	35.9	0	-200	0	4.5	2233.06	1313.33	468.871	179.794	181.167	67.3746	13.1649	0.0985755	3.62125	5.63556	0	0	0	0	0	0	0	0	0	0	0
00.000,00.000	36	0	-200	0	4.5	2243.42	1322.86	469.263	179.794	181.167	67.5036	13.3781	0.14335	3.62125	5.69047	0	0	0	0	0	0	0	0	0	0	0
00.000,00.000	36.1	0	-200	0	4.5	2250.71	1329.56	469.534	179.794	181.167	67.589	13.5343	0.174236	3.62125	5.72812	0	0	0	0	0	0	0	0	0	0	0
00.000,00.000	36.2	0	-200	0	4.5	2256.52	1334.93	469.747	179.794	181.167	67.6542	13.658	0.198082	3.62125	5.75697	0	0	0	0	0	0	0	0	0	0	0
00.000,00.000	36.3	0	-200	0	4.5	2262.35	1340.31	469.955	179.794	181.167	67.7156	13.7843	0.221282	3.62125	5.78482	0	0	0	0	0	0	0	0	0	0	0
00.000,00.000	36.4	0	-200	0	4.5	2268.19	1345.72	470.153	179.794	181.167	67.7736	13.9126	0.243809	3.62125	5.81166	0	0	0	0	0	0	0	0	0	0	0
00.000,00.000	36.5	0	-200	0	4.5	2274.1	1351.2	470.343	179.794	181.167	67.8284	14.0439	0.265939	3.62125	5.83785	0	0	0	0	0	0	0	0	0	0	0
00.000,00.000	36.6	0	-200	0	4.5	2284.41	1360.78	470.666	179.794	181.167	67.919	14.2751	0.303405	3.62125	5.88182	0	0	0	0	0	0	0	0	0	0	0
00.000,00.000	36.7	0	-200	0	4.5	2298.29	1373.67	471.127	179.794	181.167	68.0327	14.5899	0.352263	3.62125	5.93867	0	0	0	0	0	0	0	0	0	0	0
00.000,00.000	36.8	0	-200	0	4.5	2300.65	1375.84	471.221	179.794	181.167	68.05	14.6497	0.360552	3.62125	5.94826	0	0	0	0	0	0	0	0	0	0	0
00.000,00.000	36.9	0	-200	0	4.5	2311.87	1386.25	471.592	179.794	181.167	68.1293	14.9123	0.407737	3.62125	5.9902	0	0	0	0	0	0	0	0	0	0	0
00.000,00.000	37	0	-200	0	4.5	2320.44	1394.19	471.875	179.794	181.167	68.1847	15.1211	0.467435	3.62125	6.02127	0	0	0	0	0	0	0	0	0	0	0
00.000,00.000	37.1	0	-200	0	4.5	2326.38	1399.71	472.057	179.794	181.167	68.2209	15.264	0.50412	3.62125	6.04167	0	0	0	0	0	0	0	0	0	0	0
00.000,00.000	37.2	0	-200	0	4.5	2332.14	1405.08	472.223	179.794	181.167	68.2533	15.4018	0.538522	3.62125	6.06026	0	0	0	0	0	0	0	0	0	0	0
00.000,00.000	37.3	0	-200	0	4.5	2337.87	1410.43	472.383	179.794	181.167	68.2827	15.541	0.572021	3.62125	6.07793	0	0	0	0	0	0	0	0	0	0	0
00.000,00.000	37.4	0	-200	0	4.5	2343.61	1415.79	472.536	179.794	181.167	68.3094	15.6812	0.614149	3.62125	6.09463	0	0	0	0	0	0	0	0	0	0	0
00.000,00.000	37.5	0	-200	0	4.5	2349.33	1421.14	472.68	179.794	181.167	68.3335	15.8221	0.668732	3.62125	6.1103	0	0	0	0	0	0	0	0	0	0	0
00.000,00.000	37.6	0	-200	0	4.5	2357.03	1428.35	472.861	179.794	181.167	68.3622	16.0106	0.738708	3.62125	6.13005	0	0	0	0	0	0	0	0	0	0	0
00.000,00.000	37.7	0	-200	0	4.5	2365.57	1436.36	473.052	179.794	181.167	68.3909	16.2226	0.816614	3.62125	6.15071	0	0	0	0	0	0	0	0	0	0	0
00.000,00.000	37.8	0	-200	0	4.5	2367.21	1437.88	473.09	179.794	181.167	68.3954	16.2663	0.835638	3.62125	6.15453	0	0	0	0	0	0	0	0	0	0	0
00.000,00.000	37.9	0	-200	0	4.5	2373.96	1444.25	473.221	179.794	181.167	68.413	16.4274	0.893961	3.62125	6.16835	0	0	0	0	0	0	0	0	0	0	0
00.000,00.000	38	0	-200	0	4.5	2380.65	1450.57	473.348	179.794	181.167	68.4282	16.5871	0.955746	3.62125	6.18116	0	0	0	0	0	0	0	0	0	0	0
00.000,00.000	38.1	0	-200	0	4.5	2386.37	1455.98	473.447	179.794	181.167	68.44	16.7241	1.00627	3.62125	6.19104	0	0	0	0	0	0	0	0	0	0	0
00.000,00.000	38.2	0	-200	0	4.5	2391.92	1461.24	473.536	179.794	181.167	68.4503	16.8589	1.05423	3.62125	6.19966	0	0	0	0	0	0	0	0	0	0	0
00.000,00.000	38.3	0	-200	0	4.5	2397.4	1466.43	473.616	179.794	181.167	68.4597	16.9943	1.10163	3.62125	6.20725	0	0	0	0	0	0	0	0	0	0	0
00.000,00.000	38.4	0	-200	0	4.5	2402.55	1471.32	473.688	179.794	181.167	68.468	17.1299	1.14841	3.62125	6.21383	0	0	0	0	0	0	0	0	0	0	0
00.000,00.000	38.5	0	-200	0	4.5	2407.48	1475.99	473.753	179.794	181.167	68.4752	17.2656	1.19444	3.62125	6.21939	0	0	0	0	0	0	0	0	0	0	0
00.000,00.000	38.6	0	-200	0	4.5	2413.61	1481.78	473.841	179.794	181.167	68.4833	17.4395	1.25121	3.62125	6.22524	0	0	0	0	0	0	0	0	0	0	0
00.000,00.000	38.7	0	-200	0	4.5	2426.12	1493.63	474.022	179.794	181.167	68.5027	17.7916	1.36237	3.62125	6.23453	0	0	0	0	0	0	0	0	0	0	0
00.000,00.000	38.8	0	-200	0	4.5	2428.43	1495.79	474.065	179.794	181.167	68.5082	17.8618	1.3872	3.62125	6.23606	0	0	0	0	0	0	0	0	0	0	0
00.000,00.000	38.9	0	-200	0	4.5	2434.98	1501.89	474.252	179.794	181.167	68.5163	18.0527	1.4429	3.62125	6.23803	0	0	0	0	0	0	0	0	0	0	0
00.000,00.000	39	0	-200	0	4.5	2441.23	1507.12	475.011	179.794	181.167	68.5241	18.2495	1.50029	3.62125	6.23887	0	0	0	0	0	0	0	0	0	0	0
00.000,00.000	39.1	0	-200	0	4.5	2445.52	1510.81	475.426	179.794	181.167	68.5288	18.3961	1.53927	3.62125	6.23887	0	0	0	0	0	0	0	0	0	0	0
00.000,00.000	39.2	0	-200	0	4.5	2449.41	1514.09	475.864	179.794	181.167	68.5315	18.5345	1.57311	3.62125	6.23887	0	0	0	0	0	0	0	0	0	0	0
00.000,00.000	39.3	0	-200	0	4.5	2453.18	1517.14	476.407	179.794	181.167	68.5318	18.6743	1.60513	3.62125	6.23887	0	0	0	0	0	0	0	0	0	0	0
00.000,00.000	39.4	0	-200	0	4.5	2456.47	1520.11	476.554	179.794	181.167	68.5315	18.8138	1.6354	3.62125	6.23887	0	0	0	0	0	0	0	0	0	0	0
00.000,00.000	39.5	0	-200	0	4.5	2459.67	1522.99	476.703	179.794	181.167	68.5309	18.9532	1.66416	3.63144	6.23887	0	0	0	0	0	0	0	0	0	0	0
00.000,00.000	39.6	0	-200	0	4.5	2465.18	1527.91	476.967	179.794	181.167	68.5311	19.1952	1.71148	3.66771	6.23887	0	0	0	0	0	0	0	0	0	0	0
00.000,00.000	39.7	0	-200	0	4.5	2468.63	1530.97	477.139	179.794	181.167	68.5309	19.3522	1.74135	3.69079	6.23887	0	0	0	0	0	0	0	0	0	0	0
00.000,00.000	39.8	0	-200	0	4.5	2469.1	1531.39	477.163	179.794	181.167	68.531	19.3757	1.74578	3.69405	6.23887	0	0	0	0	0	0	0	0	0	0	0
00.000,00.000	39.9	0	-200	0	4.5	2473.51	1535.3	477.387	179.794	181.167	68.5315	19.5851	1.78305	3.72462	6.23887	0	0	0	0	0	0	0	0	0	0	0
00.000,00.000	40	0	-200	0	4.5	2476.72	1538.12	477.556	179.794	181.167	68.5319	19.7482	1.81181	3.74763	6.23887	0	0	0	0	0	0	0	0	0	0	0
00.000,00.000	40.1	0	-200	0	4.5	2479.23	1540.34	477.687	179.794	181.167	68.5319	19.8741	1.83304	3.76554	6.23887	0	0	0	0	0	0	0	0	0	0	0
00.000,00.000	40.2	0	-200	0	4.5	2481.63	1542.45	477.812	179.794	181.167	68.532	19.9967	1.85326	3.78398	6.23887	0	0	0	0	0	0	0	0	0	0	0
00.000,00.000	40.3	0	-200	0	4.5	2483.93	1544.47	477.933	179.794	181.167	68.532	20.1167	1.87227	3.80711	6.23887	0	0	0	0	0	0	0	0	0	0	0
00.000,00.000	40.4	0	-200	0	4.5	2486.14	1546.4	478.057	179.794	181.167	68.532	20.2339	1.89015	3.82984	6.23887	0	0	0	0	0	0	0	0	0	0	0
00.000,00.000	40.5	0	-200	0	4.5	2488.29	1548.25	478.178	179.794	181.167	68.532	20.3492	1.90709	3.8698	6.23887	0	0	0	0	0	0	0	0	0	0	0
00.000,00.000	40.6	0	-200	0	4.5	2491.89	1551.36	478.38	179.794	181.167	68.532	20.5438	1.93444	3.93756	6.23887	0	0	0	0	0	0	0	0	0	0	0
00.000,00.000	40.7	0	-200	0	4.5	2494.07	1553.24	478.506	179.794	181.167	68.532	20.6652	1.95096	3.98095	6.23887	0	0	0	0	0	0	0	0	0	0	0
00.000,00.000	40.8	0	-200	0	4.5	2494.4	1553.52	478.526	179.794	181.167	68.532	20.6845	1.95351	3.98839	6.23887	0	0	0	0	0	0	0	0	0	0	0
00.000,00.000	40.9	0	-200	0	4.5	2496.53	1555.35	478.647	179.794	181.167	68.532	20.8007	1.96787	4.03199	6.23887	0	0	0	0	0	0	0	0	0	0	0
00.000,00.000	41	0	-200	0	4.5	2498.78	1557.28	478.778	179.794	181.167	68.532	20.9257	1.9827	4.08091	6.23887	0	0	0	0	0	0	0	0	0	0	0
00.000,00.000	41.1	0	-200	0	4.5	2500.51	1558.77	478.879	179.794	181.167	68.532	21.0212	1.99333	4.11902	6.23887	0	0	0	0	0	0	0	0	0	0	0
00.000,00.000	41.2	0	-200	0	4.5	2502.07	1560.11	478.97	179.794	181.167	68.532	21.1076	2.00248	4.15367	6.23887	0	0	0	0	0	0	0	0	0	0	0
00.000,00.000	41.3	0	-200	0	4.5	2503.56	1561.38	479.057	179.794	181.167	68.532	21.1897	2.01094	4.18787	6.23887	0	0	0	0	0	0	0	0	0	0	0
00.000,00.000	41.4	0	-200	0	4.5	2504.99	1562.61	479.141	179.794	181.167	68.532	21.2676	2.01873	4.22122	6.23887	0	0	0	0	0	0	0	0	0	0	0
00.000,00.000	41.5	0	-200	0	4.5	2506.36	1563.78	479.22	179.794	181.167	68.532	21.3413	2.02584	4.25384	6.23887	0	0	0	0	0	0	0	0	0	0	0
00.000,00.000	41.6	0	-200	0	4.5	2512.34	1568.95	479.56	179.794	181.167	68.532	21.6528	2.05513	4.39513	6.23887	0	0	0	0	0	0	0	0	0	0	0
00.000,00.000	41.7	0	-200	0	4.5	2513.57	1569.98	479.636	179.794	181.167	68.532	21.7216	2.06099	4.43088	6.23887	0	0	0	0	0	0	0	0	0	0	0
00.000,00.000	41.8	0	-200	0	4.5	2513.67	1570.07	479.641	179.794	181.167	68.532	21.7268	2.06141	4.43343	6.23887	0	0	0	0	0	0	0	0	0	0	0
00.000,00.000	41.9	0	-200	0	4.5	2514.9	1571.13	479.711	179.794	181.167	68.532	21.7912	2.06608	4.46794	6.23887	0	0	0	0	0	0	0	0	0	0	0
00.000,00.000	42	0	-200	0	4.5	2517.39	1573.28	479.85	179.794	181.167	68.532	21.9205	2.07465	4.53832	6.23887	0	0	0	0	0	0	0	0	0	0	0