
label	time(d)	x	depth	z	radius	total	0-10	10-20	20-30	30-40	40-50	50-60	60-70	70-80	80-90	90-100	100-110	110-120	120-130	130-140	140-150	150-160	160-170	170-180	180-190	190-200
05.500,00.000	0	5.5	-200	0	4.5	0	0	0	0	0	0	0	0	0	0	0	0	0	0	0	0	0	0	0	0	0
05.500,00.000	0.1	5.5	-200	0	4.5	0	0	0	0	0	0	0	0	0	0	0	0	0	0	0	0	0	0	0	0	0
05.500,00.000	0.2	5.5	-200	0	4.5	0	0	0	0	0	0	0	0	0	0	0	0	0	0	0	0	0	0	0	0	0
05.500,00.000	0.3	5.5	-200	0	4.5	0	0	0	0	0	0	0	0	0	0	0	0	0	0	0	0	0	0	0	0	0
05.500,00.000	0.4	5.5	-200	0	4.5	0	0	0	0	0	0	0	0	0	0	0	0	0	0	0	0	0	0	0	0	0
05.500,00.000	0.5	5.5	-200	0	4.5	0	0	0	0	0	0	0	0	0	0	0	0	0	0	0	0	0	0	0	0	0
05.500,00.000	0.6	5.5	-200	0	4.5	0	0	0	0	0	0	0	0	0	0	0	0	0	0	0	0	0	0	0	0	0
05.500,00.000	0.7	5.5	-200	0	4.5	0	0	0	0	0	0	0	0	0	0	0	0	0	0	0	0	0	0	0	0	0
05.500,00.000	0.8	5.5	-200	0	4.5	0	0	0	0	0	0	0	0	0	0	0	0	0	0	0	0	0	0	0	0	0
05.500,00.000	0.9	5.5	-200	0	4.5	0	0	0	0	0	0	0	0	0	0	0	0	0	0	0	0	0	0	0	0	0
05.500,00.000	1	5.5	-200	0	4.5	0	0	0	0	0	0	0	0	0	0	0	0	0	0	0	0	0	0	0	0	0
05.500,00.000	1.1	5.5	-200	0	4.5	0	0	0	0	0	0	0	0	0	0	0	0	0	0	0	0	0	0	0	0	0
05.500,00.000	1.2	5.5	-200	0	4.5	0	0	0	0	0	0	0	0	0	0	0	0	0	0	0	0	0	0	0	0	0
05.500,00.000	1.3	5.5	-200	0	4.5	0	0	0	0	0	0	0	0	0	0	0	0	0	0	0	0	0	0	0	0	0
05.500,00.000	1.4	5.5	-200	0	4.5	0	0	0	0	0	0	0	0	0	0	0	0	0	0	0	0	0	0	0	0	0
05.500,00.000	1.5	5.5	-200	0	4.5	0	0	0	0	0	0	0	0	0	0	0	0	0	0	0	0	0	0	0	0	0
05.500,00.000	1.6	5.5	-200	0	4.5	0	0	0	0	0	0	0	0	0	0	0	0	0	0	0	0	0	0	0	0	0
05.500,00.000	1.7	5.5	-200	0	4.5	0	0	0	0	0	0	0	0	0	0	0	0	0	0	0	0	0	0	0	0	0
05.500,00.000	1.8	5.5	-200	0	4.5	0	0	0	0	0	0	0	0	0	0	0	0	0	0	0	0	0	0	0	0	0
05.500,00.000	1.9	5.5	-200	0	4.5	0	0	0	0	0	0	0	0	0	0	0	0	0	0	0	0	0	0	0	0	0
05.500,00.000	2	5.5	-200	0	4.5	0	0	0	0	0	0	0	0	0	0	0	0	0	0	0	0	0	0	0	0	0
05.500,00.000	2.1	5.5	-200	0	4.5	0	0	0	0	0	0	0	0	0	0	0	0	0	0	0	0	0	0	0	0	0
05.500,00.000	2.2	5.5	-200	0	4.5	0	0	0	0	0	0	0	0	0	0	0	0	0	0	0	0	0	0	0	0	0
05.500,00.000	2.3	5.5	-200	0	4.5	0	0	0	0	0	0	0	0	0	0	0	0	0	0	0	0	0	0	0	0	0
05.500,00.000	2.4	5.5	-200	0	4.5	0	0	0	0	0	0	0	0	0	0	0	0	0	0	0	0	0	0	0	0	0
05.500,00.000	2.5	5.5	-200	0	4.5	0	0	0	0	0	0	0	0	0	0	0	0	0	0	0	0	0	0	0	0	0
05.500,00.000	2.6	5.5	-200	0	4.5	0	0	0	0	0	0	0	0	0	0	0	0	0	0	0	0	0	0	0	0	0
05.500,00.000	2.7	5.5	-200	0	4.5	0	0	0	0	0	0	0	0	0	0	0	0	0	0	0	0	0	0	0	0	0
05.500,00.000	2.8	5.5	-200	0	4.5	0	0	0	0	0	0	0	0	0	0	0	0	0	0	0	0	0	0	0	0	0
05.500,00.000	2.9	5.5	-200	0	4.5	0	0	0	0	0	0	0	0	0	0	0	0	0	0	0	0	0	0	0	0	0
05.500,00.000	3	5.5	-200	0	4.5	0	0	0	0	0	0	0	0	0	0	0	0	0	0	0	0	0	0	0	0	0
05.500,00.000	3.1	5.5	-200	0	4.5	0.240763	0.240763	0	0	0	0	0	0	0	0	0	0	0	0	0	0	0	0	0	0	0
05.500,00.000	3.2	5.5	-200	0	4.5	0.515846	0.515846	0	0	0	0	0	0	0	0	0	0	0	0	0	0	0	0	0	0	0
05.500,00.000	3.3	5.5	-200	0	4.5	0.790218	0.790218	0	0	0	0	0	0	0	0	0	0	0	0	0	0	0	0	0	0	0
05.500,00.000	3.4	5.5	-200	0	4.5	1.0646	1.0646	0	0	0	0	0	0	0	0	0	0	0	0	0	0	0	0	0	0	0
05.500,00.000	3.5	5.5	-200	0	4.5	1.33346	1.33346	0	0	0	0	0	0	0	0	0	0	0	0	0	0	0	0	0	0	0
05.500,00.000	3.6	5.5	-200	0	4.5	1.59692	1.59692	0	0	0	0	0	0	0	0	0	0	0	0	0	0	0	0	0	0	0
05.500,00.000	3.7	5.5	-200	0	4.5	1.85695	1.85695	0	0	0	0	0	0	0	0	0	0	0	0	0	0	0	0	0	0	0
05.500,00.000	3.8	5.5	-200	0	4.5	2.11546	2.11546	0	0	0	0	0	0	0	0	0	0	0	0	0	0	0	0	0	0	0
05.500,00.000	3.9	5.5	-200	0	4.5	2.37547	2.37547	0	0	0	0	0	0	0	0	0	0	0	0	0	0	0	0	0	0	0
05.500,00.000	4	5.5	-200	0	4.5	2.63921	2.63921	0	0	0	0	0	0	0	0	0	0	0	0	0	0	0	0	0	0	0
05.500,00.000	4.1	5.5	-200	0	4.5	2.90521	2.90521	0	0	0	0	0	0	0	0	0	0	0	0	0	0	0	0	0	0	0
05.500,00.000	4.2	5.5	-200	0	4.5	3.17298	3.17298	0	0	0	0	0	0	0	0	0	0	0	0	0	0	0	0	0	0	0
05.500,00.000	4.3	5.5	-200	0	4.5	3.44219	3.44219	0	0	0	0	0	0	0	0	0	0	0	0	0	0	0	0	0	0	0
05.500,00.000	4.4	5.5	-200	0	4.5	3.71152	3.71152	0	0	0	0	0	0	0	0	0	0	0	0	0	0	0	0	0	0	0
05.500,00.000	4.5	5.5	-200	0	4.5	3.97722	3.97722	0	0	0	0	0	0	0	0	0	0	0	0	0	0	0	0	0	0	0
05.500,00.000	4.6	5.5	-200	0	4.5	4.2386	4.2386	0	0	0	0	0	0	0	0	0	0	0	0	0	0	0	0	0	0	0
05.500,00.000	4.7	5.5	-200	0	4.5	4.4969	4.4969	0	0	0	0	0	0	0	0	0	0	0	0	0	0	0	0	0	0	0
05.500,00.000	4.8	5.5	-200	0	4.5	4.75324	4.75324	0	0	0	0	0	0	0	0	0	0	0	0	0	0	0	0	0	0	0
05.500,00.000	4.9	5.5	-200	0	4.5	5.00833	5.00833	0	0	0	0	0	0	0	0	0	0	0	0	0	0	0	0	0	0	0
05.500,00.000	5	5.5	-200	0	4.5	5.2627	5.2627	0	0	0	0	0	0	0	0	0	0	0	0	0	0	0	0	0	0	0
05.500,00.000	5.1	5.5	-200	0	4.5	5.5173	5.5173	0	0	0	0	0	0	0	0	0	0	0	0	0	0	0	0	0	0	0
05.500,00.000	5.2	5.5	-200	0	4.5	5.77311	5.77311	0	0	0	0	0	0	0	0	0	0	0	0	0	0	0	0	0	0	0
05.500,00.000	5.3	5.5	-200	0	4.5	6.03084	6.03084	0	0	0	0	0	0	0	0	0	0	0	0	0	0	0	0	0	0	0
05.500,00.000	5.4	5.5	-200	0	4.5	6.0448	6.0448	0	0	0	0	0	0	0	0	0	0	0	0	0	0	0	0	0	0	0
05.500,00.000	5.5	5.5	-200	0	4.5	6.04069	6.04069	0	0	0	0	0	0	0	0	0	0	0	0	0	0	0	0	0	0	0
05.500,00.000	5.6	5.5	-200	0	4.5	6.04069	6.04069	0	0	0	0	0	0	0	0	0	0	0	0	0	0	0	0	0	0	0
05.500,00.000	5.7	5.5	-200	0	4.5	6.04069	6.04069	0	0	0	0	0	0	0	0	0	0	0	0	0	0	0	0	0	0	0
05.500,00.000	5.8	5.5	-200	0	4.5	6.04069	6.04069	0	0	0	0	0	0	0	0	0	0	0	0	0	0	0	0	0	0	0
05.500,00.000	5.9	5.5	-200	0	4.5	6.04069	6.04069	0	0	0	0	0	0	0	0	0	0	0	0	0	0	0	0	0	0	0
05.500,00.000	6	5.5	-200	0	4.5	6.04069	6.04069	0	0	0	0	0	0	0	0	0	0	0	0	0	0	0	0	0	0	0
05.500,00.000	6.1	5.5	-200	0	4.5	6.04069	6.04069	0	0	0	0	0	0	0	0	0	0	0	0	0	0	0	0	0	0	0
05.500,00.000	6.2	5.5	-200	0	4.5	6.04069	6.04069	0	0	0	0	0	0	0	0	0	0	0	0	0	0	0	0	0	0	0
05.500,00.000	6.3	5.5	-200	0	4.5	6.04069	6.04069	0	0	0	0	0	0	0	0	0	0	0	0	0	0	0	0	0	0	0
05.500,00.000	6.4	5.5	-200	0	4.5	6.04069	6.04069	0	0	0	0	0	0	0	0	0	0	0	0	0	0	0	0	0	0	0
05.500,00.000	6.5	5.5	-200	0	4.5	6.04069	6.04069	0	0	0	0	0	0	0	0	0	0	0	0	0	0	0	0	0	0	0
05.500,00.000	6.6	5.5	-200	0	4.5	6.04069	6.04069	0	0	0	0	0	0	0	0	0	0	0	0	0	0	0	0	0	0	0
05.500,00.000	6.7	5.5	-200	0	4.5	6.04069	6.04069	0	0	0	0	0	0	0	0	0	0	0	0	0	0	0	0	0	0	0
05.500,00.000	6.8	5.5	-200	0	4.5	6.04069	6.04069	0	0	0	0	0	0	0	0	0	0	0	0	0	0	0	0	0	0	0
05.500,00.000	6.9	5.5	-200	0	4.5	6.04069	6.04069	0	0	0	0	0	0	0	0	0	0	0	0	0	0	0	0	0	0	0
05.500,00.000	7	5.5	-200	0	4.5	6.04069	6.04069	0	0	0	0	0	0	0	0	0	0	0	0	0	0	0	0	0	0	0
05.500,00.000	7.1	5.5	-200	0	4.5	6.04069	6.04069	0	0	0	0	0	0	0	0	0	0	0	0	0	0	0	0	0	0	0
05.500,00.000	7.2	5.5	-200	0	4.5	6.04069	6.04069	0	0	0	0	0	0	0	0	0	0	0	0	0	0	0	0	0	0	0
05.500,00.000	7.3	5.5	-200	0	4.5	6.04116	6.04116	0	0	0	0	0	0	0	0	0	0	0	0	0	0	0	0	0	0	0
05.500,00.000	7.4	5.5	-200	0	4.5	6.04401	6.04401	0	0	0	0	0	0	0	0	0	0	0	0	0	0	0	0	0	0	0
05.500,00.000	7.5	5.5	-200	0	4.5	6.05206	6.05206	0	0	0	0	0	0	0	0	0	0	0	0	0	0	0	0	0	0	0
05.500,00.000	7.6	5.5	-200	0	4.5	6.06348	6.06348	0	0	0	0	0	0	0	0	0	0	0	0	0	0	0	0	0	0	0
05.500,00.000	7.7	5.5	-200	0	4.5	6.11733	6.08242	0	0.0349102	0	0	0	0	0	0	0	0	0	0	0	0	0	0	0	0	0
05.500,00.000	7.8	5.5	-200	0	4.5	6.41462	6.10623	0	0.308389	0	0	0	0	0	0	0	0	0	0	0	0	0	0	0	0	0
05.500,00.000	7.9	5.5	-200	0	4.5	6.71357	6.13925	0	0.574319	0	0	0	0	0	0	0	0	0	0	0	0	0	0	0	0	0
05.500,00.000	8	5.5	-200	0	4.5	7.01257	6.17545	0	0.837125	0	0	0	0	0	0	0	0	0	0	0	0	0	0	0	0	0
05.500,00.000	8.1	5.5	-200	0	4.5	7.31604	6.21668	0	1.09936	0	0	0	0	0	0	0	0	0	0	0	0	0	0	0	0	0
05.500,00.000	8.2	5.5	-200	0	4.5	7.63067	6.26976	0	1.36091	0	0	0	0	0	0	0	0	0	0	0	0	0	0	0	0	0
05.500,00.000	8.3	5.5	-200	0	4.5	7.95803	6.33616	0	1.62187	0	0	0	0	0	0	0	0	0	0	0	0	0	0	0	0	0
05.500,00.000	8.4	5.5	-200	0	4.5	8.29584	6.41361	0	1.88223	0	0	0	0	0	0	0	0	0	0	0	0	0	0	0	0	0
05.500,00.000	8.5	5.5	-200	0	4.5	8.64559	6.50404	0	2.14156	0	0	0	0	0	0	0	0	0	0	0	0	0	0	0	0	0
05.500,00.000	8.6	5.5	-200	0	4.5	9.00965	6.60936	0	2.40028	0	0	0	0	0	0	0	0	0	0	0	0	0	0	0	0	0
05.500,00.000	8.7	5.5	-200	0	4.5	9.38726	6.72876	0	2.6585	0	0	0	0	0	0	0	0	0	0	0	0	0	0	0	0	0
05.500,00.000	8.8	5.5	-200	0	4.5	9.77948	6.86311	0	2.91637	0	0	0	0	0	0	0	0	0	0	0	0	0	0	0	0	0
05.500,00.000	8.9	5.5	-200	0	4.5	10.1903	7.01626	0	3.17402	0	0	0	0	0	0	0	0	0	0	0	0	0	0	0	0	0
05.500,00.000	9	5.5	-200	0	4.5	10.6216	7.19043	0	3.4312	0	0	0	0	0	0	0	0	0	0	0	0	0	0	0	0	0
05.500,00.000	9.1	5.5	-200	0	4.5	11.0775	7.38962	0	3.68788	0	0	0	0	0	0	0	0	0	0	0	0	0	0	0	0	0
05.500,00.000	9.2	5.5	-200	0	4.5	11.5616	7.61744	0	3.94413	0	0	0	0	0	0	0	0	0	0	0	0	0	0	0	0	0
05.500,00.000	9.3	5.5	-200	0	4.5	12.0666	7.86659	0	4.19998	0	0	0	0	0	0	0	0	0	0	0	0	0	0	0	0	0
05.500,00.000	9.4	5.5	-200	0	4.5	12.59	8.13449	0	4.45548	0	0	0	0	0	0	0	0	0	0	0	0	0	0	0	0	0
05.500,00.000	9.5	5.5	-200	0	4.5	13.1269	8.41675	0	4.71012	0	0	0	0	0	0	0	0	0	0	0	0	0	0	0	0	0
05.500,00.000	9.6	5.5	-200	0	4.5	13.6792	8.7145	0	4.91063	0.0540783	0	0	0	0	0	0	0	0	0	0	0	0	0	0	0	0
05.500,00.000	9.7	5.5	-200	0	4.5	14.246	9.02682	0	4.91104	0.308151	0	0	0	0	0	0	0	0	0	0	0	0	0	0	0	0
05.500,00.000	9.8	5.5	-200	0	4.5	14.8288	9.35505	0	4.91149	0.562211	0	0	0	0	0	0	0	0	0	0	0	0	0	0	0	0
05.500,00.000	9.9	5.5	-200	0	4.5	15.4348	9.70637	0	4.91163	0.816809	0	0	0	0	0	0	0	0	0	0	0	0	0	0	0	0
05.500,00.000	10	5.5	-200	0	4.5	16.0643	10.0813	0	4.91163	1.07141	0	0	0	0	0	0	0	0	0	0	0	0	0	0	0	0
05.500,00.000	10.1	5.5	-200	0	4.5	16.7539	10.5164	0	4.91163	1.32592	0	0	0	0	0	0	0	0	0	0	0	0	0	0	0	0
05.500,00.000	10.2	5.5	-200	0	4.5	17.4642	10.9724	0	4.91163	1.58018	0	0	0	0	0	0	0	0	0	0	0	0	0	0	0	0
05.500,00.000	10.3	5.5	-200	0	4.5	18.195	11.449	0	4.91163	1.83437	0	0	0	0	0	0	0	0	0	0	0	0	0	0	0	0
05.500,00.000	10.4	5.5	-200	0	4.5	18.9387	11.9387	0	4.91163	2.08837	0	0	0	0	0	0	0	0	0	0	0	0	0	0	0	0
05.500,00.000	10.5	5.5	-200	0	4.5	19.6895	12.4359	0	4.91163	2.34198	0	0	0	0	0	0	0	0	0	0	0	0	0	0	0	0
05.500,00.000	10.6	5.5	-200	0	4.5	20.4465	12.9392	0	4.91163	2.59568	0	0	0	0	0	0	0	0	0	0	0	0	0	0	0	0
05.500,00.000	10.7	5.5	-200	0	4.5	21.2126	13.4516	0	4.91163	2.84934	0	0	0	0	0	0	0	0	0	0	0	0	0	0	0	0
05.500,00.000	10.8	5.5	-200	0	4.5	21.9921	13.9775	0	4.91163	3.10301	0	0	0	0	0	0	0	0	0	0	0	0	0	0	0	0
05.500,00.000	10.9	5.5	-200	0	4.5	22.7975	14.5291	0	4.91163	3.35677	0	0	0	0	0	0	0	0	0	0	0	0	0	0	0	0
05.500,00.000	11	5.5	-200	0	4.5	23.6297	15.1075	0	4.91163	3.61059	0	0	0	0	0	0	0	0	0	0	0	0	0	0	0	0
05.500,00.000	11.1	5.5	-200	0	4.5	24.4864	15.7104	0	4.91163	3.86429	0	0	0	0	0	0	0	0	0	0	0	0	0	0	0	0
05.500,00.000	11.2	5.5	-200	0	4.5	25.3681	16.3389	0	4.91163	4.11754	0	0	0	0	0	0	0	0	0	0	0	0	0	0	0	0
05.500,00.000	11.3	5.5	-200	0	4.5	26.2976	17.0154	0	4.91163	4.37054	0	0	0	0	0	0	0	0	0	0	0	0	0	0	0	0
05.500,00.000	11.4	5.5	-200	0	4.5	27.2609	17.7257	0	4.91163	4.6235	0	0	0	0	0	0	0	0	0	0	0	0	0	0	0	0
05.500,00.000	11.5	5.5	-200	0	4.5	28.2332	18.4456	0	4.91163	4.87591	0	0	0	0	0	0	0	0	0	0	0	0	0	0	0	0
05.500,00.000	11.6	5.5	-200	0	4.5	29.2132	19.1734	0	4.91163	5.12819	0	0	0	0	0	0	0	0	0	0	0	0	0	0	0	0
05.500,00.000	11.7	5.5	-200	0	4.5	30.2036	19.9114	0	4.91163	5.38055	0	0	0	0	0	0	0	0	0	0	0	0	0	0	0	0
05.500,00.000	11.8	5.5	-200	0	4.5	31.2128	20.6681	0	4.91163	5.63314	0	0	0	0	0	0	0	0	0	0	0	0	0	0	0	0
05.500,00.000	11.9	5.5	-200	0	4.5	32.2474	21.4498	0	4.91163	5.88595	0	0	0	0	0	0	0	0	0	0	0	0	0	0	0	0
05.500,00.000	12	5.5	-200	0	4.5	33.3117	22.2552	0	4.91163	6.14489	0	0	0	0	0	0	0	0	0	0	0	0	0	0	0	0
05.500,00.000	12.1	5.5	-200	0	4.5	34.4294	23.1158	0	4.91183	6.40184	0	0	0	0	0	0	0	0	0	0	0	0	0	0	0	0
05.500,00.000	12.2	5.5	-200	0	4.5	35.551	23.9806	0	4.91334	6.65711	0	0	0	0	0	0	0	0	0	0	0	0	0	0	0	0
05.500,00.000	12.3	5.5	-200	0	4.5	36.6763	24.8514	0	4.9161	6.90879	0	0	0	0	0	0	0	0	0	0	0	0	0	0	0	0
05.500,00.000	12.4	5.5	-200	0	4.5	37.8171	25.7361	0	4.92037	7.16065	0	0	0	0	0	0	0	0	0	0	0	0	0	0	0	0
05.500,00.000	12.5	5.5	-200	0	4.5	39.0487	26.683	0	4.92922	7.43644	0	0	0	0	0	0	0	0	0	0	0	0	0	0	0	0
05.500,00.000	12.6	5.5	-200	0	4.5	40.3693	27.6493	0.0434704	4.94381	7.73273	0	0	0	0	0	0	0	0	0	0	0	0	0	0	0	0
05.500,00.000	12.7	5.5	-200	0	4.5	41.5529	28.5083	0.0832281	4.96175	7.99958	0	0	0	0	0	0	0	0	0	0	0	0	0	0	0	0
05.500,00.000	12.8	5.5	-200	0	4.5	42.4573	29.149	0.133586	4.97832	8.19644	0	0	0	0	0	0	0	0	0	0	0	0	0	0	0	0
05.500,00.000	12.9	5.5	-200	0	4.5	43.7285	30.0463	0.217315	5.00602	8.45885	0	0	0	0	0	0	0	0	0	0	0	0	0	0	0	0
05.500,00.000	13	5.5	-200	0	4.5	45.2171	30.9759	0.472079	5.03957	8.72955	0	0	0	0	0	0	0	0	0	0	0	0	0	0	0	0
05.500,00.000	13.1	5.5	-200	0	4.5	46.7467	31.8319	0.85518	5.07677	8.98282	0	0	0	0	0	0	0	0	0	0	0	0	0	0	0	0
05.500,00.000	13.2	5.5	-200	0	4.5	48.3292	32.7062	1.27172	5.11929	9.23204	0	0	0	0	0	0	0	0	0	0	0	0	0	0	0	0
05.500,00.000	13.3	5.5	-200	0	4.5	49.969	33.6248	1.69413	5.16835	9.48171	0	0	0	0	0	0	0	0	0	0	0	0	0	0	0	0
05.500,00.000	13.4	5.5	-200	0	4.5	51.6579	34.5782	2.12389	5.22439	9.73138	0	0	0	0	0	0	0	0	0	0	0	0	0	0	0	0
05.500,00.000	13.5	5.5	-200	0	4.5	53.6814	35.7053	2.63895	5.3061	10.031	0	0	0	0	0	0	0	0	0	0	0	0	0	0	0	0
05.500,00.000	13.6	5.5	-200	0	4.5	55.7928	36.8706	3.17544	5.40036	10.127	0.219389	0	0	0	0	0	0	0	0	0	0	0	0	0	0	0
05.500,00.000	13.7	5.5	-200	0	4.5	57.4997	37.7848	3.62637	5.48199	10.127	0.479536	0	0	0	0	0	0	0	0	0	0	0	0	0	0	0
05.500,00.000	13.8	5.5	-200	0	4.5	58.6057	38.3581	3.93573	5.53966	10.127	0.645222	0	0	0	0	0	0	0	0	0	0	0	0	0	0	0
05.500,00.000	13.9	5.5	-200	0	4.5	60.1757	39.186	4.36303	5.62644	10.1271	0.873111	0	0	0	0	0	0	0	0	0	0	0	0	0	0	0
05.500,00.000	14	5.5	-200	0	4.5	62.1451	40.2257	4.89097	5.74479	10.1283	1.15537	0	0	0	0	0	0	0	0	0	0	0	0	0	0	0
05.500,00.000	14.1	5.5	-200	0	4.5	64.0128	41.1953	5.37607	5.90117	10.1302	1.4101	0	0	0	0	0	0	0	0	0	0	0	0	0	0	0
05.500,00.000	14.2	5.5	-200	0	4.5	65.8368	42.1426	5.8463	6.05829	10.1345	1.65511	0	0	0	0	0	0	0	0	0	0	0	0	0	0	0
05.500,00.000	14.3	5.5	-200	0	4.5	67.662	43.0716	6.32454	6.22378	10.1427	1.8994	0	0	0	0	0	0	0	0	0	0	0	0	0	0	0
05.500,00.000	14.4	5.5	-200	0	4.5	69.5464	44.019	6.83246	6.39501	10.1571	2.14292	0	0	0	0	0	0	0	0	0	0	0	0	0	0	0
05.500,00.000	14.5	5.5	-200	0	4.5	72.2397	45.344	7.58655	6.64264	10.1849	2.48157	0	0	0	0	0	0	0	0	0	0	0	0	0	0	0
05.500,00.000	14.6	5.5	-200	0	4.5	74.703	46.5251	8.28541	6.87923	10.2184	2.79486	0	0	0	0	0	0	0	0	0	0	0	0	0	0	0
05.500,00.000	14.7	5.5	-200	0	4.5	76.8127	47.526	8.88117	7.089	10.2545	3.06196	0	0	0	0	0	0	0	0	0	0	0	0	0	0	0
05.500,00.000	14.8	5.5	-200	0	4.5	77.8892	48.0292	9.18653	7.19818	10.2765	3.19872	0	0	0	0	0	0	0	0	0	0	0	0	0	0	0
05.500,00.000	14.9	5.5	-200	0	4.5	79.6779	48.876	9.67909	7.38187	10.3199	3.42093	0	0	0	0	0	0	0	0	0	0	0	0	0	0	0
05.500,00.000	15	5.5	-200	0	4.5	82.0073	49.9614	10.3182	7.62921	10.3842	3.71434	0	0	0	0	0	0	0	0	0	0	0	0	0	0	0
05.500,00.000	15.1	5.5	-200	0	4.5	84.067	50.9252	10.8757	7.85189	10.4478	3.96643	0	0	0	0	0	0	0	0	0	0	0	0	0	0	0
05.500,00.000	15.2	5.5	-200	0	4.5	86.0419	51.85	11.4014	8.07069	10.5154	4.20438	0	0	0	0	0	0	0	0	0	0	0	0	0	0	0
05.500,00.000	15.3	5.5	-200	0	4.5	88.0207	52.7673	11.9255	8.2961	10.5896	4.44209	0	0	0	0	0	0	0	0	0	0	0	0	0	0	0
05.500,00.000	15.4	5.5	-200	0	4.5	90.003	53.6754	12.4473	8.53017	10.6708	4.6793	0	0	0	0	0	0	0	0	0	0	0	0	0	0	0
05.500,00.000	15.5	5.5	-200	0	4.5	94.2889	55.5894	13.5657	9.08407	10.8596	5.1902	0	0	0	0	0	0	0	0	0	0	0	0	0	0	0
05.500,00.000	15.6	5.5	-200	0	4.5	95.4633	56.138	13.9077	9.27135	10.9205	5.22579	0	0	0	0	0	0	0	0	0	0	0	0	0	0	0
05.500,00.000	15.7	5.5	-200	0	4.5	97.3647	57.0052	14.4814	9.60054	11.0354	5.2421	0	0	0	0	0	0	0	0	0	0	0	0	0	0	0
05.500,00.000	15.8	5.5	-200	0	4.5	97.9328	57.2468	14.5879	9.78581	11.0739	5.23841	0	0	0	0	0	0	0	0	0	0	0	0	0	0	0
05.500,00.000	15.9	5.5	-200	0	4.5	98.4889	57.485	14.6597	9.99053	11.1144	5.23926	0	0	0	0	0	0	0	0	0	0	0	0	0	0	0
05.500,00.000	16	5.5	-200	0	4.5	100.854	58.4922	14.9802	10.8407	11.296	5.24531	0	0	0	0	0	0	0	0	0	0	0	0	0	0	0
05.500,00.000	16.1	5.5	-200	0	4.5	102.737	59.28	15.1937	11.568	11.4499	5.24531	0	0	0	0	0	0	0	0	0	0	0	0	0	0	0
05.500,00.000	16.2	5.5	-200	0	4.5	104.39	59.963	15.3888	12.2015	11.5909	5.24531	0	0	0	0	0	0	0	0	0	0	0	0	0	0	0
05.500,00.000	16.3	5.5	-200	0	4.5	106.149	60.7349	15.5847	12.8426	11.741	5.24531	0	0	0	0	0	0	0	0	0	0	0	0	0	0	0
05.500,00.000	16.4	5.5	-200	0	4.5	107.902	61.4825	15.7833	13.4913	11.8996	5.24531	0	0	0	0	0	0	0	0	0	0	0	0	0	0	0
05.500,00.000	16.5	5.5	-200	0	4.5	113.777	63.888	16.412	15.7709	12.4605	5.24531	0	0	0	0	0	0	0	0	0	0	0	0	0	0	0
05.500,00.000	16.6	5.5	-200	0	4.5	114.947	64.3468	16.5497	16.2297	12.5751	5.24531	0	0	0	0	0	0	0	0	0	0	0	0	0	0	0
05.500,00.000	16.7	5.5	-200	0	4.5	121.785	66.9318	17.3178	18.9536	13.3366	5.24531	0	0	0	0	0	0	0	0	0	0	0	0	0	0	0
05.500,00.000	16.8	5.5	-200	0	4.5	123.247	67.4371	17.5121	19.5348	13.5181	5.24531	0	0	0	0	0	0	0	0	0	0	0	0	0	0	0
05.500,00.000	16.9	5.5	-200	0	4.5	127.043	68.7031	18.0159	21.061	14.0182	5.24531	0	0	0	0	0	0	0	0	0	0	0	0	0	0	0
05.500,00.000	17	5.5	-200	0	4.5	129.891	69.6233	18.4056	22.199	14.4181	5.24531	0	0	0	0	0	0	0	0	0	0	0	0	0	0	0
05.500,00.000	17.1	5.5	-200	0	4.5	131.663	70.1689	18.6532	22.9178	14.6779	5.24531	0	0	0	0	0	0	0	0	0	0	0	0	0	0	0
05.500,00.000	17.2	5.5	-200	0	4.5	133.33	70.6587	18.8909	23.6001	14.9346	5.24531	0	0	0	0	0	0	0	0	0	0	0	0	0	0	0
05.500,00.000	17.3	5.5	-200	0	4.5	135.056	71.1302	19.1828	24.2902	15.2076	5.24531	0	0	0	0	0	0	0	0	0	0	0	0	0	0	0
05.500,00.000	17.4	5.5	-200	0	4.5	136.792	71.5773	19.4871	24.9844	15.4982	5.24531	0	0	0	0	0	0	0	0	0	0	0	0	0	0	0
05.500,00.000	17.5	5.5	-200	0	4.5	144.622	73.4489	20.9064	28.1449	16.8756	5.24612	0	0	0	0	0	0	0	0	0	0	0	0	0	0	0
05.500,00.000	17.6	5.5	-200	0	4.5	146.12	73.7863	21.2179	28.7143	17.1542	5.24717	0	0	0	0	0	0	0	0	0	0	0	0	0	0	0
05.500,00.000	17.7	5.5	-200	0	4.5	155.512	75.6646	23.2729	32.3583	18.9411	5.27528	0	0	0	0	0	0	0	0	0	0	0	0	0	0	0
05.500,00.000	17.8	5.5	-200	0	4.5	157.6	76.0862	23.7663	32.8109	19.6526	5.28386	0	0	0	0	0	0	0	0	0	0	0	0	0	0	0
05.500,00.000	17.9	5.5	-200	0	4.5	162.246	76.9033	24.8443	33.908	21.2683	5.32222	0	0	0	0	0	0	0	0	0	0	0	0	0	0	0
05.500,00.000	18	5.5	-200	0	4.5	165.93	77.5706	25.6819	34.7663	22.5518	5.35907	0	0	0	0	0	0	0	0	0	0	0	0	0	0	0
05.500,00.000	18.1	5.5	-200	0	4.5	168.177	78.0717	26.1767	35.2555	23.2863	5.38671	0	0	0	0	0	0	0	0	0	0	0	0	0	0	0
05.500,00.000	18.2	5.5	-200	0	4.5	170.206	78.5164	26.6342	35.6903	23.9479	5.41677	0	0	0	0	0	0	0	0	0	0	0	0	0	0	0
05.500,00.000	18.3	5.5	-200	0	4.5	172.31	79.0038	27.1099	36.1202	24.6226	5.45378	0	0	0	0	0	0	0	0	0	0	0	0	0	0	0
05.500,00.000	18.4	5.5	-200	0	4.5	174.471	79.5031	27.6039	36.5565	25.3108	5.49707	0	0	0	0	0	0	0	0	0	0	0	0	0	0	0
05.500,00.000	18.5	5.5	-200	0	4.5	184.873	81.8767	29.8958	38.6794	28.6797	5.74107	0	0	0	0	0	0	0	0	0	0	0	0	0	0	0
05.500,00.000	18.6	5.5	-200	0	4.5	186.775	82.359	30.2871	38.9828	29.3527	5.79323	0	0	0	0	0	0	0	0	0	0	0	0	0	0	0
05.500,00.000	18.7	5.5	-200	0	4.5	198.971	85.0061	33.1531	41.2511	33.4058	6.1547	0	0	0	0	0	0	0	0	0	0	0	0	0	0	0
05.500,00.000	18.8	5.5	-200	0	4.5	201.792	85.6546	33.788	41.7389	34.3653	6.24486	0	0	0	0	0	0	0	0	0	0	0	0	0	0	0
05.500,00.000	18.9	5.5	-200	0	4.5	208.278	87.0475	35.2761	43.0082	36.4809	6.46522	0	0	0	0	0	0	0	0	0	0	0	0	0	0	0
05.500,00.000	19	5.5	-200	0	4.5	213.084	87.7226	36.7453	43.932	38.0477	6.63605	0	0	0	0	0	0	0	0	0	0	0	0	0	0	0
05.500,00.000	19.1	5.5	-200	0	4.5	215.497	87.9704	37.4227	44.4728	38.8972	6.73374	0	0	0	0	0	0	0	0	0	0	0	0	0	0	0
05.500,00.000	19.2	5.5	-200	0	4.5	217.649	88.1835	37.9721	44.9891	39.6773	6.82745	0	0	0	0	0	0	0	0	0	0	0	0	0	0	0
05.500,00.000	19.3	5.5	-200	0	4.5	219.843	88.3872	38.53	45.5315	40.4682	6.92615	0	0	0	0	0	0	0	0	0	0	0	0	0	0	0
05.500,00.000	19.4	5.5	-200	0	4.5	222.084	88.6039	39.0981	46.1023	41.2503	7.02979	0	0	0	0	0	0	0	0	0	0	0	0	0	0	0
05.500,00.000	19.5	5.5	-200	0	4.5	224.466	88.819	39.6992	46.7267	41.9303	7.29089	0	0	0	0	0	0	0	0	0	0	0	0	0	0	0
05.500,00.000	19.6	5.5	-200	0	4.5	227.113	89.0458	40.3638	47.4355	42.5508	7.71691	0	0	0	0	0	0	0	0	0	0	0	0	0	0	0
05.500,00.000	19.7	5.5	-200	0	4.5	228.839	89.1902	40.7857	47.9087	42.9599	7.99414	0	0	0	0	0	0	0	0	0	0	0	0	0	0	0
05.500,00.000	19.8	5.5	-200	0	4.5	238.916	89.9854	43.1727	50.6606	45.3111	9.57996	0.205729	0	0	0	0	0	0	0	0	0	0	0	0	0	0
05.500,00.000	19.9	5.5	-200	0	4.5	241.132	90.209	43.6438	51.2435	45.6968	9.92662	0.412047	0	0	0	0	0	0	0	0	0	0	0	0	0	0
05.500,00.000	20	5.5	-200	0	4.5	245.805	90.6474	44.7238	52.4479	46.5453	10.6197	0.820946	0	0	0	0	0	0	0	0	0	0	0	0	0	0
05.500,00.000	20.1	5.5	-200	0	4.5	250.289	91.1451	45.7092	53.6208	47.3071	11.2916	1.21485	0	0	0	0	0	0	0	0	0	0	0	0	0	0
05.500,00.000	20.2	5.5	-200	0	4.5	253.264	91.4664	46.3661	54.3996	47.8356	11.7288	1.46791	0	0	0	0	0	0	0	0	0	0	0	0	0	0
05.500,00.000	20.3	5.5	-200	0	4.5	256.011	91.7582	46.9618	55.1283	48.3379	12.1282	1.69697	0	0	0	0	0	0	0	0	0	0	0	0	0	0
05.500,00.000	20.4	5.5	-200	0	4.5	258.81	92.0509	47.5622	55.8762	48.8619	12.5322	1.92648	0	0	0	0	0	0	0	0	0	0	0	0	0	0
05.500,00.000	20.5	5.5	-200	0	4.5	261.644	92.3413	48.1705	56.6354	49.4024	12.9389	2.15558	0	0	0	0	0	0	0	0	0	0	0	0	0	0
05.500,00.000	20.6	5.5	-200	0	4.5	264.474	92.6266	48.7851	57.4023	49.9295	13.3459	2.38429	0	0	0	0	0	0	0	0	0	0	0	0	0	0
05.500,00.000	20.7	5.5	-200	0	4.5	267.287	92.9114	49.3947	58.177	50.4519	13.7404	2.61132	0	0	0	0	0	0	0	0	0	0	0	0	0	0
05.500,00.000	20.8	5.5	-200	0	4.5	270.135	93.1992	49.9934	58.9644	50.9973	14.1411	2.83921	0	0	0	0	0	0	0	0	0	0	0	0	0	0
05.500,00.000	20.9	5.5	-200	0	4.5	277.164	93.9198	51.4592	60.9005	52.3916	15.0969	3.39621	0	0	0	0	0	0	0	0	0	0	0	0	0	0
05.500,00.000	21	5.5	-200	0	4.5	278.676	94.1084	51.7199	61.3388	52.6921	15.2957	3.52141	0	0	0	0	0	0	0	0	0	0	0	0	0	0
05.500,00.000	21.1	5.5	-200	0	4.5	283.713	94.702	52.7376	62.6771	53.7262	15.9675	3.90231	0	0	0	0	0	0	0	0	0	0	0	0	0	0
05.500,00.000	21.2	5.5	-200	0	4.5	287.416	95.188	53.467	63.6389	54.4671	16.466	4.18905	0	0	0	0	0	0	0	0	0	0	0	0	0	0
05.500,00.000	21.3	5.5	-200	0	4.5	290.462	95.5867	54.0809	64.4333	55.0764	16.8691	4.41535	0	0	0	0	0	0	0	0	0	0	0	0	0	0
05.500,00.000	21.4	5.5	-200	0	4.5	296.34	96.389	55.2664	65.9492	56.2673	17.6299	4.8382	0	0	0	0	0	0	0	0	0	0	0	0	0	0
05.500,00.000	21.5	5.5	-200	0	4.5	297.685	96.5894	55.529	66.2985	56.5359	17.7944	4.93769	0	0	0	0	0	0	0	0	0	0	0	0	0	0
05.500,00.000	21.6	5.5	-200	0	4.5	311.768	98.6081	58.3028	69.8924	59.4913	19.565	5.64983	0.258221	0	0	0	0	0	0	0	0	0	0	0	0	0
05.500,00.000	21.7	5.5	-200	0	4.5	320.372	99.9017	60.0126	72.1538	61.3749	20.6497	5.64983	0.629379	0	0	0	0	0	0	0	0	0	0	0	0	0
05.500,00.000	21.8	5.5	-200	0	4.5	321.103	100.021	60.1657	72.3564	61.5368	20.7438	5.64983	0.629379	0	0	0	0	0	0	0	0	0	0	0	0	0
05.500,00.000	21.9	5.5	-200	0	4.5	321.291	100.053	60.2045	72.4068	61.58	20.768	5.64983	0.629379	0	0	0	0	0	0	0	0	0	0	0	0	0
05.500,00.000	22	5.5	-200	0	4.5	326.126	100.878	61.2045	73.6968	62.6977	21.3705	5.64983	0.629379	0	0	0	0	0	0	0	0	0	0	0	0	0
05.500,00.000	22.1	5.5	-200	0	4.5	334.843	102.54	62.9586	75.9465	64.6977	22.416	5.65433	0.629379	0	0	0	0	0	0	0	0	0	0	0	0	0
05.500,00.000	22.2	5.5	-200	0	4.5	339.725	103.555	63.9175	77.1737	65.811	22.6443	5.99345	0.629379	0	0	0	0	0	0	0	0	0	0	0	0	0
05.500,00.000	22.3	5.5	-200	0	4.5	343.491	104.327	64.6597	78.1086	66.6928	22.856	6.21696	0.629379	0	0	0	0	0	0	0	0	0	0	0	0	0
05.500,00.000	22.4	5.5	-200	0	4.5	366.423	108.881	69.0789	83.4918	72.0272	24.0151	7.62208	1.30657	0	0	0	0	0	0	0	0	0	0	0	0	0
05.500,00.000	22.5	5.5	-200	0	4.5	372.729	110.111	70.2457	84.9349	73.4733	24.3035	8.00339	1.65723	0	0	0	0	0	0	0	0	0	0	0	0	0
05.500,00.000	22.6	5.5	-200	0	4.5	397.026	114.678	74.7742	90.4713	79.2531	25.4715	9.41827	2.95985	0	0	0	0	0	0	0	0	0	0	0	0	0
05.500,00.000	22.7	5.5	-200	0	4.5	408.184	116.867	76.7723	93.0693	81.8841	25.9823	10.0596	3.54949	0	0	0	0	0	0	0	0	0	0	0	0	0
05.500,00.000	22.8	5.5	-200	0	4.5	410.021	117.215	77.1007	93.492	82.3212	26.086	10.1632	3.64281	0	0	0	0	0	0	0	0	0	0	0	0	0
05.500,00.000	22.9	5.5	-200	0	4.5	410.22	117.254	77.1356	93.5373	82.3691	26.0975	10.1741	3.65261	0	0	0	0	0	0	0	0	0	0	0	0	0
05.500,00.000	23	5.5	-200	0	4.5	433.446	121.793	81.2534	98.7901	87.899	27.4864	11.4559	4.7682	0	0	0	0	0	0	0	0	0	0	0	0	0
05.500,00.000	23.1	5.5	-200	0	4.5	444.116	123.943	83.1149	101.254	90.3242	28.1027	12.091	5.28565	0	0	0	0	0	0	0	0	0	0	0	0	0
05.500,00.000	23.2	5.5	-200	0	4.5	448.765	124.86	83.9281	102.304	91.4127	28.3932	12.3653	5.50162	0	0	0	0	0	0	0	0	0	0	0	0	0
05.500,00.000	23.3	5.5	-200	0	4.5	450.544	125.192	84.2548	102.707	91.829	28.507	12.4715	5.58311	0	0	0	0	0	0	0	0	0	0	0	0	0
05.500,00.000	23.4	5.5	-200	0	4.5	450.856	125.231	84.33	102.777	91.9027	28.5278	12.4904	5.59711	0	0	0	0	0	0	0	0	0	0	0	0	0
05.500,00.000	23.5	5.5	-200	0	4.5	451.297	125.292	84.4296	102.876	92.0071	28.5588	12.5176	5.61657	0	0	0	0	0	0	0	0	0	0	0	0	0
05.500,00.000	23.6	5.5	-200	0	4.5	451.677	125.339	84.5175	102.962	92.0972	28.5862	12.5425	5.63351	0	0	0	0	0	0	0	0	0	0	0	0	0
05.500,00.000	23.7	5.5	-200	0	4.5	475.678	128.258	89.7557	108.446	97.881	30.4394	14.1823	6.71618	0	0	0	0	0	0	0	0	0	0	0	0	0
05.500,00.000	23.8	5.5	-200	0	4.5	483.818	129.289	91.4655	110.315	99.8505	31.0424	14.7742	6.88365	0.1978	0	0	0	0	0	0	0	0	0	0	0	0
05.500,00.000	23.9	5.5	-200	0	4.5	483.977	129.31	91.4988	110.351	99.8886	31.0556	14.7856	6.88511	0.203094	0	0	0	0	0	0	0	0	0	0	0	0
05.500,00.000	24	5.5	-200	0	4.5	486.948	129.733	92.0829	111.016	100.584	31.3004	15.0182	6.87698	0.336186	0	0	0	0	0	0	0	0	0	0	0	0
05.500,00.000	24.1	5.5	-200	0	4.5	489.902	130.142	92.6661	111.675	101.275	31.5448	15.2607	6.8716	0.465953	0	0	0	0	0	0	0	0	0	0	0	0
05.500,00.000	24.2	5.5	-200	0	4.5	490.409	130.208	92.7692	111.789	101.393	31.5909	15.3009	6.87379	0.484505	0	0	0	0	0	0	0	0	0	0	0	0
05.500,00.000	24.3	5.5	-200	0	4.5	490.879	130.268	92.864	111.895	101.501	31.6347	15.3387	6.87576	0.501495	0	0	0	0	0	0	0	0	0	0	0	0
05.500,00.000	24.4	5.5	-200	0	4.5	490.953	130.278	92.8783	111.912	101.518	31.6412	15.3454	6.87555	0.504751	0	0	0	0	0	0	0	0	0	0	0	0
05.500,00.000	24.5	5.5	-200	0	4.5	496.853	131.023	94.0278	113.246	102.856	32.2059	15.8758	6.87566	0.742998	0	0	0	0	0	0	0	0	0	0	0	0
05.500,00.000	24.6	5.5	-200	0	4.5	501.406	131.584	94.907	114.257	103.92	32.6374	16.105	7.06531	0.930429	0	0	0	0	0	0	0	0	0	0	0	0
05.500,00.000	24.7	5.5	-200	0	4.5	528.979	134.403	100.402	120.301	110.581	35.499	17.3897	8.30948	2.09419	0	0	0	0	0	0	0	0	0	0	0	0
05.500,00.000	24.8	5.5	-200	0	4.5	537.583	135.355	102.047	122.033	112.732	36.4726	17.7885	8.70096	2.45315	0	0	0	0	0	0	0	0	0	0	0	0
05.500,00.000	24.9	5.5	-200	0	4.5	537.682	135.366	102.065	122.055	112.756	36.4842	17.7933	8.70531	2.45709	0	0	0	0	0	0	0	0	0	0	0	0
05.500,00.000	25	5.5	-200	0	4.5	542.094	135.895	102.843	122.956	113.823	37.0223	18.019	8.90366	2.63223	0	0	0	0	0	0	0	0	0	0	0	0
05.500,00.000	25.1	5.5	-200	0	4.5	556.053	137.549	105.276	125.879	117.213	38.6742	18.746	9.53265	3.18213	0	0	0	0	0	0	0	0	0	0	0	0
05.500,00.000	25.2	5.5	-200	0	4.5	559.963	138.101	105.933	126.635	118.158	39.1503	18.9445	9.70828	3.33349	0	0	0	0	0	0	0	0	0	0	0	0
05.500,00.000	25.3	5.5	-200	0	4.5	560.605	138.197	106.036	126.761	118.308	39.2302	18.9787	9.73616	3.35713	0	0	0	0	0	0	0	0	0	0	0	0
05.500,00.000	25.4	5.5	-200	0	4.5	560.74	138.218	106.057	126.786	118.341	39.2473	18.986	9.74218	3.36218	0	0	0	0	0	0	0	0	0	0	0	0
05.500,00.000	25.5	5.5	-200	0	4.5	562.499	138.501	106.268	127.125	118.773	39.4854	19.0923	9.82487	3.42984	0	0	0	0	0	0	0	0	0	0	0	0
05.500,00.000	25.6	5.5	-200	0	4.5	563.738	138.713	106.397	127.38	119.096	39.6728	19.1739	9.8897	3.41544	0	0	0	0	0	0	0	0	0	0	0	0
05.500,00.000	25.7	5.5	-200	0	4.5	564.011	138.757	106.432	127.436	119.161	39.7111	19.1921	9.90277	3.41822	0	0	0	0	0	0	0	0	0	0	0	0
05.500,00.000	25.8	5.5	-200	0	4.5	595.332	144.046	109.843	133.693	126.927	44.4484	21.3802	11.3941	3.59992	0	0	0	0	0	0	0	0	0	0	0	0
05.500,00.000	25.9	5.5	-200	0	4.5	604.933	145.604	110.836	135.498	129.366	46.0092	22.1565	11.8637	3.59992	0	0	0	0	0	0	0	0	0	0	0	0
05.500,00.000	26	5.5	-200	0	4.5	605.422	145.691	110.887	135.587	129.486	46.0849	22.1994	11.8871	3.59992	0	0	0	0	0	0	0	0	0	0	0	0
05.500,00.000	26.1	5.5	-200	0	4.5	605.976	145.792	110.943	135.685	129.62	46.1717	22.2494	11.914	3.59992	0	0	0	0	0	0	0	0	0	0	0	0
05.500,00.000	26.2	5.5	-200	0	4.5	606.495	145.891	110.995	135.774	129.745	46.2534	22.2977	11.9394	3.59992	0	0	0	0	0	0	0	0	0	0	0	0
05.500,00.000	26.3	5.5	-200	0	4.5	606.984	145.986	111.043	135.855	129.862	46.3311	22.3437	11.9635	3.59992	0	0	0	0	0	0	0	0	0	0	0	0
05.500,00.000	26.4	5.5	-200	0	4.5	607.06	146	111.051	135.867	129.88	46.3446	22.3502	11.9673	3.59992	0	0	0	0	0	0	0	0	0	0	0	0
05.500,00.000	26.5	5.5	-200	0	4.5	608.191	146.215	111.165	136.039	130.151	46.5384	22.458	12.0258	3.59992	0	0	0	0	0	0	0	0	0	0	0	0
05.500,00.000	26.6	5.5	-200	0	4.5	609.176	146.399	111.266	136.185	130.389	46.7073	22.5526	12.0775	3.59992	0	0	0	0	0	0	0	0	0	0	0	0
05.500,00.000	26.7	5.5	-200	0	4.5	635.824	151.333	114.001	140.167	136.509	51.3283	25.3891	13.4957	3.59992	0	0	0	0	0	0	0	0	0	0	0	0
05.500,00.000	26.8	5.5	-200	0	4.5	655.756	154.826	116.244	142.986	140.946	55.0264	27.5271	14.6009	3.59992	0	0	0	0	0	0	0	0	0	0	0	0
05.500,00.000	26.9	5.5	-200	0	4.5	658.441	155.3	116.55	143.343	141.534	55.5548	27.8055	14.7545	3.59992	0	0	0	0	0	0	0	0	0	0	0	0
05.500,00.000	27	5.5	-200	0	4.5	658.975	155.401	116.606	143.412	141.649	55.6549	27.8679	14.7839	3.59992	0	0	0	0	0	0	0	0	0	0	0	0
05.500,00.000	27.1	5.5	-200	0	4.5	659.579	155.517	116.669	143.488	141.779	55.7693	27.9397	14.8178	3.59992	0	0	0	0	0	0	0	0	0	0	0	0
05.500,00.000	27.2	5.5	-200	0	4.5	660.122	155.623	116.724	143.554	141.894	55.8731	28.0054	14.8488	3.59992	0	0	0	0	0	0	0	0	0	0	0	0
05.500,00.000	27.3	5.5	-200	0	4.5	660.611	155.719	116.773	143.612	141.997	55.9667	28.066	14.8771	3.59992	0	0	0	0	0	0	0	0	0	0	0	0
05.500,00.000	27.4	5.5	-200	0	4.5	660.685	155.733	116.78	143.62	142.013	55.9819	28.0747	14.8817	3.59992	0	0	0	0	0	0	0	0	0	0	0	0
05.500,00.000	27.5	5.5	-200	0	4.5	664.361	156.446	117.14	144.019	142.785	56.7289	28.5356	15.1079	3.59992	0	0	0	0	0	0	0	0	0	0	0	0
05.500,00.000	27.6	5.5	-200	0	4.5	690.345	161.751	119.806	146.834	147.883	61.9312	31.9078	16.6321	3.59992	0	0	0	0	0	0	0	0	0	0	0	0
05.500,00.000	27.7	5.5	-200	0	4.5	764.107	176.475	128.095	154.845	161.601	76.2471	41.8437	18.6352	6.36444	0	0	0	0	0	0	0	0	0	0	0	0
05.500,00.000	27.8	5.5	-200	0	4.5	777.685	178.869	129.678	156.239	164.233	79.2219	43.6353	18.9223	6.88719	0	0	0	0	0	0	0	0	0	0	0	0
05.500,00.000	27.9	5.5	-200	0	4.5	831.087	188.477	136.373	161.111	173.912	90.7653	51.1426	20.4096	8.89606	0	0	0	0	0	0	0	0	0	0	0	0
05.500,00.000	28	5.5	-200	0	4.5	847.048	191.406	138.538	162.364	176.816	94.3336	53.2929	20.7806	9.51688	0	0	0	0	0	0	0	0	0	0	0	0
05.500,00.000	28.1	5.5	-200	0	4.5	858.628	193.623	140.117	163.273	178.795	96.7953	54.8898	21.1672	9.96787	0	0	0	0	0	0	0	0	0	0	0	0
05.500,00.000	28.2	5.5	-200	0	4.5	867.514	195.37	141.344	163.924	180.287	98.6796	56.1098	21.4794	10.3214	0	0	0	0	0	0	0	0	0	0	0	0
05.500,00.000	28.3	5.5	-200	0	4.5	874.71	196.802	142.34	164.442	181.444	100.195	57.1107	21.7617	10.6143	0	0	0	0	0	0	0	0	0	0	0	0
05.500,00.000	28.4	5.5	-200	0	4.5	890.453	200.054	144.521	165.521	183.902	103.468	59.3054	22.4136	11.2679	0	0	0	0	0	0	0	0	0	0	0	0
05.500,00.000	28.5	5.5	-200	0	4.5	900.707	202.18	145.961	166.188	185.477	105.524	60.8209	22.8504	11.7054	0	0	0	0	0	0	0	0	0	0	0	0
05.500,00.000	28.6	5.5	-200	0	4.5	922.797	206.776	149.231	167.702	188.703	109.795	64.0673	23.8615	12.6608	0	0	0	0	0	0	0	0	0	0	0	0
05.500,00.000	28.7	5.5	-200	0	4.5	938.523	210.118	151.61	168.755	190.924	112.814	66.3616	24.5894	13.3506	0	0	0	0	0	0	0	0	0	0	0	0
05.500,00.000	28.8	5.5	-200	0	4.5	940.132	210.468	151.86	168.871	191.131	113.123	66.5978	24.6585	13.4222	0	0	0	0	0	0	0	0	0	0	0	0
05.500,00.000	28.9	5.5	-200	0	4.5	940.734	210.602	151.949	168.91	191.209	113.24	66.6853	24.6894	13.4492	0	0	0	0	0	0	0	0	0	0	0	0
05.500,00.000	29	5.5	-200	0	4.5	964.107	215.847	155.408	170.265	194.198	117.785	70.1451	25.9469	14.5109	0	0	0	0	0	0	0	0	0	0	0	0
05.500,00.000	29.1	5.5	-200	0	4.5	977.608	218.913	157.448	170.992	195.914	120.404	72.1733	26.6293	14.8454	0.289022	0	0	0	0	0	0	0	0	0	0	0
05.500,00.000	29.2	5.5	-200	0	4.5	986.007	220.825	158.695	171.418	196.947	122.022	73.4684	27.1048	15.026	0.499657	0	0	0	0	0	0	0	0	0	0	0
05.500,00.000	29.3	5.5	-200	0	4.5	994.431	222.787	159.939	171.824	197.967	123.604	74.7923	27.5949	15.2086	0.714825	0	0	0	0	0	0	0	0	0	0	0
05.500,00.000	29.4	5.5	-200	0	4.5	1002.96	224.818	161.182	172.211	198.969	125.171	76.1479	28.1299	15.3924	0.935194	0	0	0	0	0	0	0	0	0	0	0
05.500,00.000	29.5	5.5	-200	0	4.5	1011.51	226.879	162.417	172.579	199.953	126.74	77.5266	28.6813	15.5833	1.15542	0	0	0	0	0	0	0	0	0	0	0
05.500,00.000	29.6	5.5	-200	0	4.5	1030.55	231.467	165.141	173.36	202.087	130.236	80.6066	30.0095	15.9981	1.64692	0	0	0	0	0	0	0	0	0	0	0
05.500,00.000	29.7	5.5	-200	0	4.5	1078.89	243.19	172.374	175.22	207.344	138.924	88.418	33.4857	17.0416	2.8883	0	0	0	0	0	0	0	0	0	0	0
05.500,00.000	29.8	5.5	-200	0	4.5	1086.95	245.242	173.626	175.528	208.162	140.325	89.7375	34.0468	17.1803	3.09863	0	0	0	0	0	0	0	0	0	0	0
05.500,00.000	29.9	5.5	-200	0	4.5	1089.14	245.806	173.97	175.6	208.372	140.687	90.104	34.2149	17.2276	3.15527	0	0	0	0	0	0	0	0	0	0	0
05.500,00.000	30	5.5	-200	0	4.5	1113.22	251.942	177.779	176.363	210.606	144.572	94.2318	36.1594	17.8037	3.76553	0	0	0	0	0	0	0	0	0	0	0
05.500,00.000	30.1	5.5	-200	0	4.5	1126.42	255.436	179.959	176.773	211.781	146.669	96.4893	37.0993	18.1031	4.11024	0	0	0	0	0	0	0	0	0	0	0
05.500,00.000	30.2	5.5	-200	0	4.5	1135.02	257.674	181.375	177.097	212.525	148.018	97.9018	37.7778	18.3278	4.32809	0	0	0	0	0	0	0	0	0	0	0
05.500,00.000	30.3	5.5	-200	0	4.5	1143.66	259.937	182.808	177.411	213.251	149.346	99.3233	38.4722	18.5653	4.54626	0	0	0	0	0	0	0	0	0	0	0
05.500,00.000	30.4	5.5	-200	0	4.5	1152.31	262.207	184.257	177.714	213.959	150.645	100.735	39.2178	18.8076	4.76432	0	0	0	0	0	0	0	0	0	0	0
05.500,00.000	30.5	5.5	-200	0	4.5	1160.94	264.469	185.72	178.001	214.643	151.924	102.164	39.984	19.0551	4.98256	0	0	0	0	0	0	0	0	0	0	0
05.500,00.000	30.6	5.5	-200	0	4.5	1180.34	269.574	188.977	178.605	216.099	154.75	105.418	41.7788	19.6605	5.47672	0	0	0	0	0	0	0	0	0	0	0
05.500,00.000	30.7	5.5	-200	0	4.5	1195.41	273.533	191.59	179.059	217.195	156.9	107.947	43.1793	20.1469	5.86093	0	0	0	0	0	0	0	0	0	0	0
05.500,00.000	30.8	5.5	-200	0	4.5	1200.51	274.871	192.469	179.235	217.555	157.616	108.784	43.6639	20.3238	5.99128	0	0	0	0	0	0	0	0	0	0	0
05.500,00.000	30.9	5.5	-200	0	4.5	1201.17	275.045	192.583	179.258	217.6	157.705	108.892	43.7281	20.3479	6.00797	0	0	0	0	0	0	0	0	0	0	0
05.500,00.000	31	5.5	-200	0	4.5	1222.73	280.769	196.324	179.974	218.989	160.548	112.432	45.9509	21.1907	6.55259	0	0	0	0	0	0	0	0	0	0	0
05.500,00.000	31.1	5.5	-200	0	4.5	1235.63	284.258	198.631	180.418	219.806	162.25	114.489	47.1876	21.7036	6.88859	0	0	0	0	0	0	0	0	0	0	0
05.500,00.000	31.2	5.5	-200	0	4.5	1244.11	286.371	200.398	180.686	220.298	163.387	115.782	48.0092	22.0751	7.1045	0	0	0	0	0	0	0	0	0	0	0
05.500,00.000	31.3	5.5	-200	0	4.5	1252.72	288.47	202.238	180.952	220.772	164.495	117.111	48.8859	22.4721	7.32412	0	0	0	0	0	0	0	0	0	0	0
05.500,00.000	31.4	5.5	-200	0	4.5	1261.11	290.587	203.814	181.21	221.221	165.574	118.428	49.8492	22.8875	7.54304	0	0	0	0	0	0	0	0	0	0	0
05.500,00.000	31.5	5.5	-200	0	4.5	1269.51	292.72	205.383	181.458	221.648	166.616	119.756	50.8421	23.3217	7.76151	0	0	0	0	0	0	0	0	0	0	0
05.500,00.000	31.6	5.5	-200	0	4.5	1284.02	296.447	208.115	181.874	222.36	168.344	122.12	52.505	24.1082	8.14104	0	0	0	0	0	0	0	0	0	0	0
05.500,00.000	31.7	5.5	-200	0	4.5	1287.23	297.297	208.732	181.969	222.51	168.721	122.655	52.8486	24.2732	8.22816	0	0	0	0	0	0	0	0	0	0	0
05.500,00.000	31.8	5.5	-200	0	4.5	1316.73	305.102	214.258	182.739	223.801	171.956	127.454	56.4089	26.0204	8.9882	0	0	0	0	0	0	0	0	0	0	0
05.500,00.000	31.9	5.5	-200	0	4.5	1323.42	306.892	215.524	182.923	224.077	172.668	128.569	57.2026	26.3963	9.16513	0	0	0	0	0	0	0	0	0	0	0
05.500,00.000	32	5.5	-200	0	4.5	1341.62	311.867	218.929	183.326	224.82	174.482	131.555	59.417	27.5933	9.62913	0	0	0	0	0	0	0	0	0	0	0
05.500,00.000	32.1	5.5	-200	0	4.5	1353.44	315.278	221.178	183.579	225.305	175.603	133.506	60.6782	28.4012	9.70606	0.207465	0	0	0	0	0	0	0	0	0	0
05.500,00.000	32.2	5.5	-200	0	4.5	1361.86	317.7	222.75	183.752	225.63	176.381	134.907	61.6555	29.0093	9.72389	0.349972	0	0	0	0	0	0	0	0	0	0
05.500,00.000	32.3	5.5	-200	0	4.5	1370.11	320.123	224.302	183.915	225.939	177.127	136.299	62.6797	29.6371	9.72948	0.35556	0	0	0	0	0	0	0	0	0	0
05.500,00.000	32.4	5.5	-200	0	4.5	1378.35	322.546	225.855	184.069	226.233	177.841	137.696	63.7334	30.2898	9.72948	0.35556	0	0	0	0	0	0	0	0	0	0
05.500,00.000	32.5	5.5	-200	0	4.5	1386.6	324.99	227.398	184.213	226.514	178.522	139.103	64.8107	30.9679	9.72948	0.35556	0	0	0	0	0	0	0	0	0	0
05.500,00.000	32.6	5.5	-200	0	4.5	1398.98	328.595	229.726	184.415	226.908	179.495	141.236	66.4922	32.0235	9.72959	0.35556	0	0	0	0	0	0	0	0	0	0
05.500,00.000	32.7	5.5	-200	0	4.5	1401.86	329.453	230.272	184.458	227	179.716	141.735	66.87	32.2711	9.72981	0.35556	0	0	0	0	0	0	0	0	0	0
05.500,00.000	32.8	5.5	-200	0	4.5	1427.78	337.21	235.058	184.821	227.719	181.543	146.142	70.5484	34.6487	9.73825	0.35556	0	0	0	0	0	0	0	0	0	0
05.500,00.000	32.9	5.5	-200	0	4.5	1433.63	339.014	236.161	184.894	227.886	181.951	147.101	71.3721	35.1511	9.74178	0.35556	0	0	0	0	0	0	0	0	0	0
05.500,00.000	33	5.5	-200	0	4.5	1450.2	343.988	239.258	185.087	228.291	182.99	149.877	73.8628	36.726	9.76779	0.35556	0	0	0	0	0	0	0	0	0	0
05.500,00.000	33.1	5.5	-200	0	4.5	1461.52	347.395	241.367	185.207	228.558	183.673	151.769	75.5937	37.8106	9.79116	0.35556	0	0	0	0	0	0	0	0	0	0
05.500,00.000	33.2	5.5	-200	0	4.5	1469.87	350.021	242.858	185.285	228.737	184.132	153.14	76.8694	38.6532	9.81529	0.35556	0	0	0	0	0	0	0	0	0	0
05.500,00.000	33.3	5.5	-200	0	4.5	1478.17	352.7	244.322	185.355	228.905	184.487	154.509	78.1786	39.5123	9.84655	0.35556	0	0	0	0	0	0	0	0	0	0
05.500,00.000	33.4	5.5	-200	0	4.5	1486.51	355.414	245.788	185.416	229.062	184.809	155.875	79.513	40.3934	9.88486	0.35556	0	0	0	0	0	0	0	0	0	0
05.500,00.000	33.5	5.5	-200	0	4.5	1494.83	358.059	247.294	185.467	229.212	185.103	157.239	80.8708	41.2983	9.93027	0.35556	0	0	0	0	0	0	0	0	0	0
05.500,00.000	33.6	5.5	-200	0	4.5	1512.38	363.791	250.324	185.557	229.511	185.668	160.105	83.7937	43.2327	10.0438	0.35556	0	0	0	0	0	0	0	0	0	0
05.500,00.000	33.7	5.5	-200	0	4.5	1516.18	365.072	250.95	185.572	229.576	185.784	160.733	84.4369	43.6195	10.0863	0.35556	0	0	0	0	0	0	0	0	0	0
05.500,00.000	33.8	5.5	-200	0	4.5	1544.88	374.898	255.705	185.658	230.007	186.539	165.249	89.2575	46.7689	10.4458	0.35556	0	0	0	0	0	0	0	0	0	0
05.500,00.000	33.9	5.5	-200	0	4.5	1551.17	376.989	256.781	185.671	230.104	186.701	166.244	90.3328	47.4659	10.5313	0.35556	0	0	0	0	0	0	0	0	0	0
05.500,00.000	34	5.5	-200	0	4.5	1572.59	384.452	260.282	185.703	230.394	187.175	169.521	93.9562	49.892	10.8581	0.35556	0	0	0	0	0	0	0	0	0	0
05.500,00.000	34.1	5.5	-200	0	4.5	1585.77	389.031	262.439	185.716	230.561	187.457	171.535	96.1834	51.4181	11.0732	0.35556	0	0	0	0	0	0	0	0	0	0
05.500,00.000	34.2	5.5	-200	0	4.5	1594.47	392.1	263.834	185.725	230.663	187.627	172.842	97.6475	52.4461	11.2277	0.35556	0	0	0	0	0	0	0	0	0	0
05.500,00.000	34.3	5.5	-200	0	4.5	1603.2	395.216	265.171	185.731	230.759	187.789	174.143	99.1361	53.5046	11.3946	0.35556	0	0	0	0	0	0	0	0	0	0
05.500,00.000	34.4	5.5	-200	0	4.5	1611.98	398.38	266.499	185.736	230.849	187.942	175.412	100.644	54.5903	11.5742	0.35556	0	0	0	0	0	0	0	0	0	0
05.500,00.000	34.5	5.5	-200	0	4.5	1620.87	401.599	267.817	185.784	230.933	188.086	176.655	102.174	55.7021	11.7668	0.35556	0	0	0	0	0	0	0	0	0	0
05.500,00.000	34.6	5.5	-200	0	4.5	1635.05	406.721	269.812	185.907	231.058	188.297	178.602	104.635	57.5669	12.092	0.35556	0	0	0	0	0	0	0	0	0	0
05.500,00.000	34.7	5.5	-200	0	4.5	1638.24	407.913	270.216	185.939	231.085	188.345	179.029	105.19	58.003	12.1696	0.35556	0	0	0	0	0	0	0	0	0	0
05.500,00.000	34.8	5.5	-200	0	4.5	1667.59	418.624	274.146	186.201	231.308	188.719	182.887	110.338	62.0748	12.9342	0.35556	0	0	0	0	0	0	0	0	0	0
05.500,00.000	34.9	5.5	-200	0	4.5	1674.13	421.047	274.983	186.264	231.359	188.805	183.672	111.507	63.0266	13.1156	0.35556	0	0	0	0	0	0	0	0	0	0
05.500,00.000	35	5.5	-200	0	4.5	1692.28	427.77	277.311	186.43	231.481	189.006	185.868	114.722	65.6735	13.663	0.35556	0	0	0	0	0	0	0	0	0	0
05.500,00.000	35.1	5.5	-200	0	4.5	1704.5	432.306	278.884	186.541	231.56	189.136	187.288	116.868	67.5168	14.0492	0.35556	0	0	0	0	0	0	0	0	0	0
05.500,00.000	35.2	5.5	-200	0	4.5	1713.19	435.558	279.991	186.618	231.611	189.218	188.279	118.344	68.8749	14.3438	0.35556	0	0	0	0	0	0	0	0	0	0
05.500,00.000	35.3	5.5	-200	0	4.5	1721.79	438.809	281.075	186.693	231.659	189.293	189.219	119.809	70.1983	14.6553	0.35556	0.0259366	0	0	0	0	0	0	0	0	0
05.500,00.000	35.4	5.5	-200	0	4.5	1730.28	441.999	282.097	186.803	231.703	189.359	190.129	121.262	71.5251	14.9828	0.35556	0.0683889	0	0	0	0	0	0	0	0	0
05.500,00.000	35.5	5.5	-200	0	4.5	1738.71	445.168	283.069	186.934	231.742	189.418	191.009	122.698	72.8722	15.3266	0.35556	0.113156	0	0	0	0	0	0	0	0	0
05.500,00.000	35.6	5.5	-200	0	4.5	1752.33	450.303	284.611	187.139	231.8	189.5	192.407	125.025	75.0678	15.9204	0.35556	0.200698	0	0	0	0	0	0	0	0	0
05.500,00.000	35.7	5.5	-200	0	4.5	1755.32	451.464	284.932	187.2	231.812	189.517	192.705	125.541	75.5132	16.0569	0.35556	0.227281	0	0	0	0	0	0	0	0	0
05.500,00.000	35.8	5.5	-200	0	4.5	1789.76	464.373	288.592	187.802	231.93	189.686	196.058	131.33	81.3268	17.7825	0.35556	0.519451	0	0	0	0	0	0	0	0	0
05.500,00.000	35.9	5.5	-200	0	4.5	1797.12	467.214	289.267	187.981	231.956	189.724	196.719	132.543	82.5511	18.2226	0.35556	0.582743	0	0	0	0	0	0	0	0	0
05.500,00.000	36	5.5	-200	0	4.5	1817.85	475.195	291.354	188.361	232.014	189.816	198.553	135.804	86.1429	19.5101	0.35556	0.747641	0	0	0	0	0	0	0	0	0
05.500,00.000	36.1	5.5	-200	0	4.5	1830.42	480.04	292.615	188.604	232.047	189.891	199.604	137.758	88.3348	20.3194	0.35556	0.846469	0	0	0	0	0	0	0	0	0
05.500,00.000	36.2	5.5	-200	0	4.5	1838.47	483.15	293.445	188.745	232.065	189.934	200.264	138.977	89.7717	20.8575	0.35556	0.906891	0	0	0	0	0	0	0	0	0
05.500,00.000	36.3	5.5	-200	0	4.5	1846.54	486.288	294.276	188.88	232.081	189.976	200.905	140.159	91.2398	21.4197	0.35556	0.965692	0	0	0	0	0	0	0	0	0
05.500,00.000	36.4	5.5	-200	0	4.5	1854.62	489.445	295.107	189.011	232.095	190.015	201.524	141.317	92.728	22.0021	0.35556	1.02248	0	0	0	0	0	0	0	0	0
05.500,00.000	36.5	5.5	-200	0	4.5	1862.63	492.569	295.932	189.136	232.108	190.053	202.117	142.445	94.2385	22.6026	0.35556	1.07707	0	0	0	0	0	0	0	0	0
05.500,00.000	36.6	5.5	-200	0	4.5	1875.04	497.314	297.216	189.322	232.125	190.108	203.007	144.174	96.6587	23.5965	0.35556	1.1596	0	0	0	0	0	0	0	0	0
05.500,00.000	36.7	5.5	-200	0	4.5	1897.09	505.696	299.504	189.643	232.152	190.201	204.539	147.176	100.954	25.5676	0.35556	1.3021	0	0	0	0	0	0	0	0	0
05.500,00.000	36.8	5.5	-200	0	4.5	1900.96	507.188	299.915	189.699	232.156	190.222	204.792	147.689	101.69	25.9274	0.35556	1.32674	0	0	0	0	0	0	0	0	0
05.500,00.000	36.9	5.5	-200	0	4.5	1901.35	507.341	299.956	189.704	232.157	190.223	204.816	147.738	101.765	25.964	0.35556	1.329	0	0	0	0	0	0	0	0	0
05.500,00.000	37	5.5	-200	0	4.5	1919.2	514.423	301.851	189.928	232.171	190.291	205.899	149.924	105.22	27.7074	0.35556	1.42885	0	0	0	0	0	0	0	0	0
05.500,00.000	37.1	5.5	-200	0	4.5	1930.46	518.859	303.114	190.066	232.179	190.337	206.562	151.279	107.373	28.846	0.35556	1.49088	0	0	0	0	0	0	0	0	0
05.500,00.000	37.2	5.5	-200	0	4.5	1938.09	521.902	303.96	190.155	232.184	190.364	206.994	152.15	108.835	29.6637	0.35556	1.53046	0	0	0	0	0	0	0	0	0
05.500,00.000	37.3	5.5	-200	0	4.5	1945.66	524.94	304.806	190.238	232.187	190.391	207.405	152.979	110.295	30.4983	0.35556	1.56802	0	0	0	0	0	0	0	0	0
05.500,00.000	37.4	5.5	-200	0	4.5	1953.15	527.999	305.645	190.316	232.19	190.416	207.795	153.788	111.713	31.3354	0.35556	1.60345	0	0	0	0	0	0	0	0	0
05.500,00.000	37.5	5.5	-200	0	4.5	1960.57	531.062	306.472	190.388	232.191	190.439	208.163	154.559	113.121	32.179	0.35556	1.63674	0	0	0	0	0	0	0	0	0
05.500,00.000	37.6	5.5	-200	0	4.5	1969.43	534.654	307.479	190.471	232.192	190.466	208.586	155.465	114.838	33.2462	0.35556	1.675	0	0	0	0	0	0	0	0	0
05.500,00.000	37.7	5.5	-200	0	4.5	1990.11	542.886	309.858	190.652	232.194	190.524	209.533	157.533	118.945	35.8678	0.35556	1.76053	0	0	0	0	0	0	0	0	0
05.500,00.000	37.8	5.5	-200	0	4.5	1994.05	544.493	310.326	190.686	232.194	190.538	209.703	157.897	119.677	36.4079	0.35556	1.77641	0	0	0	0	0	0	0	0	0
05.500,00.000	37.9	5.5	-200	0	4.5	1994.42	544.647	310.367	190.688	232.194	190.539	209.718	157.929	119.746	36.4592	0.35556	1.77771	0	0	0	0	0	0	0	0	0
05.500,00.000	38	5.5	-200	0	4.5	2007.57	550.223	311.816	190.774	232.194	190.571	210.215	159.052	122.165	38.368	0.367837	1.82061	0	0	0	0	0	0	0	0	0
05.500,00.000	38.1	5.5	-200	0	4.5	2016.52	554.128	312.809	190.83	232.194	190.595	210.539	159.798	123.683	39.7134	0.380608	1.84847	0	0	0	0	0	0	0	0	0
05.500,00.000	38.2	5.5	-200	0	4.5	2023.16	557.055	313.532	190.865	232.194	190.611	210.762	160.324	124.81	40.7354	0.400871	1.86685	0	0	0	0	0	0	0	0	0
05.500,00.000	38.3	5.5	-200	0	4.5	2029.64	559.95	314.233	190.896	232.194	190.625	210.966	160.803	125.892	41.7737	0.422333	1.88305	0	0	0	0	0	0	0	0	0
05.500,00.000	38.4	5.5	-200	0	4.5	2035.95	562.792	314.911	190.921	232.194	190.639	211.15	161.236	126.945	42.8247	0.444256	1.89707	0	0	0	0	0	0	0	0	0
05.500,00.000	38.5	5.5	-200	0	4.5	2042.13	565.541	315.57	190.941	232.194	190.651	211.317	161.635	127.985	43.9184	0.466967	1.90901	0	0	0	0	0	0	0	0	0
05.500,00.000	38.6	5.5	-200	0	4.5	2052.08	569.827	316.625	190.966	232.194	190.67	211.568	162.263	129.732	45.8002	0.504607	1.92549	0	0	0	0	0	0	0	0	0
05.500,00.000	38.7	5.5	-200	0	4.5	2060.5	573.371	317.519	190.982	232.194	190.686	211.769	162.768	131.226	47.5055	0.541046	1.93709	0	0	0	0	0	0	0	0	0
05.500,00.000	38.8	5.5	-200	0	4.5	2063.39	574.662	317.815	190.985	232.194	190.691	211.834	162.919	131.725	48.0726	0.554495	1.94007	0	0	0	0	0	0	0	0	0
05.500,00.000	38.9	5.5	-200	0	4.5	2063.73	574.815	317.849	190.985	232.194	190.692	211.841	162.936	131.782	48.141	0.556051	1.94026	0	0	0	0	0	0	0	0	0
05.500,00.000	39	5.5	-200	0	4.5	2073.04	579.02	318.788	190.985	232.194	190.704	212.029	163.384	133.339	50.0549	0.59907	1.94163	0	0	0	0	0	0	0	0	0
05.500,00.000	39.1	5.5	-200	0	4.5	2079.82	582.127	319.487	190.985	232.194	190.714	212.162	163.687	134.457	51.4145	0.650631	1.94163	0	0	0	0	0	0	0	0	0
05.500,00.000	39.2	5.5	-200	0	4.5	2085.14	584.588	320.02	190.985	232.194	190.72	212.26	163.92	135.297	52.5167	0.699259	1.94163	0	0	0	0	0	0	0	0	0
05.500,00.000	39.3	5.5	-200	0	4.5	2089.83	587.037	320.549	190.985	232.194	190.725	212.354	164.143	136.102	53.0551	0.749079	1.94163	0	0	0	0	0	0	0	0	0
05.500,00.000	39.4	5.5	-200	0	4.5	2094.92	589.441	321.061	190.985	232.194	190.729	212.44	164.349	136.87	54.0878	0.817002	1.94163	0	0	0	0	0	0	0	0	0
05.500,00.000	39.5	5.5	-200	0	4.5	2099.94	591.808	321.564	190.985	232.194	190.732	212.522	164.544	137.613	55.1353	0.904925	1.94163	0	0	0	0	0	0	0	0	0
05.500,00.000	39.6	5.5	-200	0	4.5	2104.89	594.039	322.067	190.985	232.194	190.734	212.6	164.735	138.362	56.2353	1.00133	1.94163	0	0	0	0	0	0	0	0	0
05.500,00.000	39.7	5.5	-200	0	4.5	2124.54	602.357	324.173	190.985	232.194	190.739	212.904	165.493	141.337	61.0263	1.38999	1.94163	0	0	0	0	0	0	0	0	0
05.500,00.000	39.8	5.5	-200	0	4.5	2128.41	603.963	324.673	190.985	232.194	190.74	212.963	165.654	141.883	61.911	1.50059	1.94163	0	0	0	0	0	0	0	0	0
05.500,00.000	39.9	5.5	-200	0	4.5	2140.79	609.338	326.082	190.985	232.194	190.741	213.131	166.09	143.566	64.9489	1.77042	1.94163	0	0	0	0	0	0	0	0	0
05.500,00.000	40	5.5	-200	0	4.5	2147.67	612.187	327.072	190.985	232.194	190.742	213.225	166.335	144.495	66.5487	1.94861	1.94163	0	0	0	0	0	0	0	0	0
05.500,00.000	40.1	5.5	-200	0	4.5	2151.81	613.86	327.713	190.985	232.194	190.742	213.276	166.469	145.026	67.5606	2.04717	1.94163	0	0	0	0	0	0	0	0	0
05.500,00.000	40.2	5.5	-200	0	4.5	2155.98	615.528	328.379	190.985	232.194	190.742	213.325	166.597	145.541	68.5921	2.15011	1.94163	0	0	0	0	0	0	0	0	0
05.500,00.000	40.3	5.5	-200	0	4.5	2159.99	617.121	329.043	190.985	232.194	190.742	213.37	166.718	146.008	69.6134	2.25485	1.94163	0	0	0	0	0	0	0	0	0
05.500,00.000	40.4	5.5	-200	0	4.5	2163.84	618.661	329.687	190.985	232.194	190.742	213.411	166.829	146.44	70.5902	2.36009	1.94163	0	0	0	0	0	0	0	0	0
05.500,00.000	40.5	5.5	-200	0	4.5	2167.63	620.154	330.328	190.985	232.194	190.742	213.449	166.935	146.852	71.5784	2.46926	1.94163	0	0	0	0	0	0	0	0	0
05.500,00.000	40.6	5.5	-200	0	4.5	2171.23	621.424	330.949	190.985	232.194	190.742	213.484	167.038	147.253	72.5839	2.63998	1.94163	0	0	0	0	0	0	0	0	0
05.500,00.000	40.7	5.5	-200	0	4.5	2187.56	626.623	333.782	190.985	232.194	190.742	213.635	167.497	149.078	77.4542	3.63209	1.94163	0	0	0	0	0	0	0	0	0
05.500,00.000	40.8	5.5	-200	0	4.5	2190.77	627.591	334.381	191.029	232.194	190.742	213.664	167.593	149.418	78.3396	3.87393	1.94163	0	0	0	0	0	0	0	0	0
05.500,00.000	40.9	5.5	-200	0	4.5	2201.26	631.007	336.153	191.162	232.194	190.742	213.743	167.856	150.403	81.3611	4.6981	1.94163	0	0	0	0	0	0	0	0	0
05.500,00.000	41	5.5	-200	0	4.5	2206.9	632.828	337.117	191.261	232.194	190.742	213.784	167.999	150.878	82.9804	5.17948	1.94163	0	0	0	0	0	0	0	0	0
05.500,00.000	41.1	5.5	-200	0	4.5	2209.99	633.833	337.641	191.327	232.194	190.742	213.803	168.071	151.127	83.8467	5.46213	1.94163	0	0	0	0	0	0	0	0	0
05.500,00.000	41.2	5.5	-200	0	4.5	2213.05	634.818	338.173	191.392	232.194	190.742	213.82	168.139	151.362	84.7097	5.75411	1.94163	0	0	0	0	0	0	0	0	0
05.500,00.000	41.3	5.5	-200	0	4.5	2216.01	635.788	338.687	191.455	232.194	190.742	213.835	168.203	151.58	85.5417	6.04583	1.94163	0	0	0	0	0	0	0	0	0
05.500,00.000	41.4	5.5	-200	0	4.5	2218.89	636.731	339.183	191.515	232.194	190.742	213.847	168.262	151.783	86.336	6.35246	1.94163	0	0	0	0	0	0	0	0	0
05.500,00.000	41.5	5.5	-200	0	4.5	2221.69	637.644	339.665	191.574	232.194	190.742	213.858	168.318	151.97	87.1118	6.67654	1.94163	0	0	0	0	0	0	0	0	0
05.500,00.000	41.6	5.5	-200	0	4.5	2224.43	638.43	340.129	191.644	232.194	190.742	213.867	168.37	152.151	87.896	7.06086	1.94163	0	0	0	0	0	0	0	0	0
05.500,00.000	41.7	5.5	-200	0	4.5	2231.65	640.346	341.351	191.922	232.194	190.742	213.887	168.502	152.61	89.9979	8.1518	1.94163	0	0	0	0	0	0	0	0	0
05.500,00.000	41.8	5.5	-200	0	4.5	2233.1	640.681	341.604	192.008	232.194	190.742	213.891	168.531	152.696	90.4203	8.39136	1.94163	0	0	0	0	0	0	0	0	0
05.500,00.000	41.9	5.5	-200	0	4.5	2233.31	640.738	341.639	192.019	232.194	190.742	213.891	168.534	152.708	90.4807	8.42628	1.94163	0	0	0	0	0	0	0	0	0
05.500,00.000	42	5.5	-200	0	4.5	2237.9	641.919	342.396	192.291	232.194	190.742	213.898	168.604	152.951	91.761	9.20427	1.94163	0	0	0	0	0	0	0	0	0