
label	time(d)	x	depth	z	radius	total	0-10	10-20	20-30	30-40	40-50	50-60	60-70	70-80	80-90	90-100	100-110	110-120	120-130	130-140	140-150	150-160	160-170	170-180	180-190	190-200
00.000,00.000	0	0	-200	0	4.5	0	0	0	0	0	0	0	0	0	0	0	0	0	0	0	0	0	0	0	0	0
00.000,00.000	0.1	0	-200	0	4.5	0.37949	0.37949	0	0	0	0	0	0	0	0	0	0	0	0	0	0	0	0	0	0	0
00.000,00.000	0.2	0	-200	0	4.5	0.761529	0.761529	0	0	0	0	0	0	0	0	0	0	0	0	0	0	0	0	0	0	0
00.000,00.000	0.3	0	-200	0	4.5	1.14632	1.14632	0	0	0	0	0	0	0	0	0	0	0	0	0	0	0	0	0	0	0
00.000,00.000	0.4	0	-200	0	4.5	1.53371	1.53371	0	0	0	0	0	0	0	0	0	0	0	0	0	0	0	0	0	0	0
00.000,00.000	0.5	0	-200	0	4.5	1.92307	1.92307	0	0	0	0	0	0	0	0	0	0	0	0	0	0	0	0	0	0	0
00.000,00.000	0.6	0	-200	0	4.5	2.31445	2.31445	0	0	0	0	0	0	0	0	0	0	0	0	0	0	0	0	0	0	0
00.000,00.000	0.7	0	-200	0	4.5	2.70815	2.70815	0	0	0	0	0	0	0	0	0	0	0	0	0	0	0	0	0	0	0
00.000,00.000	0.8	0	-200	0	4.5	3.10381	3.10381	0	0	0	0	0	0	0	0	0	0	0	0	0	0	0	0	0	0	0
00.000,00.000	0.9	0	-200	0	4.5	3.50171	3.50171	0	0	0	0	0	0	0	0	0	0	0	0	0	0	0	0	0	0	0
00.000,00.000	1	0	-200	0	4.5	3.90283	3.90283	0	0	0	0	0	0	0	0	0	0	0	0	0	0	0	0	0	0	0
00.000,00.000	1.1	0	-200	0	4.5	4.31035	4.31035	0	0	0	0	0	0	0	0	0	0	0	0	0	0	0	0	0	0	0
00.000,00.000	1.2	0	-200	0	4.5	4.72352	4.72352	0	0	0	0	0	0	0	0	0	0	0	0	0	0	0	0	0	0	0
00.000,00.000	1.3	0	-200	0	4.5	5.14234	5.14234	0	0	0	0	0	0	0	0	0	0	0	0	0	0	0	0	0	0	0
00.000,00.000	1.4	0	-200	0	4.5	5.56671	5.56671	0	0	0	0	0	0	0	0	0	0	0	0	0	0	0	0	0	0	0
00.000,00.000	1.5	0	-200	0	4.5	5.99531	5.99531	0	0	0	0	0	0	0	0	0	0	0	0	0	0	0	0	0	0	0
00.000,00.000	1.6	0	-200	0	4.5	6.42625	6.42625	0	0	0	0	0	0	0	0	0	0	0	0	0	0	0	0	0	0	0
00.000,00.000	1.7	0	-200	0	4.5	6.86286	6.86286	0	0	0	0	0	0	0	0	0	0	0	0	0	0	0	0	0	0	0
00.000,00.000	1.8	0	-200	0	4.5	7.30832	7.17744	0.130872	0	0	0	0	0	0	0	0	0	0	0	0	0	0	0	0	0	0
00.000,00.000	1.9	0	-200	0	4.5	7.76171	7.35798	0.403728	0	0	0	0	0	0	0	0	0	0	0	0	0	0	0	0	0	0
00.000,00.000	2	0	-200	0	4.5	8.22336	7.54823	0.675133	0	0	0	0	0	0	0	0	0	0	0	0	0	0	0	0	0	0
00.000,00.000	2.1	0	-200	0	4.5	8.72587	7.77911	0.946758	0	0	0	0	0	0	0	0	0	0	0	0	0	0	0	0	0	0
00.000,00.000	2.2	0	-200	0	4.5	9.30001	8.08158	1.21844	0	0	0	0	0	0	0	0	0	0	0	0	0	0	0	0	0	0
00.000,00.000	2.3	0	-200	0	4.5	9.94407	8.45521	1.48886	0	0	0	0	0	0	0	0	0	0	0	0	0	0	0	0	0	0
00.000,00.000	2.4	0	-200	0	4.5	10.6586	8.90031	1.75829	0	0	0	0	0	0	0	0	0	0	0	0	0	0	0	0	0	0
00.000,00.000	2.5	0	-200	0	4.5	11.4442	9.41616	2.02805	0	0	0	0	0	0	0	0	0	0	0	0	0	0	0	0	0	0
00.000,00.000	2.6	0	-200	0	4.5	12.2969	9.99951	2.29735	0	0	0	0	0	0	0	0	0	0	0	0	0	0	0	0	0	0
00.000,00.000	2.7	0	-200	0	4.5	13.2221	10.6565	2.5656	0	0	0	0	0	0	0	0	0	0	0	0	0	0	0	0	0	0
00.000,00.000	2.8	0	-200	0	4.5	14.2111	11.3784	2.83278	0	0	0	0	0	0	0	0	0	0	0	0	0	0	0	0	0	0
00.000,00.000	2.9	0	-200	0	4.5	15.2755	12.1749	3.10059	0	0	0	0	0	0	0	0	0	0	0	0	0	0	0	0	0	0
00.000,00.000	3	0	-200	0	4.5	16.4138	13.0461	3.36771	0	0	0	0	0	0	0	0	0	0	0	0	0	0	0	0	0	0
00.000,00.000	3.1	0	-200	0	4.5	17.5857	13.9521	3.6336	0	0	0	0	0	0	0	0	0	0	0	0	0	0	0	0	0	0
00.000,00.000	3.2	0	-200	0	4.5	18.7571	14.8579	3.89912	0	0	0	0	0	0	0	0	0	0	0	0	0	0	0	0	0	0
00.000,00.000	3.3	0	-200	0	4.5	19.9278	15.7629	4.16492	0	0	0	0	0	0	0	0	0	0	0	0	0	0	0	0	0	0
00.000,00.000	3.4	0	-200	0	4.5	21.0962	16.6666	4.42959	0	0	0	0	0	0	0	0	0	0	0	0	0	0	0	0	0	0
00.000,00.000	3.5	0	-200	0	4.5	22.2571	17.5638	4.69323	0	0	0	0	0	0	0	0	0	0	0	0	0	0	0	0	0	0
00.000,00.000	3.6	0	-200	0	4.5	23.4053	18.4491	4.9562	0	0	0	0	0	0	0	0	0	0	0	0	0	0	0	0	0	0
00.000,00.000	3.7	0	-200	0	4.5	24.5478	19.3288	5.21903	0	0	0	0	0	0	0	0	0	0	0	0	0	0	0	0	0	0
00.000,00.000	3.8	0	-200	0	4.5	25.6825	20.2015	5.48097	0	0	0	0	0	0	0	0	0	0	0	0	0	0	0	0	0	0
00.000,00.000	3.9	0	-200	0	4.5	26.8123	21.0699	5.74241	0	0	0	0	0	0	0	0	0	0	0	0	0	0	0	0	0	0
00.000,00.000	4	0	-200	0	4.5	27.9407	21.9369	6.00375	0	0	0	0	0	0	0	0	0	0	0	0	0	0	0	0	0	0
00.000,00.000	4.1	0	-200	0	4.5	28.8985	22.634	6.26457	0	0	0	0	0	0	0	0	0	0	0	0	0	0	0	0	0	0
00.000,00.000	4.2	0	-200	0	4.5	29.4961	22.9715	6.5246	0	0	0	0	0	0	0	0	0	0	0	0	0	0	0	0	0	0
00.000,00.000	4.3	0	-200	0	4.5	30.0448	23.2608	6.78398	0	0	0	0	0	0	0	0	0	0	0	0	0	0	0	0	0	0
00.000,00.000	4.4	0	-200	0	4.5	30.5882	23.5452	7.04304	0	0	0	0	0	0	0	0	0	0	0	0	0	0	0	0	0	0
00.000,00.000	4.5	0	-200	0	4.5	31.1258	23.8244	7.30134	0	0	0	0	0	0	0	0	0	0	0	0	0	0	0	0	0	0
00.000,00.000	4.6	0	-200	0	4.5	31.5039	23.9452	7.55876	0	0	0	0	0	0	0	0	0	0	0	0	0	0	0	0	0	0
00.000,00.000	4.7	0	-200	0	4.5	31.7953	23.9798	7.81552	0	0	0	0	0	0	0	0	0	0	0	0	0	0	0	0	0	0
00.000,00.000	4.8	0	-200	0	4.5	32.0846	24.0126	8.072	0	0	0	0	0	0	0	0	0	0	0	0	0	0	0	0	0	0
00.000,00.000	4.9	0	-200	0	4.5	32.3722	24.0442	8.32809	0	0	0	0	0	0	0	0	0	0	0	0	0	0	0	0	0	0
00.000,00.000	5	0	-200	0	4.5	32.6586	24.0751	8.58346	0	0	0	0	0	0	0	0	0	0	0	0	0	0	0	0	0	0
00.000,00.000	5.1	0	-200	0	4.5	32.9462	24.108	8.83812	0	0	0	0	0	0	0	0	0	0	0	0	0	0	0	0	0	0
00.000,00.000	5.2	0	-200	0	4.5	33.2388	24.1462	9.09251	0	0	0	0	0	0	0	0	0	0	0	0	0	0	0	0	0	0
00.000,00.000	5.3	0	-200	0	4.5	33.5359	24.1895	9.34642	0	0	0	0	0	0	0	0	0	0	0	0	0	0	0	0	0	0
00.000,00.000	5.4	0	-200	0	4.5	33.8377	24.2383	9.59943	0	0	0	0	0	0	0	0	0	0	0	0	0	0	0	0	0	0
00.000,00.000	5.5	0	-200	0	4.5	34.1415	24.2905	9.85101	0	0	0	0	0	0	0	0	0	0	0	0	0	0	0	0	0	0
00.000,00.000	5.6	0	-200	0	4.5	34.4526	24.3499	10.1027	0	0	0	0	0	0	0	0	0	0	0	0	0	0	0	0	0	0
00.000,00.000	5.7	0	-200	0	4.5	34.7678	24.4141	10.1344	0.21932	0	0	0	0	0	0	0	0	0	0	0	0	0	0	0	0	0
00.000,00.000	5.8	0	-200	0	4.5	35.0899	24.4858	10.1351	0.469038	0	0	0	0	0	0	0	0	0	0	0	0	0	0	0	0	0
00.000,00.000	5.9	0	-200	0	4.5	35.4197	24.5654	10.1353	0.718974	0	0	0	0	0	0	0	0	0	0	0	0	0	0	0	0	0
00.000,00.000	6	0	-200	0	4.5	35.7542	24.6505	10.1355	0.968298	0	0	0	0	0	0	0	0	0	0	0	0	0	0	0	0	0
00.000,00.000	6.1	0	-200	0	4.5	36.0954	24.7418	10.1364	1.21714	0	0	0	0	0	0	0	0	0	0	0	0	0	0	0	0	0
00.000,00.000	6.2	0	-200	0	4.5	36.4446	24.8396	10.1397	1.46531	0	0	0	0	0	0	0	0	0	0	0	0	0	0	0	0	0
00.000,00.000	6.3	0	-200	0	4.5	36.8029	24.946	10.144	1.71293	0	0	0	0	0	0	0	0	0	0	0	0	0	0	0	0	0
00.000,00.000	6.4	0	-200	0	4.5	37.1726	25.0622	10.1504	1.95993	0	0	0	0	0	0	0	0	0	0	0	0	0	0	0	0	0
00.000,00.000	6.5	0	-200	0	4.5	37.5496	25.1842	10.1595	2.20584	0	0	0	0	0	0	0	0	0	0	0	0	0	0	0	0	0
00.000,00.000	6.6	0	-200	0	4.5	37.9476	25.3232	10.1728	2.45161	0	0	0	0	0	0	0	0	0	0	0	0	0	0	0	0	0
00.000,00.000	6.7	0	-200	0	4.5	38.3609	25.4749	10.1894	2.69655	0	0	0	0	0	0	0	0	0	0	0	0	0	0	0	0	0
00.000,00.000	6.8	0	-200	0	4.5	38.7967	25.6447	10.211	2.94101	0	0	0	0	0	0	0	0	0	0	0	0	0	0	0	0	0
00.000,00.000	6.9	0	-200	0	4.5	39.26	25.8367	10.2383	3.18503	0	0	0	0	0	0	0	0	0	0	0	0	0	0	0	0	0
00.000,00.000	7	0	-200	0	4.5	39.7518	26.053	10.2704	3.42839	0	0	0	0	0	0	0	0	0	0	0	0	0	0	0	0	0
00.000,00.000	7.1	0	-200	0	4.5	40.2771	26.2978	10.3082	3.67116	0	0	0	0	0	0	0	0	0	0	0	0	0	0	0	0	0
00.000,00.000	7.2	0	-200	0	4.5	40.8422	26.577	10.3519	3.9133	0	0	0	0	0	0	0	0	0	0	0	0	0	0	0	0	0
00.000,00.000	7.3	0	-200	0	4.5	41.4549	26.8972	10.4025	4.15515	0	0	0	0	0	0	0	0	0	0	0	0	0	0	0	0	0
00.000,00.000	7.4	0	-200	0	4.5	42.1142	27.2589	10.4589	4.39642	0	0	0	0	0	0	0	0	0	0	0	0	0	0	0	0	0
00.000,00.000	7.5	0	-200	0	4.5	42.8052	27.6486	10.5203	4.63626	0	0	0	0	0	0	0	0	0	0	0	0	0	0	0	0	0
00.000,00.000	7.6	0	-200	0	4.5	43.5493	28.0837	10.5899	4.87574	0	0	0	0	0	0	0	0	0	0	0	0	0	0	0	0	0
00.000,00.000	7.7	0	-200	0	4.5	44.3398	28.5592	10.6656	5.11498	0	0	0	0	0	0	0	0	0	0	0	0	0	0	0	0	0
00.000,00.000	7.8	0	-200	0	4.5	45.187	29.0846	10.7486	5.3538	0	0	0	0	0	0	0	0	0	0	0	0	0	0	0	0	0
00.000,00.000	7.9	0	-200	0	4.5	46.1	29.667	10.841	5.59196	0	0	0	0	0	0	0	0	0	0	0	0	0	0	0	0	0
00.000,00.000	8	0	-200	0	4.5	47.0703	30.3007	10.9401	5.82952	0	0	0	0	0	0	0	0	0	0	0	0	0	0	0	0	0
00.000,00.000	8.1	0	-200	0	4.5	48.1079	30.9943	11.0469	6.0667	0	0	0	0	0	0	0	0	0	0	0	0	0	0	0	0	0
00.000,00.000	8.2	0	-200	0	4.5	49.2083	31.7428	11.1622	6.30333	0	0	0	0	0	0	0	0	0	0	0	0	0	0	0	0	0
00.000,00.000	8.3	0	-200	0	4.5	50.3704	32.545	11.286	6.53943	0	0	0	0	0	0	0	0	0	0	0	0	0	0	0	0	0
00.000,00.000	8.4	0	-200	0	4.5	51.5935	33.3996	11.419	6.77485	0	0	0	0	0	0	0	0	0	0	0	0	0	0	0	0	0
00.000,00.000	8.5	0	-200	0	4.5	52.8663	34.2958	11.5609	7.00961	0	0	0	0	0	0	0	0	0	0	0	0	0	0	0	0	0
00.000,00.000	8.6	0	-200	0	4.5	54.1958	35.2397	11.712	7.24407	0	0	0	0	0	0	0	0	0	0	0	0	0	0	0	0	0
00.000,00.000	8.7	0	-200	0	4.5	55.533	36.188	11.8677	7.4773	0	0	0	0	0	0	0	0	0	0	0	0	0	0	0	0	0
00.000,00.000	8.8	0	-200	0	4.5	56.9669	37.2194	12.0371	7.71042	0	0	0	0	0	0	0	0	0	0	0	0	0	0	0	0	0
00.000,00.000	8.9	0	-200	0	4.5	58.4205	38.2663	12.2114	7.9428	0	0	0	0	0	0	0	0	0	0	0	0	0	0	0	0	0
00.000,00.000	9	0	-200	0	4.5	59.9615	39.3873	12.3992	8.17501	0	0	0	0	0	0	0	0	0	0	0	0	0	0	0	0	0
00.000,00.000	9.1	0	-200	0	4.5	61.5706	40.5687	12.5953	8.40658	0	0	0	0	0	0	0	0	0	0	0	0	0	0	0	0	0
00.000,00.000	9.2	0	-200	0	4.5	63.2642	41.8251	12.8016	8.63752	0	0	0	0	0	0	0	0	0	0	0	0	0	0	0	0	0
00.000,00.000	9.3	0	-200	0	4.5	65.041	43.1536	13.0194	8.86797	0	0	0	0	0	0	0	0	0	0	0	0	0	0	0	0	0
00.000,00.000	9.4	0	-200	0	4.5	66.8968	44.5519	13.247	9.09796	0	0	0	0	0	0	0	0	0	0	0	0	0	0	0	0	0
00.000,00.000	9.5	0	-200	0	4.5	68.817	46.0053	13.4843	9.32733	0	0	0	0	0	0	0	0	0	0	0	0	0	0	0	0	0
00.000,00.000	9.6	0	-200	0	4.5	70.793	47.5054	13.7317	9.55593	0	0	0	0	0	0	0	0	0	0	0	0	0	0	0	0	0
00.000,00.000	9.7	0	-200	0	4.5	72.819	49.0466	13.9886	9.78379	0	0	0	0	0	0	0	0	0	0	0	0	0	0	0	0	0
00.000,00.000	9.8	0	-200	0	4.5	74.9208	50.6502	14.2593	10.0112	0	0	0	0	0	0	0	0	0	0	0	0	0	0	0	0	0
00.000,00.000	9.9	0	-200	0	4.5	77.112	52.3304	14.5433	10.2383	0	0	0	0	0	0	0	0	0	0	0	0	0	0	0	0	0
00.000,00.000	10	0	-200	0	4.5	79.3974	54.0897	14.8427	10.2449	0.22004	0	0	0	0	0	0	0	0	0	0	0	0	0	0	0	0
00.000,00.000	10.1	0	-200	0	4.5	81.7741	55.9283	15.1549	10.245	0.445918	0	0	0	0	0	0	0	0	0	0	0	0	0	0	0	0
00.000,00.000	10.2	0	-200	0	4.5	84.2557	57.855	15.4845	10.245	0.671306	0	0	0	0	0	0	0	0	0	0	0	0	0	0	0	0
00.000,00.000	10.3	0	-200	0	4.5	86.8411	59.8715	15.8283	10.245	0.896255	0	0	0	0	0	0	0	0	0	0	0	0	0	0	0	0
00.000,00.000	10.4	0	-200	0	4.5	89.5298	61.9759	16.1872	10.2459	1.12071	0	0	0	0	0	0	0	0	0	0	0	0	0	0	0	0
00.000,00.000	10.5	0	-200	0	4.5	92.2954	64.1433	16.5603	10.2473	1.34442	0	0	0	0	0	0	0	0	0	0	0	0	0	0	0	0
00.000,00.000	10.6	0	-200	0	4.5	95.1153	66.351	16.9461	10.2508	1.5674	0	0	0	0	0	0	0	0	0	0	0	0	0	0	0	0
00.000,00.000	10.7	0	-200	0	4.5	98.0141	68.6211	17.3468	10.2563	1.78986	0	0	0	0	0	0	0	0	0	0	0	0	0	0	0	0
00.000,00.000	10.8	0	-200	0	4.5	100.998	70.9614	17.7613	10.2634	2.01176	0	0	0	0	0	0	0	0	0	0	0	0	0	0	0	0
00.000,00.000	10.9	0	-200	0	4.5	104.126	73.4256	18.1934	10.2741	2.23326	0	0	0	0	0	0	0	0	0	0	0	0	0	0	0	0
00.000,00.000	11	0	-200	0	4.5	107.376	75.9938	18.641	10.2871	2.45434	0	0	0	0	0	0	0	0	0	0	0	0	0	0	0	0
00.000,00.000	11.1	0	-200	0	4.5	110.742	78.6607	19.1026	10.3036	2.67485	0	0	0	0	0	0	0	0	0	0	0	0	0	0	0	0
00.000,00.000	11.2	0	-200	0	4.5	114.264	81.4661	19.5786	10.3244	2.89467	0	0	0	0	0	0	0	0	0	0	0	0	0	0	0	0
00.000,00.000	11.3	0	-200	0	4.5	117.954	84.4211	20.0695	10.3493	3.11402	0	0	0	0	0	0	0	0	0	0	0	0	0	0	0	0
00.000,00.000	11.4	0	-200	0	4.5	121.795	87.5083	20.576	10.3781	3.33287	0	0	0	0	0	0	0	0	0	0	0	0	0	0	0	0
00.000,00.000	11.5	0	-200	0	4.5	125.747	90.687	21.0968	10.4119	3.55113	0	0	0	0	0	0	0	0	0	0	0	0	0	0	0	0
00.000,00.000	11.6	0	-200	0	4.5	129.758	93.9098	21.6298	10.4498	3.76869	0	0	0	0	0	0	0	0	0	0	0	0	0	0	0	0
00.000,00.000	11.7	0	-200	0	4.5	133.851	97.1931	22.1782	10.4935	3.98578	0	0	0	0	0	0	0	0	0	0	0	0	0	0	0	0
00.000,00.000	11.8	0	-200	0	4.5	138.004	100.603	22.6557	10.5422	4.20228	0	0	0	0	0	0	0	0	0	0	0	0	0	0	0	0
00.000,00.000	11.9	0	-200	0	4.5	142.321	104.148	23.1583	10.5969	4.41825	0	0	0	0	0	0	0	0	0	0	0	0	0	0	0	0
00.000,00.000	12	0	-200	0	4.5	146.885	107.922	23.6661	10.6582	4.63841	0	0	0	0	0	0	0	0	0	0	0	0	0	0	0	0
00.000,00.000	12.1	0	-200	0	4.5	151.576	111.76	24.2287	10.7262	4.86071	0	0	0	0	0	0	0	0	0	0	0	0	0	0	0	0
00.000,00.000	12.2	0	-200	0	4.5	156.258	115.573	24.8105	10.7986	5.07548	0	0	0	0	0	0	0	0	0	0	0	0	0	0	0	0
00.000,00.000	12.3	0	-200	0	4.5	160.927	119.446	25.4118	10.8776	5.19159	0	0	0	0	0	0	0	0	0	0	0	0	0	0	0	0
00.000,00.000	12.4	0	-200	0	4.5	165.585	123.352	26.0499	10.9629	5.21995	0	0	0	0	0	0	0	0	0	0	0	0	0	0	0	0
00.000,00.000	12.5	0	-200	0	4.5	170.873	127.766	26.8048	11.0688	5.23387	0	0	0	0	0	0	0	0	0	0	0	0	0	0	0	0
00.000,00.000	12.6	0	-200	0	4.5	176.02	131.877	27.7315	11.1784	5.23387	0	0	0	0	0	0	0	0	0	0	0	0	0	0	0	0
00.000,00.000	12.7	0	-200	0	4.5	180.745	135.374	28.8513	11.2864	5.23387	0	0	0	0	0	0	0	0	0	0	0	0	0	0	0	0
00.000,00.000	12.8	0	-200	0	4.5	184.965	138.295	30.0479	11.3881	5.23387	0	0	0	0	0	0	0	0	0	0	0	0	0	0	0	0
00.000,00.000	12.9	0	-200	0	4.5	189.237	141.263	31.2427	11.498	5.23387	0	0	0	0	0	0	0	0	0	0	0	0	0	0	0	0
00.000,00.000	13	0	-200	0	4.5	194.566	144.972	32.7192	11.6409	5.23387	0	0	0	0	0	0	0	0	0	0	0	0	0	0	0	0
00.000,00.000	13.1	0	-200	0	4.5	199.665	148.506	34.1397	11.7861	5.23387	0	0	0	0	0	0	0	0	0	0	0	0	0	0	0	0
00.000,00.000	13.2	0	-200	0	4.5	204.706	152.007	35.5305	11.9352	5.23387	0	0	0	0	0	0	0	0	0	0	0	0	0	0	0	0
00.000,00.000	13.3	0	-200	0	4.5	209.856	155.592	36.9356	12.0945	5.23387	0	0	0	0	0	0	0	0	0	0	0	0	0	0	0	0
00.000,00.000	13.4	0	-200	0	4.5	215.111	159.257	38.3571	12.263	5.23387	0	0	0	0	0	0	0	0	0	0	0	0	0	0	0	0
00.000,00.000	13.5	0	-200	0	4.5	222.018	164.06	40.2273	12.4966	5.23387	0	0	0	0	0	0	0	0	0	0	0	0	0	0	0	0
00.000,00.000	13.6	0	-200	0	4.5	227.849	168.099	41.8114	12.7043	5.23387	0	0	0	0	0	0	0	0	0	0	0	0	0	0	0	0
00.000,00.000	13.7	0	-200	0	4.5	233.43	171.954	43.3281	12.9142	5.23387	0	0	0	0	0	0	0	0	0	0	0	0	0	0	0	0
00.000,00.000	13.8	0	-200	0	4.5	238.766	175.623	44.7844	13.1252	5.23387	0	0	0	0	0	0	0	0	0	0	0	0	0	0	0	0
00.000,00.000	13.9	0	-200	0	4.5	242.53	178.203	45.8109	13.2815	5.23387	0	0	0	0	0	0	0	0	0	0	0	0	0	0	0	0
00.000,00.000	14	0	-200	0	4.5	248.671	182.436	47.4525	13.549	5.23387	0	0	0	0	0	0	0	0	0	0	0	0	0	0	0	0
00.000,00.000	14.1	0	-200	0	4.5	254.179	186.469	48.6663	13.8097	5.23387	0	0	0	0	0	0	0	0	0	0	0	0	0	0	0	0
00.000,00.000	14.2	0	-200	0	4.5	259.369	190.248	49.8173	14.0692	5.23387	0	0	0	0	0	0	0	0	0	0	0	0	0	0	0	0
00.000,00.000	14.3	0	-200	0	4.5	264.524	193.981	50.969	14.3399	5.23387	0	0	0	0	0	0	0	0	0	0	0	0	0	0	0	0
00.000,00.000	14.4	0	-200	0	4.5	269.658	197.68	52.1206	14.6235	5.23387	0	0	0	0	0	0	0	0	0	0	0	0	0	0	0	0
00.000,00.000	14.5	0	-200	0	4.5	278.318	203.885	54.0728	15.1257	5.23387	0	0	0	0	0	0	0	0	0	0	0	0	0	0	0	0
00.000,00.000	14.6	0	-200	0	4.5	281.95	206.468	54.9011	15.3472	5.23387	0	0	0	0	0	0	0	0	0	0	0	0	0	0	0	0
00.000,00.000	14.7	0	-200	0	4.5	286.645	209.766	55.9892	15.6559	5.23387	0	0	0	0	0	0	0	0	0	0	0	0	0	0	0	0
00.000,00.000	14.8	0	-200	0	4.5	289.536	211.782	56.6652	15.8549	5.23387	0	0	0	0	0	0	0	0	0	0	0	0	0	0	0	0
00.000,00.000	14.9	0	-200	0	4.5	291.66	213.25	57.1661	16.0103	5.23387	0	0	0	0	0	0	0	0	0	0	0	0	0	0	0	0
00.000,00.000	15	0	-200	0	4.5	297.79	217.432	58.6349	16.4894	5.23387	0	0	0	0	0	0	0	0	0	0	0	0	0	0	0	0
00.000,00.000	15.1	0	-200	0	4.5	302.954	220.908	59.8958	16.9167	5.23387	0	0	0	0	0	0	0	0	0	0	0	0	0	0	0	0
00.000,00.000	15.2	0	-200	0	4.5	307.583	224.027	61.0104	17.312	5.23392	0	0	0	0	0	0	0	0	0	0	0	0	0	0	0	0
00.000,00.000	15.3	0	-200	0	4.5	312.001	227.114	61.9293	17.7229	5.2347	0	0	0	0	0	0	0	0	0	0	0	0	0	0	0	0
00.000,00.000	15.4	0	-200	0	4.5	316.219	230.084	62.7603	18.1382	5.23591	0	0	0	0	0	0	0	0	0	0	0	0	0	0	0	0
00.000,00.000	15.5	0	-200	0	4.5	326.923	237.54	64.9128	19.2265	5.24347	0	0	0	0	0	0	0	0	0	0	0	0	0	0	0	0
00.000,00.000	15.6	0	-200	0	4.5	328.933	238.911	65.3415	19.4353	5.24519	0	0	0	0	0	0	0	0	0	0	0	0	0	0	0	0
00.000,00.000	15.7	0	-200	0	4.5	330.782	240.172	65.7149	19.6475	5.24785	0	0	0	0	0	0	0	0	0	0	0	0	0	0	0	0
00.000,00.000	15.8	0	-200	0	4.5	330.947	240.282	65.7501	19.666	5.24813	0	0	0	0	0	0	0	0	0	0	0	0	0	0	0	0
00.000,00.000	15.9	0	-200	0	4.5	339.997	246.314	67.6194	20.7935	5.26998	0	0	0	0	0	0	0	0	0	0	0	0	0	0	0	0
00.000,00.000	16	0	-200	0	4.5	345.616	250.067	68.777	21.4857	5.28655	0	0	0	0	0	0	0	0	0	0	0	0	0	0	0	0
00.000,00.000	16.1	0	-200	0	4.5	349.46	252.652	69.532	21.9762	5.3006	0	0	0	0	0	0	0	0	0	0	0	0	0	0	0	0
00.000,00.000	16.2	0	-200	0	4.5	353.342	255.256	70.2857	22.4824	5.31786	0	0	0	0	0	0	0	0	0	0	0	0	0	0	0	0
00.000,00.000	16.3	0	-200	0	4.5	357.19	257.826	70.9808	23.0451	5.33795	0	0	0	0	0	0	0	0	0	0	0	0	0	0	0	0
00.000,00.000	16.4	0	-200	0	4.5	361.015	260.365	71.6495	23.6372	5.36272	0	0	0	0	0	0	0	0	0	0	0	0	0	0	0	0
00.000,00.000	16.5	0	-200	0	4.5	374.623	269.291	74.0365	25.8274	5.46782	0	0	0	0	0	0	0	0	0	0	0	0	0	0	0	0
00.000,00.000	16.6	0	-200	0	4.5	377.309	271.044	74.4993	26.275	5.49029	0	0	0	0	0	0	0	0	0	0	0	0	0	0	0	0
00.000,00.000	16.7	0	-200	0	4.5	401.717	286.011	79.2016	30.722	5.78256	0	0	0	0	0	0	0	0	0	0	0	0	0	0	0	0
00.000,00.000	16.8	0	-200	0	4.5	407.618	289.604	80.3594	31.7985	5.85611	0	0	0	0	0	0	0	0	0	0	0	0	0	0	0	0
00.000,00.000	16.9	0	-200	0	4.5	420.113	296.826	82.9493	34.2786	6.05938	0	0	0	0	0	0	0	0	0	0	0	0	0	0	0	0
00.000,00.000	17	0	-200	0	4.5	426.929	300.942	84.2526	35.549	6.18563	0	0	0	0	0	0	0	0	0	0	0	0	0	0	0	0
00.000,00.000	17.1	0	-200	0	4.5	430.627	303.115	84.9951	36.2555	6.26124	0	0	0	0	0	0	0	0	0	0	0	0	0	0	0	0
00.000,00.000	17.2	0	-200	0	4.5	434.31	305.25	85.7471	36.9695	6.34332	0	0	0	0	0	0	0	0	0	0	0	0	0	0	0	0
00.000,00.000	17.3	0	-200	0	4.5	438.002	307.366	86.5126	37.6928	6.43127	0	0	0	0	0	0	0	0	0	0	0	0	0	0	0	0
00.000,00.000	17.4	0	-200	0	4.5	441.754	309.503	87.2968	38.4296	6.52467	0	0	0	0	0	0	0	0	0	0	0	0	0	0	0	0
00.000,00.000	17.5	0	-200	0	4.5	457.565	318.366	90.6534	41.603	6.94269	0	0	0	0	0	0	0	0	0	0	0	0	0	0	0	0
00.000,00.000	17.6	0	-200	0	4.5	460.609	320.119	91.2238	42.2318	7.03508	0	0	0	0	0	0	0	0	0	0	0	0	0	0	0	0
00.000,00.000	17.7	0	-200	0	4.5	485.426	332.839	96.9239	47.7737	7.88938	0	0	0	0	0	0	0	0	0	0	0	0	0	0	0	0
00.000,00.000	17.8	0	-200	0	4.5	491.489	336.176	98.2361	48.9501	8.12628	0	0	0	0	0	0	0	0	0	0	0	0	0	0	0	0
00.000,00.000	17.9	0	-200	0	4.5	506.173	343.344	101.871	52.2335	8.72405	0	0	0	0	0	0	0	0	0	0	0	0	0	0	0	0
00.000,00.000	18	0	-200	0	4.5	512.85	346.625	103.676	53.5677	8.9819	0	0	0	0	0	0	0	0	0	0	0	0	0	0	0	0
00.000,00.000	18.1	0	-200	0	4.5	516.217	348.587	104.418	54.137	9.07499	0	0	0	0	0	0	0	0	0	0	0	0	0	0	0	0
00.000,00.000	18.2	0	-200	0	4.5	520.616	351.101	105.412	54.9015	9.20177	0	0	0	0	0	0	0	0	0	0	0	0	0	0	0	0
00.000,00.000	18.3	0	-200	0	4.5	524.544	353.258	106.366	55.5981	9.3224	0	0	0	0	0	0	0	0	0	0	0	0	0	0	0	0
00.000,00.000	18.4	0	-200	0	4.5	528.224	355.279	107.269	56.2392	9.43572	0	0	0	0	0	0	0	0	0	0	0	0	0	0	0	0
00.000,00.000	18.5	0	-200	0	4.5	551.182	367.785	112.941	60.254	10.2015	0	0	0	0	0	0	0	0	0	0	0	0	0	0	0	0
00.000,00.000	18.6	0	-200	0	4.5	555.712	370.364	113.991	61.0315	10.3262	0	0	0	0	0	0	0	0	0	0	0	0	0	0	0	0
00.000,00.000	18.7	0	-200	0	4.5	595.101	390.042	124.717	68.33	12.012	0	0	0	0	0	0	0	0	0	0	0	0	0	0	0	0
00.000,00.000	18.8	0	-200	0	4.5	604.939	394.735	128.052	69.7841	12.3681	0	0	0	0	0	0	0	0	0	0	0	0	0	0	0	0
00.000,00.000	18.9	0	-200	0	4.5	614.72	398.691	131.847	71.3827	12.7994	0	0	0	0	0	0	0	0	0	0	0	0	0	0	0	0
00.000,00.000	19	0	-200	0	4.5	623.78	402.362	135.424	72.8073	13.1863	0	0	0	0	0	0	0	0	0	0	0	0	0	0	0	0
00.000,00.000	19.1	0	-200	0	4.5	628.112	404.176	137.113	73.4632	13.3599	0	0	0	0	0	0	0	0	0	0	0	0	0	0	0	0
00.000,00.000	19.2	0	-200	0	4.5	631.994	406.094	138.462	73.9364	13.5013	0	0	0	0	0	0	0	0	0	0	0	0	0	0	0	0
00.000,00.000	19.3	0	-200	0	4.5	636.078	408.128	139.883	74.4152	13.6521	0	0	0	0	0	0	0	0	0	0	0	0	0	0	0	0
00.000,00.000	19.4	0	-200	0	4.5	640.087	410.057	141.337	74.8857	13.8065	0	0	0	0	0	0	0	0	0	0	0	0	0	0	0	0
00.000,00.000	19.5	0	-200	0	4.5	644.218	412.008	142.873	75.3675	13.97	0	0	0	0	0	0	0	0	0	0	0	0	0	0	0	0
00.000,00.000	19.6	0	-200	0	4.5	654.105	416.228	146.834	76.6354	14.4078	0	0	0	0	0	0	0	0	0	0	0	0	0	0	0	0
00.000,00.000	19.7	0	-200	0	4.5	681.889	430.186	156.402	79.832	15.469	0	0	0	0	0	0	0	0	0	0	0	0	0	0	0	0
00.000,00.000	19.8	0	-200	0	4.5	685.888	432.233	157.743	80.284	15.6284	0	0	0	0	0	0	0	0	0	0	0	0	0	0	0	0
00.000,00.000	19.9	0	-200	0	4.5	688.413	433.59	158.536	80.5574	15.7292	0	0	0	0	0	0	0	0	0	0	0	0	0	0	0	0
00.000,00.000	20	0	-200	0	4.5	689.994	434.431	159.036	80.7347	15.7923	0	0	0	0	0	0	0	0	0	0	0	0	0	0	0	0
00.000,00.000	20.1	0	-200	0	4.5	702.493	440.81	163.16	82.1762	16.3465	0	0	0	0	0	0	0	0	0	0	0	0	0	0	0	0
00.000,00.000	20.2	0	-200	0	4.5	709.674	444.745	165.337	82.9476	16.6438	0	0	0	0	0	0	0	0	0	0	0	0	0	0	0	0
00.000,00.000	20.3	0	-200	0	4.5	714.044	447.122	166.702	83.3897	16.8307	0	0	0	0	0	0	0	0	0	0	0	0	0	0	0	0
00.000,00.000	20.4	0	-200	0	4.5	721.802	451.293	169.171	84.1709	17.1668	0	0	0	0	0	0	0	0	0	0	0	0	0	0	0	0
00.000,00.000	20.5	0	-200	0	4.5	723.563	452.251	169.713	84.3546	17.2442	0	0	0	0	0	0	0	0	0	0	0	0	0	0	0	0
00.000,00.000	20.6	0	-200	0	4.5	762.827	472.759	182.437	88.5761	19.0551	0	0	0	0	0	0	0	0	0	0	0	0	0	0	0	0
00.000,00.000	20.7	0	-200	0	4.5	771.191	477.282	184.862	89.6134	19.4336	0	0	0	0	0	0	0	0	0	0	0	0	0	0	0	0
00.000,00.000	20.8	0	-200	0	4.5	771.421	477.407	184.932	89.6382	19.4439	0	0	0	0	0	0	0	0	0	0	0	0	0	0	0	0
00.000,00.000	20.9	0	-200	0	4.5	793.31	489.315	191.533	92.0296	20.4325	0	0	0	0	0	0	0	0	0	0	0	0	0	0	0	0
00.000,00.000	21	0	-200	0	4.5	799.964	493.049	193.368	92.8124	20.7345	0	0	0	0	0	0	0	0	0	0	0	0	0	0	0	0
00.000,00.000	21.1	0	-200	0	4.5	809.193	498.206	196.085	93.7409	21.1611	0	0	0	0	0	0	0	0	0	0	0	0	0	0	0	0
00.000,00.000	21.2	0	-200	0	4.5	815.972	501.978	198.077	94.4267	21.4905	0	0	0	0	0	0	0	0	0	0	0	0	0	0	0	0
00.000,00.000	21.3	0	-200	0	4.5	821.278	504.939	199.653	94.9371	21.7493	0	0	0	0	0	0	0	0	0	0	0	0	0	0	0	0
00.000,00.000	21.4	0	-200	0	4.5	826.676	507.972	201.257	95.4488	21.9991	0	0	0	0	0	0	0	0	0	0	0	0	0	0	0	0
00.000,00.000	21.5	0	-200	0	4.5	832.039	510.979	202.895	95.9475	22.2173	0	0	0	0	0	0	0	0	0	0	0	0	0	0	0	0
00.000,00.000	21.6	0	-200	0	4.5	843.445	517.086	206.606	97.0167	22.7355	0	0	0	0	0	0	0	0	0	0	0	0	0	0	0	0
00.000,00.000	21.7	0	-200	0	4.5	869.1	530.939	214.841	99.3657	23.9544	0	0	0	0	0	0	0	0	0	0	0	0	0	0	0	0
00.000,00.000	21.8	0	-200	0	4.5	873.298	533.227	216.129	99.781	24.1613	0	0	0	0	0	0	0	0	0	0	0	0	0	0	0	0
00.000,00.000	21.9	0	-200	0	4.5	873.547	533.362	216.209	99.8028	24.1733	0	0	0	0	0	0	0	0	0	0	0	0	0	0	0	0
00.000,00.000	22	0	-200	0	4.5	878.403	536.025	217.742	100.227	24.4098	0	0	0	0	0	0	0	0	0	0	0	0	0	0	0	0
00.000,00.000	22.1	0	-200	0	4.5	892.001	543.454	222.086	101.39	25.0702	0	0	0	0	0	0	0	0	0	0	0	0	0	0	0	0
00.000,00.000	22.2	0	-200	0	4.5	899.684	547.666	224.539	102.04	25.4379	0	0	0	0	0	0	0	0	0	0	0	0	0	0	0	0
00.000,00.000	22.3	0	-200	0	4.5	905.318	550.772	226.367	102.499	25.6805	0	0	0	0	0	0	0	0	0	0	0	0	0	0	0	0
00.000,00.000	22.4	0	-200	0	4.5	916.331	556.844	229.961	103.373	26.1535	0	0	0	0	0	0	0	0	0	0	0	0	0	0	0	0
00.000,00.000	22.5	0	-200	0	4.5	918.805	558.194	230.784	103.577	26.2497	0	0	0	0	0	0	0	0	0	0	0	0	0	0	0	0
00.000,00.000	22.6	0	-200	0	4.5	945.997	572.043	240.554	105.846	27.5419	0.0119785	0	0	0	0	0	0	0	0	0	0	0	0	0	0	0
00.000,00.000	22.7	0	-200	0	4.5	969.625	584.402	248.635	107.745	28.7216	0.120695	0	0	0	0	0	0	0	0	0	0	0	0	0	0	0
00.000,00.000	22.8	0	-200	0	4.5	971.423	585.304	249.267	107.9	28.8171	0.134491	0	0	0	0	0	0	0	0	0	0	0	0	0	0	0
00.000,00.000	22.9	0	-200	0	4.5	991.275	595.638	256.147	109.455	29.8123	0.223028	0	0	0	0	0	0	0	0	0	0	0	0	0	0	0
00.000,00.000	23	0	-200	0	4.5	997.638	598.746	258.484	109.989	30.1544	0.265087	0	0	0	0	0	0	0	0	0	0	0	0	0	0	0
00.000,00.000	23.1	0	-200	0	4.5	1009.31	604.459	262.831	110.945	30.7564	0.318879	0	0	0	0	0	0	0	0	0	0	0	0	0	0	0
00.000,00.000	23.2	0	-200	0	4.5	1017.52	608.548	265.826	111.631	31.1582	0.359761	0	0	0	0	0	0	0	0	0	0	0	0	0	0	0
00.000,00.000	23.3	0	-200	0	4.5	1023.56	611.551	268.035	112.14	31.4501	0.387613	0	0	0	0	0	0	0	0	0	0	0	0	0	0	0
00.000,00.000	23.4	0	-200	0	4.5	1029.67	614.535	270.304	112.666	31.7508	0.417011	0	0	0	0	0	0	0	0	0	0	0	0	0	0	0
00.000,00.000	23.5	0	-200	0	4.5	1035.48	617.372	272.472	113.156	32.03	0.445106	0	0	0	0	0	0	0	0	0	0	0	0	0	0	0
00.000,00.000	23.6	0	-200	0	4.5	1059.18	628.85	281.359	115.203	33.2093	0.563152	0	0	0	0	0	0	0	0	0	0	0	0	0	0	0
00.000,00.000	23.7	0	-200	0	4.5	1072.51	635.398	286.258	116.349	33.8526	0.650733	0	0	0	0	0	0	0	0	0	0	0	0	0	0	0
00.000,00.000	23.8	0	-200	0	4.5	1073.05	635.664	286.454	116.395	33.8781	0.655827	0	0	0	0	0	0	0	0	0	0	0	0	0	0	0
00.000,00.000	23.9	0	-200	0	4.5	1074.67	636.487	287.032	116.526	33.9506	0.671605	0	0	0	0	0	0	0	0	0	0	0	0	0	0	0
00.000,00.000	24	0	-200	0	4.5	1087.54	643.131	291.619	117.521	34.4995	0.772047	0	0	0	0	0	0	0	0	0	0	0	0	0	0	0
00.000,00.000	24.1	0	-200	0	4.5	1097.74	648.38	295.283	118.299	34.9258	0.856434	0	0	0	0	0	0	0	0	0	0	0	0	0	0	0
00.000,00.000	24.2	0	-200	0	4.5	1104.77	652.007	297.809	118.838	35.2063	0.911608	0	0	0	0	0	0	0	0	0	0	0	0	0	0	0
00.000,00.000	24.3	0	-200	0	4.5	1111.47	655.478	300.202	119.357	35.4644	0.963909	0	0	0	0	0	0	0	0	0	0	0	0	0	0	0
00.000,00.000	24.4	0	-200	0	4.5	1118.25	659.017	302.624	119.87	35.7174	1.0172	0	0	0	0	0	0	0	0	0	0	0	0	0	0	0
00.000,00.000	24.5	0	-200	0	4.5	1125.07	662.596	305.063	120.378	35.9658	1.07156	0	0	0	0	0	0	0	0	0	0	0	0	0	0	0
00.000,00.000	24.6	0	-200	0	4.5	1131.86	666.154	307.489	120.877	36.2098	1.12696	0	0	0	0	0	0	0	0	0	0	0	0	0	0	0
00.000,00.000	24.7	0	-200	0	4.5	1138.54	669.664	309.882	121.363	36.4437	1.18233	0	0	0	0	0	0	0	0	0	0	0	0	0	0	0
00.000,00.000	24.8	0	-200	0	4.5	1169.17	685.759	320.839	123.614	37.5116	1.44497	0	0	0	0	0	0	0	0	0	0	0	0	0	0	0
00.000,00.000	24.9	0	-200	0	4.5	1175.47	689.103	323.012	124.127	37.7291	1.5032	0	0	0	0	0	0	0	0	0	0	0	0	0	0	0
00.000,00.000	25	0	-200	0	4.5	1180.82	692.026	324.827	124.524	37.896	1.54884	0	0	0	0	0	0	0	0	0	0	0	0	0	0	0
00.000,00.000	25.1	0	-200	0	4.5	1194.38	699.526	329.39	125.495	38.3087	1.66411	0	0	0	0	0	0	0	0	0	0	0	0	0	0	0
00.000,00.000	25.2	0	-200	0	4.5	1203.16	704.433	332.321	126.101	38.5655	1.73949	0	0	0	0	0	0	0	0	0	0	0	0	0	0	0
00.000,00.000	25.3	0	-200	0	4.5	1210.23	708.409	334.69	126.571	38.7623	1.79885	0	0	0	0	0	0	0	0	0	0	0	0	0	0	0
00.000,00.000	25.4	0	-200	0	4.5	1218.13	712.87	337.33	127.082	38.984	1.86517	0	0	0	0	0	0	0	0	0	0	0	0	0	0	0
00.000,00.000	25.5	0	-200	0	4.5	1224.16	716.279	339.33	127.458	39.1762	1.91556	0	0	0	0	0	0	0	0	0	0	0	0	0	0	0
00.000,00.000	25.6	0	-200	0	4.5	1231.4	720.408	341.737	127.915	39.3648	1.97515	0	0	0	0	0	0	0	0	0	0	0	0	0	0	0
00.000,00.000	25.7	0	-200	0	4.5	1263.56	738.028	352.822	130.221	40.2379	2.2524	0	0	0	0	0	0	0	0	0	0	0	0	0	0	0
00.000,00.000	25.8	0	-200	0	4.5	1289.13	753.122	360.657	132.063	40.8384	2.44936	0	0	0	0	0	0	0	0	0	0	0	0	0	0	0
00.000,00.000	25.9	0	-200	0	4.5	1290.69	754.041	361.126	132.191	40.8737	2.46217	0	0	0	0	0	0	0	0	0	0	0	0	0	0	0
00.000,00.000	26	0	-200	0	4.5	1326.95	774.919	372.696	134.837	41.7499	2.74401	0	0	0	0	0	0	0	0	0	0	0	0	0	0	0
00.000,00.000	26.1	0	-200	0	4.5	1342.17	783.249	377.701	136.189	42.1614	2.87345	0	0	0	0	0	0	0	0	0	0	0	0	0	0	0
00.000,00.000	26.2	0	-200	0	4.5	1348.34	786.687	379.712	136.699	42.3162	2.92151	0	0	0	0	0	0	0	0	0	0	0	0	0	0	0
00.000,00.000	26.3	0	-200	0	4.5	1354.61	790.237	381.736	137.196	42.4696	2.96881	0	0	0	0	0	0	0	0	0	0	0	0	0	0	0
00.000,00.000	26.4	0	-200	0	4.5	1363.95	795.576	384.74	137.9	42.6963	3.03652	0	0	0	0	0	0	0	0	0	0	0	0	0	0	0
00.000,00.000	26.5	0	-200	0	4.5	1366.25	796.901	385.474	138.069	42.7498	3.05342	0	0	0	0	0	0	0	0	0	0	0	0	0	0	0
00.000,00.000	26.6	0	-200	0	4.5	1373.5	801.049	387.847	138.571	42.9277	3.1037	0	0	0	0	0	0	0	0	0	0	0	0	0	0	0
00.000,00.000	26.7	0	-200	0	4.5	1434.1	834.814	408.446	142.817	44.3954	3.62731	0	0	0	0	0	0	0	0	0	0	0	0	0	0	0
00.000,00.000	26.8	0	-200	0	4.5	1446.17	841.592	412.431	143.764	44.636	3.74734	0	0	0	0	0	0	0	0	0	0	0	0	0	0	0
00.000,00.000	26.9	0	-200	0	4.5	1485.28	863.695	425.481	146.476	45.5223	4.10209	0	0	0	0	0	0	0	0	0	0	0	0	0	0	0
00.000,00.000	27	0	-200	0	4.5	1501.77	872.791	431.183	147.662	45.8786	4.25206	0	0	0	0	0	0	0	0	0	0	0	0	0	0	0
00.000,00.000	27.1	0	-200	0	4.5	1507.77	876.25	433.167	148.041	46.0081	4.30028	0	0	0	0	0	0	0	0	0	0	0	0	0	0	0
00.000,00.000	27.2	0	-200	0	4.5	1514.07	879.946	435.228	148.413	46.1406	4.34824	0	0	0	0	0	0	0	0	0	0	0	0	0	0	0
00.000,00.000	27.3	0	-200	0	4.5	1520.5	883.787	437.286	148.764	46.2713	4.39424	0	0	0	0	0	0	0	0	0	0	0	0	0	0	0
00.000,00.000	27.4	0	-200	0	4.5	1527.04	887.781	439.325	149.094	46.4001	4.43808	0	0	0	0	0	0	0	0	0	0	0	0	0	0	0
00.000,00.000	27.5	0	-200	0	4.5	1533.67	891.892	441.369	149.402	46.5272	4.4798	0	0	0	0	0	0	0	0	0	0	0	0	0	0	0
00.000,00.000	27.6	0	-200	0	4.5	1547.27	900.441	445.49	149.99	46.6863	4.66205	0	0	0	0	0	0	0	0	0	0	0	0	0	0	0
00.000,00.000	27.7	0	-200	0	4.5	1550.53	902.488	446.492	150.122	46.6727	4.75217	0	0	0	0	0	0	0	0	0	0	0	0	0	0	0
00.000,00.000	27.8	0	-200	0	4.5	1564.27	911.498	450.42	150.619	46.7632	4.97515	0	0	0	0	0	0	0	0	0	0	0	0	0	0	0
00.000,00.000	27.9	0	-200	0	4.5	1568.26	914.112	451.563	150.757	46.7865	5.03786	0	0	0	0	0	0	0	0	0	0	0	0	0	0	0
00.000,00.000	28	0	-200	0	4.5	1576.26	919.531	453.747	150.995	46.8361	5.1516	0	0	0	0	0	0	0	0	0	0	0	0	0	0	0
00.000,00.000	28.1	0	-200	0	4.5	1583.83	924.703	455.788	151.203	46.8802	5.25588	0	0	0	0	0	0	0	0	0	0	0	0	0	0	0
00.000,00.000	28.2	0	-200	0	4.5	1590.76	929.51	457.608	151.374	46.9191	5.34646	0	0	0	0	0	0	0	0	0	0	0	0	0	0	0
00.000,00.000	28.3	0	-200	0	4.5	1597.76	934.409	459.433	151.528	46.9566	5.43322	0	0	0	0	0	0	0	0	0	0	0	0	0	0	0
00.000,00.000	28.4	0	-200	0	4.5	1604.77	939.369	461.225	151.664	46.9925	5.51596	0	0	0	0	0	0	0	0	0	0	0	0	0	0	0
00.000,00.000	28.5	0	-200	0	4.5	1611.73	944.365	462.964	151.783	47.027	5.59477	0	0	0	0	0	0	0	0	0	0	0	0	0	0	0
00.000,00.000	28.6	0	-200	0	4.5	1618.19	948.876	464.685	151.891	47.0612	5.67484	0	0	0	0	0	0	0	0	0	0	0	0	0	0	0
00.000,00.000	28.7	0	-200	0	4.5	1670.55	986.711	477.262	152.578	47.3818	6.62046	0	0	0	0	0	0	0	0	0	0	0	0	0	0	0
00.000,00.000	28.8	0	-200	0	4.5	1680.73	993.764	479.812	152.7	47.5232	6.93017	0	0	0	0	0	0	0	0	0	0	0	0	0	0	0
00.000,00.000	28.9	0	-200	0	4.5	1681.05	993.999	479.881	152.702	47.5275	6.93803	0	0	0	0	0	0	0	0	0	0	0	0	0	0	0
00.000,00.000	29	0	-200	0	4.5	1682.69	995.215	480.233	152.713	47.5488	6.9814	0	0	0	0	0	0	0	0	0	0	0	0	0	0	0
00.000,00.000	29.1	0	-200	0	4.5	1704.4	1011.33	484.875	152.824	47.8407	7.52544	0	0	0	0	0	0	0	0	0	0	0	0	0	0	0
00.000,00.000	29.2	0	-200	0	4.5	1716.75	1020.58	487.469	152.869	47.9983	7.83007	0	0	0	0	0	0	0	0	0	0	0	0	0	0	0
00.000,00.000	29.3	0	-200	0	4.5	1724.42	1026.43	489.008	152.889	48.0952	8.0027	0	0	0	0	0	0	0	0	0	0	0	0	0	0	0
00.000,00.000	29.4	0	-200	0	4.5	1732.25	1032.47	490.511	152.903	48.1936	8.17264	0	0	0	0	0	0	0	0	0	0	0	0	0	0	0
00.000,00.000	29.5	0	-200	0	4.5	1740.12	1038.6	491.975	152.911	48.295	8.33968	0	0	0	0	0	0	0	0	0	0	0	0	0	0	0
00.000,00.000	29.6	0	-200	0	4.5	1747.71	1044.5	493.389	152.918	48.3985	8.50452	0	0	0	0	0	0	0	0	0	0	0	0	0	0	0
00.000,00.000	29.7	0	-200	0	4.5	1755.41	1050.6	494.723	152.927	48.4999	8.65933	0	0	0	0	0	0	0	0	0	0	0	0	0	0	0
00.000,00.000	29.8	0	-200	0	4.5	1791.83	1077.71	502.375	152.969	49.1821	9.58561	0	0	0	0	0	0	0	0	0	0	0	0	0	0	0
00.000,00.000	29.9	0	-200	0	4.5	1800.1	1083.91	504.068	152.985	49.337	9.77823	0.0212663	0	0	0	0	0	0	0	0	0	0	0	0	0	0
00.000,00.000	30	0	-200	0	4.5	1800.41	1084.15	504.123	152.985	49.3418	9.78442	0.0224538	0	0	0	0	0	0	0	0	0	0	0	0	0	0
00.000,00.000	30.1	0	-200	0	4.5	1831.61	1108.04	509.985	153.007	49.8677	10.5098	0.203279	0	0	0	0	0	0	0	0	0	0	0	0	0	0
00.000,00.000	30.2	0	-200	0	4.5	1846.04	1118.83	512.881	153.02	50.1289	10.8721	0.311187	0	0	0	0	0	0	0	0	0	0	0	0	0	0
00.000,00.000	30.3	0	-200	0	4.5	1852.76	1124.02	514.105	153.023	50.2397	11.0194	0.351806	0	0	0	0	0	0	0	0	0	0	0	0	0	0
00.000,00.000	30.4	0	-200	0	4.5	1859.72	1129.44	515.343	153.026	50.3523	11.1638	0.392086	0	0	0	0	0	0	0	0	0	0	0	0	0	0
00.000,00.000	30.5	0	-200	0	4.5	1866.78	1134.99	516.564	153.028	50.4644	11.3038	0.431612	0	0	0	0	0	0	0	0	0	0	0	0	0	0
00.000,00.000	30.6	0	-200	0	4.5	1873.14	1139.89	517.73	153.029	50.5755	11.4395	0.47026	0	0	0	0	0	0	0	0	0	0	0	0	0	0
00.000,00.000	30.7	0	-200	0	4.5	1880.32	1145.31	519.127	153.029	50.7203	11.612	0.519993	0	0	0	0	0	0	0	0	0	0	0	0	0	0
00.000,00.000	30.8	0	-200	0	4.5	1938.37	1190.72	529.19	153.029	51.7119	12.8697	0.85226	0	0	0	0	0	0	0	0	0	0	0	0	0	0
00.000,00.000	30.9	0	-200	0	4.5	1949.15	1199.1	530.975	153.029	51.9085	13.2119	0.916494	0	0	0	0	0	0	0	0	0	0	0	0	0	0
00.000,00.000	31	0	-200	0	4.5	1987.86	1229.18	537.593	153.029	52.5412	14.3982	1.11996	0	0	0	0	0	0	0	0	0	0	0	0	0	0
00.000,00.000	31.1	0	-200	0	4.5	2005.52	1242.86	540.639	153.029	52.8254	14.9578	1.20895	0	0	0	0	0	0	0	0	0	0	0	0	0	0
00.000,00.000	31.2	0	-200	0	4.5	2012.25	1248.19	541.726	153.029	52.9239	15.1493	1.23918	0	0	0	0	0	0	0	0	0	0	0	0	0	0
00.000,00.000	31.3	0	-200	0	4.5	2019.25	1253.76	542.836	153.029	53.0225	15.3375	1.26857	0	0	0	0	0	0	0	0	0	0	0	0	0	0
00.000,00.000	31.4	0	-200	0	4.5	2026.46	1259.56	543.94	153.029	53.1189	15.5183	1.29647	0	0	0	0	0	0	0	0	0	0	0	0	0	0
00.000,00.000	31.5	0	-200	0	4.5	2033.81	1265.52	545.04	153.029	53.2132	15.692	1.32293	0	0	0	0	0	0	0	0	0	0	0	0	0	0
00.000,00.000	31.6	0	-200	0	4.5	2046.45	1275.45	547.155	153.029	53.3994	16.0453	1.37367	0	0	0	0	0	0	0	0	0	0	0	0	0	0
00.000,00.000	31.7	0	-200	0	4.5	2102.93	1320.02	556	153.288	54.2486	17.7816	1.59706	0	0	0	0	0	0	0	0	0	0	0	0	0	0
00.000,00.000	31.8	0	-200	0	4.5	2114.1	1328.85	557.607	153.378	54.4195	18.1651	1.67704	0	0	0	0	0	0	0	0	0	0	0	0	0	0
00.000,00.000	31.9	0	-200	0	4.5	2114.1	1328.85	557.607	153.378	54.4195	18.1651	1.67704	0	0	0	0	0	0	0	0	0	0	0	0	0	0
00.000,00.000	32	0	-200	0	4.5	2122.45	1335.54	558.787	153.425	54.5278	18.3956	1.77198	0	0	0	0	0	0	0	0	0	0	0	0	0	0
00.000,00.000	32.1	0	-200	0	4.5	2150.45	1358.3	562.591	153.561	54.8639	19.1021	2.03117	0	0	0	0	0	0	0	0	0	0	0	0	0	0
00.000,00.000	32.2	0	-200	0	4.5	2163.04	1368.41	564.394	153.621	55.0112	19.4089	2.19532	0	0	0	0	0	0	0	0	0	0	0	0	0	0
00.000,00.000	32.3	0	-200	0	4.5	2170.46	1374.4	565.462	153.654	55.0912	19.5717	2.28342	0	0	0	0	0	0	0	0	0	0	0	0	0	0
00.000,00.000	32.4	0	-200	0	4.5	2178.13	1380.62	566.551	153.685	55.1688	19.7273	2.37298	0	0	0	0	0	0	0	0	0	0	0	0	0	0
00.000,00.000	32.5	0	-200	0	4.5	2185.92	1386.99	567.637	153.716	55.2436	19.8747	2.46263	0	0	0	0	0	0	0	0	0	0	0	0	0	0
00.000,00.000	32.6	0	-200	0	4.5	2195.16	1394.4	569.014	153.753	55.3399	20.0614	2.58951	0	0	0	0	0	0	0	0	0	0	0	0	0	0
00.000,00.000	32.7	0	-200	0	4.5	2256.85	1443.57	578.295	154.004	56.0393	21.3968	3.55268	0	0	0	0	0	0	0	0	0	0	0	0	0	0
00.000,00.000	32.8	0	-200	0	4.5	2269.93	1453.89	580.413	154.055	56.1569	21.6767	3.74312	0	0	0	0	0	0	0	0	0	0	0	0	0	0
00.000,00.000	32.9	0	-200	0	4.5	2269.94	1453.89	580.413	154.055	56.157	21.6768	3.74314	0	0	0	0	0	0	0	0	0	0	0	0	0	0
00.000,00.000	33	0	-200	0	4.5	2305.36	1482.44	585.829	154.182	56.4241	22.2259	4.2594	0	0	0	0	0	0	0	0	0	0	0	0	0	0
00.000,00.000	33.1	0	-200	0	4.5	2327.67	1500.41	589.252	154.258	56.572	22.5603	4.62537	0	0	0	0	0	0	0	0	0	0	0	0	0	0
00.000,00.000	33.2	0	-200	0	4.5	2336.01	1507.15	590.529	154.284	56.6272	22.6828	4.74103	0	0	0	0	0	0	0	0	0	0	0	0	0	0
00.000,00.000	33.3	0	-200	0	4.5	2342.78	1512.68	591.532	154.304	56.67	22.7713	4.82829	0	0	0	0	0	0	0	0	0	0	0	0	0	0
00.000,00.000	33.4	0	-200	0	4.5	2373.3	1537.71	596.014	154.389	56.8559	23.1305	5.20059	0	0	0	0	0	0	0	0	0	0	0	0	0	0
00.000,00.000	33.5	0	-200	0	4.5	2379.43	1542.71	596.936	154.406	56.887	23.2073	5.27939	0	0	0	0	0	0	0	0	0	0	0	0	0	0
00.000,00.000	33.6	0	-200	0	4.5	2428.8	1583.61	603.749	154.523	57.1866	23.7262	6.00315	0	0	0	0	0	0	0	0	0	0	0	0	0	0
00.000,00.000	33.7	0	-200	0	4.5	2464.85	1613.3	608.985	154.6	57.3733	24.0676	6.52862	0	0	0	0	0	0	0	0	0	0	0	0	0	0
00.000,00.000	33.8	0	-200	0	4.5	2466.96	1615.05	609.273	154.605	57.3822	24.0881	6.55956	0	0	0	0	0	0	0	0	0	0	0	0	0	0
00.000,00.000	33.9	0	-200	0	4.5	2523.27	1662.23	616.944	154.707	57.6313	24.2777	7.481	0	0	0	0	0	0	0	0	0	0	0	0	0	0
00.000,00.000	34	0	-200	0	4.5	2537.47	1673.99	618.885	154.783	57.6845	24.2951	7.83114	0	0	0	0	0	0	0	0	0	0	0	0	0	0
00.000,00.000	34.1	0	-200	0	4.5	2568.65	1700.19	622.924	154.933	57.798	24.3821	8.42458	0	0	0	0	0	0	0	0	0	0	0	0	0	0
00.000,00.000	34.2	0	-200	0	4.5	2584.13	1713.01	625.112	155.005	57.8467	24.4114	8.74202	0	0	0	0	0	0	0	0	0	0	0	0	0	0
00.000,00.000	34.3	0	-200	0	4.5	2588.92	1717.02	625.766	155.025	57.8605	24.4217	8.82564	0	0	0	0	0	0	0	0	0	0	0	0	0	0
00.000,00.000	34.4	0	-200	0	4.5	2618.26	1741.77	629.639	155.136	57.9373	24.4759	9.30349	0	0	0	0	0	0	0	0	0	0	0	0	0	0
00.000,00.000	34.5	0	-200	0	4.5	2624.52	1746.96	630.527	155.159	57.9502	24.4848	9.43212	0	0	0	0	0	0	0	0	0	0	0	0	0	0
00.000,00.000	34.6	0	-200	0	4.5	2650.83	1769.01	634.131	155.245	58.0066	24.5237	9.90489	0	0	0	0	0	0	0	0	0	0	0	0	0	0
00.000,00.000	34.7	0	-200	0	4.5	2691.9	1803.55	639.63	155.364	58.0903	24.5846	10.6809	0	0	0	0	0	0	0	0	0	0	0	0	0	0
00.000,00.000	34.8	0	-200	0	4.5	2709.43	1818.31	641.991	155.414	58.1209	24.6074	10.9884	0	0	0	0	0	0	0	0	0	0	0	0	0	0
00.000,00.000	34.9	0	-200	0	4.5	2709.4	1818.27	641.999	155.414	58.1209	24.6074	10.9893	0	0	0	0	0	0	0	0	0	0	0	0	0	0
00.000,00.000	35	0	-200	0	4.5	2741.39	1845.52	646.088	155.485	58.1638	24.6407	11.4873	0	0	0	0	0	0	0	0	0	0	0	0	0	0
00.000,00.000	35.1	0	-200	0	4.5	2757.19	1858.97	648.113	155.519	58.1835	24.6561	11.7289	0.0130696	0	0	0	0	0	0	0	0	0	0	0	0	0
00.000,00.000	35.2	0	-200	0	4.5	2763.86	1864.69	648.929	155.531	58.1906	24.6618	11.8253	0.0348735	0	0	0	0	0	0	0	0	0	0	0	0	0
00.000,00.000	35.3	0	-200	0	4.5	2770.79	1870.67	649.738	155.542	58.1969	24.667	11.9199	0.0584622	0	0	0	0	0	0	0	0	0	0	0	0	0
00.000,00.000	35.4	0	-200	0	4.5	2799.76	1895.82	653.009	155.581	58.219	24.6857	12.2925	0.1522	0	0	0	0	0	0	0	0	0	0	0	0	0
00.000,00.000	35.5	0	-200	0	4.5	2805.69	1900.94	653.7	155.589	58.2233	24.6894	12.3702	0.18626	0	0	0	0	0	0	0	0	0	0	0	0	0
00.000,00.000	35.6	0	-200	0	4.5	2828.3	1920.78	656.061	155.613	58.2354	24.6997	12.6393	0.268557	0	0	0	0	0	0	0	0	0	0	0	0	0
00.000,00.000	35.7	0	-200	0	4.5	2855.89	1944.78	659.109	155.639	58.2501	24.7121	13.0106	0.3967	0	0	0	0	0	0	0	0	0	0	0	0	0
00.000,00.000	35.8	0	-200	0	4.5	2877.77	1963.89	661.46	155.66	58.2593	24.7198	13.2852	0.494861	0	0	0	0	0	0	0	0	0	0	0	0	0
00.000,00.000	35.9	0	-200	0	4.5	2879.58	1965.45	661.67	155.662	58.26	24.7204	13.3084	0.50615	0	0	0	0	0	0	0	0	0	0	0	0	0
00.000,00.000	36	0	-200	0	4.5	2902.61	1985.73	664.024	155.678	58.2667	24.7264	13.5703	0.614922	0	0	0	0	0	0	0	0	0	0	0	0	0
00.000,00.000	36.1	0	-200	0	4.5	2917.33	1998.56	665.61	155.688	58.2708	24.7299	13.7379	0.732799	0	0	0	0	0	0	0	0	0	0	0	0	0
00.000,00.000	36.2	0	-200	0	4.5	2919.54	2000.49	665.849	155.689	58.2713	24.7304	13.7627	0.752116	0	0	0	0	0	0	0	0	0	0	0	0	0
00.000,00.000	36.3	0	-200	0	4.5	2927.55	2007.61	666.596	155.693	58.2729	24.7316	13.8431	0.799252	0	0	0	0	0	0	0	0	0	0	0	0	0
00.000,00.000	36.4	0	-200	0	4.5	2950.43	2028.07	668.651	155.7	58.2766	24.7346	14.0631	0.93599	0	0	0	0	0	0	0	0	0	0	0	0	0
00.000,00.000	36.5	0	-200	0	4.5	2954.81	2031.96	669.071	155.701	58.2772	24.7351	14.1049	0.966829	0	0	0	0	0	0	0	0	0	0	0	0	0
00.000,00.000	36.6	0	-200	0	4.5	2972.86	2048.27	670.563	155.703	58.2789	24.7362	14.2426	1.06649	0	0	0	0	0	0	0	0	0	0	0	0	0
00.000,00.000	36.7	0	-200	0	4.5	2994.37	2067.79	672.267	155.703	58.2804	24.7525	14.3873	1.19076	0	0	0	0	0	0	0	0	0	0	0	0	0
00.000,00.000	36.8	0	-200	0	4.5	3012.55	2084.36	673.632	155.703	58.2811	24.7735	14.5061	1.29007	0	0	0	0	0	0	0	0	0	0	0	0	0
00.000,00.000	36.9	0	-200	0	4.5	3014.41	2086.05	673.78	155.703	58.2811	24.7786	14.5149	1.30145	0	0	0	0	0	0	0	0	0	0	0	0	0
00.000,00.000	37	0	-200	0	4.5	3022.48	2093.47	674.332	155.703	58.2811	24.7881	14.564	1.34296	0	0	0	0	0	0	0	0	0	0	0	0	0
00.000,00.000	37.1	0	-200	0	4.5	3030.51	2100.85	674.875	155.703	58.2811	24.8003	14.6098	1.38485	0	0	0	0	0	0	0	0	0	0	0	0	0
00.000,00.000	37.2	0	-200	0	4.5	3036.65	2106.52	675.274	155.703	58.2811	24.8079	14.6449	1.41559	0	0	0	0	0	0	0	0	0	0	0	0	0
00.000,00.000	37.3	0	-200	0	4.5	3045.09	2114.34	675.794	155.703	58.2811	24.8161	14.6929	1.45544	0	0	0	0	0	0	0	0	0	0	0	0	0
00.000,00.000	37.4	0	-200	0	4.5	3052.62	2121.35	676.24	155.703	58.2811	24.8233	14.7339	1.48987	0	0	0	0	0	0	0	0	0	0	0	0	0
00.000,00.000	37.5	0	-200	0	4.5	3056.69	2125.15	676.47	155.703	58.2811	24.8273	14.7553	1.50779	0	0	0	0	0	0	0	0	0	0	0	0	0
00.000,00.000	37.6	0	-200	0	4.5	3068.44	2136.15	677.09	155.703	58.2811	24.8359	14.8168	1.56727	0	0	0	0	0	0	0	0	0	0	0	0	0
00.000,00.000	37.7	0	-200	0	4.5	3081.99	2148.82	677.784	155.703	58.2811	24.8468	14.8846	1.66765	0	0	0	0	0	0	0	0	0	0	0	0	0
00.000,00.000	37.8	0	-200	0	4.5	3083.68	2150.39	677.884	155.703	58.2811	24.8492	14.8913	1.68274	0	0	0	0	0	0	0	0	0	0	0	0	0
00.000,00.000	37.9	0	-200	0	4.5	3087.98	2154.44	678.089	155.703	58.2811	24.8518	14.9123	1.70694	0	0	0	0	0	0	0	0	0	0	0	0	0
00.000,00.000	38	0	-200	0	4.5	3090.31	2156.62	678.205	155.703	58.2811	24.8538	14.9227	1.72228	0	0	0	0	0	0	0	0	0	0	0	0	0
00.000,00.000	38.1	0	-200	0	4.5	3094.44	2160.49	678.42	155.703	58.2811	24.8566	14.9417	1.74565	0	0	0	0	0	0	0	0	0	0	0	0	0
00.000,00.000	38.2	0	-200	0	4.5	3100.98	2166.62	678.767	155.703	58.2811	24.8609	14.9713	1.78046	0	0	0	0	0	0	0	0	0	0	0	0	0
00.000,00.000	38.3	0	-200	0	4.5	3106.26	2171.57	679.045	155.703	58.2811	24.8648	14.9947	1.80597	0	0	0	0	0	0	0	0	0	0	0	0	0
00.000,00.000	38.4	0	-200	0	4.5	3111.91	2176.88	679.329	155.703	58.2811	24.8682	15.0202	1.83142	0	0	0	0	0	0	0	0	0	0	0	0	0
00.000,00.000	38.5	0	-200	0	4.5	3114.95	2179.73	679.485	155.703	58.2811	24.8703	15.0333	1.84491	0	0	0	0	0	0	0	0	0	0	0	0	0
00.000,00.000	38.6	0	-200	0	4.5	3121.85	2186.26	679.8	155.703	58.2811	24.8741	15.0641	1.86858	0	0	0	0	0	0	0	0	0	0	0	0	0
00.000,00.000	38.7	0	-200	0	4.5	3128.61	2192.64	680.107	155.703	58.2811	24.8781	15.0931	1.90934	0	0	0	0	0	0	0	0	0	0	0	0	0
00.000,00.000	38.8	0	-200	0	4.5	3131.33	2195.2	680.229	155.703	58.2811	24.8801	15.1044	1.92497	0	0	0	0	0	0	0	0	0	0	0	0	0
00.000,00.000	38.9	0	-200	0	4.5	3134.9	2198.59	680.379	155.703	58.2811	24.8823	15.1197	1.94463	0	0	0	0	0	0	0	0	0	0	0	0	0
00.000,00.000	39	0	-200	0	4.5	3138.82	2202.3	680.549	155.703	58.2811	24.8851	15.1362	1.96639	0	0	0	0	0	0	0	0	0	0	0	0	0
00.000,00.000	39.1	0	-200	0	4.5	3140.7	2204.07	680.631	155.703	58.2811	24.8866	15.1438	1.9766	0	0	0	0	0	0	0	0	0	0	0	0	0
00.000,00.000	39.2	0	-200	0	4.5	3145.86	2208.98	680.843	155.703	58.2811	24.8898	15.1659	2.0037	0	0	0	0	0	0	0	0	0	0	0	0	0
00.000,00.000	39.3	0	-200	0	4.5	3148	2210.99	680.937	155.703	58.2811	24.8919	15.1744	2.01559	0	0	0	0	0	0	0	0	0	0	0	0	0
00.000,00.000	39.4	0	-200	0	4.5	3153.45	2216.18	681.146	155.703	58.2811	24.8954	15.1975	2.03974	0	0	0	0	0	0	0	0	0	0	0	0	0
00.000,00.000	39.5	0	-200	0	4.5	3156.05	2218.66	681.249	155.703	58.2811	24.8976	15.2077	2.05147	0	0	0	0	0	0	0	0	0	0	0	0	0
00.000,00.000	39.6	0	-200	0	4.5	3158.68	2221.17	681.344	155.703	58.2811	24.8991	15.2186	2.0607	0	0	0	0	0	0	0	0	0	0	0	0	0
00.000,00.000	39.7	0	-200	0	4.5	3161.44	2223.81	681.443	155.703	58.2811	24.9009	15.2296	2.06907	0	0	0	0	0	0	0	0	0	0	0	0	0
00.000,00.000	39.8	0	-200	0	4.5	3164.13	2226.39	681.538	155.703	58.2811	24.9025	15.2401	2.07532	0	0	0	0	0	0	0	0	0	0	0	0	0
00.000,00.000	39.9	0	-200	0	4.5	3166.72	2228.86	681.647	155.703	58.2811	24.904	15.2498	2.08008	0	0	0	0	0	0	0	0	0	0	0	0	0
00.000,00.000	40	0	-200	0	4.5	3169.19	2231.21	681.749	155.703	58.2811	24.9052	15.2589	2.08303	0	0	0	0	0	0	0	0	0	0	0	0	0
00.000,00.000	40.1	0	-200	0	4.5	3171.55	2233.47	681.845	155.703	58.2811	24.9063	15.2672	2.08426	0	0	0	0	0	0	0	0	0	0	0	0	0
00.000,00.000	40.2	0	-200	0	4.5	3173.79	2235.61	681.934	155.703	58.2811	24.9072	15.2749	2.08444	0	0	0	0	0	0	0	0	0	0	0	0	0
00.000,00.000	40.3	0	-200	0	4.5	3175.93	2237.65	682.017	155.703	58.2811	24.9078	15.2819	2.08444	0	0	0	0	0	0	0	0	0	0	0	0	0
00.000,00.000	40.4	0	-200	0	4.5	3177.96	2239.6	682.093	155.703	58.2811	24.9083	15.2882	2.08444	0	0	0	0	0	0	0	0	0	0	0	0	0
00.000,00.000	40.5	0	-200	0	4.5	3179.85	2241.42	682.163	155.703	58.2811	24.9087	15.2937	2.08445	0	0	0	0	0	0	0	0	0	0	0	0	0
00.000,00.000	40.6	0	-200	0	4.5	3181.67	2243.16	682.23	155.703	58.2811	24.9089	15.2987	2.08445	0	0	0	0	0	0	0	0	0	0	0	0	0
00.000,00.000	40.7	0	-200	0	4.5	3183.31	2244.74	682.289	155.703	58.2811	24.9089	15.303	2.08445	0	0	0	0	0	0	0	0	0	0	0	0	0
00.000,00.000	40.8	0	-200	0	4.5	3184.91	2246.28	682.345	155.703	58.2811	24.9089	15.3067	2.08445	0	0	0	0	0	0	0	0	0	0	0	0	0
00.000,00.000	40.9	0	-200	0	4.5	3186.39	2247.7	682.396	155.703	58.2811	24.9089	15.31	2.08445	0	0	0	0	0	0	0	0	0	0	0	0	0
00.000,00.000	41	0	-200	0	4.5	3187.78	2249.05	682.444	155.703	58.2811	24.9089	15.3127	2.08445	0	0	0	0	0	0	0	0	0	0	0	0	0
00.000,00.000	41.1	0	-200	0	4.5	3189.08	2250.3	682.488	155.703	58.2811	24.9089	15.315	2.08445	0	0	0	0	0	0	0	0	0	0	0	0	0
00.000,00.000	41.2	0	-200	0	4.5	3190.28	2251.46	682.528	155.703	58.2811	24.9089	15.3169	2.08445	0	0	0	0	0	0	0	0	0	0	0	0	0
00.000,00.000	41.3	0	-200	0	4.5	3191.33	2252.47	682.564	155.703	58.2811	24.9089	15.3184	2.08445	0	0	0	0	0	0	0	0	0	0	0	0	0
00.000,00.000	41.4	0	-200	0	4.5	3192.24	2253.35	682.598	155.703	58.2811	24.9089	15.3196	2.08445	0	0	0	0	0	0	0	0	0	0	0	0	0
00.000,00.000	41.5	0	-200	0	4.5	3193.06	2254.14	682.627	155.703	58.2811	24.9089	15.3206	2.08445	0	0	0	0	0	0	0	0	0	0	0	0	0
00.000,00.000	41.6	0	-200	0	4.5	3193.82	2254.87	682.654	155.703	58.2811	24.9089	15.3214	2.08445	0	0	0	0	0	0	0	0	0	0	0	0	0
00.000,00.000	41.7	0	-200	0	4.5	3194.48	2255.5	682.678	155.703	58.2811	24.9089	15.322	2.08445	0	0	0	0	0	0	0	0	0	0	0	0	0
00.000,00.000	41.8	0	-200	0	4.5	3195.07	2256.07	682.698	155.703	58.2811	24.9089	15.3224	2.08445	0	0	0	0	0	0	0	0	0	0	0	0	0
00.000,00.000	41.9	0	-200	0	4.5	3195.6	2256.58	682.717	155.703	58.2811	24.9089	15.3227	2.08445	0	0	0	0	0	0	0	0	0	0	0	0	0
00.000,00.000	42	0	-200	0	4.5	3196.08	2257.05	682.732	155.703	58.2811	24.9089	15.3228	2.08445	0	0	0	0	0	0	0	0	0	0	0	0	0