
label	time(d)	x	depth	z	radius	total	0-10	10-20	20-30	30-40	40-50	50-60	60-70	70-80	80-90	90-100	100-110	110-120	120-130	130-140	140-150	150-160	160-170	170-180	180-190	190-200
00.000,00.000	0	0	-200	0	4.5	0	0	0	0	0	0	0	0	0	0	0	0	0	0	0	0	0	0	0	0	0
00.000,00.000	0.1	0	-200	0	4.5	0.372517	0.372517	0	0	0	0	0	0	0	0	0	0	0	0	0	0	0	0	0	0	0
00.000,00.000	0.2	0	-200	0	4.5	0.749708	0.749708	0	0	0	0	0	0	0	0	0	0	0	0	0	0	0	0	0	0	0
00.000,00.000	0.3	0	-200	0	4.5	1.13179	1.13179	0	0	0	0	0	0	0	0	0	0	0	0	0	0	0	0	0	0	0
00.000,00.000	0.4	0	-200	0	4.5	1.51819	1.51819	0	0	0	0	0	0	0	0	0	0	0	0	0	0	0	0	0	0	0
00.000,00.000	0.5	0	-200	0	4.5	1.90744	1.90744	0	0	0	0	0	0	0	0	0	0	0	0	0	0	0	0	0	0	0
00.000,00.000	0.6	0	-200	0	4.5	2.29789	2.29789	0	0	0	0	0	0	0	0	0	0	0	0	0	0	0	0	0	0	0
00.000,00.000	0.7	0	-200	0	4.5	2.68996	2.68996	0	0	0	0	0	0	0	0	0	0	0	0	0	0	0	0	0	0	0
00.000,00.000	0.8	0	-200	0	4.5	3.08467	3.08467	0	0	0	0	0	0	0	0	0	0	0	0	0	0	0	0	0	0	0
00.000,00.000	0.9	0	-200	0	4.5	3.48286	3.48286	0	0	0	0	0	0	0	0	0	0	0	0	0	0	0	0	0	0	0
00.000,00.000	1	0	-200	0	4.5	3.88502	3.88502	0	0	0	0	0	0	0	0	0	0	0	0	0	0	0	0	0	0	0
00.000,00.000	1.1	0	-200	0	4.5	4.29906	4.29906	0	0	0	0	0	0	0	0	0	0	0	0	0	0	0	0	0	0	0
00.000,00.000	1.2	0	-200	0	4.5	4.72651	4.72651	0	0	0	0	0	0	0	0	0	0	0	0	0	0	0	0	0	0	0
00.000,00.000	1.3	0	-200	0	4.5	5.16704	5.16704	0	0	0	0	0	0	0	0	0	0	0	0	0	0	0	0	0	0	0
00.000,00.000	1.4	0	-200	0	4.5	5.62006	5.62006	0	0	0	0	0	0	0	0	0	0	0	0	0	0	0	0	0	0	0
00.000,00.000	1.5	0	-200	0	4.5	6.08476	6.08476	0	0	0	0	0	0	0	0	0	0	0	0	0	0	0	0	0	0	0
00.000,00.000	1.6	0	-200	0	4.5	6.56029	6.56029	0	0	0	0	0	0	0	0	0	0	0	0	0	0	0	0	0	0	0
00.000,00.000	1.7	0	-200	0	4.5	7.05362	7.05362	0	0	0	0	0	0	0	0	0	0	0	0	0	0	0	0	0	0	0
00.000,00.000	1.8	0	-200	0	4.5	7.5635	7.5245	0.0390066	0	0	0	0	0	0	0	0	0	0	0	0	0	0	0	0	0	0
00.000,00.000	1.9	0	-200	0	4.5	8.08959	7.78627	0.303313	0	0	0	0	0	0	0	0	0	0	0	0	0	0	0	0	0	0
00.000,00.000	2	0	-200	0	4.5	8.63366	8.06576	0.567898	0	0	0	0	0	0	0	0	0	0	0	0	0	0	0	0	0	0
00.000,00.000	2.1	0	-200	0	4.5	9.25053	8.41767	0.832864	0	0	0	0	0	0	0	0	0	0	0	0	0	0	0	0	0	0
00.000,00.000	2.2	0	-200	0	4.5	10.0148	8.912	1.10283	0	0	0	0	0	0	0	0	0	0	0	0	0	0	0	0	0	0
00.000,00.000	2.3	0	-200	0	4.5	10.919	9.54191	1.37708	0	0	0	0	0	0	0	0	0	0	0	0	0	0	0	0	0	0
00.000,00.000	2.4	0	-200	0	4.5	11.9563	10.3036	1.65266	0	0	0	0	0	0	0	0	0	0	0	0	0	0	0	0	0	0
00.000,00.000	2.5	0	-200	0	4.5	13.1232	11.1956	1.92758	0	0	0	0	0	0	0	0	0	0	0	0	0	0	0	0	0	0
00.000,00.000	2.6	0	-200	0	4.5	14.4187	12.2173	2.20133	0	0	0	0	0	0	0	0	0	0	0	0	0	0	0	0	0	0
00.000,00.000	2.7	0	-200	0	4.5	15.8441	13.3699	2.47427	0	0	0	0	0	0	0	0	0	0	0	0	0	0	0	0	0	0
00.000,00.000	2.8	0	-200	0	4.5	17.402	14.6552	2.74679	0	0	0	0	0	0	0	0	0	0	0	0	0	0	0	0	0	0
00.000,00.000	2.9	0	-200	0	4.5	19.0972	16.0777	3.01954	0	0	0	0	0	0	0	0	0	0	0	0	0	0	0	0	0	0
00.000,00.000	3	0	-200	0	4.5	20.931	17.6377	3.29332	0	0	0	0	0	0	0	0	0	0	0	0	0	0	0	0	0	0
00.000,00.000	3.1	0	-200	0	4.5	22.8324	19.2642	3.56817	0	0	0	0	0	0	0	0	0	0	0	0	0	0	0	0	0	0
00.000,00.000	3.2	0	-200	0	4.5	24.7242	20.8816	3.84262	0	0	0	0	0	0	0	0	0	0	0	0	0	0	0	0	0	0
00.000,00.000	3.3	0	-200	0	4.5	26.6092	22.4925	4.11669	0	0	0	0	0	0	0	0	0	0	0	0	0	0	0	0	0	0
00.000,00.000	3.4	0	-200	0	4.5	28.4819	24.0918	4.3901	0	0	0	0	0	0	0	0	0	0	0	0	0	0	0	0	0	0
00.000,00.000	3.5	0	-200	0	4.5	30.3382	25.6761	4.66206	0	0	0	0	0	0	0	0	0	0	0	0	0	0	0	0	0	0
00.000,00.000	3.6	0	-200	0	4.5	32.1771	27.2452	4.93193	0	0	0	0	0	0	0	0	0	0	0	0	0	0	0	0	0	0
00.000,00.000	3.7	0	-200	0	4.5	34.0015	28.8014	5.20007	0	0	0	0	0	0	0	0	0	0	0	0	0	0	0	0	0	0
00.000,00.000	3.8	0	-200	0	4.5	35.8157	30.3484	5.46729	0	0	0	0	0	0	0	0	0	0	0	0	0	0	0	0	0	0
00.000,00.000	3.9	0	-200	0	4.5	37.625	31.8907	5.73422	0	0	0	0	0	0	0	0	0	0	0	0	0	0	0	0	0	0
00.000,00.000	4	0	-200	0	4.5	39.4302	33.4288	6.00141	0	0	0	0	0	0	0	0	0	0	0	0	0	0	0	0	0	0
00.000,00.000	4.1	0	-200	0	4.5	41.2296	34.9608	6.26875	0	0	0	0	0	0	0	0	0	0	0	0	0	0	0	0	0	0
00.000,00.000	4.2	0	-200	0	4.5	43.0139	36.479	6.53485	0	0	0	0	0	0	0	0	0	0	0	0	0	0	0	0	0	0
00.000,00.000	4.3	0	-200	0	4.5	44.787	37.6564	7.1306	0	0	0	0	0	0	0	0	0	0	0	0	0	0	0	0	0	0
00.000,00.000	4.4	0	-200	0	4.5	46.5288	38.7924	7.73638	0	0	0	0	0	0	0	0	0	0	0	0	0	0	0	0	0	0
00.000,00.000	4.5	0	-200	0	4.5	47.9768	39.4593	8.51755	0	0	0	0	0	0	0	0	0	0	0	0	0	0	0	0	0	0
00.000,00.000	4.6	0	-200	0	4.5	49.1926	40.0031	9.18949	0	0	0	0	0	0	0	0	0	0	0	0	0	0	0	0	0	0
00.000,00.000	4.7	0	-200	0	4.5	50.2719	40.5391	9.73275	0	0	0	0	0	0	0	0	0	0	0	0	0	0	0	0	0	0
00.000,00.000	4.8	0	-200	0	4.5	51.3396	41.0686	10.271	0	0	0	0	0	0	0	0	0	0	0	0	0	0	0	0	0	0
00.000,00.000	4.9	0	-200	0	4.5	52.3383	41.4775	10.8608	0	0	0	0	0	0	0	0	0	0	0	0	0	0	0	0	0	0
00.000,00.000	5	0	-200	0	4.5	53.2219	41.7368	11.4852	0	0	0	0	0	0	0	0	0	0	0	0	0	0	0	0	0	0
00.000,00.000	5.1	0	-200	0	4.5	54.0192	41.9412	12.078	0	0	0	0	0	0	0	0	0	0	0	0	0	0	0	0	0	0
00.000,00.000	5.2	0	-200	0	4.5	54.8113	41.971	12.8403	0	0	0	0	0	0	0	0	0	0	0	0	0	0	0	0	0	0
00.000,00.000	5.3	0	-200	0	4.5	55.4747	42.0091	13.4655	0	0	0	0	0	0	0	0	0	0	0	0	0	0	0	0	0	0
00.000,00.000	5.4	0	-200	0	4.5	55.9942	42.0527	13.9415	0	0	0	0	0	0	0	0	0	0	0	0	0	0	0	0	0	0
00.000,00.000	5.5	0	-200	0	4.5	56.3755	42.1035	14.272	0	0	0	0	0	0	0	0	0	0	0	0	0	0	0	0	0	0
00.000,00.000	5.6	0	-200	0	4.5	56.6732	42.1604	14.5128	0	0	0	0	0	0	0	0	0	0	0	0	0	0	0	0	0	0
00.000,00.000	5.7	0	-200	0	4.5	56.977	42.224	14.5275	0.225452	0	0	0	0	0	0	0	0	0	0	0	0	0	0	0	0	0
00.000,00.000	5.8	0	-200	0	4.5	57.288	42.2971	14.5278	0.46306	0	0	0	0	0	0	0	0	0	0	0	0	0	0	0	0	0
00.000,00.000	5.9	0	-200	0	4.5	57.6097	42.3828	14.5278	0.699166	0	0	0	0	0	0	0	0	0	0	0	0	0	0	0	0	0
00.000,00.000	6	0	-200	0	4.5	57.9427	42.4811	14.5278	0.933816	0	0	0	0	0	0	0	0	0	0	0	0	0	0	0	0	0
00.000,00.000	6.1	0	-200	0	4.5	58.2903	42.5954	14.5281	1.16676	0	0	0	0	0	0	0	0	0	0	0	0	0	0	0	0	0
00.000,00.000	6.2	0	-200	0	4.5	58.6556	42.7269	14.53	1.39874	0	0	0	0	0	0	0	0	0	0	0	0	0	0	0	0	0
00.000,00.000	6.3	0	-200	0	4.5	59.0451	42.881	14.5335	1.63066	0	0	0	0	0	0	0	0	0	0	0	0	0	0	0	0	0
00.000,00.000	6.4	0	-200	0	4.5	59.4615	43.0605	14.5383	1.86265	0	0	0	0	0	0	0	0	0	0	0	0	0	0	0	0	0
00.000,00.000	6.5	0	-200	0	4.5	59.9091	43.2679	14.5473	2.09392	0	0	0	0	0	0	0	0	0	0	0	0	0	0	0	0	0
00.000,00.000	6.6	0	-200	0	4.5	60.3957	43.5128	14.5589	2.32405	0	0	0	0	0	0	0	0	0	0	0	0	0	0	0	0	0
00.000,00.000	6.7	0	-200	0	4.5	60.9279	43.7996	14.5751	2.55321	0	0	0	0	0	0	0	0	0	0	0	0	0	0	0	0	0
00.000,00.000	6.8	0	-200	0	4.5	61.5121	44.1351	14.5955	2.78154	0	0	0	0	0	0	0	0	0	0	0	0	0	0	0	0	0
00.000,00.000	6.9	0	-200	0	4.5	62.1542	44.5245	14.6202	3.00947	0	0	0	0	0	0	0	0	0	0	0	0	0	0	0	0	0
00.000,00.000	7	0	-200	0	4.5	62.8629	44.9743	14.6515	3.23717	0	0	0	0	0	0	0	0	0	0	0	0	0	0	0	0	0
00.000,00.000	7.1	0	-200	0	4.5	63.6462	45.4913	14.6901	3.46481	0	0	0	0	0	0	0	0	0	0	0	0	0	0	0	0	0
00.000,00.000	7.2	0	-200	0	4.5	64.4965	46.0706	14.7345	3.69144	0	0	0	0	0	0	0	0	0	0	0	0	0	0	0	0	0
00.000,00.000	7.3	0	-200	0	4.5	65.4309	46.7291	14.7851	3.91666	0	0	0	0	0	0	0	0	0	0	0	0	0	0	0	0	0
00.000,00.000	7.4	0	-200	0	4.5	66.4426	47.4591	14.8433	4.14018	0	0	0	0	0	0	0	0	0	0	0	0	0	0	0	0	0
00.000,00.000	7.5	0	-200	0	4.5	67.5342	48.2652	14.9073	4.36164	0	0	0	0	0	0	0	0	0	0	0	0	0	0	0	0	0
00.000,00.000	7.6	0	-200	0	4.5	68.7098	49.1505	14.9787	4.58049	0	0	0	0	0	0	0	0	0	0	0	0	0	0	0	0	0
00.000,00.000	7.7	0	-200	0	4.5	69.9713	50.1176	15.0571	4.79669	0	0	0	0	0	0	0	0	0	0	0	0	0	0	0	0	0
00.000,00.000	7.8	0	-200	0	4.5	71.3283	51.1727	15.1448	5.0108	0	0	0	0	0	0	0	0	0	0	0	0	0	0	0	0	0
00.000,00.000	7.9	0	-200	0	4.5	72.7811	52.3161	15.2419	5.22309	0	0	0	0	0	0	0	0	0	0	0	0	0	0	0	0	0
00.000,00.000	8	0	-200	0	4.5	74.3371	53.5522	15.3512	5.43365	0	0	0	0	0	0	0	0	0	0	0	0	0	0	0	0	0
00.000,00.000	8.1	0	-200	0	4.5	75.9989	54.8826	15.4737	5.64251	0	0	0	0	0	0	0	0	0	0	0	0	0	0	0	0	0
00.000,00.000	8.2	0	-200	0	4.5	77.7691	56.3108	15.6085	5.84986	0	0	0	0	0	0	0	0	0	0	0	0	0	0	0	0	0
00.000,00.000	8.3	0	-200	0	4.5	79.6482	57.8356	15.7567	6.05589	0	0	0	0	0	0	0	0	0	0	0	0	0	0	0	0	0
00.000,00.000	8.4	0	-200	0	4.5	81.6354	59.4574	15.9174	6.2606	0	0	0	0	0	0	0	0	0	0	0	0	0	0	0	0	0
00.000,00.000	8.5	0	-200	0	4.5	83.727	61.1718	16.0914	6.46371	0	0	0	0	0	0	0	0	0	0	0	0	0	0	0	0	0
00.000,00.000	8.6	0	-200	0	4.5	85.9229	62.9801	16.2777	6.66511	0	0	0	0	0	0	0	0	0	0	0	0	0	0	0	0	0
00.000,00.000	8.7	0	-200	0	4.5	88.2203	64.8759	16.4796	6.86478	0	0	0	0	0	0	0	0	0	0	0	0	0	0	0	0	0
00.000,00.000	8.8	0	-200	0	4.5	90.6263	66.8683	16.6951	7.06282	0	0	0	0	0	0	0	0	0	0	0	0	0	0	0	0	0
00.000,00.000	8.9	0	-200	0	4.5	93.1528	68.9658	16.9278	7.25929	0	0	0	0	0	0	0	0	0	0	0	0	0	0	0	0	0
00.000,00.000	9	0	-200	0	4.5	95.8033	71.1721	17.1767	7.45452	0	0	0	0	0	0	0	0	0	0	0	0	0	0	0	0	0
00.000,00.000	9.1	0	-200	0	4.5	98.5916	73.4974	17.4456	7.64859	0	0	0	0	0	0	0	0	0	0	0	0	0	0	0	0	0
00.000,00.000	9.2	0	-200	0	4.5	101.603	76.0122	17.7487	7.84175	0	0	0	0	0	0	0	0	0	0	0	0	0	0	0	0	0
00.000,00.000	9.3	0	-200	0	4.5	104.799	78.6823	18.0813	8.03493	0	0	0	0	0	0	0	0	0	0	0	0	0	0	0	0	0
00.000,00.000	9.4	0	-200	0	4.5	108.176	81.5014	18.446	8.22896	0	0	0	0	0	0	0	0	0	0	0	0	0	0	0	0	0
00.000,00.000	9.5	0	-200	0	4.5	111.722	84.4594	18.8384	8.42405	0	0	0	0	0	0	0	0	0	0	0	0	0	0	0	0	0
00.000,00.000	9.6	0	-200	0	4.5	115.438	87.5572	19.2605	8.61998	0	0	0	0	0	0	0	0	0	0	0	0	0	0	0	0	0
00.000,00.000	9.7	0	-200	0	4.5	119.331	90.8023	19.7126	8.81659	0	0	0	0	0	0	0	0	0	0	0	0	0	0	0	0	0
00.000,00.000	9.8	0	-200	0	4.5	123.425	94.2135	20.1975	9.01421	0	0	0	0	0	0	0	0	0	0	0	0	0	0	0	0	0
00.000,00.000	9.9	0	-200	0	4.5	127.747	97.8129	20.7203	9.21357	0	0	0	0	0	0	0	0	0	0	0	0	0	0	0	0	0
00.000,00.000	10	0	-200	0	4.5	132.311	101.613	21.2817	9.41572	0	0	0	0	0	0	0	0	0	0	0	0	0	0	0	0	0
00.000,00.000	10.1	0	-200	0	4.5	137.121	105.617	21.8826	9.62124	0	0	0	0	0	0	0	0	0	0	0	0	0	0	0	0	0
00.000,00.000	10.2	0	-200	0	4.5	142.018	109.693	22.4988	9.82604	0	0	0	0	0	0	0	0	0	0	0	0	0	0	0	0	0
00.000,00.000	10.3	0	-200	0	4.5	147.083	113.917	23.1358	10.0297	0	0	0	0	0	0	0	0	0	0	0	0	0	0	0	0	0
00.000,00.000	10.4	0	-200	0	4.5	152.295	118.275	23.7883	10.2319	0	0	0	0	0	0	0	0	0	0	0	0	0	0	0	0	0
00.000,00.000	10.5	0	-200	0	4.5	157.643	122.746	24.4654	10.2999	0.131851	0	0	0	0	0	0	0	0	0	0	0	0	0	0	0	0
00.000,00.000	10.6	0	-200	0	4.5	163.126	127.331	25.1656	10.3	0.329029	0	0	0	0	0	0	0	0	0	0	0	0	0	0	0	0
00.000,00.000	10.7	0	-200	0	4.5	168.759	132.042	25.8929	10.3	0.523675	0	0	0	0	0	0	0	0	0	0	0	0	0	0	0	0
00.000,00.000	10.8	0	-200	0	4.5	174.563	136.899	26.6481	10.3	0.715948	0	0	0	0	0	0	0	0	0	0	0	0	0	0	0	0
00.000,00.000	10.9	0	-200	0	4.5	180.568	141.925	27.4368	10.3	0.90653	0	0	0	0	0	0	0	0	0	0	0	0	0	0	0	0
00.000,00.000	11	0	-200	0	4.5	186.78	147.125	28.2585	10.3007	1.0958	0	0	0	0	0	0	0	0	0	0	0	0	0	0	0	0
00.000,00.000	11.1	0	-200	0	4.5	193.198	152.491	29.1218	10.3016	1.28366	0	0	0	0	0	0	0	0	0	0	0	0	0	0	0	0
00.000,00.000	11.2	0	-200	0	4.5	199.807	158.026	30.0076	10.3033	1.47011	0	0	0	0	0	0	0	0	0	0	0	0	0	0	0	0
00.000,00.000	11.3	0	-200	0	4.5	206.592	163.73	30.9013	10.3056	1.65517	0	0	0	0	0	0	0	0	0	0	0	0	0	0	0	0
00.000,00.000	11.4	0	-200	0	4.5	213.542	169.572	31.8229	10.3087	1.83874	0	0	0	0	0	0	0	0	0	0	0	0	0	0	0	0
00.000,00.000	11.5	0	-200	0	4.5	220.628	175.528	32.7658	10.314	2.02054	0	0	0	0	0	0	0	0	0	0	0	0	0	0	0	0
00.000,00.000	11.6	0	-200	0	4.5	227.857	181.604	33.7312	10.3214	2.20058	0	0	0	0	0	0	0	0	0	0	0	0	0	0	0	0
00.000,00.000	11.7	0	-200	0	4.5	235.22	187.807	34.7046	10.3305	2.37876	0	0	0	0	0	0	0	0	0	0	0	0	0	0	0	0
00.000,00.000	11.8	0	-200	0	4.5	242.73	194.13	35.7029	10.3423	2.55485	0	0	0	0	0	0	0	0	0	0	0	0	0	0	0	0
00.000,00.000	11.9	0	-200	0	4.5	250.437	200.611	36.7376	10.3594	2.72906	0	0	0	0	0	0	0	0	0	0	0	0	0	0	0	0
00.000,00.000	12	0	-200	0	4.5	258.329	207.256	37.7909	10.3799	2.90189	0	0	0	0	0	0	0	0	0	0	0	0	0	0	0	0
00.000,00.000	12.1	0	-200	0	4.5	266.403	214.044	38.8818	10.4039	3.07366	0	0	0	0	0	0	0	0	0	0	0	0	0	0	0	0
00.000,00.000	12.2	0	-200	0	4.5	274.658	220.973	40.0076	10.4334	3.24398	0	0	0	0	0	0	0	0	0	0	0	0	0	0	0	0
00.000,00.000	12.3	0	-200	0	4.5	283.04	227.971	41.1888	10.4671	3.413	0	0	0	0	0	0	0	0	0	0	0	0	0	0	0	0
00.000,00.000	12.4	0	-200	0	4.5	291.555	234.995	42.472	10.5061	3.58107	0	0	0	0	0	0	0	0	0	0	0	0	0	0	0	0
00.000,00.000	12.5	0	-200	0	4.5	300.163	241.846	44.0166	10.5521	3.74791	0	0	0	0	0	0	0	0	0	0	0	0	0	0	0	0
00.000,00.000	12.6	0	-200	0	4.5	308.868	248.779	45.573	10.6025	3.91371	0	0	0	0	0	0	0	0	0	0	0	0	0	0	0	0
00.000,00.000	12.7	0	-200	0	4.5	317.702	255.803	47.1617	10.6594	4.07836	0	0	0	0	0	0	0	0	0	0	0	0	0	0	0	0
00.000,00.000	12.8	0	-200	0	4.5	326.605	262.572	49.0709	10.7211	4.24136	0	0	0	0	0	0	0	0	0	0	0	0	0	0	0	0
00.000,00.000	12.9	0	-200	0	4.5	335.625	269.165	51.268	10.7887	4.40297	0	0	0	0	0	0	0	0	0	0	0	0	0	0	0	0
00.000,00.000	13	0	-200	0	4.5	344.821	275.892	53.5043	10.8614	4.56371	0	0	0	0	0	0	0	0	0	0	0	0	0	0	0	0
00.000,00.000	13.1	0	-200	0	4.5	354.219	282.74	55.815	10.9403	4.72378	0	0	0	0	0	0	0	0	0	0	0	0	0	0	0	0
00.000,00.000	13.2	0	-200	0	4.5	363.782	289.722	58.1538	11.0242	4.88204	0	0	0	0	0	0	0	0	0	0	0	0	0	0	0	0
00.000,00.000	13.3	0	-200	0	4.5	373.574	296.879	60.5388	11.1157	5.04082	0	0	0	0	0	0	0	0	0	0	0	0	0	0	0	0
00.000,00.000	13.4	0	-200	0	4.5	383.541	304.16	62.9678	11.2136	5.19983	0	0	0	0	0	0	0	0	0	0	0	0	0	0	0	0
00.000,00.000	13.5	0	-200	0	4.5	393.575	311.478	65.4211	11.3175	5.35851	0	0	0	0	0	0	0	0	0	0	0	0	0	0	0	0
00.000,00.000	13.6	0	-200	0	4.5	403.736	318.836	67.9549	11.4281	5.51687	0	0	0	0	0	0	0	0	0	0	0	0	0	0	0	0
00.000,00.000	13.7	0	-200	0	4.5	413.967	326.239	70.5081	11.5441	5.67498	0	0	0	0	0	0	0	0	0	0	0	0	0	0	0	0
00.000,00.000	13.8	0	-200	0	4.5	424.264	333.682	73.0829	11.6666	5.83299	0	0	0	0	0	0	0	0	0	0	0	0	0	0	0	0
00.000,00.000	13.9	0	-200	0	4.5	434.674	341.19	75.6968	11.7967	5.99079	0	0	0	0	0	0	0	0	0	0	0	0	0	0	0	0
00.000,00.000	14	0	-200	0	4.5	445.154	348.717	78.3549	11.934	6.14859	0	0	0	0	0	0	0	0	0	0	0	0	0	0	0	0
00.000,00.000	14.1	0	-200	0	4.5	455.732	356.283	81.0622	12.0805	6.30704	0	0	0	0	0	0	0	0	0	0	0	0	0	0	0	0
00.000,00.000	14.2	0	-200	0	4.5	466.342	363.811	83.8283	12.2353	6.46743	0	0	0	0	0	0	0	0	0	0	0	0	0	0	0	0
00.000,00.000	14.3	0	-200	0	4.5	476.779	371.177	86.5805	12.3963	6.62605	0	0	0	0	0	0	0	0	0	0	0	0	0	0	0	0
00.000,00.000	14.4	0	-200	0	4.5	487.143	378.467	89.3292	12.5633	6.78368	0	0	0	0	0	0	0	0	0	0	0	0	0	0	0	0
00.000,00.000	14.5	0	-200	0	4.5	497.434	385.628	92.1266	12.7379	6.94067	0	0	0	0	0	0	0	0	0	0	0	0	0	0	0	0
00.000,00.000	14.6	0	-200	0	4.5	507.644	392.664	94.9649	12.9184	7.09647	0	0	0	0	0	0	0	0	0	0	0	0	0	0	0	0
00.000,00.000	14.7	0	-200	0	4.5	517.698	399.512	97.8294	13.1053	7.25074	0	0	0	0	0	0	0	0	0	0	0	0	0	0	0	0
00.000,00.000	14.8	0	-200	0	4.5	527.578	406.196	100.682	13.2979	7.40268	0	0	0	0	0	0	0	0	0	0	0	0	0	0	0	0
00.000,00.000	14.9	0	-200	0	4.5	537.468	412.843	103.572	13.499	7.55406	0	0	0	0	0	0	0	0	0	0	0	0	0	0	0	0
00.000,00.000	15	0	-200	0	4.5	547.356	419.419	106.524	13.7088	7.70456	0	0	0	0	0	0	0	0	0	0	0	0	0	0	0	0
00.000,00.000	15.1	0	-200	0	4.5	557.127	425.866	109.48	13.9266	7.85404	0	0	0	0	0	0	0	0	0	0	0	0	0	0	0	0
00.000,00.000	15.2	0	-200	0	4.5	566.802	432.216	112.43	14.1538	8.00255	0	0	0	0	0	0	0	0	0	0	0	0	0	0	0	0
00.000,00.000	15.3	0	-200	0	4.5	576.375	438.45	115.385	14.3893	8.15012	0	0	0	0	0	0	0	0	0	0	0	0	0	0	0	0
00.000,00.000	15.4	0	-200	0	4.5	585.782	444.542	118.309	14.6339	8.29675	0	0	0	0	0	0	0	0	0	0	0	0	0	0	0	0
00.000,00.000	15.5	0	-200	0	4.5	594.972	450.397	121.247	14.886	8.4423	0	0	0	0	0	0	0	0	0	0	0	0	0	0	0	0
00.000,00.000	15.6	0	-200	0	4.5	604.537	456.398	124.154	15.3887	8.59698	0	0	0	0	0	0	0	0	0	0	0	0	0	0	0	0
00.000,00.000	15.7	0	-200	0	4.5	613.835	462.199	126.907	15.9803	8.74909	0	0	0	0	0	0	0	0	0	0	0	0	0	0	0	0
00.000,00.000	15.8	0	-200	0	4.5	622.241	467.382	129.445	16.5268	8.88735	0	0	0	0	0	0	0	0	0	0	0	0	0	0	0	0
00.000,00.000	15.9	0	-200	0	4.5	630.901	472.699	132.066	17.1056	9.03093	0	0	0	0	0	0	0	0	0	0	0	0	0	0	0	0
00.000,00.000	16	0	-200	0	4.5	639.403	477.819	134.726	17.6856	9.17175	0	0	0	0	0	0	0	0	0	0	0	0	0	0	0	0
00.000,00.000	16.1	0	-200	0	4.5	647.679	482.758	137.347	18.2649	9.30949	0	0	0	0	0	0	0	0	0	0	0	0	0	0	0	0
00.000,00.000	16.2	0	-200	0	4.5	655.886	487.612	139.973	18.8547	9.44719	0	0	0	0	0	0	0	0	0	0	0	0	0	0	0	0
00.000,00.000	16.3	0	-200	0	4.5	663.98	492.361	142.581	19.4535	9.58408	0	0	0	0	0	0	0	0	0	0	0	0	0	0	0	0
00.000,00.000	16.4	0	-200	0	4.5	671.966	497.001	145.183	20.0612	9.72008	0	0	0	0	0	0	0	0	0	0	0	0	0	0	0	0
00.000,00.000	16.5	0	-200	0	4.5	680.068	501.653	147.857	20.6982	9.86056	0	0	0	0	0	0	0	0	0	0	0	0	0	0	0	0
00.000,00.000	16.6	0	-200	0	4.5	692.235	508.526	151.681	21.9617	10.0657	0	0	0	0	0	0	0	0	0	0	0	0	0	0	0	0
00.000,00.000	16.7	0	-200	0	4.5	697.133	511.196	153.073	22.7118	10.0678	0.0848062	0	0	0	0	0	0	0	0	0	0	0	0	0	0	0
00.000,00.000	16.8	0	-200	0	4.5	699.795	512.651	153.842	23.1015	10.0725	0.12796	0	0	0	0	0	0	0	0	0	0	0	0	0	0	0
00.000,00.000	16.9	0	-200	0	4.5	708.771	517.517	156.432	24.4606	10.0805	0.282238	0	0	0	0	0	0	0	0	0	0	0	0	0	0	0
00.000,00.000	17	0	-200	0	4.5	716.768	521.801	158.768	25.6918	10.0773	0.430418	0	0	0	0	0	0	0	0	0	0	0	0	0	0	0
00.000,00.000	17.1	0	-200	0	4.5	723.829	525.579	160.814	26.7993	10.0782	0.558533	0	0	0	0	0	0	0	0	0	0	0	0	0	0	0
00.000,00.000	17.2	0	-200	0	4.5	730.842	529.316	162.843	27.9176	10.0789	0.686756	0	0	0	0	0	0	0	0	0	0	0	0	0	0	0
00.000,00.000	17.3	0	-200	0	4.5	737.742	532.998	164.804	29.0459	10.0791	0.814747	0	0	0	0	0	0	0	0	0	0	0	0	0	0	0
00.000,00.000	17.4	0	-200	0	4.5	744.547	536.627	166.719	30.1796	10.0792	0.942299	0	0	0	0	0	0	0	0	0	0	0	0	0	0	0
00.000,00.000	17.5	0	-200	0	4.5	753.12	541.202	169.081	31.6509	10.0799	1.1063	0	0	0	0	0	0	0	0	0	0	0	0	0	0	0
00.000,00.000	17.6	0	-200	0	4.5	763.918	546.91	172.065	33.547	10.0811	1.31521	0	0	0	0	0	0	0	0	0	0	0	0	0	0	0
00.000,00.000	17.7	0	-200	0	4.5	766.776	548.423	172.838	34.0617	10.0819	1.37173	0	0	0	0	0	0	0	0	0	0	0	0	0	0	0
00.000,00.000	17.8	0	-200	0	4.5	768.027	549.088	173.168	34.2918	10.0823	1.39661	0	0	0	0	0	0	0	0	0	0	0	0	0	0	0
00.000,00.000	17.9	0	-200	0	4.5	775.626	553.123	175.164	35.704	10.0861	1.54772	0	0	0	0	0	0	0	0	0	0	0	0	0	0	0
00.000,00.000	18	0	-200	0	4.5	783.086	557.035	177.172	37.0857	10.0911	1.70195	0	0	0	0	0	0	0	0	0	0	0	0	0	0	0
00.000,00.000	18.1	0	-200	0	4.5	789.483	560.386	178.897	38.2772	10.0963	1.8268	0	0	0	0	0	0	0	0	0	0	0	0	0	0	0
00.000,00.000	18.2	0	-200	0	4.5	795.719	563.633	180.585	39.4495	10.1024	1.94844	0	0	0	0	0	0	0	0	0	0	0	0	0	0	0
00.000,00.000	18.3	0	-200	0	4.5	801.945	566.883	182.255	40.6267	10.1103	2.0695	0	0	0	0	0	0	0	0	0	0	0	0	0	0	0
00.000,00.000	18.4	0	-200	0	4.5	808.163	570.14	183.905	41.8085	10.1194	2.18996	0	0	0	0	0	0	0	0	0	0	0	0	0	0	0
00.000,00.000	18.5	0	-200	0	4.5	818.098	575.36	186.507	43.7111	10.1364	2.38252	0	0	0	0	0	0	0	0	0	0	0	0	0	0	0
00.000,00.000	18.6	0	-200	0	4.5	828.784	581	189.281	45.7609	10.1583	2.58445	0	0	0	0	0	0	0	0	0	0	0	0	0	0	0
00.000,00.000	18.7	0	-200	0	4.5	830.561	581.932	189.745	46.1036	10.1622	2.61873	0	0	0	0	0	0	0	0	0	0	0	0	0	0	0
00.000,00.000	18.8	0	-200	0	4.5	831.087	582.212	189.878	46.2046	10.1635	2.62876	0	0	0	0	0	0	0	0	0	0	0	0	0	0	0
00.000,00.000	18.9	0	-200	0	4.5	837.787	585.806	191.57	47.4743	10.1822	2.75436	0	0	0	0	0	0	0	0	0	0	0	0	0	0	0
00.000,00.000	19	0	-200	0	4.5	846.162	590.326	193.675	49.0445	10.2075	2.90902	0	0	0	0	0	0	0	0	0	0	0	0	0	0	0
00.000,00.000	19.1	0	-200	0	4.5	852.993	594.028	195.384	50.3177	10.2297	3.03396	0	0	0	0	0	0	0	0	0	0	0	0	0	0	0
00.000,00.000	19.2	0	-200	0	4.5	859.364	597.488	196.962	51.5119	10.2527	3.14946	0	0	0	0	0	0	0	0	0	0	0	0	0	0	0
00.000,00.000	19.3	0	-200	0	4.5	865.734	600.963	198.529	52.7003	10.2773	3.26416	0	0	0	0	0	0	0	0	0	0	0	0	0	0	0
00.000,00.000	19.4	0	-200	0	4.5	872.116	604.45	200.098	53.8858	10.3037	3.37832	0	0	0	0	0	0	0	0	0	0	0	0	0	0	0
00.000,00.000	19.5	0	-200	0	4.5	878.477	607.923	201.66	55.0699	10.332	3.49254	0	0	0	0	0	0	0	0	0	0	0	0	0	0	0
00.000,00.000	19.6	0	-200	0	4.5	890.724	614.422	204.865	57.2074	10.5184	3.71154	0	0	0	0	0	0	0	0	0	0	0	0	0	0	0
00.000,00.000	19.7	0	-200	0	4.5	900.911	619.509	207.874	58.7511	10.8942	3.88272	0	0	0	0	0	0	0	0	0	0	0	0	0	0	0
00.000,00.000	19.8	0	-200	0	4.5	902.426	620.183	208.437	58.9868	10.9517	3.8671	0	0	0	0	0	0	0	0	0	0	0	0	0	0	0
00.000,00.000	19.9	0	-200	0	4.5	903.046	620.477	208.647	59.0797	10.9748	3.86724	0	0	0	0	0	0	0	0	0	0	0	0	0	0	0
00.000,00.000	20	0	-200	0	4.5	913.884	625.782	212.382	60.4564	11.3853	3.8779	0	0	0	0	0	0	0	0	0	0	0	0	0	0	0
00.000,00.000	20.1	0	-200	0	4.5	922.101	629.314	215.791	61.4501	11.6959	3.85071	0	0	0	0	0	0	0	0	0	0	0	0	0	0	0
00.000,00.000	20.2	0	-200	0	4.5	928.543	632.032	218.52	62.2044	11.9356	3.85071	0	0	0	0	0	0	0	0	0	0	0	0	0	0	0
00.000,00.000	20.3	0	-200	0	4.5	935.071	634.784	221.312	62.95	12.1742	3.85071	0	0	0	0	0	0	0	0	0	0	0	0	0	0	0
00.000,00.000	20.4	0	-200	0	4.5	941.704	637.61	224.137	63.692	12.414	3.85071	0	0	0	0	0	0	0	0	0	0	0	0	0	0	0
00.000,00.000	20.5	0	-200	0	4.5	948.844	640.679	227.145	64.4947	12.6738	3.85071	0	0	0	0	0	0	0	0	0	0	0	0	0	0	0
00.000,00.000	20.6	0	-200	0	4.5	973.056	651.022	237.451	67.1902	13.5421	3.85071	0	0	0	0	0	0	0	0	0	0	0	0	0	0	0
00.000,00.000	20.7	0	-200	0	4.5	986.66	656.854	243.264	68.6711	14.0207	3.85071	0	0	0	0	0	0	0	0	0	0	0	0	0	0	0
00.000,00.000	20.8	0	-200	0	4.5	987.396	657.177	243.573	68.75	14.0463	3.85071	0	0	0	0	0	0	0	0	0	0	0	0	0	0	0
00.000,00.000	20.9	0	-200	0	4.5	987.991	657.441	243.821	68.8113	14.0668	3.85071	0	0	0	0	0	0	0	0	0	0	0	0	0	0	0
00.000,00.000	21	0	-200	0	4.5	993.455	659.903	246.091	69.358	14.2526	3.85071	0	0	0	0	0	0	0	0	0	0	0	0	0	0	0
00.000,00.000	21.1	0	-200	0	4.5	1008.55	666.753	252.349	70.834	14.7596	3.85071	0	0	0	0	0	0	0	0	0	0	0	0	0	0	0
00.000,00.000	21.2	0	-200	0	4.5	1018.17	671.161	256.321	71.7558	15.0794	3.85071	0	0	0	0	0	0	0	0	0	0	0	0	0	0	0
00.000,00.000	21.3	0	-200	0	4.5	1025.92	674.753	259.5	72.3988	15.4138	3.85071	0	0	0	0	0	0	0	0	0	0	0	0	0	0	0
00.000,00.000	21.4	0	-200	0	4.5	1033.75	678.437	262.684	72.9602	15.8228	3.85071	0	0	0	0	0	0	0	0	0	0	0	0	0	0	0
00.000,00.000	21.5	0	-200	0	4.5	1055.56	688.761	271.505	74.4684	16.9734	3.85071	0	0	0	0	0	0	0	0	0	0	0	0	0	0	0
00.000,00.000	21.6	0	-200	0	4.5	1064.74	693.149	275.21	75.0667	17.4595	3.85071	0	0	0	0	0	0	0	0	0	0	0	0	0	0	0
00.000,00.000	21.7	0	-200	0	4.5	1088.55	704.566	284.781	76.631	18.7237	3.85071	0	0	0	0	0	0	0	0	0	0	0	0	0	0	0
00.000,00.000	21.8	0	-200	0	4.5	1093.3	706.872	286.676	76.9272	18.9697	3.85071	0	0	0	0	0	0	0	0	0	0	0	0	0	0	0
00.000,00.000	21.9	0	-200	0	4.5	1093.97	707.2	286.944	76.9703	19.0039	3.85071	0	0	0	0	0	0	0	0	0	0	0	0	0	0	0
00.000,00.000	22	0	-200	0	4.5	1094.92	707.666	287.322	77.0295	19.0512	3.85071	0	0	0	0	0	0	0	0	0	0	0	0	0	0	0
00.000,00.000	22.1	0	-200	0	4.5	1115.3	717.69	295.414	78.2909	20.0526	3.85071	0	0	0	0	0	0	0	0	0	0	0	0	0	0	0
00.000,00.000	22.2	0	-200	0	4.5	1128.29	724.063	300.595	79.095	20.6848	3.85071	0	0	0	0	0	0	0	0	0	0	0	0	0	0	0
00.000,00.000	22.3	0	-200	0	4.5	1137.27	728.479	304.171	79.6543	21.1154	3.85071	0	0	0	0	0	0	0	0	0	0	0	0	0	0	0
00.000,00.000	22.4	0	-200	0	4.5	1146.44	732.99	307.613	80.4328	21.5511	3.85071	0	0	0	0	0	0	0	0	0	0	0	0	0	0	0
00.000,00.000	22.5	0	-200	0	4.5	1168.88	743.996	315.916	82.4819	22.6368	3.85071	0	0	0	0	0	0	0	0	0	0	0	0	0	0	0
00.000,00.000	22.6	0	-200	0	4.5	1199.71	759.263	327.382	85.3671	23.8458	3.85071	0	0	0	0	0	0	0	0	0	0	0	0	0	0	0
00.000,00.000	22.7	0	-200	0	4.5	1204.47	761.611	329.006	86.0111	23.9947	3.85071	0	0	0	0	0	0	0	0	0	0	0	0	0	0	0
00.000,00.000	22.8	0	-200	0	4.5	1205.18	761.96	329.256	86.0934	24.0164	3.85071	0	0	0	0	0	0	0	0	0	0	0	0	0	0	0
00.000,00.000	22.9	0	-200	0	4.5	1206.04	762.392	329.563	86.1948	24.0429	3.85071	0	0	0	0	0	0	0	0	0	0	0	0	0	0	0
00.000,00.000	23	0	-200	0	4.5	1209.3	764.006	330.699	86.6015	24.1421	3.85071	0	0	0	0	0	0	0	0	0	0	0	0	0	0	0
00.000,00.000	23.1	0	-200	0	4.5	1230.15	774.36	338.125	89.0343	24.7756	3.85071	0	0	0	0	0	0	0	0	0	0	0	0	0	0	0
00.000,00.000	23.2	0	-200	0	4.5	1243.44	780.95	342.866	90.5987	25.1798	3.85071	0	0	0	0	0	0	0	0	0	0	0	0	0	0	0
00.000,00.000	23.3	0	-200	0	4.5	1253.5	785.902	346.291	91.9643	25.4868	3.85071	0	0	0	0	0	0	0	0	0	0	0	0	0	0	0
00.000,00.000	23.4	0	-200	0	4.5	1263.67	790.744	349.748	93.5313	25.7996	3.85071	0	0	0	0	0	0	0	0	0	0	0	0	0	0	0
00.000,00.000	23.5	0	-200	0	4.5	1284.74	800.354	357.127	96.937	26.4717	3.85071	0	0	0	0	0	0	0	0	0	0	0	0	0	0	0
00.000,00.000	23.6	0	-200	0	4.5	1306.3	810.345	364.52	100.429	27.1511	3.85071	0	0	0	0	0	0	0	0	0	0	0	0	0	0	0
00.000,00.000	23.7	0	-200	0	4.5	1331.49	821.853	373.424	104.379	27.9816	3.85071	0	0	0	0	0	0	0	0	0	0	0	0	0	0	0
00.000,00.000	23.8	0	-200	0	4.5	1335.47	823.599	374.956	104.982	28.087	3.85071	0	0	0	0	0	0	0	0	0	0	0	0	0	0	0
00.000,00.000	23.9	0	-200	0	4.5	1336.49	824.049	375.344	105.131	28.1173	3.85071	0	0	0	0	0	0	0	0	0	0	0	0	0	0	0
00.000,00.000	24	0	-200	0	4.5	1351.06	830.342	381.086	107.241	28.5432	3.85071	0	0	0	0	0	0	0	0	0	0	0	0	0	0	0
00.000,00.000	24.1	0	-200	0	4.5	1370.56	837.958	389.593	110.053	29.109	3.85071	0	0	0	0	0	0	0	0	0	0	0	0	0	0	0
00.000,00.000	24.2	0	-200	0	4.5	1383.11	842.802	395.119	111.844	29.4943	3.85071	0	0	0	0	0	0	0	0	0	0	0	0	0	0	0
00.000,00.000	24.3	0	-200	0	4.5	1393.75	846.807	399.875	113.391	29.8289	3.85071	0	0	0	0	0	0	0	0	0	0	0	0	0	0	0
00.000,00.000	24.4	0	-200	0	4.5	1404.59	850.833	404.707	115.027	30.1693	3.85071	0	0	0	0	0	0	0	0	0	0	0	0	0	0	0
00.000,00.000	24.5	0	-200	0	4.5	1420.1	856.491	411.635	117.446	30.6793	3.85071	0	0	0	0	0	0	0	0	0	0	0	0	0	0	0
00.000,00.000	24.6	0	-200	0	4.5	1460.25	871.488	429.247	123.613	32.0473	3.85071	0	0	0	0	0	0	0	0	0	0	0	0	0	0	0
00.000,00.000	24.7	0	-200	0	4.5	1468.41	874.589	432.912	124.729	32.3291	3.85072	0	0	0	0	0	0	0	0	0	0	0	0	0	0	0
00.000,00.000	24.8	0	-200	0	4.5	1469.22	874.9	433.27	124.844	32.3568	3.85079	0	0	0	0	0	0	0	0	0	0	0	0	0	0	0
00.000,00.000	24.9	0	-200	0	4.5	1470.3	875.311	433.746	124.998	32.3932	3.85088	0	0	0	0	0	0	0	0	0	0	0	0	0	0	0
00.000,00.000	25	0	-200	0	4.5	1499.47	886.397	446.706	129.138	33.3712	3.85442	0	0	0	0	0	0	0	0	0	0	0	0	0	0	0
00.000,00.000	25.1	0	-200	0	4.5	1517.2	893.087	454.626	131.663	33.9672	3.85707	0	0	0	0	0	0	0	0	0	0	0	0	0	0	0
00.000,00.000	25.2	0	-200	0	4.5	1528.69	897.454	459.701	133.324	34.3537	3.8603	0	0	0	0	0	0	0	0	0	0	0	0	0	0	0
00.000,00.000	25.3	0	-200	0	4.5	1540.4	901.923	464.843	135.023	34.7471	3.86391	0	0	0	0	0	0	0	0	0	0	0	0	0	0	0
00.000,00.000	25.4	0	-200	0	4.5	1552.29	906.521	469.994	136.761	35.1468	3.86833	0	0	0	0	0	0	0	0	0	0	0	0	0	0	0
00.000,00.000	25.5	0	-200	0	4.5	1564.6	911.221	475.312	138.616	35.5777	3.87387	0	0	0	0	0	0	0	0	0	0	0	0	0	0	0
00.000,00.000	25.6	0	-200	0	4.5	1597.44	923.792	489.387	143.592	36.775	3.89261	0	0	0	0	0	0	0	0	0	0	0	0	0	0	0
00.000,00.000	25.7	0	-200	0	4.5	1613.75	930.12	496.307	145.788	37.6291	3.90274	0	0	0	0	0	0	0	0	0	0	0	0	0	0	0
00.000,00.000	25.8	0	-200	0	4.5	1615	930.61	496.836	145.958	37.693	3.90376	0	0	0	0	0	0	0	0	0	0	0	0	0	0	0
00.000,00.000	25.9	0	-200	0	4.5	1618.08	931.837	498.117	146.37	37.8541	3.90654	0	0	0	0	0	0	0	0	0	0	0	0	0	0	0
00.000,00.000	26	0	-200	0	4.5	1640.94	941.087	507.656	149.306	38.967	3.9291	0	0	0	0	0	0	0	0	0	0	0	0	0	0	0
00.000,00.000	26.1	0	-200	0	4.5	1657.22	947.751	514.06	151.692	39.7673	3.94674	0	0	0	0	0	0	0	0	0	0	0	0	0	0	0
00.000,00.000	26.2	0	-200	0	4.5	1670.03	953.073	518.984	153.607	40.4002	3.96266	0	0	0	0	0	0	0	0	0	0	0	0	0	0	0
00.000,00.000	26.3	0	-200	0	4.5	1682.95	958.48	523.893	155.557	41.0354	3.9798	0	0	0	0	0	0	0	0	0	0	0	0	0	0	0
00.000,00.000	26.4	0	-200	0	4.5	1696	963.961	528.827	157.537	41.6754	3.99857	0	0	0	0	0	0	0	0	0	0	0	0	0	0	0
00.000,00.000	26.5	0	-200	0	4.5	1709.36	969.459	533.887	159.635	42.3599	4.02092	0	0	0	0	0	0	0	0	0	0	0	0	0	0	0
00.000,00.000	26.6	0	-200	0	4.5	1761.76	991.306	553.346	167.956	45.0351	4.11446	0	0	0	0	0	0	0	0	0	0	0	0	0	0	0
00.000,00.000	26.7	0	-200	0	4.5	1772.74	995.884	557.423	169.696	45.5349	4.19786	0	0	0	0	0	0	0	0	0	0	0	0	0	0	0
00.000,00.000	26.8	0	-200	0	4.5	1781.02	999.375	560.455	171.021	45.897	4.27325	0	0	0	0	0	0	0	0	0	0	0	0	0	0	0
00.000,00.000	26.9	0	-200	0	4.5	1783.17	1000.28	561.261	171.354	45.9836	4.29588	0	0	0	0	0	0	0	0	0	0	0	0	0	0	0
00.000,00.000	27	0	-200	0	4.5	1798.53	1006.66	567.048	173.772	46.5995	4.45072	0	0	0	0	0	0	0	0	0	0	0	0	0	0	0
00.000,00.000	27.1	0	-200	0	4.5	1825.96	1017.5	577.732	178.247	47.7359	4.74529	0	0	0	0	0	0	0	0	0	0	0	0	0	0	0
00.000,00.000	27.2	0	-200	0	4.5	1842.83	1024.26	584.221	181.015	48.4083	4.92905	0	0	0	0	0	0	0	0	0	0	0	0	0	0	0
00.000,00.000	27.3	0	-200	0	4.5	1856.6	1029.69	589.582	183.295	48.9547	5.07639	0	0	0	0	0	0	0	0	0	0	0	0	0	0	0
00.000,00.000	27.4	0	-200	0	4.5	1870.66	1035.22	595.073	185.639	49.497	5.22734	0	0	0	0	0	0	0	0	0	0	0	0	0	0	0
00.000,00.000	27.5	0	-200	0	4.5	1888.5	1042.01	602.059	188.766	50.2291	5.434	0	0	0	0	0	0	0	0	0	0	0	0	0	0	0
00.000,00.000	27.6	0	-200	0	4.5	1966.38	1072.31	631.47	202.71	53.5248	6.36226	0	0	0	0	0	0	0	0	0	0	0	0	0	0	0
00.000,00.000	27.7	0	-200	0	4.5	1981.96	1078.7	637.22	205.348	54.1434	6.54445	0	0	0	0	0	0	0	0	0	0	0	0	0	0	0
00.000,00.000	27.8	0	-200	0	4.5	1982.93	1079.09	637.577	205.517	54.1838	6.55578	0	0	0	0	0	0	0	0	0	0	0	0	0	0	0
00.000,00.000	27.9	0	-200	0	4.5	1986.06	1080.36	638.736	206.063	54.3095	6.59185	0	0	0	0	0	0	0	0	0	0	0	0	0	0	0
00.000,00.000	28	0	-200	0	4.5	2017.01	1093.83	649.635	211.144	55.4801	6.92218	0	0	0	0	0	0	0	0	0	0	0	0	0	0	0
00.000,00.000	28.1	0	-200	0	4.5	2040.82	1103.9	658.199	215.15	56.3916	7.18337	0	0	0	0	0	0	0	0	0	0	0	0	0	0	0
00.000,00.000	28.2	0	-200	0	4.5	2056.57	1110.58	663.81	217.832	56.9922	7.35896	0	0	0	0	0	0	0	0	0	0	0	0	0	0	0
00.000,00.000	28.3	0	-200	0	4.5	2071.85	1117.35	669.043	220.367	57.5588	7.52423	0	0	0	0	0	0	0	0	0	0	0	0	0	0	0
00.000,00.000	28.4	0	-200	0	4.5	2087.52	1124.36	674.342	222.983	58.1403	7.69401	0	0	0	0	0	0	0	0	0	0	0	0	0	0	0
00.000,00.000	28.5	0	-200	0	4.5	2103.04	1131	679.674	225.732	58.7556	7.87394	0	0	0	0	0	0	0	0	0	0	0	0	0	0	0
00.000,00.000	28.6	0	-200	0	4.5	2182.02	1168.22	704.059	239.216	61.8276	8.69677	0	0	0	0	0	0	0	0	0	0	0	0	0	0	0
00.000,00.000	28.7	0	-200	0	4.5	2197.66	1175.6	708.898	241.913	62.4077	8.83845	0	0	0	0	0	0	0	0	0	0	0	0	0	0	0
00.000,00.000	28.8	0	-200	0	4.5	2202.08	1177.39	710.437	242.777	62.5926	8.88731	0	0	0	0	0	0	0	0	0	0	0	0	0	0	0
00.000,00.000	28.9	0	-200	0	4.5	2218.46	1185.6	715.15	245.485	63.1792	9.04414	0	0	0	0	0	0	0	0	0	0	0	0	0	0	0
00.000,00.000	29	0	-200	0	4.5	2227.35	1189.79	717.899	247.03	63.5041	9.13016	0	0	0	0	0	0	0	0	0	0	0	0	0	0	0
00.000,00.000	29.1	0	-200	0	4.5	2252.11	1201.19	725.688	251.253	64.594	9.38237	0	0	0	0	0	0	0	0	0	0	0	0	0	0	0
00.000,00.000	29.2	0	-200	0	4.5	2272.1	1210.9	731.694	254.374	65.5717	9.55725	0	0	0	0	0	0	0	0	0	0	0	0	0	0	0
00.000,00.000	29.3	0	-200	0	4.5	2289.85	1219.57	737.005	257.145	66.4144	9.71499	0	0	0	0	0	0	0	0	0	0	0	0	0	0	0
00.000,00.000	29.4	0	-200	0	4.5	2307.65	1228.07	742.441	259.984	67.2856	9.87242	0	0	0	0	0	0	0	0	0	0	0	0	0	0	0
00.000,00.000	29.5	0	-200	0	4.5	2325.49	1236.83	747.614	262.831	68.1729	10.0338	0	0	0	0	0	0	0	0	0	0	0	0	0	0	0
00.000,00.000	29.6	0	-200	0	4.5	2374.53	1261.28	761.257	270.825	70.6619	10.5078	0	0	0	0	0	0	0	0	0	0	0	0	0	0	0
00.000,00.000	29.7	0	-200	0	4.5	2431.81	1286.84	779.416	280.705	73.78	11.0679	0	0	0	0	0	0	0	0	0	0	0	0	0	0	0
00.000,00.000	29.8	0	-200	0	4.5	2440.53	1291.29	781.876	282.039	74.1992	11.1286	0	0	0	0	0	0	0	0	0	0	0	0	0	0	0
00.000,00.000	29.9	0	-200	0	4.5	2443.99	1292.91	782.958	282.591	74.3731	11.1566	0	0	0	0	0	0	0	0	0	0	0	0	0	0	0
00.000,00.000	30	0	-200	0	4.5	2489.03	1315.82	796.111	289.158	76.3579	11.5835	0	0	0	0	0	0	0	0	0	0	0	0	0	0	0
00.000,00.000	30.1	0	-200	0	4.5	2517.56	1330.71	804.145	293.265	77.4175	12.0203	0	0	0	0	0	0	0	0	0	0	0	0	0	0	0
00.000,00.000	30.2	0	-200	0	4.5	2537.19	1340.8	809.82	296.114	78.166	12.2962	0	0	0	0	0	0	0	0	0	0	0	0	0	0	0
00.000,00.000	30.3	0	-200	0	4.5	2557	1351.06	815.519	298.941	78.9089	12.5667	0	0	0	0	0	0	0	0	0	0	0	0	0	0	0
00.000,00.000	30.4	0	-200	0	4.5	2577.18	1361.56	821.358	301.762	79.6535	12.8514	0	0	0	0	0	0	0	0	0	0	0	0	0	0	0
00.000,00.000	30.5	0	-200	0	4.5	2597.85	1372.27	827.378	304.639	80.4209	13.1423	0	0	0	0	0	0	0	0	0	0	0	0	0	0	0
00.000,00.000	30.6	0	-200	0	4.5	2632.79	1388.91	838.018	310.185	81.9506	13.7259	0	0	0	0	0	0	0	0	0	0	0	0	0	0	0
00.000,00.000	30.7	0	-200	0	4.5	2734.78	1437.64	868.779	326.561	86.3711	15.4284	0	0	0	0	0	0	0	0	0	0	0	0	0	0	0
00.000,00.000	30.8	0	-200	0	4.5	2754.29	1447.5	874.646	329.34	87.1032	15.7036	0	0	0	0	0	0	0	0	0	0	0	0	0	0	0
00.000,00.000	30.9	0	-200	0	4.5	2759.68	1449.94	876.447	330.177	87.3281	15.7871	0	0	0	0	0	0	0	0	0	0	0	0	0	0	0
00.000,00.000	31	0	-200	0	4.5	2812.29	1475.6	893.123	337.744	89.2868	16.5375	0	0	0	0	0	0	0	0	0	0	0	0	0	0	0
00.000,00.000	31.1	0	-200	0	4.5	2843.12	1490.99	902.838	341.981	90.3687	16.9452	0	0	0	0	0	0	0	0	0	0	0	0	0	0	0
00.000,00.000	31.2	0	-200	0	4.5	2863.34	1500.66	909.523	344.824	91.1112	17.2187	0	0	0	0	0	0	0	0	0	0	0	0	0	0	0
00.000,00.000	31.3	0	-200	0	4.5	2883.76	1510.5	916.241	347.681	91.849	17.4854	0	0	0	0	0	0	0	0	0	0	0	0	0	0	0
00.000,00.000	31.4	0	-200	0	4.5	2904.65	1520.73	923.042	350.53	92.5966	17.7521	0	0	0	0	0	0	0	0	0	0	0	0	0	0	0
00.000,00.000	31.5	0	-200	0	4.5	2925.53	1530.86	929.881	353.402	93.365	18.0225	0	0	0	0	0	0	0	0	0	0	0	0	0	0	0
00.000,00.000	31.6	0	-200	0	4.5	3038.29	1578.68	967.979	372.663	98.9621	20.0047	0	0	0	0	0	0	0	0	0	0	0	0	0	0	0
00.000,00.000	31.7	0	-200	0	4.5	3088.79	1601.86	984.178	380.767	101.194	20.7966	0	0	0	0	0	0	0	0	0	0	0	0	0	0	0
00.000,00.000	31.8	0	-200	0	4.5	3088.65	1601.82	984.142	380.734	101.162	20.7848	0	0	0	0	0	0	0	0	0	0	0	0	0	0	0
00.000,00.000	31.9	0	-200	0	4.5	3249.06	1676.3	1034.35	406.644	108.416	23.3455	0	0	0	0	0	0	0	0	0	0	0	0	0	0	0
00.000,00.000	32	0	-200	0	4.5	3297.27	1700.41	1048.51	413.923	110.361	24.0678	0	0	0	0	0	0	0	0	0	0	0	0	0	0	0
00.000,00.000	32.1	0	-200	0	4.5	3344.76	1726.35	1061.59	420.038	111.923	24.7471	0.11893	0	0	0	0	0	0	0	0	0	0	0	0	0	0
00.000,00.000	32.2	0	-200	0	4.5	3374.16	1741.98	1069.86	424.009	112.873	25.1887	0.252835	0	0	0	0	0	0	0	0	0	0	0	0	0	0
00.000,00.000	32.3	0	-200	0	4.5	3393.63	1751.89	1075.61	426.762	113.527	25.5067	0.330947	0	0	0	0	0	0	0	0	0	0	0	0	0	0
00.000,00.000	32.4	0	-200	0	4.5	3414.38	1763.12	1081.42	429.44	114.184	25.8086	0.410697	0	0	0	0	0	0	0	0	0	0	0	0	0	0
00.000,00.000	32.5	0	-200	0	4.5	3434.87	1774.27	1086.85	432.201	114.917	26.1312	0.508233	0	0	0	0	0	0	0	0	0	0	0	0	0	0
00.000,00.000	32.6	0	-200	0	4.5	3604.04	1859.31	1132.49	459.073	122.362	29.2456	1.55579	0	0	0	0	0	0	0	0	0	0	0	0	0	0
00.000,00.000	32.7	0	-200	0	4.5	3640.69	1879.25	1141.96	464.097	123.801	29.8183	1.76326	0	0	0	0	0	0	0	0	0	0	0	0	0	0
00.000,00.000	32.8	0	-200	0	4.5	3839.02	1986.45	1194.78	490.446	131.374	33.0648	2.90781	0	0	0	0	0	0	0	0	0	0	0	0	0	0
00.000,00.000	32.9	0	-200	0	4.5	3910.97	2027.31	1212.39	499.851	133.981	34.0872	3.35493	0	0	0	0	0	0	0	0	0	0	0	0	0	0
00.000,00.000	33	0	-200	0	4.5	3910.57	2027.15	1212.26	499.76	133.957	34.0256	3.41608	0	0	0	0	0	0	0	0	0	0	0	0	0	0
00.000,00.000	33.1	0	-200	0	4.5	4030.28	2092.91	1244.33	514.723	138.58	35.1473	4.58415	0	0	0	0	0	0	0	0	0	0	0	0	0	0
00.000,00.000	33.2	0	-200	0	4.5	4084.34	2124.03	1257.66	521.335	140.567	35.5919	5.1549	0	0	0	0	0	0	0	0	0	0	0	0	0	0
00.000,00.000	33.3	0	-200	0	4.5	4105.6	2136.06	1263.1	523.924	141.377	35.7636	5.36957	0	0	0	0	0	0	0	0	0	0	0	0	0	0
00.000,00.000	33.4	0	-200	0	4.5	4128.69	2149.1	1269.14	526.651	142.254	35.9453	5.5933	0	0	0	0	0	0	0	0	0	0	0	0	0	0
00.000,00.000	33.5	0	-200	0	4.5	4150.1	2161.37	1274.64	529.143	143.054	36.1083	5.79041	0	0	0	0	0	0	0	0	0	0	0	0	0	0
00.000,00.000	33.6	0	-200	0	4.5	4183.13	2179.28	1283.07	533.597	144.601	36.4216	6.16463	0	0	0	0	0	0	0	0	0	0	0	0	0	0
00.000,00.000	33.7	0	-200	0	4.5	4353.23	2270.67	1326.02	556.707	153.378	38.2002	8.25077	0	0	0	0	0	0	0	0	0	0	0	0	0	0
00.000,00.000	33.8	0	-200	0	4.5	4386.23	2288.37	1334.37	561.241	155.065	38.5403	8.64343	0	0	0	0	0	0	0	0	0	0	0	0	0	0
00.000,00.000	33.9	0	-200	0	4.5	4510.48	2362.78	1362.37	575.032	160.708	39.6902	9.8998	0	0	0	0	0	0	0	0	0	0	0	0	0	0
00.000,00.000	34	0	-200	0	4.5	4542.95	2380.69	1370.44	579.112	162.406	40.027	10.2623	0	0	0	0	0	0	0	0	0	0	0	0	0	0
00.000,00.000	34.1	0	-200	0	4.5	4580.07	2400.59	1380.33	583.783	164.292	40.4157	10.6575	0	0	0	0	0	0	0	0	0	0	0	0	0	0
00.000,00.000	34.2	0	-200	0	4.5	4593.96	2408.61	1383.69	585.325	164.992	40.5555	10.7978	0	0	0	0	0	0	0	0	0	0	0	0	0	0
00.000,00.000	34.3	0	-200	0	4.5	4650.4	2438.73	1398.94	592.25	167.948	41.1596	11.376	0	0	0	0	0	0	0	0	0	0	0	0	0	0
00.000,00.000	34.4	0	-200	0	4.5	4665.94	2447.64	1402.78	593.956	168.728	41.3171	11.5245	0	0	0	0	0	0	0	0	0	0	0	0	0	0
00.000,00.000	34.5	0	-200	0	4.5	4705.36	2470.25	1412.69	598.167	170.639	41.7235	11.888	0	0	0	0	0	0	0	0	0	0	0	0	0	0
00.000,00.000	34.6	0	-200	0	4.5	4780.51	2509.53	1433.45	607.205	174.941	42.6097	12.7722	0	0	0	0	0	0	0	0	0	0	0	0	0	0
00.000,00.000	34.7	0	-200	0	4.5	4895.17	2573.94	1460.77	620.641	181.514	43.6022	14.6976	0	0	0	0	0	0	0	0	0	0	0	0	0	0
00.000,00.000	34.8	0	-200	0	4.5	4912.14	2583.46	1464.86	622.574	182.522	43.7554	14.974	0	0	0	0	0	0	0	0	0	0	0	0	0	0
00.000,00.000	34.9	0	-200	0	4.5	5002.76	2635.08	1486.27	632.93	187.5	44.5891	16.3857	0	0	0	0	0	0	0	0	0	0	0	0	0	0
00.000,00.000	35	0	-200	0	4.5	5029.76	2650.62	1492.6	635.871	189.035	44.8389	16.796	0	0	0	0	0	0	0	0	0	0	0	0	0	0
00.000,00.000	35.1	0	-200	0	4.5	5105.04	2694.41	1510.2	643.95	193.054	45.544	17.8628	0.011462	0	0	0	0	0	0	0	0	0	0	0	0	0
00.000,00.000	35.2	0	-200	0	4.5	5154.82	2722.71	1522.21	649.423	195.833	46.0381	18.352	0.25301	0	0	0	0	0	0	0	0	0	0	0	0	0
00.000,00.000	35.3	0	-200	0	4.5	5163.4	2727.74	1524.21	650.315	196.291	46.1214	18.4352	0.288598	0	0	0	0	0	0	0	0	0	0	0	0	0
00.000,00.000	35.4	0	-200	0	4.5	5211.29	2756.44	1535.04	655.071	198.763	46.6011	18.8882	0.482395	0	0	0	0	0	0	0	0	0	0	0	0	0
00.000,00.000	35.5	0	-200	0	4.5	5254.84	2781.46	1545.62	659.685	201.051	47.0627	19.3076	0.661591	0	0	0	0	0	0	0	0	0	0	0	0	0
00.000,00.000	35.6	0	-200	0	4.5	5269.8	2789.98	1549.19	661.297	201.899	47.2404	19.4635	0.728144	0	0	0	0	0	0	0	0	0	0	0	0	0
00.000,00.000	35.7	0	-200	0	4.5	5343.19	2833.73	1564.82	668.885	206.231	48.1936	20.2632	1.06974	0	0	0	0	0	0	0	0	0	0	0	0	0
00.000,00.000	35.8	0	-200	0	4.5	5378.13	2853.99	1572.53	672.778	208.301	48.66	20.6425	1.23155	0	0	0	0	0	0	0	0	0	0	0	0	0
00.000,00.000	35.9	0	-200	0	4.5	5378.43	2854.17	1572.59	672.809	208.318	48.6639	20.6456	1.23285	0	0	0	0	0	0	0	0	0	0	0	0	0
00.000,00.000	36	0	-200	0	4.5	5379.38	2854.75	1572.78	672.906	208.371	48.6763	20.6547	1.23672	0	0	0	0	0	0	0	0	0	0	0	0	0
00.000,00.000	36.1	0	-200	0	4.5	5425.76	2882.71	1582.54	677.747	210.931	49.3017	21.1007	1.42669	0	0	0	0	0	0	0	0	0	0	0	0	0
00.000,00.000	36.2	0	-200	0	4.5	5470.6	2908.89	1592.4	682.615	213.568	49.9572	21.5528	1.61896	0	0	0	0	0	0	0	0	0	0	0	0	0
00.000,00.000	36.3	0	-200	0	4.5	5492.17	2922.02	1596.89	684.766	214.767	50.2614	21.7559	1.70522	0	0	0	0	0	0	0	0	0	0	0	0	0
00.000,00.000	36.4	0	-200	0	4.5	5528.26	2943.15	1604.92	688.524	216.872	50.8166	22.114	1.85732	0	0	0	0	0	0	0	0	0	0	0	0	0
00.000,00.000	36.5	0	-200	0	4.5	5558.22	2960.03	1611.87	691.825	218.753	51.321	22.4203	1.99972	0	0	0	0	0	0	0	0	0	0	0	0	0
00.000,00.000	36.6	0	-200	0	4.5	5577.88	2971.3	1616.25	693.957	219.988	51.6754	22.5364	2.18056	0	0	0	0	0	0	0	0	0	0	0	0	0
00.000,00.000	36.7	0	-200	0	4.5	5613.65	2993.57	1623.06	697.345	222.118	52.3163	22.7219	2.52372	0	0	0	0	0	0	0	0	0	0	0	0	0
00.000,00.000	36.8	0	-200	0	4.5	5670.03	3027.89	1633.99	703.124	225.575	53.3675	23.0156	3.06423	0	0	0	0	0	0	0	0	0	0	0	0	0
00.000,00.000	36.9	0	-200	0	4.5	5678.67	3033.13	1635.67	704.018	226.112	53.5333	23.0616	3.14835	0	0	0	0	0	0	0	0	0	0	0	0	0
00.000,00.000	37	0	-200	0	4.5	5683.36	3036.01	1636.56	704.476	226.407	53.6272	23.0863	3.19283	0	0	0	0	0	0	0	0	0	0	0	0	0
00.000,00.000	37.1	0	-200	0	4.5	5697.12	3044.24	1639.32	705.885	227.277	53.9123	23.1606	3.32652	0	0	0	0	0	0	0	0	0	0	0	0	0
00.000,00.000	37.2	0	-200	0	4.5	5725.36	3061.09	1644.97	708.719	229.125	54.5328	23.3172	3.60523	0	0	0	0	0	0	0	0	0	0	0	0	0
00.000,00.000	37.3	0	-200	0	4.5	5758.66	3080.8	1651.73	712.065	231.336	55.2952	23.503	3.9319	0	0	0	0	0	0	0	0	0	0	0	0	0
00.000,00.000	37.4	0	-200	0	4.5	5779.42	3093.28	1655.84	714.103	232.67	55.7757	23.6171	4.13002	0	0	0	0	0	0	0	0	0	0	0	0	0
00.000,00.000	37.5	0	-200	0	4.5	5798.94	3104.94	1659.76	715.998	233.95	56.2461	23.7267	4.31709	0	0	0	0	0	0	0	0	0	0	0	0	0
00.000,00.000	37.6	0	-200	0	4.5	5842.77	3131.72	1668.07	719.956	236.897	57.3787	23.9925	4.76378	0	0	0	0	0	0	0	0	0	0	0	0	0
00.000,00.000	37.7	0	-200	0	4.5	5888.26	3159.26	1676.72	724.089	240.051	58.6197	24.2786	5.23734	0	0	0	0	0	0	0	0	0	0	0	0	0
00.000,00.000	37.8	0	-200	0	4.5	5894.2	3162.87	1677.83	724.637	240.462	58.7827	24.3161	5.2988	0	0	0	0	0	0	0	0	0	0	0	0	0
00.000,00.000	37.9	0	-200	0	4.5	5901.46	3167.33	1679.18	725.262	240.964	58.9885	24.3625	5.37244	0	0	0	0	0	0	0	0	0	0	0	0	0
00.000,00.000	38	0	-200	0	4.5	5932.65	3186.73	1684.73	727.889	243.167	59.8867	24.5596	5.68005	0	0	0	0	0	0	0	0	0	0	0	0	0
00.000,00.000	38.1	0	-200	0	4.5	5942.43	3192.83	1686.45	728.715	243.861	60.1714	24.6232	5.77824	0	0	0	0	0	0	0	0	0	0	0	0	0
00.000,00.000	38.2	0	-200	0	4.5	5969.34	3210	1690.96	730.873	245.707	60.9663	24.7965	6.03779	0	0	0	0	0	0	0	0	0	0	0	0	0
00.000,00.000	38.3	0	-200	0	4.5	6003.36	3231.2	1696.83	733.709	248.175	62.0361	25.0292	6.37999	0	0	0	0	0	0	0	0	0	0	0	0	0
00.000,00.000	38.4	0	-200	0	4.5	6009.37	3234.95	1697.83	734.215	248.624	62.2318	25.0721	6.44212	0	0	0	0	0	0	0	0	0	0	0	0	0
00.000,00.000	38.5	0	-200	0	4.5	6025.17	3244.81	1700.55	735.481	249.776	62.7595	25.1883	6.60522	0	0	0	0	0	0	0	0	0	0	0	0	0
00.000,00.000	38.6	0	-200	0	4.5	6077.88	3277.92	1709.34	739.552	253.689	64.6016	25.6031	7.17615	0	0	0	0	0	0	0	0	0	0	0	0	0
00.000,00.000	38.7	0	-200	0	4.5	6105.93	3295.48	1713.94	741.754	255.815	65.6183	25.8315	7.48372	0	0	0	0	0	0	0	0	0	0	0	0	0
00.000,00.000	38.8	0	-200	0	4.5	6107.14	3296.24	1714.13	741.849	255.908	65.6653	25.8415	7.49704	0	0	0	0	0	0	0	0	0	0	0	0	0
00.000,00.000	38.9	0	-200	0	4.5	6123.3	3306.63	1716.61	743.011	257.106	66.2908	25.9768	7.66866	0	0	0	0	0	0	0	0	0	0	0	0	0
00.000,00.000	39	0	-200	0	4.5	6146.08	3321.38	1719.98	744.616	258.822	67.206	26.1697	7.90763	0	0	0	0	0	0	0	0	0	0	0	0	0
00.000,00.000	39.1	0	-200	0	4.5	6160.87	3331.04	1722.14	745.637	259.902	67.7908	26.2981	8.0632	0	0	0	0	0	0	0	0	0	0	0	0	0
00.000,00.000	39.2	0	-200	0	4.5	6185.7	3346.9	1725.95	747.335	261.794	68.8589	26.5305	8.33575	0	0	0	0	0	0	0	0	0	0	0	0	0
00.000,00.000	39.3	0	-200	0	4.5	6201.49	3356.87	1728.42	748.419	263.033	69.5641	26.6832	8.51106	0	0	0	0	0	0	0	0	0	0	0	0	0
00.000,00.000	39.4	0	-200	0	4.5	6221.08	3369.17	1731.52	749.716	264.579	70.4721	26.8837	8.73442	0	0	0	0	0	0	0	0	0	0	0	0	0
00.000,00.000	39.5	0	-200	0	4.5	6230.59	3375.13	1733.08	750.334	265.324	70.9252	26.9859	8.81765	0	0	0	0	0	0	0	0	0	0	0	0	0
00.000,00.000	39.6	0	-200	0	4.5	6280.01	3406.3	1741.22	753.235	269.148	73.3342	27.5449	9.22951	0	0	0	0	0	0	0	0	0	0	0	0	0
00.000,00.000	39.7	0	-200	0	4.5	6289.92	3412.33	1743.02	753.838	269.955	73.8432	27.6617	9.27167	0	0	0	0	0	0	0	0	0	0	0	0	0
00.000,00.000	39.8	0	-200	0	4.5	6325.75	3433.82	1749.73	755.868	272.851	75.7827	28.1174	9.57523	0	0	0	0	0	0	0	0	0	0	0	0	0
00.000,00.000	39.9	0	-200	0	4.5	6334.16	3438.6	1751.54	756.353	273.543	76.262	28.2261	9.64142	0	0	0	0	0	0	0	0	0	0	0	0	0
00.000,00.000	40	0	-200	0	4.5	6339.61	3441.79	1752.62	756.636	273.992	76.587	28.301	9.68495	0	0	0	0	0	0	0	0	0	0	0	0	0
00.000,00.000	40.1	0	-200	0	4.5	6354.73	3450.58	1755.73	757.412	275.206	77.4834	28.5171	9.80796	0	0	0	0	0	0	0	0	0	0	0	0	0
00.000,00.000	40.2	0	-200	0	4.5	6380.73	3465.34	1761.43	758.678	277.271	79.0805	28.909	10.0254	0	0	0	0	0	0	0	0	0	0	0	0	0
00.000,00.000	40.3	0	-200	0	4.5	6393.41	3472.43	1764.27	759.294	278.294	79.8877	29.1081	10.135	0	0	0	0	0	0	0	0	0	0	0	0	0
00.000,00.000	40.4	0	-200	0	4.5	6409.61	3481.25	1768.05	760.04	279.627	80.9792	29.3847	10.2808	0	0	0	0	0	0	0	0	0	0	0	0	0
00.000,00.000	40.5	0	-200	0	4.5	6419.14	3486.25	1770.42	760.486	280.403	81.6589	29.551	10.3717	0	0	0	0	0	0	0	0	0	0	0	0	0
00.000,00.000	40.6	0	-200	0	4.5	6436.81	3495.52	1774.79	761.261	281.83	82.974	29.8568	10.5724	0	0	0	0	0	0	0	0	0	0	0	0	0
00.000,00.000	40.7	0	-200	0	4.5	6444.97	3499.6	1776.95	761.622	282.517	83.6115	29.9173	10.7595	0	0	0	0	0	0	0	0	0	0	0	0	0
00.000,00.000	40.8	0	-200	0	4.5	6454.31	3504.26	1779.38	762.001	283.303	84.3789	30.0286	10.95	0	0	0	0	0	0	0	0	0	0	0	0	0
00.000,00.000	40.9	0	-200	0	4.5	6464.03	3509.15	1781.87	762.39	284.1	85.2097	30.1406	11.1701	0	0	0	0	0	0	0	0	0	0	0	0	0
00.000,00.000	41	0	-200	0	4.5	6468.51	3511.41	1782.99	762.564	284.473	85.603	30.1913	11.2796	0	0	0	0	0	0	0	0	0	0	0	0	0
00.000,00.000	41.1	0	-200	0	4.5	6472.52	3513.43	1783.99	762.709	284.807	85.9629	30.2435	11.3779	0	0	0	0	0	0	0	0	0	0	0	0	0
00.000,00.000	41.2	0	-200	0	4.5	6493.25	3523.83	1789.13	763.397	286.505	87.9264	30.5792	11.8726	0	0	0	0	0	0	0	0	0	0	0	0	0
00.000,00.000	41.3	0	-200	0	4.5	6498.14	3526.21	1790.4	763.569	286.906	88.3839	30.6712	11.9964	0	0	0	0	0	0	0	0	0	0	0	0	0
00.000,00.000	41.4	0	-200	0	4.5	6510.5	3532.11	1793.73	763.939	287.905	89.5878	30.9074	12.3254	0	0	0	0	0	0	0	0	0	0	0	0	0
00.000,00.000	41.5	0	-200	0	4.5	6519.91	3536.25	1796.52	764.212	288.683	90.5569	31.1022	12.5863	0	0	0	0	0	0	0	0	0	0	0	0	0
00.000,00.000	41.6	0	-200	0	4.5	6531.73	3541.34	1800.2	764.527	289.578	91.7942	31.3631	12.9316	0	0	0	0	0	0	0	0	0	0	0	0	0
00.000,00.000	41.7	0	-200	0	4.5	6536.74	3543.41	1801.81	764.658	289.964	92.329	31.4845	13.0849	0	0	0	0	0	0	0	0	0	0	0	0	0
00.000,00.000	41.8	0	-200	0	4.5	6542.9	3545.89	1803.81	764.805	290.448	93.0248	31.6404	13.281	0	0	0	0	0	0	0	0	0	0	0	0	0
00.000,00.000	41.9	0	-200	0	4.5	6549.79	3548.56	1806.09	764.964	290.986	93.8522	31.8288	13.5091	0	0	0	0	0	0	0	0	0	0	0	0	0
00.000,00.000	42	0	-200	0	4.5	6556.37	3551.07	1808.32	765.106	291.455	94.6481	32.0269	13.7369	0	0	0	0	0	0	0	0	0	0	0	0	0