
label	time(d)	x	depth	z	radius	total	0-10	10-20	20-30	30-40	40-50	50-60	60-70	70-80	80-90	90-100	100-110	110-120	120-130	130-140	140-150	150-160	160-170	170-180	180-190	190-200
05.500,00.000	0	5.5	-200	0	4.5	0	0	0	0	0	0	0	0	0	0	0	0	0	0	0	0	0	0	0	0	0
05.500,00.000	0.1	5.5	-200	0	4.5	0	0	0	0	0	0	0	0	0	0	0	0	0	0	0	0	0	0	0	0	0
05.500,00.000	0.2	5.5	-200	0	4.5	0	0	0	0	0	0	0	0	0	0	0	0	0	0	0	0	0	0	0	0	0
05.500,00.000	0.3	5.5	-200	0	4.5	0	0	0	0	0	0	0	0	0	0	0	0	0	0	0	0	0	0	0	0	0
05.500,00.000	0.4	5.5	-200	0	4.5	0	0	0	0	0	0	0	0	0	0	0	0	0	0	0	0	0	0	0	0	0
05.500,00.000	0.5	5.5	-200	0	4.5	0	0	0	0	0	0	0	0	0	0	0	0	0	0	0	0	0	0	0	0	0
05.500,00.000	0.6	5.5	-200	0	4.5	0	0	0	0	0	0	0	0	0	0	0	0	0	0	0	0	0	0	0	0	0
05.500,00.000	0.7	5.5	-200	0	4.5	0	0	0	0	0	0	0	0	0	0	0	0	0	0	0	0	0	0	0	0	0
05.500,00.000	0.8	5.5	-200	0	4.5	0	0	0	0	0	0	0	0	0	0	0	0	0	0	0	0	0	0	0	0	0
05.500,00.000	0.9	5.5	-200	0	4.5	0	0	0	0	0	0	0	0	0	0	0	0	0	0	0	0	0	0	0	0	0
05.500,00.000	1	5.5	-200	0	4.5	0	0	0	0	0	0	0	0	0	0	0	0	0	0	0	0	0	0	0	0	0
05.500,00.000	1.1	5.5	-200	0	4.5	0	0	0	0	0	0	0	0	0	0	0	0	0	0	0	0	0	0	0	0	0
05.500,00.000	1.2	5.5	-200	0	4.5	0	0	0	0	0	0	0	0	0	0	0	0	0	0	0	0	0	0	0	0	0
05.500,00.000	1.3	5.5	-200	0	4.5	0	0	0	0	0	0	0	0	0	0	0	0	0	0	0	0	0	0	0	0	0
05.500,00.000	1.4	5.5	-200	0	4.5	0	0	0	0	0	0	0	0	0	0	0	0	0	0	0	0	0	0	0	0	0
05.500,00.000	1.5	5.5	-200	0	4.5	0	0	0	0	0	0	0	0	0	0	0	0	0	0	0	0	0	0	0	0	0
05.500,00.000	1.6	5.5	-200	0	4.5	0	0	0	0	0	0	0	0	0	0	0	0	0	0	0	0	0	0	0	0	0
05.500,00.000	1.7	5.5	-200	0	4.5	0	0	0	0	0	0	0	0	0	0	0	0	0	0	0	0	0	0	0	0	0
05.500,00.000	1.8	5.5	-200	0	4.5	0	0	0	0	0	0	0	0	0	0	0	0	0	0	0	0	0	0	0	0	0
05.500,00.000	1.9	5.5	-200	0	4.5	0	0	0	0	0	0	0	0	0	0	0	0	0	0	0	0	0	0	0	0	0
05.500,00.000	2	5.5	-200	0	4.5	0	0	0	0	0	0	0	0	0	0	0	0	0	0	0	0	0	0	0	0	0
05.500,00.000	2.1	5.5	-200	0	4.5	0	0	0	0	0	0	0	0	0	0	0	0	0	0	0	0	0	0	0	0	0
05.500,00.000	2.2	5.5	-200	0	4.5	0	0	0	0	0	0	0	0	0	0	0	0	0	0	0	0	0	0	0	0	0
05.500,00.000	2.3	5.5	-200	0	4.5	0	0	0	0	0	0	0	0	0	0	0	0	0	0	0	0	0	0	0	0	0
05.500,00.000	2.4	5.5	-200	0	4.5	0	0	0	0	0	0	0	0	0	0	0	0	0	0	0	0	0	0	0	0	0
05.500,00.000	2.5	5.5	-200	0	4.5	0	0	0	0	0	0	0	0	0	0	0	0	0	0	0	0	0	0	0	0	0
05.500,00.000	2.6	5.5	-200	0	4.5	0	0	0	0	0	0	0	0	0	0	0	0	0	0	0	0	0	0	0	0	0
05.500,00.000	2.7	5.5	-200	0	4.5	0	0	0	0	0	0	0	0	0	0	0	0	0	0	0	0	0	0	0	0	0
05.500,00.000	2.8	5.5	-200	0	4.5	0.167623	0.167623	0	0	0	0	0	0	0	0	0	0	0	0	0	0	0	0	0	0	0
05.500,00.000	2.9	5.5	-200	0	4.5	0.431386	0.431386	0	0	0	0	0	0	0	0	0	0	0	0	0	0	0	0	0	0	0
05.500,00.000	3	5.5	-200	0	4.5	0.727008	0.727008	0	0	0	0	0	0	0	0	0	0	0	0	0	0	0	0	0	0	0
05.500,00.000	3.1	5.5	-200	0	4.5	1.04074	1.04074	0	0	0	0	0	0	0	0	0	0	0	0	0	0	0	0	0	0	0
05.500,00.000	3.2	5.5	-200	0	4.5	1.37973	1.37973	0	0	0	0	0	0	0	0	0	0	0	0	0	0	0	0	0	0	0
05.500,00.000	3.3	5.5	-200	0	4.5	1.93868	1.93868	0	0	0	0	0	0	0	0	0	0	0	0	0	0	0	0	0	0	0
05.500,00.000	3.4	5.5	-200	0	4.5	2.53673	2.53673	0	0	0	0	0	0	0	0	0	0	0	0	0	0	0	0	0	0	0
05.500,00.000	3.5	5.5	-200	0	4.5	3.12313	3.12313	0	0	0	0	0	0	0	0	0	0	0	0	0	0	0	0	0	0	0
05.500,00.000	3.6	5.5	-200	0	4.5	3.69792	3.69792	0	0	0	0	0	0	0	0	0	0	0	0	0	0	0	0	0	0	0
05.500,00.000	3.7	5.5	-200	0	4.5	4.26537	4.26537	0	0	0	0	0	0	0	0	0	0	0	0	0	0	0	0	0	0	0
05.500,00.000	3.8	5.5	-200	0	4.5	4.83008	4.83008	0	0	0	0	0	0	0	0	0	0	0	0	0	0	0	0	0	0	0
05.500,00.000	3.9	5.5	-200	0	4.5	5.39793	5.39793	0	0	0	0	0	0	0	0	0	0	0	0	0	0	0	0	0	0	0
05.500,00.000	4	5.5	-200	0	4.5	5.97322	5.97322	0	0	0	0	0	0	0	0	0	0	0	0	0	0	0	0	0	0	0
05.500,00.000	4.1	5.5	-200	0	4.5	6.55336	6.55336	0	0	0	0	0	0	0	0	0	0	0	0	0	0	0	0	0	0	0
05.500,00.000	4.2	5.5	-200	0	4.5	7.1374	7.1374	0	0	0	0	0	0	0	0	0	0	0	0	0	0	0	0	0	0	0
05.500,00.000	4.3	5.5	-200	0	4.5	7.72475	7.72475	0	0	0	0	0	0	0	0	0	0	0	0	0	0	0	0	0	0	0
05.500,00.000	4.4	5.5	-200	0	4.5	8.31261	8.31261	0	0	0	0	0	0	0	0	0	0	0	0	0	0	0	0	0	0	0
05.500,00.000	4.5	5.5	-200	0	4.5	8.65076	8.65076	0	0	0	0	0	0	0	0	0	0	0	0	0	0	0	0	0	0	0
05.500,00.000	4.6	5.5	-200	0	4.5	8.94237	8.94237	0	0	0	0	0	0	0	0	0	0	0	0	0	0	0	0	0	0	0
05.500,00.000	4.7	5.5	-200	0	4.5	9.23133	9.23133	0	0	0	0	0	0	0	0	0	0	0	0	0	0	0	0	0	0	0
05.500,00.000	4.8	5.5	-200	0	4.5	9.51804	9.51804	0	0	0	0	0	0	0	0	0	0	0	0	0	0	0	0	0	0	0
05.500,00.000	4.9	5.5	-200	0	4.5	9.80352	9.80352	0	0	0	0	0	0	0	0	0	0	0	0	0	0	0	0	0	0	0
05.500,00.000	5	5.5	-200	0	4.5	10.0878	10.0878	0	0	0	0	0	0	0	0	0	0	0	0	0	0	0	0	0	0	0
05.500,00.000	5.1	5.5	-200	0	4.5	10.3721	10.3721	0	0	0	0	0	0	0	0	0	0	0	0	0	0	0	0	0	0	0
05.500,00.000	5.2	5.5	-200	0	4.5	10.6579	10.6579	0	0	0	0	0	0	0	0	0	0	0	0	0	0	0	0	0	0	0
05.500,00.000	5.3	5.5	-200	0	4.5	10.9452	10.9452	0	0	0	0	0	0	0	0	0	0	0	0	0	0	0	0	0	0	0
05.500,00.000	5.4	5.5	-200	0	4.5	11.2343	11.2343	0	0	0	0	0	0	0	0	0	0	0	0	0	0	0	0	0	0	0
05.500,00.000	5.5	5.5	-200	0	4.5	11.5229	11.5229	0	0	0	0	0	0	0	0	0	0	0	0	0	0	0	0	0	0	0
05.500,00.000	5.6	5.5	-200	0	4.5	11.8106	11.8106	0	0	0	0	0	0	0	0	0	0	0	0	0	0	0	0	0	0	0
05.500,00.000	5.7	5.5	-200	0	4.5	12.0971	12.0971	0	0	0	0	0	0	0	0	0	0	0	0	0	0	0	0	0	0	0
05.500,00.000	5.8	5.5	-200	0	4.5	12.382	12.1164	0.265628	0	0	0	0	0	0	0	0	0	0	0	0	0	0	0	0	0	0
05.500,00.000	5.9	5.5	-200	0	4.5	12.6663	12.1146	0.551635	0	0	0	0	0	0	0	0	0	0	0	0	0	0	0	0	0	0
05.500,00.000	6	5.5	-200	0	4.5	12.9507	12.1146	0.836032	0	0	0	0	0	0	0	0	0	0	0	0	0	0	0	0	0	0
05.500,00.000	6.1	5.5	-200	0	4.5	13.2362	12.1146	1.12154	0	0	0	0	0	0	0	0	0	0	0	0	0	0	0	0	0	0
05.500,00.000	6.2	5.5	-200	0	4.5	13.523	12.1146	1.40832	0	0	0	0	0	0	0	0	0	0	0	0	0	0	0	0	0	0
05.500,00.000	6.3	5.5	-200	0	4.5	13.8106	12.1146	1.69596	0	0	0	0	0	0	0	0	0	0	0	0	0	0	0	0	0	0
05.500,00.000	6.4	5.5	-200	0	4.5	14.0989	12.1146	1.98425	0	0	0	0	0	0	0	0	0	0	0	0	0	0	0	0	0	0
05.500,00.000	6.5	5.5	-200	0	4.5	14.3866	12.1146	2.27194	0	0	0	0	0	0	0	0	0	0	0	0	0	0	0	0	0	0
05.500,00.000	6.6	5.5	-200	0	4.5	14.6733	12.1146	2.55869	0	0	0	0	0	0	0	0	0	0	0	0	0	0	0	0	0	0
05.500,00.000	6.7	5.5	-200	0	4.5	14.7215	12.1147	2.60685	0	0	0	0	0	0	0	0	0	0	0	0	0	0	0	0	0	0
05.500,00.000	6.8	5.5	-200	0	4.5	14.7247	12.1159	2.60883	0	0	0	0	0	0	0	0	0	0	0	0	0	0	0	0	0	0
05.500,00.000	6.9	5.5	-200	0	4.5	14.7269	12.1181	2.60883	0	0	0	0	0	0	0	0	0	0	0	0	0	0	0	0	0	0
05.500,00.000	7	5.5	-200	0	4.5	14.7319	12.1231	2.60883	0	0	0	0	0	0	0	0	0	0	0	0	0	0	0	0	0	0
05.500,00.000	7.1	5.5	-200	0	4.5	14.7392	12.1304	2.60883	0	0	0	0	0	0	0	0	0	0	0	0	0	0	0	0	0	0
05.500,00.000	7.2	5.5	-200	0	4.5	14.751	12.1422	2.60883	0	0	0	0	0	0	0	0	0	0	0	0	0	0	0	0	0	0
05.500,00.000	7.3	5.5	-200	0	4.5	14.7696	12.1607	2.60883	0	0	0	0	0	0	0	0	0	0	0	0	0	0	0	0	0	0
05.500,00.000	7.4	5.5	-200	0	4.5	14.7971	12.1883	2.60883	0	0	0	0	0	0	0	0	0	0	0	0	0	0	0	0	0	0
05.500,00.000	7.5	5.5	-200	0	4.5	14.833	12.2242	2.60883	0	0	0	0	0	0	0	0	0	0	0	0	0	0	0	0	0	0
05.500,00.000	7.6	5.5	-200	0	4.5	14.8772	12.2684	2.60883	0	0	0	0	0	0	0	0	0	0	0	0	0	0	0	0	0	0
05.500,00.000	7.7	5.5	-200	0	4.5	14.9327	12.3239	2.60883	0	0	0	0	0	0	0	0	0	0	0	0	0	0	0	0	0	0
05.500,00.000	7.8	5.5	-200	0	4.5	14.9986	12.3898	2.60883	0	0	0	0	0	0	0	0	0	0	0	0	0	0	0	0	0	0
05.500,00.000	7.9	5.5	-200	0	4.5	15.0771	12.4683	2.60883	0	0	0	0	0	0	0	0	0	0	0	0	0	0	0	0	0	0
05.500,00.000	8	5.5	-200	0	4.5	15.1673	12.5585	2.60883	0	0	0	0	0	0	0	0	0	0	0	0	0	0	0	0	0	0
05.500,00.000	8.1	5.5	-200	0	4.5	15.2702	12.6614	2.60883	0	0	0	0	0	0	0	0	0	0	0	0	0	0	0	0	0	0
05.500,00.000	8.2	5.5	-200	0	4.5	15.3902	12.7814	2.60883	0	0	0	0	0	0	0	0	0	0	0	0	0	0	0	0	0	0
05.500,00.000	8.3	5.5	-200	0	4.5	15.5302	12.9214	2.60883	0	0	0	0	0	0	0	0	0	0	0	0	0	0	0	0	0	0
05.500,00.000	8.4	5.5	-200	0	4.5	15.6887	13.0798	2.60883	0	0	0	0	0	0	0	0	0	0	0	0	0	0	0	0	0	0
05.500,00.000	8.5	5.5	-200	0	4.5	15.8675	13.2587	2.60883	0	0	0	0	0	0	0	0	0	0	0	0	0	0	0	0	0	0
05.500,00.000	8.6	5.5	-200	0	4.5	16.0561	13.4473	2.60883	0	0	0	0	0	0	0	0	0	0	0	0	0	0	0	0	0	0
05.500,00.000	8.7	5.5	-200	0	4.5	16.2576	13.6488	2.60883	0	0	0	0	0	0	0	0	0	0	0	0	0	0	0	0	0	0
05.500,00.000	8.8	5.5	-200	0	4.5	16.4755	13.8667	2.60883	0	0	0	0	0	0	0	0	0	0	0	0	0	0	0	0	0	0
05.500,00.000	8.9	5.5	-200	0	4.5	16.7142	14.1054	2.60883	0	0	0	0	0	0	0	0	0	0	0	0	0	0	0	0	0	0
05.500,00.000	9	5.5	-200	0	4.5	16.9774	14.3686	2.60883	0	0	0	0	0	0	0	0	0	0	0	0	0	0	0	0	0	0
05.500,00.000	9.1	5.5	-200	0	4.5	17.4044	14.662	2.60883	0.133588	0	0	0	0	0	0	0	0	0	0	0	0	0	0	0	0	0
05.500,00.000	9.2	5.5	-200	0	4.5	17.9574	14.9583	2.60883	0.390289	0	0	0	0	0	0	0	0	0	0	0	0	0	0	0	0	0
05.500,00.000	9.3	5.5	-200	0	4.5	18.5286	15.2732	2.60883	0.64657	0	0	0	0	0	0	0	0	0	0	0	0	0	0	0	0	0
05.500,00.000	9.4	5.5	-200	0	4.5	19.1176	15.6063	2.60883	0.902492	0	0	0	0	0	0	0	0	0	0	0	0	0	0	0	0	0
05.500,00.000	9.5	5.5	-200	0	4.5	19.7233	15.9567	2.60883	1.15776	0	0	0	0	0	0	0	0	0	0	0	0	0	0	0	0	0
05.500,00.000	9.6	5.5	-200	0	4.5	20.3505	16.3287	2.60887	1.41293	0	0	0	0	0	0	0	0	0	0	0	0	0	0	0	0	0
05.500,00.000	9.7	5.5	-200	0	4.5	21.0088	16.7311	2.60974	1.60386	0.064141	0	0	0	0	0	0	0	0	0	0	0	0	0	0	0	0
05.500,00.000	9.8	5.5	-200	0	4.5	21.6907	17.1567	2.61101	1.60449	0.31853	0	0	0	0	0	0	0	0	0	0	0	0	0	0	0	0
05.500,00.000	9.9	5.5	-200	0	4.5	22.4024	17.6103	2.61379	1.60449	0.573844	0	0	0	0	0	0	0	0	0	0	0	0	0	0	0	0
05.500,00.000	10	5.5	-200	0	4.5	23.1318	18.0793	2.6189	1.60449	0.829053	0	0	0	0	0	0	0	0	0	0	0	0	0	0	0	0
05.500,00.000	10.1	5.5	-200	0	4.5	23.8817	18.5657	2.62763	1.60449	1.08388	0	0	0	0	0	0	0	0	0	0	0	0	0	0	0	0
05.500,00.000	10.2	5.5	-200	0	4.5	24.6407	19.0581	2.63955	1.60449	1.33858	0	0	0	0	0	0	0	0	0	0	0	0	0	0	0	0
05.500,00.000	10.3	5.5	-200	0	4.5	25.4151	19.5609	2.65647	1.60449	1.59328	0	0	0	0	0	0	0	0	0	0	0	0	0	0	0	0
05.500,00.000	10.4	5.5	-200	0	4.5	26.1965	20.0647	2.67945	1.60449	1.84789	0	0	0	0	0	0	0	0	0	0	0	0	0	0	0	0
05.500,00.000	10.5	5.5	-200	0	4.5	26.9799	20.5653	2.70819	1.60449	2.10194	0	0	0	0	0	0	0	0	0	0	0	0	0	0	0	0
05.500,00.000	10.6	5.5	-200	0	4.5	27.8053	21.1025	2.74222	1.60449	2.35616	0	0	0	0	0	0	0	0	0	0	0	0	0	0	0	0
05.500,00.000	10.7	5.5	-200	0	4.5	28.6746	21.6731	2.78641	1.60449	2.61055	0	0	0	0	0	0	0	0	0	0	0	0	0	0	0	0
05.500,00.000	10.8	5.5	-200	0	4.5	29.5569	22.2451	2.84221	1.60449	2.8651	0	0	0	0	0	0	0	0	0	0	0	0	0	0	0	0
05.500,00.000	10.9	5.5	-200	0	4.5	30.4652	22.8392	2.90207	1.60449	3.11947	0	0	0	0	0	0	0	0	0	0	0	0	0	0	0	0
05.500,00.000	11	5.5	-200	0	4.5	31.4055	23.4557	2.97161	1.60449	3.37368	0	0	0	0	0	0	0	0	0	0	0	0	0	0	0	0
05.500,00.000	11.1	5.5	-200	0	4.5	32.3654	24.0854	3.04761	1.60449	3.62799	0	0	0	0	0	0	0	0	0	0	0	0	0	0	0	0
05.500,00.000	11.2	5.5	-200	0	4.5	33.359	24.7439	3.1285	1.60449	3.88211	0	0	0	0	0	0	0	0	0	0	0	0	0	0	0	0
05.500,00.000	11.3	5.5	-200	0	4.5	34.3835	25.4293	3.21408	1.60449	4.1356	0	0	0	0	0	0	0	0	0	0	0	0	0	0	0	0
05.500,00.000	11.4	5.5	-200	0	4.5	35.4126	26.1156	3.30359	1.60449	4.38892	0	0	0	0	0	0	0	0	0	0	0	0	0	0	0	0
05.500,00.000	11.5	5.5	-200	0	4.5	36.4371	26.7942	3.39626	1.60449	4.64208	0	0	0	0	0	0	0	0	0	0	0	0	0	0	0	0
05.500,00.000	11.6	5.5	-200	0	4.5	37.5156	27.5241	3.49176	1.60449	4.89532	0	0	0	0	0	0	0	0	0	0	0	0	0	0	0	0
05.500,00.000	11.7	5.5	-200	0	4.5	38.6166	28.2743	3.58948	1.60449	5.14829	0	0	0	0	0	0	0	0	0	0	0	0	0	0	0	0
05.500,00.000	11.8	5.5	-200	0	4.5	39.7397	29.0433	3.69046	1.60449	5.4014	0	0	0	0	0	0	0	0	0	0	0	0	0	0	0	0
05.500,00.000	11.9	5.5	-200	0	4.5	40.9063	29.8509	3.79576	1.60449	5.65507	0	0	0	0	0	0	0	0	0	0	0	0	0	0	0	0
05.500,00.000	12	5.5	-200	0	4.5	42.1113	30.6917	3.90641	1.60449	5.90872	0	0	0	0	0	0	0	0	0	0	0	0	0	0	0	0
05.500,00.000	12.1	5.5	-200	0	4.5	43.6103	31.8197	4.02233	1.60449	6.16372	0	0	0	0	0	0	0	0	0	0	0	0	0	0	0	0
05.500,00.000	12.2	5.5	-200	0	4.5	45.1658	32.9931	4.14853	1.60449	6.41969	0	0	0	0	0	0	0	0	0	0	0	0	0	0	0	0
05.500,00.000	12.3	5.5	-200	0	4.5	46.7404	34.1589	4.30378	1.60449	6.67331	0	0	0	0	0	0	0	0	0	0	0	0	0	0	0	0
05.500,00.000	12.4	5.5	-200	0	4.5	48.3493	35.3545	4.46377	1.60449	6.92651	0	0	0	0	0	0	0	0	0	0	0	0	0	0	0	0
05.500,00.000	12.5	5.5	-200	0	4.5	49.9627	36.5502	4.62715	1.60449	7.18082	0	0	0	0	0	0	0	0	0	0	0	0	0	0	0	0
05.500,00.000	12.6	5.5	-200	0	4.5	51.5753	37.7409	4.79579	1.60449	7.43415	0	0	0	0	0	0	0	0	0	0	0	0	0	0	0	0
05.500,00.000	12.7	5.5	-200	0	4.5	53.1977	38.9374	4.96823	1.60449	7.68754	0	0	0	0	0	0	0	0	0	0	0	0	0	0	0	0
05.500,00.000	12.8	5.5	-200	0	4.5	54.8316	40.1421	5.14433	1.60449	7.94074	0	0	0	0	0	0	0	0	0	0	0	0	0	0	0	0
05.500,00.000	12.9	5.5	-200	0	4.5	56.4997	41.3802	5.32309	1.60449	8.19195	0	0	0	0	0	0	0	0	0	0	0	0	0	0	0	0
05.500,00.000	13	5.5	-200	0	4.5	58.2085	42.3926	5.76751	1.60449	8.44388	0	0	0	0	0	0	0	0	0	0	0	0	0	0	0	0
05.500,00.000	13.1	5.5	-200	0	4.5	59.9548	43.422	6.23197	1.60449	8.69634	0	0	0	0	0	0	0	0	0	0	0	0	0	0	0	0
05.500,00.000	13.2	5.5	-200	0	4.5	61.7398	44.4849	6.70222	1.60449	8.94818	0	0	0	0	0	0	0	0	0	0	0	0	0	0	0	0
05.500,00.000	13.3	5.5	-200	0	4.5	63.5666	45.581	7.18182	1.60449	9.19937	0	0	0	0	0	0	0	0	0	0	0	0	0	0	0	0
05.500,00.000	13.4	5.5	-200	0	4.5	65.4265	46.7028	7.66883	1.60449	9.45036	0	0	0	0	0	0	0	0	0	0	0	0	0	0	0	0
05.500,00.000	13.5	5.5	-200	0	4.5	67.3039	47.8334	8.16361	1.60449	9.70244	0	0	0	0	0	0	0	0	0	0	0	0	0	0	0	0
05.500,00.000	13.6	5.5	-200	0	4.5	69.3032	49.0362	8.69286	1.60455	9.96957	0	0	0	0	0	0	0	0	0	0	0	0	0	0	0	0
05.500,00.000	13.7	5.5	-200	0	4.5	71.3578	50.2774	9.23453	1.60562	10.2402	0	0	0	0	0	0	0	0	0	0	0	0	0	0	0	0
05.500,00.000	13.8	5.5	-200	0	4.5	73.1549	51.3702	9.70518	1.60699	10.4214	0.0510693	0	0	0	0	0	0	0	0	0	0	0	0	0	0	0
05.500,00.000	13.9	5.5	-200	0	4.5	75.163	52.5993	10.2278	1.60935	10.4262	0.300262	0	0	0	0	0	0	0	0	0	0	0	0	0	0	0
05.500,00.000	14	5.5	-200	0	4.5	77.1926	53.8473	10.7533	1.61313	10.4251	0.553802	0	0	0	0	0	0	0	0	0	0	0	0	0	0	0
05.500,00.000	14.1	5.5	-200	0	4.5	79.2286	55.1032	11.2816	1.61803	10.4251	0.800653	0	0	0	0	0	0	0	0	0	0	0	0	0	0	0
05.500,00.000	14.2	5.5	-200	0	4.5	81.2849	56.3692	11.8195	1.62409	10.4251	1.047	0	0	0	0	0	0	0	0	0	0	0	0	0	0	0
05.500,00.000	14.3	5.5	-200	0	4.5	83.3817	57.6659	12.3658	1.63131	10.4259	1.29281	0	0	0	0	0	0	0	0	0	0	0	0	0	0	0
05.500,00.000	14.4	5.5	-200	0	4.5	85.5349	59.0103	12.9194	1.63968	10.4272	1.53822	0	0	0	0	0	0	0	0	0	0	0	0	0	0	0
05.500,00.000	14.5	5.5	-200	0	4.5	87.681	60.3385	13.4802	1.64923	10.429	1.78404	0	0	0	0	0	0	0	0	0	0	0	0	0	0	0
05.500,00.000	14.6	5.5	-200	0	4.5	90.1781	61.8641	14.1462	1.66186	10.4325	2.07342	0	0	0	0	0	0	0	0	0	0	0	0	0	0	0
05.500,00.000	14.7	5.5	-200	0	4.5	92.5121	63.2668	14.785	1.67497	10.4367	2.34866	0	0	0	0	0	0	0	0	0	0	0	0	0	0	0
05.500,00.000	14.8	5.5	-200	0	4.5	94.2636	64.3125	15.2688	1.68555	10.4416	2.55522	0	0	0	0	0	0	0	0	0	0	0	0	0	0	0
05.500,00.000	14.9	5.5	-200	0	4.5	96.4588	65.6154	15.8804	1.69968	10.4496	2.81369	0	0	0	0	0	0	0	0	0	0	0	0	0	0	0
05.500,00.000	15	5.5	-200	0	4.5	98.5575	66.8388	16.4784	1.71395	10.4591	3.06724	0	0	0	0	0	0	0	0	0	0	0	0	0	0	0
05.500,00.000	15.1	5.5	-200	0	4.5	100.576	68.0055	17.0637	1.72836	10.4702	3.30805	0	0	0	0	0	0	0	0	0	0	0	0	0	0	0
05.500,00.000	15.2	5.5	-200	0	4.5	102.581	69.1504	17.6556	1.74336	10.4836	3.54819	0	0	0	0	0	0	0	0	0	0	0	0	0	0	0
05.500,00.000	15.3	5.5	-200	0	4.5	104.572	70.2708	18.2553	1.75896	10.499	3.78806	0	0	0	0	0	0	0	0	0	0	0	0	0	0	0
05.500,00.000	15.4	5.5	-200	0	4.5	106.554	71.3859	18.849	1.77516	10.517	4.0272	0	0	0	0	0	0	0	0	0	0	0	0	0	0	0
05.500,00.000	15.5	5.5	-200	0	4.5	109.032	72.801	19.5699	1.79589	10.5422	4.32276	0	0	0	0	0	0	0	0	0	0	0	0	0	0	0
05.500,00.000	15.6	5.5	-200	0	4.5	111.939	74.4532	20.4209	1.82111	10.5752	4.66841	0	0	0	0	0	0	0	0	0	0	0	0	0	0	0
05.500,00.000	15.7	5.5	-200	0	4.5	114.119	75.6621	21.0762	1.84127	10.6043	4.93508	0	0	0	0	0	0	0	0	0	0	0	0	0	0	0
05.500,00.000	15.8	5.5	-200	0	4.5	115.216	76.2696	21.401	1.85207	10.6209	5.07291	0	0	0	0	0	0	0	0	0	0	0	0	0	0	0
05.500,00.000	15.9	5.5	-200	0	4.5	117.141	77.3158	21.9863	1.87175	10.653	5.31443	0	0	0	0	0	0	0	0	0	0	0	0	0	0	0
05.500,00.000	16	5.5	-200	0	4.5	119.277	78.4992	22.5887	1.89918	10.6933	5.59633	0	0	0	0	0	0	0	0	0	0	0	0	0	0	0
05.500,00.000	16.1	5.5	-200	0	4.5	120.631	79.5131	22.6186	1.92884	10.7321	5.83812	0	0	0	0	0	0	0	0	0	0	0	0	0	0	0
05.500,00.000	16.2	5.5	-200	0	4.5	122.431	80.4575	23.1709	1.9578	10.7733	6.07197	0	0	0	0	0	0	0	0	0	0	0	0	0	0	0
05.500,00.000	16.3	5.5	-200	0	4.5	124.262	81.3765	23.7743	1.98773	10.8178	6.30589	0	0	0	0	0	0	0	0	0	0	0	0	0	0	0
05.500,00.000	16.4	5.5	-200	0	4.5	126.074	82.2713	24.3785	2.0187	10.8655	6.53951	0	0	0	0	0	0	0	0	0	0	0	0	0	0	0
05.500,00.000	16.5	5.5	-200	0	4.5	129.51	83.8954	25.2821	2.38065	10.9637	6.98785	0	0	0	0	0	0	0	0	0	0	0	0	0	0	0
05.500,00.000	16.6	5.5	-200	0	4.5	131.873	84.9581	25.7564	2.82777	11.0355	7.29472	0	0	0	0	0	0	0	0	0	0	0	0	0	0	0
05.500,00.000	16.7	5.5	-200	0	4.5	132.146	85.0792	25.81	2.88134	11.0444	7.33078	0	0	0	0	0	0	0	0	0	0	0	0	0	0	0
05.500,00.000	16.8	5.5	-200	0	4.5	133.979	85.8395	26.2127	3.24004	11.1119	7.57506	0	0	0	0	0	0	0	0	0	0	0	0	0	0	0
05.500,00.000	16.9	5.5	-200	0	4.5	134.515	86.055	26.3365	3.34576	11.132	7.64535	0	0	0	0	0	0	0	0	0	0	0	0	0	0	0
05.500,00.000	17	5.5	-200	0	4.5	136.877	86.9892	26.8769	3.82589	11.2342	7.95095	0	0	0	0	0	0	0	0	0	0	0	0	0	0	0
05.500,00.000	17.1	5.5	-200	0	4.5	138.866	87.7499	27.3341	4.23364	11.3252	8.22366	0	0	0	0	0	0	0	0	0	0	0	0	0	0	0
05.500,00.000	17.2	5.5	-200	0	4.5	140.523	88.3675	27.7154	4.57894	11.4072	8.45402	0	0	0	0	0	0	0	0	0	0	0	0	0	0	0
05.500,00.000	17.3	5.5	-200	0	4.5	142.169	88.9636	28.1002	4.92628	11.4941	8.68449	0	0	0	0	0	0	0	0	0	0	0	0	0	0	0
05.500,00.000	17.4	5.5	-200	0	4.5	143.796	89.5358	28.4824	5.27533	11.5869	8.91507	0	0	0	0	0	0	0	0	0	0	0	0	0	0	0
05.500,00.000	17.5	5.5	-200	0	4.5	148.031	90.9805	29.489	6.21439	11.8512	9.49585	0	0	0	0	0	0	0	0	0	0	0	0	0	0	0
05.500,00.000	17.6	5.5	-200	0	4.5	149.777	91.5473	29.9077	6.60512	11.9655	9.75091	0	0	0	0	0	0	0	0	0	0	0	0	0	0	0
05.500,00.000	17.7	5.5	-200	0	4.5	149.834	91.5651	29.9215	6.61849	11.9697	9.75961	0	0	0	0	0	0	0	0	0	0	0	0	0	0	0
05.500,00.000	17.8	5.5	-200	0	4.5	151.249	91.9763	30.259	6.95512	12.0809	9.97777	0	0	0	0	0	0	0	0	0	0	0	0	0	0	0
05.500,00.000	17.9	5.5	-200	0	4.5	151.688	92.1053	30.3585	7.0618	12.1165	10.0455	0	0	0	0	0	0	0	0	0	0	0	0	0	0	0
05.500,00.000	18	5.5	-200	0	4.5	154.223	92.8001	30.9313	7.70358	12.3459	10.1844	0.257626	0	0	0	0	0	0	0	0	0	0	0	0	0	0
05.500,00.000	18.1	5.5	-200	0	4.5	156.117	93.3045	31.3533	8.19899	12.5228	10.1678	0.569331	0	0	0	0	0	0	0	0	0	0	0	0	0	0
05.500,00.000	18.2	5.5	-200	0	4.5	157.561	93.6696	31.6795	8.58052	12.6671	10.1678	0.796751	0	0	0	0	0	0	0	0	0	0	0	0	0	0
05.500,00.000	18.3	5.5	-200	0	4.5	158.995	94.013	32.0087	8.96301	12.8184	10.1682	1.02369	0	0	0	0	0	0	0	0	0	0	0	0	0	0
05.500,00.000	18.4	5.5	-200	0	4.5	160.401	94.3161	32.3415	9.3469	12.9768	10.1688	1.25093	0	0	0	0	0	0	0	0	0	0	0	0	0	0
05.500,00.000	18.5	5.5	-200	0	4.5	164.89	95.2141	33.4089	10.6614	13.499	10.1724	1.93414	0	0	0	0	0	0	0	0	0	0	0	0	0	0
05.500,00.000	18.6	5.5	-200	0	4.5	166.143	95.4433	33.6999	11.0551	13.6303	10.1748	2.13917	0	0	0	0	0	0	0	0	0	0	0	0	0	0
05.500,00.000	18.7	5.5	-200	0	4.5	166.202	95.4537	33.7141	11.0735	13.6372	10.175	2.14876	0	0	0	0	0	0	0	0	0	0	0	0	0	0
05.500,00.000	18.8	5.5	-200	0	4.5	167.554	95.6659	34.0407	11.4949	13.8027	10.1809	2.36931	0	0	0	0	0	0	0	0	0	0	0	0	0	0
05.500,00.000	18.9	5.5	-200	0	4.5	167.984	95.7215	34.1463	11.6369	13.8538	10.1832	2.44274	0	0	0	0	0	0	0	0	0	0	0	0	0	0
05.500,00.000	19	5.5	-200	0	4.5	171.002	96.5927	34.7689	12.4108	14.181	10.2	2.84889	0	0	0	0	0	0	0	0	0	0	0	0	0	0
05.500,00.000	19.1	5.5	-200	0	4.5	173.328	97.3415	35.2263	12.979	14.4195	10.2146	3.14702	0	0	0	0	0	0	0	0	0	0	0	0	0	0
05.500,00.000	19.2	5.5	-200	0	4.5	175.105	97.9055	35.5846	13.4048	14.6103	10.2279	3.37227	0	0	0	0	0	0	0	0	0	0	0	0	0	0
05.500,00.000	19.3	5.5	-200	0	4.5	176.889	98.468	35.9464	13.8274	14.8065	10.2436	3.59666	0	0	0	0	0	0	0	0	0	0	0	0	0	0
05.500,00.000	19.4	5.5	-200	0	4.5	178.641	99.0299	36.3128	14.2083	15.0078	10.2615	3.82087	0	0	0	0	0	0	0	0	0	0	0	0	0	0
05.500,00.000	19.5	5.5	-200	0	4.5	180.365	99.586	36.6814	14.5553	15.2153	10.2814	4.04578	0	0	0	0	0	0	0	0	0	0	0	0	0	0
05.500,00.000	19.6	5.5	-200	0	4.5	184.172	100.806	37.4746	15.3544	15.6772	10.3285	4.53056	0	0	0	0	0	0	0	0	0	0	0	0	0	0
05.500,00.000	19.7	5.5	-200	0	4.5	185.008	101.08	37.6408	15.5379	15.7735	10.3395	4.63584	0	0	0	0	0	0	0	0	0	0	0	0	0	0
05.500,00.000	19.8	5.5	-200	0	4.5	189.973	102.198	39.1019	16.3491	16.6537	10.4144	5.25606	0	0	0	0	0	0	0	0	0	0	0	0	0	0
05.500,00.000	19.9	5.5	-200	0	4.5	191.199	102.387	39.5505	16.403	17.0146	10.4344	5.41007	0	0	0	0	0	0	0	0	0	0	0	0	0	0
05.500,00.000	20	5.5	-200	0	4.5	194.675	102.923	40.8295	16.6441	17.9433	10.5015	5.83269	0	0	0	0	0	0	0	0	0	0	0	0	0	0
05.500,00.000	20.1	5.5	-200	0	4.5	197.163	103.309	41.7464	16.8033	18.6172	10.5528	6.13389	0	0	0	0	0	0	0	0	0	0	0	0	0	0
05.500,00.000	20.2	5.5	-200	0	4.5	199.046	103.605	42.4406	16.9187	19.1288	10.595	6.35786	0	0	0	0	0	0	0	0	0	0	0	0	0	0
05.500,00.000	20.3	5.5	-200	0	4.5	200.935	103.903	43.1372	17.0315	19.6424	10.6407	6.57983	0	0	0	0	0	0	0	0	0	0	0	0	0	0
05.500,00.000	20.4	5.5	-200	0	4.5	202.841	104.206	43.8391	17.1421	20.1617	10.6913	6.80099	0	0	0	0	0	0	0	0	0	0	0	0	0	0
05.500,00.000	20.5	5.5	-200	0	4.5	204.762	104.509	44.5459	17.2516	20.6872	10.7462	7.02214	0	0	0	0	0	0	0	0	0	0	0	0	0	0
05.500,00.000	20.6	5.5	-200	0	4.5	206.686	104.808	45.2534	17.3592	21.2175	10.805	7.24299	0	0	0	0	0	0	0	0	0	0	0	0	0	0
05.500,00.000	20.7	5.5	-200	0	4.5	215.841	106.115	48.6436	17.8766	23.7868	11.1088	8.30943	0	0	0	0	0	0	0	0	0	0	0	0	0	0
05.500,00.000	20.8	5.5	-200	0	4.5	220.286	106.868	50.2363	18.1222	24.9941	11.2618	8.80388	0	0	0	0	0	0	0	0	0	0	0	0	0	0
05.500,00.000	20.9	5.5	-200	0	4.5	220.341	106.878	50.2553	18.1252	25.0085	11.2638	8.80965	0	0	0	0	0	0	0	0	0	0	0	0	0	0
05.500,00.000	21	5.5	-200	0	4.5	228.16	108.5	52.944	18.5485	26.9883	11.5632	9.61568	0	0	0	0	0	0	0	0	0	0	0	0	0	0
05.500,00.000	21.1	5.5	-200	0	4.5	233.141	109.575	54.6476	18.8265	28.207	11.7621	9.74637	0.375994	0	0	0	0	0	0	0	0	0	0	0	0	0
05.500,00.000	21.2	5.5	-200	0	4.5	235.556	110.098	55.4651	18.9656	28.8003	11.8662	9.74637	0.614096	0	0	0	0	0	0	0	0	0	0	0	0	0
05.500,00.000	21.3	5.5	-200	0	4.5	237.809	110.589	56.2257	19.0984	29.3494	11.969	9.74637	0.831521	0	0	0	0	0	0	0	0	0	0	0	0	0
05.500,00.000	21.4	5.5	-200	0	4.5	240.832	111.259	57.239	19.2817	30.0765	12.1132	9.74637	1.1159	0	0	0	0	0	0	0	0	0	0	0	0	0
05.500,00.000	21.5	5.5	-200	0	4.5	242.29	111.584	57.7256	19.3723	30.4247	12.1855	9.74637	1.25091	0	0	0	0	0	0	0	0	0	0	0	0	0
05.500,00.000	21.6	5.5	-200	0	4.5	244.765	112.125	58.553	19.5321	31.0159	12.3156	9.74637	1.47715	0	0	0	0	0	0	0	0	0	0	0	0	0
05.500,00.000	21.7	5.5	-200	0	4.5	247.252	112.665	59.3845	19.6965	31.6068	12.4519	9.74637	1.70086	0	0	0	0	0	0	0	0	0	0	0	0	0
05.500,00.000	21.8	5.5	-200	0	4.5	249.673	113.191	60.2034	19.8628	32.1606	12.5914	9.7464	1.91777	0	0	0	0	0	0	0	0	0	0	0	0	0
05.500,00.000	21.9	5.5	-200	0	4.5	255.568	114.703	62.094	20.2549	33.4287	12.9252	9.74803	2.41322	0	0	0	0	0	0	0	0	0	0	0	0	0
05.500,00.000	22	5.5	-200	0	4.5	256.914	115.07	62.5243	20.3452	33.6988	13.0027	9.74852	2.52419	0	0	0	0	0	0	0	0	0	0	0	0	0
05.500,00.000	22.1	5.5	-200	0	4.5	261.376	116.336	63.5864	20.9677	34.6004	13.2618	9.75302	2.87096	0	0	0	0	0	0	0	0	0	0	0	0	0
05.500,00.000	22.2	5.5	-200	0	4.5	265.014	117.483	64.3605	21.5596	35.2518	13.466	9.75736	3.13617	0	0	0	0	0	0	0	0	0	0	0	0	0
05.500,00.000	22.3	5.5	-200	0	4.5	267.953	118.405	64.972	22.0415	35.7894	13.6328	9.76304	3.34956	0	0	0	0	0	0	0	0	0	0	0	0	0
05.500,00.000	22.4	5.5	-200	0	4.5	273.219	120.1	66.0639	22.8895	36.7548	13.9148	9.77566	3.72011	0	0	0	0	0	0	0	0	0	0	0	0	0
05.500,00.000	22.5	5.5	-200	0	4.5	274.442	120.497	66.3189	23.0899	36.9723	13.9769	9.77928	3.80712	0	0	0	0	0	0	0	0	0	0	0	0	0
05.500,00.000	22.6	5.5	-200	0	4.5	288.027	124.733	69.1996	25.4136	38.5292	15.5629	9.83454	4.75479	0	0	0	0	0	0	0	0	0	0	0	0	0
05.500,00.000	22.7	5.5	-200	0	4.5	301.89	128.962	72.1115	27.788	39.8495	17.5076	9.90729	5.76351	0	0	0	0	0	0	0	0	0	0	0	0	0
05.500,00.000	22.8	5.5	-200	0	4.5	303.261	129.445	72.4387	27.9062	39.9631	17.7176	9.91665	5.87339	0	0	0	0	0	0	0	0	0	0	0	0	0
05.500,00.000	22.9	5.5	-200	0	4.5	323.827	136.914	76.7504	29.794	41.9845	20.8477	10.1003	7.43677	0	0	0	0	0	0	0	0	0	0	0	0	0
05.500,00.000	23	5.5	-200	0	4.5	329.481	139.102	78.0601	30.3251	42.5198	21.4247	10.1591	7.88981	0	0	0	0	0	0	0	0	0	0	0	0	0
05.500,00.000	23.1	5.5	-200	0	4.5	335.081	140.73	79.9393	30.8661	43.0986	21.9053	10.2347	8.30717	0	0	0	0	0	0	0	0	0	0	0	0	0
05.500,00.000	23.2	5.5	-200	0	4.5	338.937	141.856	81.2513	31.2428	43.4999	22.1989	10.2925	8.59516	0	0	0	0	0	0	0	0	0	0	0	0	0
05.500,00.000	23.3	5.5	-200	0	4.5	341.841	142.687	82.2499	31.5307	43.8035	22.4223	10.3417	8.80585	0	0	0	0	0	0	0	0	0	0	0	0	0
05.500,00.000	23.4	5.5	-200	0	4.5	344.81	143.525	83.2789	31.8275	44.1129	22.65	10.3988	9.01722	0	0	0	0	0	0	0	0	0	0	0	0	0
05.500,00.000	23.5	5.5	-200	0	4.5	347.806	144.355	84.3303	32.1327	44.4115	22.8802	10.4662	9.22967	0	0	0	0	0	0	0	0	0	0	0	0	0
05.500,00.000	23.6	5.5	-200	0	4.5	360.355	146.855	89.6294	33.4396	45.6694	23.8663	10.7719	9.74747	0.376315	0	0	0	0	0	0	0	0	0	0	0	0
05.500,00.000	23.7	5.5	-200	0	4.5	368.027	148.208	93.0053	34.2477	46.4403	24.4781	10.9742	9.73801	0.935845	0	0	0	0	0	0	0	0	0	0	0	0
05.500,00.000	23.8	5.5	-200	0	4.5	369.225	148.425	93.525	34.3738	46.5616	24.575	11.007	9.73801	1.01896	0	0	0	0	0	0	0	0	0	0	0	0
05.500,00.000	23.9	5.5	-200	0	4.5	369.334	148.444	93.5729	34.3855	46.5728	24.5841	11.0102	9.73801	1.0264	0	0	0	0	0	0	0	0	0	0	0	0
05.500,00.000	24	5.5	-200	0	4.5	370.662	148.692	94.1444	34.527	46.699	24.6935	11.0529	9.73801	1.11536	0	0	0	0	0	0	0	0	0	0	0	0
05.500,00.000	24.1	5.5	-200	0	4.5	379.807	150.322	98.0423	35.5441	47.6346	25.4649	11.3447	9.73801	1.71639	0	0	0	0	0	0	0	0	0	0	0	0
05.500,00.000	24.2	5.5	-200	0	4.5	384.295	151.189	99.6699	36.1191	48.1433	25.8837	11.5124	9.73869	2.03957	0	0	0	0	0	0	0	0	0	0	0	0
05.500,00.000	24.3	5.5	-200	0	4.5	387.043	151.753	100.535	36.5002	48.4803	26.1644	11.6248	9.73954	2.24627	0	0	0	0	0	0	0	0	0	0	0	0
05.500,00.000	24.4	5.5	-200	0	4.5	393.749	153.1	102.653	37.4422	49.3055	26.855	11.909	9.74289	2.7406	0	0	0	0	0	0	0	0	0	0	0	0
05.500,00.000	24.5	5.5	-200	0	4.5	395.401	153.43	103.166	37.6823	49.5094	27.0231	11.9835	9.74415	2.86263	0	0	0	0	0	0	0	0	0	0	0	0
05.500,00.000	24.6	5.5	-200	0	4.5	403.297	154.655	105.749	38.882	50.549	27.8923	12.3486	9.75459	3.46707	0	0	0	0	0	0	0	0	0	0	0	0
05.500,00.000	24.7	5.5	-200	0	4.5	405.492	155.072	106.422	39.2209	50.823	28.1213	12.4509	9.75785	3.62456	0	0	0	0	0	0	0	0	0	0	0	0
05.500,00.000	24.8	5.5	-200	0	4.5	408.312	155.576	107.325	39.6514	51.1746	28.4213	12.5813	9.76376	3.81873	0	0	0	0	0	0	0	0	0	0	0	0
05.500,00.000	24.9	5.5	-200	0	4.5	416.752	157.161	109.996	40.9349	52.2095	29.3103	12.9703	9.78423	4.38569	0	0	0	0	0	0	0	0	0	0	0	0
05.500,00.000	25	5.5	-200	0	4.5	418.612	157.581	110.598	41.2321	52.4427	29.5087	13.0606	9.78939	4.39971	0	0	0	0	0	0	0	0	0	0	0	0
05.500,00.000	25.1	5.5	-200	0	4.5	424.082	158.756	112.409	42.1171	53.1189	30.0992	13.3246	9.80825	4.44883	0	0	0	0	0	0	0	0	0	0	0	0
05.500,00.000	25.2	5.5	-200	0	4.5	428.289	159.86	113.743	42.7724	53.6128	30.5056	13.522	9.82352	4.44883	0	0	0	0	0	0	0	0	0	0	0	0
05.500,00.000	25.3	5.5	-200	0	4.5	431.886	160.823	114.885	43.3317	54.0259	30.8424	13.6896	9.8392	4.44883	0	0	0	0	0	0	0	0	0	0	0	0
05.500,00.000	25.4	5.5	-200	0	4.5	451.932	166.346	121.193	46.4242	56.2643	32.6946	14.6221	9.93788	4.44883	0	0	0	0	0	0	0	0	0	0	0	0
05.500,00.000	25.5	5.5	-200	0	4.5	461.34	169.073	124.118	47.83	57.2925	33.5312	15.0588	9.98738	4.44883	0	0	0	0	0	0	0	0	0	0	0	0
05.500,00.000	25.6	5.5	-200	0	4.5	462.149	169.302	124.376	47.9478	57.3815	33.6046	15.0968	9.99233	4.44883	0	0	0	0	0	0	0	0	0	0	0	0
05.500,00.000	25.7	5.5	-200	0	4.5	473.894	171.971	128.434	49.8302	58.7585	34.6825	15.6843	10.084	4.44883	0	0	0	0	0	0	0	0	0	0	0	0
05.500,00.000	25.8	5.5	-200	0	4.5	496.499	178.284	135.753	53.3084	61.2918	36.3657	16.7817	10.2658	4.44883	0	0	0	0	0	0	0	0	0	0	0	0
05.500,00.000	25.9	5.5	-200	0	4.5	499.913	179.079	136.938	53.8886	61.7216	36.5673	16.9714	10.2987	4.44883	0	0	0	0	0	0	0	0	0	0	0	0
05.500,00.000	26	5.5	-200	0	4.5	500.139	179.135	137.013	53.9273	61.7483	36.5831	16.9829	10.301	4.44883	0	0	0	0	0	0	0	0	0	0	0	0
05.500,00.000	26.1	5.5	-200	0	4.5	514.173	182.61	141.739	56.2932	63.4014	37.5241	17.6962	10.4606	4.44883	0	0	0	0	0	0	0	0	0	0	0	0
05.500,00.000	26.2	5.5	-200	0	4.5	521.801	184.555	144.254	57.6029	64.3046	37.9558	18.1279	10.5518	4.44883	0	0	0	0	0	0	0	0	0	0	0	0
05.500,00.000	26.3	5.5	-200	0	4.5	526.285	185.701	145.778	58.3328	64.8232	38.1964	18.3965	10.6083	4.44883	0	0	0	0	0	0	0	0	0	0	0	0
05.500,00.000	26.4	5.5	-200	0	4.5	549.854	191.796	153.76	62.1399	67.5618	39.4055	19.8176	10.9247	4.449	0	0	0	0	0	0	0	0	0	0	0	0
05.500,00.000	26.5	5.5	-200	0	4.5	560.631	194.578	157.475	63.804	68.8505	39.9408	20.4554	11.0773	4.45051	0	0	0	0	0	0	0	0	0	0	0	0
05.500,00.000	26.6	5.5	-200	0	4.5	565.358	195.759	159.152	64.5217	69.4106	40.177	20.7377	11.147	4.45289	0	0	0	0	0	0	0	0	0	0	0	0
05.500,00.000	26.7	5.5	-200	0	4.5	570.136	196.963	160.83	65.2493	69.9809	40.413	21.0237	11.2201	4.45643	0	0	0	0	0	0	0	0	0	0	0	0
05.500,00.000	26.8	5.5	-200	0	4.5	586.441	201.03	166.648	67.6918	71.9122	41.2113	21.9985	11.4763	4.47293	0	0	0	0	0	0	0	0	0	0	0	0
05.500,00.000	26.9	5.5	-200	0	4.5	594.771	203.167	169.597	68.8997	72.9031	41.6122	22.498	11.6104	4.48401	0	0	0	0	0	0	0	0	0	0	0	0
05.500,00.000	27	5.5	-200	0	4.5	595.196	203.276	169.747	68.9615	72.9533	41.6324	22.5233	11.6174	4.48476	0	0	0	0	0	0	0	0	0	0	0	0
05.500,00.000	27.1	5.5	-200	0	4.5	611.492	207.237	175.703	71.417	74.8595	42.3977	23.4669	11.8895	4.52072	0	0	0	0	0	0	0	0	0	0	0	0
05.500,00.000	27.2	5.5	-200	0	4.5	620.629	209.158	179.289	72.8157	75.9473	42.8804	23.9485	12.0462	4.54376	0	0	0	0	0	0	0	0	0	0	0	0
05.500,00.000	27.3	5.5	-200	0	4.5	622.732	209.592	180.113	73.1409	76.1936	43	24.0605	12.0822	4.54977	0	0	0	0	0	0	0	0	0	0	0	0
05.500,00.000	27.4	5.5	-200	0	4.5	623.001	209.648	180.218	73.1827	76.2251	43.015	24.0749	12.0869	4.55065	0	0	0	0	0	0	0	0	0	0	0	0
05.500,00.000	27.5	5.5	-200	0	4.5	640.307	213.245	186.961	76.0129	78.1304	43.9627	24.9893	12.3917	4.61357	0	0	0	0	0	0	0	0	0	0	0	0
05.500,00.000	27.6	5.5	-200	0	4.5	646.143	214.6	189.049	76.9521	78.8108	44.3072	25.2819	12.5041	4.63753	0	0	0	0	0	0	0	0	0	0	0	0
05.500,00.000	27.7	5.5	-200	0	4.5	656.919	217.036	192.948	78.722	80.0704	44.9064	25.8391	12.7092	4.68756	0	0	0	0	0	0	0	0	0	0	0	0
05.500,00.000	27.8	5.5	-200	0	4.5	681.331	222.827	201.616	82.5635	82.9652	46.2641	27.1042	13.182	4.80871	0	0	0	0	0	0	0	0	0	0	0	0
05.500,00.000	27.9	5.5	-200	0	4.5	686.394	224.08	203.365	83.3461	83.5759	46.5568	27.3513	13.2834	4.83545	0	0	0	0	0	0	0	0	0	0	0	0
05.500,00.000	28	5.5	-200	0	4.5	686.767	224.173	203.493	83.4042	83.6208	46.5773	27.3707	13.2908	4.83753	0	0	0	0	0	0	0	0	0	0	0	0
05.500,00.000	28.1	5.5	-200	0	4.5	687.294	224.306	203.672	83.4857	83.6846	46.606	27.3979	13.3014	4.84059	0	0	0	0	0	0	0	0	0	0	0	0
05.500,00.000	28.2	5.5	-200	0	4.5	687.785	224.43	203.837	83.5613	83.7449	46.6328	27.4233	13.3114	4.84359	0	0	0	0	0	0	0	0	0	0	0	0
05.500,00.000	28.3	5.5	-200	0	4.5	688.238	224.546	203.988	83.6307	83.8008	46.6575	27.4467	13.3208	4.84647	0	0	0	0	0	0	0	0	0	0	0	0
05.500,00.000	28.4	5.5	-200	0	4.5	688.31	224.565	204.012	83.6416	83.8098	46.6616	27.4503	13.3224	4.84695	0	0	0	0	0	0	0	0	0	0	0	0
05.500,00.000	28.5	5.5	-200	0	4.5	726.048	234.608	216.224	89.4546	88.4299	48.7229	29.3736	14.1293	5.10504	0	0	0	0	0	0	0	0	0	0	0	0
05.500,00.000	28.6	5.5	-200	0	4.5	743.945	239.583	221.961	92.2044	90.4783	49.6913	30.274	14.5221	5.23141	0	0	0	0	0	0	0	0	0	0	0	0
05.500,00.000	28.7	5.5	-200	0	4.5	759.846	244.318	226.867	94.6178	92.2635	50.5178	31.0526	14.8658	5.34314	0	0	0	0	0	0	0	0	0	0	0	0
05.500,00.000	28.8	5.5	-200	0	4.5	773.532	248.519	231.028	96.6511	93.7808	51.233	31.7164	15.1639	5.44063	0	0	0	0	0	0	0	0	0	0	0	0
05.500,00.000	28.9	5.5	-200	0	4.5	775.257	249.094	231.535	96.8953	93.9644	51.3173	31.7972	15.2014	5.45296	0	0	0	0	0	0	0	0	0	0	0	0
05.500,00.000	29	5.5	-200	0	4.5	780.02	250.671	232.926	97.5678	94.4727	51.5657	32.0213	15.3074	5.48803	0	0	0	0	0	0	0	0	0	0	0	0
05.500,00.000	29.1	5.5	-200	0	4.5	793.422	255.168	236.805	99.4398	95.8969	52.2697	32.6499	15.6088	5.58348	0	0	0	0	0	0	0	0	0	0	0	0
05.500,00.000	29.2	5.5	-200	0	4.5	802.587	258.262	239.421	100.734	96.8966	52.7245	33.0799	15.8195	5.64957	0	0	0	0	0	0	0	0	0	0	0	0
05.500,00.000	29.3	5.5	-200	0	4.5	810.117	260.888	241.526	101.775	97.6884	53.1088	33.4286	15.9937	5.70847	0	0	0	0	0	0	0	0	0	0	0	0
05.500,00.000	29.4	5.5	-200	0	4.5	836.23	270.186	248.665	105.295	100.324	54.6024	34.6239	16.6044	5.9292	0	0	0	0	0	0	0	0	0	0	0	0
05.500,00.000	29.5	5.5	-200	0	4.5	849.816	275.052	252.503	106.94	101.652	55.425	35.2569	16.9252	6.06184	0	0	0	0	0	0	0	0	0	0	0	0
05.500,00.000	29.6	5.5	-200	0	4.5	857.514	277.849	254.652	107.895	102.369	55.9038	35.6147	17.0979	6.13323	0	0	0	0	0	0	0	0	0	0	0	0
05.500,00.000	29.7	5.5	-200	0	4.5	865.085	280.646	256.736	108.82	103.066	56.3747	35.963	17.2719	6.20597	0	0	0	0	0	0	0	0	0	0	0	0
05.500,00.000	29.8	5.5	-200	0	4.5	889.012	289.046	263.453	111.915	105.26	57.9294	37.0967	17.8666	6.44567	0	0	0	0	0	0	0	0	0	0	0	0
05.500,00.000	29.9	5.5	-200	0	4.5	893.532	290.52	264.766	112.524	105.672	58.2502	37.3259	17.975	6.49887	0	0	0	0	0	0	0	0	0	0	0	0
05.500,00.000	30	5.5	-200	0	4.5	894.003	290.678	264.899	112.587	105.716	58.2827	37.3486	17.9879	6.50422	0	0	0	0	0	0	0	0	0	0	0	0
05.500,00.000	30.1	5.5	-200	0	4.5	906.811	295.08	268.499	114.22	106.931	59.185	37.8924	18.3526	6.65071	0	0	0	0	0	0	0	0	0	0	0	0
05.500,00.000	30.2	5.5	-200	0	4.5	915.942	298.3	271.027	115.386	107.758	59.8367	38.2619	18.6152	6.75726	0	0	0	0	0	0	0	0	0	0	0	0
05.500,00.000	30.3	5.5	-200	0	4.5	922.931	300.784	272.936	116.275	108.384	60.3538	38.546	18.8201	6.83257	0	0	0	0	0	0	0	0	0	0	0	0
05.500,00.000	30.4	5.5	-200	0	4.5	955.589	312.493	281.818	120.369	111.297	62.7684	39.8489	19.8051	7.18951	0	0	0	0	0	0	0	0	0	0	0	0
05.500,00.000	30.5	5.5	-200	0	4.5	971.159	318.155	286.007	122.273	112.713	63.9367	40.4468	20.281	7.34761	0	0	0	0	0	0	0	0	0	0	0	0
05.500,00.000	30.6	5.5	-200	0	4.5	978.351	320.561	288.1	123.163	113.399	64.4669	40.7233	20.5068	7.43084	0	0	0	0	0	0	0	0	0	0	0	0
05.500,00.000	30.7	5.5	-200	0	4.5	992.086	325.068	292.265	124.837	114.716	65.4606	41.2001	20.9436	7.59515	0	0	0	0	0	0	0	0	0	0	0	0
05.500,00.000	30.8	5.5	-200	0	4.5	1008.87	330.517	297.413	126.905	116.335	66.6652	41.7463	21.4857	7.79932	0	0	0	0	0	0	0	0	0	0	0	0
05.500,00.000	30.9	5.5	-200	0	4.5	1011.47	331.389	298.198	127.227	116.59	66.8456	41.8223	21.5707	7.82816	0	0	0	0	0	0	0	0	0	0	0	0
05.500,00.000	31	5.5	-200	0	4.5	1021.72	334.813	301.289	128.505	117.587	67.5375	42.12	21.91	7.96003	0	0	0	0	0	0	0	0	0	0	0	0
05.500,00.000	31.1	5.5	-200	0	4.5	1033.67	338.821	304.886	129.998	118.769	68.3342	42.4403	22.3031	8.11516	0	0	0	0	0	0	0	0	0	0	0	0
05.500,00.000	31.2	5.5	-200	0	4.5	1041.93	341.632	307.349	131.021	119.602	68.8833	42.6554	22.5656	8.22242	0	0	0	0	0	0	0	0	0	0	0	0
05.500,00.000	31.3	5.5	-200	0	4.5	1049.3	344.185	309.444	131.939	120.369	69.3809	42.8487	22.8087	8.32346	0	0	0	0	0	0	0	0	0	0	0	0
05.500,00.000	31.4	5.5	-200	0	4.5	1059.48	347.777	312.18	133.243	121.463	70.0677	43.1209	23.1549	8.47422	0	0	0	0	0	0	0	0	0	0	0	0
05.500,00.000	31.5	5.5	-200	0	4.5	1067.64	350.633	314.356	134.334	122.348	70.6036	43.3219	23.4429	8.59741	0	0	0	0	0	0	0	0	0	0	0	0
05.500,00.000	31.6	5.5	-200	0	4.5	1101.08	362.434	323.126	138.779	125.998	72.7765	43.9989	24.821	9.15015	0	0	0	0	0	0	0	0	0	0	0	0
05.500,00.000	31.7	5.5	-200	0	4.5	1107.35	364.722	324.825	139.592	126.728	73.1171	44.0885	25.0122	9.26242	0	0	0	0	0	0	0	0	0	0	0	0
05.500,00.000	31.8	5.5	-200	0	4.5	1126.83	371.971	329.886	142.106	128.903	74.2555	44.4468	25.6516	9.61241	0	0	0	0	0	0	0	0	0	0	0	0
05.500,00.000	31.9	5.5	-200	0	4.5	1131.61	373.81	331.104	142.701	129.468	74.5393	44.5068	25.7715	9.70574	0	0	0	0	0	0	0	0	0	0	0	0
05.500,00.000	32	5.5	-200	0	4.5	1137.41	376.084	332.558	143.441	130.116	74.8503	44.6033	25.9426	9.81142	0	0	0	0	0	0	0	0	0	0	0	0
05.500,00.000	32.1	5.5	-200	0	4.5	1150.54	381.345	335.787	145.115	131.572	75.5162	44.8247	26.3281	10.0542	0	0	0	0	0	0	0	0	0	0	0	0
05.500,00.000	32.2	5.5	-200	0	4.5	1159.21	384.762	337.931	146.234	132.543	75.9531	44.9818	26.5725	10.2316	0	0	0	0	0	0	0	0	0	0	0	0
05.500,00.000	32.3	5.5	-200	0	4.5	1166.22	387.549	339.648	147.142	133.318	76.3041	45.1036	26.7634	10.3934	0	0	0	0	0	0	0	0	0	0	0	0
05.500,00.000	32.4	5.5	-200	0	4.5	1173.24	390.375	341.359	148.023	134.088	76.6527	45.2211	26.9526	10.5668	0	0	0	0	0	0	0	0	0	0	0	0
05.500,00.000	32.5	5.5	-200	0	4.5	1180.2	393.23	343.059	148.837	134.853	76.9963	45.3343	27.1399	10.7527	0	0	0	0	0	0	0	0	0	0	0	0
05.500,00.000	32.6	5.5	-200	0	4.5	1192.08	398.082	345.921	150.25	136.158	77.5777	45.5195	27.4592	11.1162	0	0	0	0	0	0	0	0	0	0	0	0
05.500,00.000	32.7	5.5	-200	0	4.5	1222.39	410.557	353.269	153.742	139.437	79.08	46.0618	28.3613	11.8851	0	0	0	0	0	0	0	0	0	0	0	0
05.500,00.000	32.8	5.5	-200	0	4.5	1227.78	412.919	354.532	154.301	139.997	79.3439	46.1622	28.5135	12.0124	0	0	0	0	0	0	0	0	0	0	0	0
05.500,00.000	32.9	5.5	-200	0	4.5	1230.96	414.383	355.229	154.63	140.305	79.4964	46.217	28.6071	12.089	0	0	0	0	0	0	0	0	0	0	0	0
05.500,00.000	33	5.5	-200	0	4.5	1246.42	421.349	358.652	156.364	141.745	80.286	46.4757	29.0717	12.4804	0	0	0	0	0	0	0	0	0	0	0	0
05.500,00.000	33.1	5.5	-200	0	4.5	1255.82	425.635	360.698	157.429	142.58	80.7798	46.6343	29.3953	12.6681	0	0	0	0	0	0	0	0	0	0	0	0
05.500,00.000	33.2	5.5	-200	0	4.5	1262.78	428.855	362.198	158.199	143.198	81.1308	46.7458	29.6327	12.8254	0	0	0	0	0	0	0	0	0	0	0	0
05.500,00.000	33.3	5.5	-200	0	4.5	1269.75	432.114	363.689	158.958	143.805	81.4719	46.8551	29.8744	12.979	0	0	0	0	0	0	0	0	0	0	0	0
05.500,00.000	33.4	5.5	-200	0	4.5	1276.71	435.414	365.182	159.705	144.401	81.8051	46.9616	30.1136	13.1306	0	0	0	0	0	0	0	0	0	0	0	0
05.500,00.000	33.5	5.5	-200	0	4.5	1283.63	438.72	366.672	160.432	144.98	82.1314	47.0647	30.347	13.2842	0	0	0	0	0	0	0	0	0	0	0	0
05.500,00.000	33.6	5.5	-200	0	4.5	1295.77	444.527	369.313	161.706	145.971	82.7013	47.2413	30.7479	13.5674	0	0	0	0	0	0	0	0	0	0	0	0
05.500,00.000	33.7	5.5	-200	0	4.5	1298.45	445.839	369.915	161.979	146.174	82.806	47.281	30.8426	13.6115	0	0	0	0	0	0	0	0	0	0	0	0
05.500,00.000	33.8	5.5	-200	0	4.5	1315.62	454.297	373.605	163.722	147.514	83.4917	47.508	31.3762	14.1047	0	0	0	0	0	0	0	0	0	0	0	0
05.500,00.000	33.9	5.5	-200	0	4.5	1319.55	456.267	374.476	164.091	147.815	83.6112	47.5612	31.5075	14.2176	0	0	0	0	0	0	0	0	0	0	0	0
05.500,00.000	34	5.5	-200	0	4.5	1332.62	463.009	377.15	165.318	148.774	84.0593	47.7135	31.93	14.6648	0	0	0	0	0	0	0	0	0	0	0	0
05.500,00.000	34.1	5.5	-200	0	4.5	1341.78	467.795	379.018	166.159	149.437	84.3453	47.8186	32.2179	14.9888	0	0	0	0	0	0	0	0	0	0	0	0
05.500,00.000	34.2	5.5	-200	0	4.5	1348.49	471.334	380.35	166.761	149.909	84.5571	47.9274	32.4239	15.2316	0	0	0	0	0	0	0	0	0	0	0	0
05.500,00.000	34.3	5.5	-200	0	4.5	1355.12	474.866	381.647	167.345	150.37	84.7554	48.0332	32.623	15.4765	0	0	0	0	0	0	0	0	0	0	0	0
05.500,00.000	34.4	5.5	-200	0	4.5	1361.59	478.335	382.904	167.919	150.817	84.9407	48.1356	32.8148	15.7232	0	0	0	0	0	0	0	0	0	0	0	0
05.500,00.000	34.5	5.5	-200	0	4.5	1367.98	481.81	384.127	168.47	151.251	85.1156	48.2346	32.9991	15.9713	2.50688e-13	0	0	0	0	0	0	0	0	0	0	0
05.500,00.000	34.6	5.5	-200	0	4.5	1382.16	489.274	386.89	169.746	152.212	85.5117	48.4544	33.41	16.5478	0.113762	0	0	0	0	0	0	0	0	0	0	0
05.500,00.000	34.7	5.5	-200	0	4.5	1385.15	490.874	387.462	170.005	152.413	85.6009	48.4992	33.4833	16.6753	0.137619	0	0	0	0	0	0	0	0	0	0	0
05.500,00.000	34.8	5.5	-200	0	4.5	1398.76	498.13	390.119	171.107	153.263	86.1375	48.6898	33.8192	17.2481	0.249607	0	0	0	0	0	0	0	0	0	0	0
05.500,00.000	34.9	5.5	-200	0	4.5	1402.02	499.863	390.734	171.376	153.467	86.2784	48.7346	33.8997	17.3933	0.276534	0	0	0	0	0	0	0	0	0	0	0
05.500,00.000	35	5.5	-200	0	4.5	1413.63	506.233	392.946	172.252	154.114	86.7536	48.8841	34.2061	17.8638	0.375764	0	0	0	0	0	0	0	0	0	0	0
05.500,00.000	35.1	5.5	-200	0	4.5	1421.81	510.75	394.488	172.847	154.557	87.0881	48.9877	34.4227	18.2206	0.447549	0	0	0	0	0	0	0	0	0	0	0
05.500,00.000	35.2	5.5	-200	0	4.5	1427.92	514.157	395.632	173.276	154.881	87.3355	49.0627	34.5779	18.4969	0.502816	0	0	0	0	0	0	0	0	0	0	0
05.500,00.000	35.3	5.5	-200	0	4.5	1433.91	517.492	396.762	173.688	155.195	87.5795	49.1355	34.7256	18.7743	0.559443	0	0	0	0	0	0	0	0	0	0	0
05.500,00.000	35.4	5.5	-200	0	4.5	1439.85	520.823	397.88	174.084	155.499	87.8186	49.2057	34.8686	19.0576	0.617158	0	0	0	0	0	0	0	0	0	0	0
05.500,00.000	35.5	5.5	-200	0	4.5	1445.75	524.13	398.964	174.464	155.801	88.0557	49.3118	35.0059	19.3463	0.675944	0	0	0	0	0	0	0	0	0	0	0
05.500,00.000	35.6	5.5	-200	0	4.5	1454.22	528.776	400.552	175.015	156.241	88.4131	49.4679	35.2091	19.7764	0.76762	0	0	0	0	0	0	0	0	0	0	0
05.500,00.000	35.7	5.5	-200	0	4.5	1456.89	530.272	401.03	175.185	156.377	88.523	49.5159	35.2728	19.9151	0.796914	0	0	0	0	0	0	0	0	0	0	0
05.500,00.000	35.8	5.5	-200	0	4.5	1469.46	537.281	403.366	175.954	157.001	89.0761	49.7376	35.5514	20.5488	0.943241	0	0	0	0	0	0	0	0	0	0	0
05.500,00.000	35.9	5.5	-200	0	4.5	1472.39	538.923	403.888	176.13	157.143	89.221	49.7873	35.6168	20.7017	0.976829	0	0	0	0	0	0	0	0	0	0	0
05.500,00.000	36	5.5	-200	0	4.5	1481.44	544.16	405.532	176.632	157.551	89.6245	49.9307	35.7888	21.1365	1.08336	0	0	0	0	0	0	0	0	0	0	0
05.500,00.000	36.1	5.5	-200	0	4.5	1488.15	548.012	406.763	177.002	157.852	89.9327	50.0364	35.9149	21.4686	1.16556	0	0	0	0	0	0	0	0	0	0	0
05.500,00.000	36.2	5.5	-200	0	4.5	1493.28	551.018	407.694	177.269	158.072	90.1614	50.1138	36.0028	21.7176	1.23005	0	0	0	0	0	0	0	0	0	0	0
05.500,00.000	36.3	5.5	-200	0	4.5	1498.45	554.061	408.641	177.527	158.286	90.3909	50.19	36.0875	21.9664	1.29783	0	0	0	0	0	0	0	0	0	0	0
05.500,00.000	36.4	5.5	-200	0	4.5	1503.51	557.068	409.572	177.768	158.491	90.6104	50.2623	36.1678	22.2047	1.36645	0	0	0	0	0	0	0	0	0	0	0
05.500,00.000	36.5	5.5	-200	0	4.5	1508.44	560.002	410.488	177.996	158.687	90.8201	50.3311	36.2445	22.4336	1.43513	0	0	0	0	0	0	0	0	0	0	0
05.500,00.000	36.6	5.5	-200	0	4.5	1515.21	563.98	411.779	178.306	158.976	91.1089	50.4262	36.3497	22.7545	1.53304	0	0	0	0	0	0	0	0	0	0	0
05.500,00.000	36.7	5.5	-200	0	4.5	1517.97	565.634	412.292	178.425	159.089	91.2215	50.4626	36.3895	22.8804	1.57134	0	0	0	0	0	0	0	0	0	0	0
05.500,00.000	36.8	5.5	-200	0	4.5	1526.62	570.85	413.935	178.786	159.443	91.5652	50.5749	36.5096	23.263	1.6944	0	0	0	0	0	0	0	0	0	0	0
05.500,00.000	36.9	5.5	-200	0	4.5	1528.61	572.069	414.302	178.869	159.518	91.6433	50.5996	36.536	23.352	1.72185	0	0	0	0	0	0	0	0	0	0	0
05.500,00.000	37	5.5	-200	0	4.5	1535.3	576.313	415.509	179.118	159.761	91.8838	50.6753	36.6141	23.616	1.81072	0	0	0	0	0	0	0	0	0	0	0
05.500,00.000	37.1	5.5	-200	0	4.5	1540.63	579.715	416.467	179.313	159.947	92.0724	50.7333	36.6736	23.8229	1.88104	0	0	0	0	0	0	0	0	0	0	0
05.500,00.000	37.2	5.5	-200	0	4.5	1544.92	582.513	417.234	179.461	160.089	92.2168	50.7767	36.7169	23.9794	1.93618	0	0	0	0	0	0	0	0	0	0	0
05.500,00.000	37.3	5.5	-200	0	4.5	1549.23	585.345	418	179.603	160.225	92.3582	50.8179	36.7564	24.1309	1.99092	0	0	0	0	0	0	0	0	0	0	0
05.500,00.000	37.4	5.5	-200	0	4.5	1553.43	588.139	418.746	179.736	160.353	92.492	50.856	36.7914	24.2738	2.04387	0	0	0	0	0	0	0	0	0	0	0
05.500,00.000	37.5	5.5	-200	0	4.5	1557.53	590.886	419.474	179.86	160.474	92.6187	50.8911	36.8233	24.4087	2.09532	0	0	0	0	0	0	0	0	0	0	0
05.500,00.000	37.6	5.5	-200	0	4.5	1566.17	596.376	421.18	180.137	160.757	92.9121	50.9701	36.8976	24.7216	2.2191	0	0	0	0	0	0	0	0	0	0	0
05.500,00.000	37.7	5.5	-200	0	4.5	1568.08	597.662	421.519	180.191	160.812	92.9696	50.9854	36.9126	24.785	2.24376	0	0	0	0	0	0	0	0	0	0	0
05.500,00.000	37.8	5.5	-200	0	4.5	1575.6	602.645	422.951	180.396	161.034	93.1949	51.0407	36.9707	25.0193	2.34409	0	0	0	0	0	0	0	0	0	0	0
05.500,00.000	37.9	5.5	-200	0	4.5	1577.44	603.915	423.276	180.441	161.084	93.2443	51.0528	36.9838	25.0733	2.36679	0	0	0	0	0	0	0	0	0	0	0
05.500,00.000	38	5.5	-200	0	4.5	1584.22	608.715	424.445	180.592	161.251	93.4149	51.0878	37.0291	25.2398	2.44472	0	0	0	0	0	0	0	0	0	0	0
05.500,00.000	38.1	5.5	-200	0	4.5	1589.03	612.124	425.279	180.696	161.368	93.5335	51.1103	37.0612	25.3544	2.49974	0	0	0	0	0	0	0	0	0	0	0
05.500,00.000	38.2	5.5	-200	0	4.5	1592.52	614.645	425.872	180.767	161.447	93.6145	51.1235	37.0836	25.4293	2.5378	0	0	0	0	0	0	0	0	0	0	0
05.500,00.000	38.3	5.5	-200	0	4.5	1596.08	617.248	426.469	180.835	161.524	93.693	51.1343	37.1056	25.4997	2.57523	0	0	0	0	0	0	0	0	0	0	0
05.500,00.000	38.4	5.5	-200	0	4.5	1599.59	619.834	427.053	180.899	161.596	93.7664	51.1424	37.1267	25.5632	2.61088	0	0	0	0	0	0	0	0	0	0	0
05.500,00.000	38.5	5.5	-200	0	4.5	1603.01	622.371	427.623	180.958	161.664	93.8349	51.1478	37.147	25.62	2.64485	0	0	0	0	0	0	0	0	0	0	0
05.500,00.000	38.6	5.5	-200	0	4.5	1607.15	625.354	428.378	181.035	161.753	93.9251	51.1523	37.1745	25.6918	2.69097	0	0	0	0	0	0	0	0	0	0	0
05.500,00.000	38.7	5.5	-200	0	4.5	1611.45	628.562	429.085	181.107	161.837	94.0067	51.1548	37.2012	25.7567	2.73532	0	0	0	0	0	0	0	0	0	0	0
05.500,00.000	38.8	5.5	-200	0	4.5	1612.86	629.612	429.328	181.131	161.866	94.0307	51.1551	37.2102	25.7774	2.75024	0	0	0	0	0	0	0	0	0	0	0
05.500,00.000	38.9	5.5	-200	0	4.5	1613.03	629.74	429.354	181.133	161.869	94.0331	51.1551	37.2112	25.7794	2.75174	0	0	0	0	0	0	0	0	0	0	0
05.500,00.000	39	5.5	-200	0	4.5	1617.06	632.853	430.002	181.188	161.935	94.0891	51.1551	37.2325	25.8227	2.78612	0	0	0	0	0	0	0	0	0	0	0
05.500,00.000	39.1	5.5	-200	0	4.5	1620.46	635.483	430.545	181.233	161.988	94.1319	51.1551	37.2498	25.8567	2.81376	0	0	0	0	0	0	0	0	0	0	0
05.500,00.000	39.2	5.5	-200	0	4.5	1623.31	637.699	431.015	181.268	162.03	94.166	51.1551	37.2635	25.8816	2.83529	0	0	0	0	0	0	0	0	0	0	0
05.500,00.000	39.3	5.5	-200	0	4.5	1626.17	639.93	431.481	181.302	162.069	94.1978	51.1551	37.2764	25.9033	2.85531	0	0	0	0	0	0	0	0	0	0	0
05.500,00.000	39.4	5.5	-200	0	4.5	1628.97	642.11	431.953	181.333	162.106	94.2266	51.1551	37.2884	25.9216	2.87358	0	0	0	0	0	0	0	0	0	0	0
05.500,00.000	39.5	5.5	-200	0	4.5	1631.65	644.168	432.447	181.361	162.14	94.2529	51.1551	37.2995	25.9365	2.89024	0	0	0	0	0	0	0	0	0	0	0
05.500,00.000	39.6	5.5	-200	0	4.5	1634.03	645.924	432.943	181.389	162.173	94.2775	51.1551	37.3103	25.9494	2.90604	0	0	0	0	0	0	0	0	0	0	0
05.500,00.000	39.7	5.5	-200	0	4.5	1639.6	649.751	434.392	181.456	162.252	94.3356	51.1551	37.3364	25.977	2.94294	0	0	0	0	0	0	0	0	0	0	0
05.500,00.000	39.8	5.5	-200	0	4.5	1640.77	650.412	434.853	181.468	162.267	94.344	51.1551	37.3413	25.9818	2.94969	0	0	0	0	0	0	0	0	0	0	0
05.500,00.000	39.9	5.5	-200	0	4.5	1644.94	652.53	436.746	181.506	162.312	94.372	51.1551	37.3553	25.9921	2.96763	0	0	0	0	0	0	0	0	0	0	0
05.500,00.000	40	5.5	-200	0	4.5	1647.78	653.836	438.143	181.531	162.342	94.3876	51.1551	37.3644	25.9973	3.02157	0	0	0	0	0	0	0	0	0	0	0
05.500,00.000	40.1	5.5	-200	0	4.5	1649.88	654.801	439.193	181.548	162.362	94.3968	51.1551	37.3704	25.9988	3.05825	0	0	0	0	0	0	0	0	0	0	0
05.500,00.000	40.2	5.5	-200	0	4.5	1651.94	655.732	440.234	181.563	162.381	94.4032	51.1551	37.3757	25.999	3.09194	0	0	0	0	0	0	0	0	0	0	0
05.500,00.000	40.3	5.5	-200	0	4.5	1653.93	656.631	441.265	181.577	162.397	94.4077	51.1551	37.3803	25.999	3.12263	0	0	0	0	0	0	0	0	0	0	0
05.500,00.000	40.4	5.5	-200	0	4.5	1655.92	657.5	442.282	181.589	162.412	94.4114	51.1551	37.3844	25.999	3.18275	0	0	0	0	0	0	0	0	0	0	0
05.500,00.000	40.5	5.5	-200	0	4.5	1657.83	658.313	443.287	181.6	162.425	94.4148	51.1551	37.3878	25.999	3.24611	0	0	0	0	0	0	0	0	0	0	0
05.500,00.000	40.6	5.5	-200	0	4.5	1660.51	659.292	444.849	181.615	162.444	94.4197	51.1551	37.3928	25.999	3.34494	0	0	0	0	0	0	0	0	0	0	0
05.500,00.000	40.7	5.5	-200	0	4.5	1661.96	659.85	445.647	181.623	162.453	94.4218	51.1551	37.3951	25.999	3.41386	0	0	0	0	0	0	0	0	0	0	0
05.500,00.000	40.8	5.5	-200	0	4.5	1663.58	660.451	446.573	181.63	162.462	94.424	51.1551	37.3976	25.999	3.48605	0	0	0	0	0	0	0	0	0	0	0
05.500,00.000	40.9	5.5	-200	0	4.5	1663.94	660.578	446.774	181.631	162.464	94.4245	51.168	37.3981	25.999	3.50489	0	0	0	0	0	0	0	0	0	0	0
05.500,00.000	41	5.5	-200	0	4.5	1666.26	661.402	448.069	181.639	162.474	94.4264	51.2507	37.4007	25.999	3.59958	0	0	0	0	0	0	0	0	0	0	0
05.500,00.000	41.1	5.5	-200	0	4.5	1668.03	662.001	449.08	181.644	162.481	94.4276	51.3161	37.4026	25.999	3.67563	0	0	0	0	0	0	0	0	0	0	0
05.500,00.000	41.2	5.5	-200	0	4.5	1669.49	662.487	449.938	181.648	162.486	94.4282	51.3677	37.4038	25.999	3.73174	0	0	0	0	0	0	0	0	0	0	0
05.500,00.000	41.3	5.5	-200	0	4.5	1670.92	662.96	450.788	181.652	162.49	94.4284	51.4177	37.4047	25.999	3.78411	0	0	0	0	0	0	0	0	0	0	0
05.500,00.000	41.4	5.5	-200	0	4.5	1672.34	663.438	451.628	181.655	162.493	94.4285	51.4662	37.4054	25.999	3.83179	0	0	0	0	0	0	0	0	0	0	0
05.500,00.000	41.5	5.5	-200	0	4.5	1673.72	663.894	452.454	181.658	162.496	94.4285	51.5132	37.4057	25.999	3.87509	0	0	0	0	0	0	0	0	0	0	0
05.500,00.000	41.6	5.5	-200	0	4.5	1674.99	664.253	453.268	181.66	162.497	94.4285	51.5597	37.4058	25.999	3.91559	0	0	0	0	0	0	0	0	0	0	0
05.500,00.000	41.7	5.5	-200	0	4.5	1679.08	665.452	455.843	181.667	162.501	94.4285	51.7486	37.4058	25.999	4.0336	0	0	0	0	0	0	0	0	0	0	0
05.500,00.000	41.8	5.5	-200	0	4.5	1679.91	665.702	456.347	181.669	162.502	94.4285	51.7933	37.4058	25.999	4.05878	0	0	0	0	0	0	0	0	0	0	0
05.500,00.000	41.9	5.5	-200	0	4.5	1679.97	665.718	456.388	181.669	162.502	94.4285	51.7966	37.4058	25.999	4.06018	0	0	0	0	0	0	0	0	0	0	0
05.500,00.000	42	5.5	-200	0	4.5	1682.18	666.282	457.873	181.671	162.502	94.4285	51.9121	37.4058	25.999	4.10376	0	0	0	0	0	0	0	0	0	0	0