
label	time(d)	x	depth	z	radius	total	0-10	10-20	20-30	30-40	40-50	50-60	60-70	70-80	80-90	90-100	100-110	110-120	120-130	130-140	140-150	150-160	160-170	170-180	180-190	190-200
00.000,00.000	0	0	-200	0	4.5	0	0	0	0	0	0	0	0	0	0	0	0	0	0	0	0	0	0	0	0	0
00.000,00.000	0.1	0	-200	0	4.5	0.293975	0.293975	0	0	0	0	0	0	0	0	0	0	0	0	0	0	0	0	0	0	0
00.000,00.000	0.2	0	-200	0	4.5	0.590922	0.590922	0	0	0	0	0	0	0	0	0	0	0	0	0	0	0	0	0	0	0
00.000,00.000	0.3	0	-200	0	4.5	0.890001	0.890001	0	0	0	0	0	0	0	0	0	0	0	0	0	0	0	0	0	0	0
00.000,00.000	0.4	0	-200	0	4.5	1.19143	1.19143	0	0	0	0	0	0	0	0	0	0	0	0	0	0	0	0	0	0	0
00.000,00.000	0.5	0	-200	0	4.5	1.4952	1.4952	0	0	0	0	0	0	0	0	0	0	0	0	0	0	0	0	0	0	0
00.000,00.000	0.6	0	-200	0	4.5	1.80103	1.80103	0	0	0	0	0	0	0	0	0	0	0	0	0	0	0	0	0	0	0
00.000,00.000	0.7	0	-200	0	4.5	2.1089	2.1089	0	0	0	0	0	0	0	0	0	0	0	0	0	0	0	0	0	0	0
00.000,00.000	0.8	0	-200	0	4.5	2.41873	2.41873	0	0	0	0	0	0	0	0	0	0	0	0	0	0	0	0	0	0	0
00.000,00.000	0.9	0	-200	0	4.5	2.72994	2.72994	0	0	0	0	0	0	0	0	0	0	0	0	0	0	0	0	0	0	0
00.000,00.000	1	0	-200	0	4.5	3.04123	3.04123	0	0	0	0	0	0	0	0	0	0	0	0	0	0	0	0	0	0	0
00.000,00.000	1.1	0	-200	0	4.5	3.35786	3.35786	0	0	0	0	0	0	0	0	0	0	0	0	0	0	0	0	0	0	0
00.000,00.000	1.2	0	-200	0	4.5	3.68336	3.68336	0	0	0	0	0	0	0	0	0	0	0	0	0	0	0	0	0	0	0
00.000,00.000	1.3	0	-200	0	4.5	4.01955	4.01955	0	0	0	0	0	0	0	0	0	0	0	0	0	0	0	0	0	0	0
00.000,00.000	1.4	0	-200	0	4.5	4.36754	4.36754	0	0	0	0	0	0	0	0	0	0	0	0	0	0	0	0	0	0	0
00.000,00.000	1.5	0	-200	0	4.5	4.72809	4.72809	0	0	0	0	0	0	0	0	0	0	0	0	0	0	0	0	0	0	0
00.000,00.000	1.6	0	-200	0	4.5	5.10258	5.10258	0	0	0	0	0	0	0	0	0	0	0	0	0	0	0	0	0	0	0
00.000,00.000	1.7	0	-200	0	4.5	5.4891	5.4891	0	0	0	0	0	0	0	0	0	0	0	0	0	0	0	0	0	0	0
00.000,00.000	1.8	0	-200	0	4.5	5.88917	5.88917	0	0	0	0	0	0	0	0	0	0	0	0	0	0	0	0	0	0	0
00.000,00.000	1.9	0	-200	0	4.5	6.32883	6.32883	0	0	0	0	0	0	0	0	0	0	0	0	0	0	0	0	0	0	0
00.000,00.000	2	0	-200	0	4.5	6.81573	6.81573	0	0	0	0	0	0	0	0	0	0	0	0	0	0	0	0	0	0	0
00.000,00.000	2.1	0	-200	0	4.5	7.38136	7.38136	0	0	0	0	0	0	0	0	0	0	0	0	0	0	0	0	0	0	0
00.000,00.000	2.2	0	-200	0	4.5	8.09843	8.07726	0.0211708	0	0	0	0	0	0	0	0	0	0	0	0	0	0	0	0	0	0
00.000,00.000	2.3	0	-200	0	4.5	8.9645	8.67011	0.29439	0	0	0	0	0	0	0	0	0	0	0	0	0	0	0	0	0	0
00.000,00.000	2.4	0	-200	0	4.5	9.96381	9.38906	0.574749	0	0	0	0	0	0	0	0	0	0	0	0	0	0	0	0	0	0
00.000,00.000	2.5	0	-200	0	4.5	11.075	10.2201	0.854962	0	0	0	0	0	0	0	0	0	0	0	0	0	0	0	0	0	0
00.000,00.000	2.6	0	-200	0	4.5	12.2929	11.1588	1.1341	0	0	0	0	0	0	0	0	0	0	0	0	0	0	0	0	0	0
00.000,00.000	2.7	0	-200	0	4.5	13.6242	12.2115	1.41268	0	0	0	0	0	0	0	0	0	0	0	0	0	0	0	0	0	0
00.000,00.000	2.8	0	-200	0	4.5	15.0953	13.4037	1.69159	0	0	0	0	0	0	0	0	0	0	0	0	0	0	0	0	0	0
00.000,00.000	2.9	0	-200	0	4.5	16.7433	14.7695	1.97377	0	0	0	0	0	0	0	0	0	0	0	0	0	0	0	0	0	0
00.000,00.000	3	0	-200	0	4.5	18.5451	16.2835	2.26159	0	0	0	0	0	0	0	0	0	0	0	0	0	0	0	0	0	0
00.000,00.000	3.1	0	-200	0	4.5	20.4302	17.8759	2.55428	0	0	0	0	0	0	0	0	0	0	0	0	0	0	0	0	0	0
00.000,00.000	3.2	0	-200	0	4.5	22.2751	19.4286	2.84649	0	0	0	0	0	0	0	0	0	0	0	0	0	0	0	0	0	0
00.000,00.000	3.3	0	-200	0	4.5	24.1101	20.9714	3.13861	0	0	0	0	0	0	0	0	0	0	0	0	0	0	0	0	0	0
00.000,00.000	3.4	0	-200	0	4.5	25.9261	22.4952	3.43089	0	0	0	0	0	0	0	0	0	0	0	0	0	0	0	0	0	0
00.000,00.000	3.5	0	-200	0	4.5	27.7025	23.9806	3.72189	0	0	0	0	0	0	0	0	0	0	0	0	0	0	0	0	0	0
00.000,00.000	3.6	0	-200	0	4.5	29.4403	25.4292	4.01108	0	0	0	0	0	0	0	0	0	0	0	0	0	0	0	0	0	0
00.000,00.000	3.7	0	-200	0	4.5	31.1522	26.8534	4.29878	0	0	0	0	0	0	0	0	0	0	0	0	0	0	0	0	0	0
00.000,00.000	3.8	0	-200	0	4.5	32.8512	28.266	4.58527	0	0	0	0	0	0	0	0	0	0	0	0	0	0	0	0	0	0
00.000,00.000	3.9	0	-200	0	4.5	34.5539	29.6835	4.87047	0	0	0	0	0	0	0	0	0	0	0	0	0	0	0	0	0	0
00.000,00.000	4	0	-200	0	4.5	36.128	30.9726	5.1553	0	0	0	0	0	0	0	0	0	0	0	0	0	0	0	0	0	0
00.000,00.000	4.1	0	-200	0	4.5	37.4156	31.9752	5.44049	0	0	0	0	0	0	0	0	0	0	0	0	0	0	0	0	0	0
00.000,00.000	4.2	0	-200	0	4.5	38.4628	32.7361	5.72667	0	0	0	0	0	0	0	0	0	0	0	0	0	0	0	0	0	0
00.000,00.000	4.3	0	-200	0	4.5	39.1149	33.101	6.01392	0	0	0	0	0	0	0	0	0	0	0	0	0	0	0	0	0	0
00.000,00.000	4.4	0	-200	0	4.5	39.6739	33.3718	6.30206	0	0	0	0	0	0	0	0	0	0	0	0	0	0	0	0	0	0
00.000,00.000	4.5	0	-200	0	4.5	40.2211	33.6311	6.59002	0	0	0	0	0	0	0	0	0	0	0	0	0	0	0	0	0	0
00.000,00.000	4.6	0	-200	0	4.5	40.6851	33.808	6.87707	0	0	0	0	0	0	0	0	0	0	0	0	0	0	0	0	0	0
00.000,00.000	4.7	0	-200	0	4.5	40.995	33.8322	7.16277	0	0	0	0	0	0	0	0	0	0	0	0	0	0	0	0	0	0
00.000,00.000	4.8	0	-200	0	4.5	41.2977	33.8506	7.4471	0	0	0	0	0	0	0	0	0	0	0	0	0	0	0	0	0	0
00.000,00.000	4.9	0	-200	0	4.5	41.5966	33.8665	7.73015	0	0	0	0	0	0	0	0	0	0	0	0	0	0	0	0	0	0
00.000,00.000	5	0	-200	0	4.5	41.8919	33.8799	8.01201	0	0	0	0	0	0	0	0	0	0	0	0	0	0	0	0	0	0
00.000,00.000	5.1	0	-200	0	4.5	42.1871	33.8942	8.29285	0	0	0	0	0	0	0	0	0	0	0	0	0	0	0	0	0	0
00.000,00.000	5.2	0	-200	0	4.5	42.486	33.9132	8.57285	0	0	0	0	0	0	0	0	0	0	0	0	0	0	0	0	0	0
00.000,00.000	5.3	0	-200	0	4.5	42.7883	33.936	8.85227	0	0	0	0	0	0	0	0	0	0	0	0	0	0	0	0	0	0
00.000,00.000	5.4	0	-200	0	4.5	43.0947	33.9634	9.13134	0	0	0	0	0	0	0	0	0	0	0	0	0	0	0	0	0	0
00.000,00.000	5.5	0	-200	0	4.5	43.4048	33.9948	9.40996	0	0	0	0	0	0	0	0	0	0	0	0	0	0	0	0	0	0
00.000,00.000	5.6	0	-200	0	4.5	43.7203	34.0318	9.68852	0	0	0	0	0	0	0	0	0	0	0	0	0	0	0	0	0	0
00.000,00.000	5.7	0	-200	0	4.5	44.041	34.0742	9.96677	0	0	0	0	0	0	0	0	0	0	0	0	0	0	0	0	0	0
00.000,00.000	5.8	0	-200	0	4.5	44.3665	34.1219	10.0461	0.19848	0	0	0	0	0	0	0	0	0	0	0	0	0	0	0	0	0
00.000,00.000	5.9	0	-200	0	4.5	44.7009	34.1791	10.0461	0.475621	0	0	0	0	0	0	0	0	0	0	0	0	0	0	0	0	0
00.000,00.000	6	0	-200	0	4.5	45.0446	34.2467	10.0461	0.751831	0	0	0	0	0	0	0	0	0	0	0	0	0	0	0	0	0
00.000,00.000	6.1	0	-200	0	4.5	45.4009	34.3276	10.0461	1.02715	0	0	0	0	0	0	0	0	0	0	0	0	0	0	0	0	0
00.000,00.000	6.2	0	-200	0	4.5	45.7722	34.4231	10.0473	1.30173	0	0	0	0	0	0	0	0	0	0	0	0	0	0	0	0	0
00.000,00.000	6.3	0	-200	0	4.5	46.1575	34.5327	10.0491	1.57565	0	0	0	0	0	0	0	0	0	0	0	0	0	0	0	0	0
00.000,00.000	6.4	0	-200	0	4.5	46.5604	34.6593	10.0523	1.8489	0	0	0	0	0	0	0	0	0	0	0	0	0	0	0	0	0
00.000,00.000	6.5	0	-200	0	4.5	46.9816	34.8031	10.0573	2.12121	0	0	0	0	0	0	0	0	0	0	0	0	0	0	0	0	0
00.000,00.000	6.6	0	-200	0	4.5	47.4268	34.969	10.0647	2.39305	0	0	0	0	0	0	0	0	0	0	0	0	0	0	0	0	0
00.000,00.000	6.7	0	-200	0	4.5	47.8972	35.1587	10.0742	2.66429	0	0	0	0	0	0	0	0	0	0	0	0	0	0	0	0	0
00.000,00.000	6.8	0	-200	0	4.5	48.3956	35.3738	10.087	2.93483	0	0	0	0	0	0	0	0	0	0	0	0	0	0	0	0	0
00.000,00.000	6.9	0	-200	0	4.5	48.9316	35.6233	10.1034	3.20491	0	0	0	0	0	0	0	0	0	0	0	0	0	0	0	0	0
00.000,00.000	7	0	-200	0	4.5	49.5089	35.9113	10.1233	3.47431	0	0	0	0	0	0	0	0	0	0	0	0	0	0	0	0	0
00.000,00.000	7.1	0	-200	0	4.5	50.1304	36.2399	10.1475	3.74294	0	0	0	0	0	0	0	0	0	0	0	0	0	0	0	0	0
00.000,00.000	7.2	0	-200	0	4.5	50.8042	36.6167	10.1766	4.0109	0	0	0	0	0	0	0	0	0	0	0	0	0	0	0	0	0
00.000,00.000	7.3	0	-200	0	4.5	51.5318	37.0429	10.2106	4.27821	0	0	0	0	0	0	0	0	0	0	0	0	0	0	0	0	0
00.000,00.000	7.4	0	-200	0	4.5	52.3145	37.5206	10.2491	4.54474	0	0	0	0	0	0	0	0	0	0	0	0	0	0	0	0	0
00.000,00.000	7.5	0	-200	0	4.5	53.1412	38.0382	10.2927	4.81022	0	0	0	0	0	0	0	0	0	0	0	0	0	0	0	0	0
00.000,00.000	7.6	0	-200	0	4.5	54.0257	38.6076	10.3428	5.07519	0	0	0	0	0	0	0	0	0	0	0	0	0	0	0	0	0
00.000,00.000	7.7	0	-200	0	4.5	54.9666	39.2289	10.3981	5.33957	0	0	0	0	0	0	0	0	0	0	0	0	0	0	0	0	0
00.000,00.000	7.8	0	-200	0	4.5	55.9708	39.9067	10.4608	5.60331	0	0	0	0	0	0	0	0	0	0	0	0	0	0	0	0	0
00.000,00.000	7.9	0	-200	0	4.5	57.0538	40.6571	10.5301	5.8666	0	0	0	0	0	0	0	0	0	0	0	0	0	0	0	0	0
00.000,00.000	8	0	-200	0	4.5	58.2116	41.475	10.6073	6.1293	0	0	0	0	0	0	0	0	0	0	0	0	0	0	0	0	0
00.000,00.000	8.1	0	-200	0	4.5	59.4519	42.3675	10.693	6.3914	0	0	0	0	0	0	0	0	0	0	0	0	0	0	0	0	0
00.000,00.000	8.2	0	-200	0	4.5	60.8024	43.3613	10.7882	6.65288	0	0	0	0	0	0	0	0	0	0	0	0	0	0	0	0	0
00.000,00.000	8.3	0	-200	0	4.5	62.2722	44.4654	10.893	6.91376	0	0	0	0	0	0	0	0	0	0	0	0	0	0	0	0	0
00.000,00.000	8.4	0	-200	0	4.5	63.8419	45.6593	11.0086	7.17408	0	0	0	0	0	0	0	0	0	0	0	0	0	0	0	0	0
00.000,00.000	8.5	0	-200	0	4.5	65.4705	46.9027	11.1344	7.43342	0	0	0	0	0	0	0	0	0	0	0	0	0	0	0	0	0
00.000,00.000	8.6	0	-200	0	4.5	67.1698	48.2071	11.2706	7.69207	0	0	0	0	0	0	0	0	0	0	0	0	0	0	0	0	0
00.000,00.000	8.7	0	-200	0	4.5	68.9384	49.5708	11.4173	7.95028	0	0	0	0	0	0	0	0	0	0	0	0	0	0	0	0	0
00.000,00.000	8.8	0	-200	0	4.5	70.7873	51.0039	11.5753	8.20809	0	0	0	0	0	0	0	0	0	0	0	0	0	0	0	0	0
00.000,00.000	8.9	0	-200	0	4.5	72.7608	52.5501	11.745	8.4656	0	0	0	0	0	0	0	0	0	0	0	0	0	0	0	0	0
00.000,00.000	9	0	-200	0	4.5	74.8625	54.213	11.9268	8.72265	0	0	0	0	0	0	0	0	0	0	0	0	0	0	0	0	0
00.000,00.000	9.1	0	-200	0	4.5	77.0961	55.9948	12.122	8.97927	0	0	0	0	0	0	0	0	0	0	0	0	0	0	0	0	0
00.000,00.000	9.2	0	-200	0	4.5	79.4596	57.8921	12.332	9.23544	0	0	0	0	0	0	0	0	0	0	0	0	0	0	0	0	0
00.000,00.000	9.3	0	-200	0	4.5	81.9568	59.9075	12.5581	9.49121	0	0	0	0	0	0	0	0	0	0	0	0	0	0	0	0	0
00.000,00.000	9.4	0	-200	0	4.5	84.5708	62.0241	12.8001	9.74664	0	0	0	0	0	0	0	0	0	0	0	0	0	0	0	0	0
00.000,00.000	9.5	0	-200	0	4.5	87.2453	64.1889	13.055	10.0014	0	0	0	0	0	0	0	0	0	0	0	0	0	0	0	0	0
00.000,00.000	9.6	0	-200	0	4.5	89.9903	66.4113	13.323	10.1282	0.127832	0	0	0	0	0	0	0	0	0	0	0	0	0	0	0	0
00.000,00.000	9.7	0	-200	0	4.5	92.8124	68.6976	13.6043	10.1283	0.382164	0	0	0	0	0	0	0	0	0	0	0	0	0	0	0	0
00.000,00.000	9.8	0	-200	0	4.5	95.7351	71.0722	13.898	10.1284	0.636509	0	0	0	0	0	0	0	0	0	0	0	0	0	0	0	0
00.000,00.000	9.9	0	-200	0	4.5	98.8245	73.5985	14.2063	10.1285	0.891109	0	0	0	0	0	0	0	0	0	0	0	0	0	0	0	0
00.000,00.000	10	0	-200	0	4.5	102.097	76.2924	14.5301	10.1289	1.14536	0	0	0	0	0	0	0	0	0	0	0	0	0	0	0	0
00.000,00.000	10.1	0	-200	0	4.5	105.534	79.1327	14.8709	10.1312	1.39959	0	0	0	0	0	0	0	0	0	0	0	0	0	0	0	0
00.000,00.000	10.2	0	-200	0	4.5	109.127	82.1084	15.2288	10.1362	1.65382	0	0	0	0	0	0	0	0	0	0	0	0	0	0	0	0
00.000,00.000	10.3	0	-200	0	4.5	112.88	85.2241	15.6036	10.1442	1.90782	0	0	0	0	0	0	0	0	0	0	0	0	0	0	0	0
00.000,00.000	10.4	0	-200	0	4.5	116.765	88.4536	15.9947	10.155	2.16144	0	0	0	0	0	0	0	0	0	0	0	0	0	0	0	0
00.000,00.000	10.5	0	-200	0	4.5	120.712	91.7147	16.4132	10.1696	2.41477	0	0	0	0	0	0	0	0	0	0	0	0	0	0	0	0
00.000,00.000	10.6	0	-200	0	4.5	124.736	95.0066	16.8716	10.1896	2.66833	0	0	0	0	0	0	0	0	0	0	0	0	0	0	0	0
00.000,00.000	10.7	0	-200	0	4.5	128.846	98.3676	17.3421	10.2142	2.92188	0	0	0	0	0	0	0	0	0	0	0	0	0	0	0	0
00.000,00.000	10.8	0	-200	0	4.5	133.086	101.844	17.8225	10.2439	3.17543	0	0	0	0	0	0	0	0	0	0	0	0	0	0	0	0
00.000,00.000	10.9	0	-200	0	4.5	137.546	105.521	18.3156	10.2797	3.42908	0	0	0	0	0	0	0	0	0	0	0	0	0	0	0	0
00.000,00.000	11	0	-200	0	4.5	142.197	109.368	18.8248	10.3214	3.68279	0	0	0	0	0	0	0	0	0	0	0	0	0	0	0	0
00.000,00.000	11.1	0	-200	0	4.5	147.04	113.381	19.3519	10.3702	3.93619	0	0	0	0	0	0	0	0	0	0	0	0	0	0	0	0
00.000,00.000	11.2	0	-200	0	4.5	152.127	117.613	19.899	10.4254	4.18929	0	0	0	0	0	0	0	0	0	0	0	0	0	0	0	0
00.000,00.000	11.3	0	-200	0	4.5	157.427	122.03	20.4665	10.4883	4.44215	0	0	0	0	0	0	0	0	0	0	0	0	0	0	0	0
00.000,00.000	11.4	0	-200	0	4.5	162.899	126.596	21.0492	10.5588	4.69491	0	0	0	0	0	0	0	0	0	0	0	0	0	0	0	0
00.000,00.000	11.5	0	-200	0	4.5	168.427	131.201	21.6419	10.6367	4.94728	0	0	0	0	0	0	0	0	0	0	0	0	0	0	0	0
00.000,00.000	11.6	0	-200	0	4.5	174.009	135.839	22.248	10.7223	5.19939	0	0	0	0	0	0	0	0	0	0	0	0	0	0	0	0
00.000,00.000	11.7	0	-200	0	4.5	179.686	140.552	22.8669	10.8155	5.4516	0	0	0	0	0	0	0	0	0	0	0	0	0	0	0	0
00.000,00.000	11.8	0	-200	0	4.5	185.533	145.412	23.4999	10.917	5.70417	0	0	0	0	0	0	0	0	0	0	0	0	0	0	0	0
00.000,00.000	11.9	0	-200	0	4.5	191.691	150.557	24.1511	11.0262	5.95685	0	0	0	0	0	0	0	0	0	0	0	0	0	0	0	0
00.000,00.000	12	0	-200	0	4.5	198.105	155.926	24.8248	11.1444	6.20958	0	0	0	0	0	0	0	0	0	0	0	0	0	0	0	0
00.000,00.000	12.1	0	-200	0	4.5	204.756	161.494	25.5255	11.2726	6.46363	0	0	0	0	0	0	0	0	0	0	0	0	0	0	0	0
00.000,00.000	12.2	0	-200	0	4.5	211.475	167.097	26.2484	11.4106	6.71915	0	0	0	0	0	0	0	0	0	0	0	0	0	0	0	0
00.000,00.000	12.3	0	-200	0	4.5	218.226	172.715	26.981	11.5577	6.9718	0	0	0	0	0	0	0	0	0	0	0	0	0	0	0	0
00.000,00.000	12.4	0	-200	0	4.5	225.032	178.364	27.7287	11.7152	7.22359	0	0	0	0	0	0	0	0	0	0	0	0	0	0	0	0
00.000,00.000	12.5	0	-200	0	4.5	231.854	183.997	28.4953	11.8837	7.47745	0	0	0	0	0	0	0	0	0	0	0	0	0	0	0	0
00.000,00.000	12.6	0	-200	0	4.5	238.628	189.566	29.2696	12.0616	7.7299	0	0	0	0	0	0	0	0	0	0	0	0	0	0	0	0
00.000,00.000	12.7	0	-200	0	4.5	245.409	195.123	30.0676	12.2368	7.98184	0	0	0	0	0	0	0	0	0	0	0	0	0	0	0	0
00.000,00.000	12.8	0	-200	0	4.5	252.247	200.449	31.1681	12.3957	8.23373	0	0	0	0	0	0	0	0	0	0	0	0	0	0	0	0
00.000,00.000	12.9	0	-200	0	4.5	259.185	205.618	32.5165	12.5664	8.48382	0	0	0	0	0	0	0	0	0	0	0	0	0	0	0	0
00.000,00.000	13	0	-200	0	4.5	266.305	210.653	34.1732	12.7491	8.7305	0	0	0	0	0	0	0	0	0	0	0	0	0	0	0	0
00.000,00.000	13.1	0	-200	0	4.5	273.331	215.733	35.9223	12.9451	8.7305	0	0	0	0	0	0	0	0	0	0	0	0	0	0	0	0
00.000,00.000	13.2	0	-200	0	4.5	280.538	220.963	37.6899	13.1537	8.7305	0	0	0	0	0	0	0	0	0	0	0	0	0	0	0	0
00.000,00.000	13.3	0	-200	0	4.5	287.897	226.31	39.4813	13.3756	8.7305	0	0	0	0	0	0	0	0	0	0	0	0	0	0	0	0
00.000,00.000	13.4	0	-200	0	4.5	295.287	231.648	41.2969	13.611	8.7305	0	0	0	0	0	0	0	0	0	0	0	0	0	0	0	0
00.000,00.000	13.5	0	-200	0	4.5	302.68	236.952	43.1363	13.8613	8.7305	0	0	0	0	0	0	0	0	0	0	0	0	0	0	0	0
00.000,00.000	13.6	0	-200	0	4.5	309.979	242.159	44.966	14.1239	8.7305	0	0	0	0	0	0	0	0	0	0	0	0	0	0	0	0
00.000,00.000	13.7	0	-200	0	4.5	317.243	247.318	46.7947	14.3995	8.7305	0	0	0	0	0	0	0	0	0	0	0	0	0	0	0	0
00.000,00.000	13.8	0	-200	0	4.5	324.542	252.491	48.6315	14.6892	8.7305	0	0	0	0	0	0	0	0	0	0	0	0	0	0	0	0
00.000,00.000	13.9	0	-200	0	4.5	331.97	257.783	50.4653	14.9918	8.7305	0	0	0	0	0	0	0	0	0	0	0	0	0	0	0	0
00.000,00.000	14	0	-200	0	4.5	339.577	263.219	52.3171	15.3095	8.73066	0	0	0	0	0	0	0	0	0	0	0	0	0	0	0	0
00.000,00.000	14.1	0	-200	0	4.5	347.279	268.718	54.1872	15.6417	8.73177	0	0	0	0	0	0	0	0	0	0	0	0	0	0	0	0
00.000,00.000	14.2	0	-200	0	4.5	354.993	274.196	56.0721	15.9892	8.73491	0	0	0	0	0	0	0	0	0	0	0	0	0	0	0	0
00.000,00.000	14.3	0	-200	0	4.5	362.732	279.672	57.9684	16.3511	8.73976	0	0	0	0	0	0	0	0	0	0	0	0	0	0	0	0
00.000,00.000	14.4	0	-200	0	4.5	370.418	285.07	59.8716	16.7292	8.74728	0	0	0	0	0	0	0	0	0	0	0	0	0	0	0	0
00.000,00.000	14.5	0	-200	0	4.5	377.997	290.33	61.786	17.1234	8.75804	0	0	0	0	0	0	0	0	0	0	0	0	0	0	0	0
00.000,00.000	14.6	0	-200	0	4.5	385.402	295.415	63.6855	17.5292	8.77253	0	0	0	0	0	0	0	0	0	0	0	0	0	0	0	0
00.000,00.000	14.7	0	-200	0	4.5	392.587	300.275	65.5737	17.9472	8.79069	0	0	0	0	0	0	0	0	0	0	0	0	0	0	0	0
00.000,00.000	14.8	0	-200	0	4.5	399.671	305.028	67.4517	18.3776	8.81342	0	0	0	0	0	0	0	0	0	0	0	0	0	0	0	0
00.000,00.000	14.9	0	-200	0	4.5	406.744	309.763	69.3197	18.8203	8.84069	0	0	0	0	0	0	0	0	0	0	0	0	0	0	0	0
00.000,00.000	15	0	-200	0	4.5	413.816	314.485	71.1816	19.2757	8.87354	0	0	0	0	0	0	0	0	0	0	0	0	0	0	0	0
00.000,00.000	15.1	0	-200	0	4.5	420.873	319.178	73.0384	19.7441	8.91191	0	0	0	0	0	0	0	0	0	0	0	0	0	0	0	0
00.000,00.000	15.2	0	-200	0	4.5	427.889	323.82	74.8882	20.2251	8.95533	0	0	0	0	0	0	0	0	0	0	0	0	0	0	0	0
00.000,00.000	15.3	0	-200	0	4.5	434.875	328.42	76.7307	20.7193	9.0045	0	0	0	0	0	0	0	0	0	0	0	0	0	0	0	0
00.000,00.000	15.4	0	-200	0	4.5	441.751	332.899	78.5652	21.2267	9.05966	0	0	0	0	0	0	0	0	0	0	0	0	0	0	0	0
00.000,00.000	15.5	0	-200	0	4.5	448.474	337.212	80.3929	21.7482	9.12092	0	0	0	0	0	0	0	0	0	0	0	0	0	0	0	0
00.000,00.000	15.6	0	-200	0	4.5	457.185	342.707	82.8048	22.4624	9.21159	0	0	0	0	0	0	0	0	0	0	0	0	0	0	0	0
00.000,00.000	15.7	0	-200	0	4.5	464.079	347.1	84.6179	23.068	9.29344	0	0	0	0	0	0	0	0	0	0	0	0	0	0	0	0
00.000,00.000	15.8	0	-200	0	4.5	468.513	349.982	85.6939	23.4821	9.35446	0	0	0	0	0	0	0	0	0	0	0	0	0	0	0	0
00.000,00.000	15.9	0	-200	0	4.5	475.175	354.284	87.3085	24.1253	9.45659	0	0	0	0	0	0	0	0	0	0	0	0	0	0	0	0
00.000,00.000	16	0	-200	0	4.5	481.427	358.311	88.81	24.7445	9.56115	0	0	0	0	0	0	0	0	0	0	0	0	0	0	0	0
00.000,00.000	16.1	0	-200	0	4.5	487.182	361.97	90.031	25.5139	9.66783	0	0	0	0	0	0	0	0	0	0	0	0	0	0	0	0
00.000,00.000	16.2	0	-200	0	4.5	492.941	365.622	91.1123	26.4237	9.78366	0	0	0	0	0	0	0	0	0	0	0	0	0	0	0	0
00.000,00.000	16.3	0	-200	0	4.5	498.632	369.201	92.174	27.3485	9.90836	0	0	0	0	0	0	0	0	0	0	0	0	0	0	0	0
00.000,00.000	16.4	0	-200	0	4.5	504.256	372.714	93.2136	28.2866	10.0416	0	0	0	0	0	0	0	0	0	0	0	0	0	0	0	0
00.000,00.000	16.5	0	-200	0	4.5	511.286	377.053	94.5105	29.4986	10.2238	0	0	0	0	0	0	0	0	0	0	0	0	0	0	0	0
00.000,00.000	16.6	0	-200	0	4.5	518.832	381.786	95.5897	31.0138	10.4424	0	0	0	0	0	0	0	0	0	0	0	0	0	0	0	0
00.000,00.000	16.7	0	-200	0	4.5	521.826	383.689	96.0415	31.5584	10.5372	0	0	0	0	0	0	0	0	0	0	0	0	0	0	0	0
00.000,00.000	16.8	0	-200	0	4.5	524.221	385.186	96.3905	32.0243	10.6202	0	0	0	0	0	0	0	0	0	0	0	0	0	0	0	0
00.000,00.000	16.9	0	-200	0	4.5	528.703	387.986	97.0297	32.9044	10.7832	0	0	0	0	0	0	0	0	0	0	0	0	0	0	0	0
00.000,00.000	17	0	-200	0	4.5	534.548	391.618	97.8611	34.062	11.0074	0	0	0	0	0	0	0	0	0	0	0	0	0	0	0	0
00.000,00.000	17.1	0	-200	0	4.5	539.684	394.79	98.5857	35.0939	11.2147	0	0	0	0	0	0	0	0	0	0	0	0	0	0	0	0
00.000,00.000	17.2	0	-200	0	4.5	544.586	397.818	99.2617	36.0849	11.4214	0	0	0	0	0	0	0	0	0	0	0	0	0	0	0	0
00.000,00.000	17.3	0	-200	0	4.5	549.558	400.896	99.9342	37.0893	11.6383	0	0	0	0	0	0	0	0	0	0	0	0	0	0	0	0
00.000,00.000	17.4	0	-200	0	4.5	554.546	403.964	100.609	38.1058	11.8666	0	0	0	0	0	0	0	0	0	0	0	0	0	0	0	0
00.000,00.000	17.5	0	-200	0	4.5	562.745	408.922	101.741	39.8173	12.2652	0	0	0	0	0	0	0	0	0	0	0	0	0	0	0	0
00.000,00.000	17.6	0	-200	0	4.5	569.528	412.936	102.703	41.2695	12.6186	0	0	0	0	0	0	0	0	0	0	0	0	0	0	0	0
00.000,00.000	17.7	0	-200	0	4.5	571.59	414.142	103.001	41.7162	12.731	0	0	0	0	0	0	0	0	0	0	0	0	0	0	0	0
00.000,00.000	17.8	0	-200	0	4.5	573.01	414.952	103.211	42.0314	12.8145	0	0	0	0	0	0	0	0	0	0	0	0	0	0	0	0
00.000,00.000	17.9	0	-200	0	4.5	576.37	416.908	103.709	42.7452	13.0086	0	0	0	0	0	0	0	0	0	0	0	0	0	0	0	0
00.000,00.000	18	0	-200	0	4.5	583.141	420.816	104.745	44.1711	13.4085	0	0	0	0	0	0	0	0	0	0	0	0	0	0	0	0
00.000,00.000	18.1	0	-200	0	4.5	588.825	424.071	105.65	45.3731	13.7311	0	0	0	0	0	0	0	0	0	0	0	0	0	0	0	0
00.000,00.000	18.2	0	-200	0	4.5	594.025	427.033	106.505	46.4603	14.0259	0	0	0	0	0	0	0	0	0	0	0	0	0	0	0	0
00.000,00.000	18.3	0	-200	0	4.5	599.3	430.031	107.388	47.5479	14.3331	0	0	0	0	0	0	0	0	0	0	0	0	0	0	0	0
00.000,00.000	18.4	0	-200	0	4.5	604.664	433.074	108.3	48.6375	14.6528	0	0	0	0	0	0	0	0	0	0	0	0	0	0	0	0
00.000,00.000	18.5	0	-200	0	4.5	614.547	438.59	110.028	50.6567	15.2717	0	0	0	0	0	0	0	0	0	0	0	0	0	0	0	0
00.000,00.000	18.6	0	-200	0	4.5	621.845	442.59	111.345	52.1698	15.7402	0	0	0	0	0	0	0	0	0	0	0	0	0	0	0	0
00.000,00.000	18.7	0	-200	0	4.5	623.3	443.385	111.612	52.4723	15.8306	0	0	0	0	0	0	0	0	0	0	0	0	0	0	0	0
00.000,00.000	18.8	0	-200	0	4.5	624.347	443.951	111.808	52.6876	15.9001	0	0	0	0	0	0	0	0	0	0	0	0	0	0	0	0
00.000,00.000	18.9	0	-200	0	4.5	628.881	446.459	112.648	53.5737	16.2004	0	0	0	0	0	0	0	0	0	0	0	0	0	0	0	0
00.000,00.000	19	0	-200	0	4.5	636.555	450.723	114.088	55.0337	16.7109	0	0	0	0	0	0	0	0	0	0	0	0	0	0	0	0
00.000,00.000	19.1	0	-200	0	4.5	642.923	454.255	115.309	56.2217	17.1371	0	0	0	0	0	0	0	0	0	0	0	0	0	0	0	0
00.000,00.000	19.2	0	-200	0	4.5	648.76	457.479	116.457	57.2904	17.533	0	0	0	0	0	0	0	0	0	0	0	0	0	0	0	0
00.000,00.000	19.3	0	-200	0	4.5	654.673	460.732	117.651	58.3505	17.9392	0	0	0	0	0	0	0	0	0	0	0	0	0	0	0	0
00.000,00.000	19.4	0	-200	0	4.5	660.666	464.014	118.893	59.4045	18.3544	0	0	0	0	0	0	0	0	0	0	0	0	0	0	0	0
00.000,00.000	19.5	0	-200	0	4.5	666.54	467.281	120.182	60.2944	18.7824	0	0	0	0	0	0	0	0	0	0	0	0	0	0	0	0
00.000,00.000	19.6	0	-200	0	4.5	677.589	473.407	122.754	61.7816	19.6468	0	0	0	0	0	0	0	0	0	0	0	0	0	0	0	0
00.000,00.000	19.7	0	-200	0	4.5	683.464	476.685	124.117	62.5569	20.1057	0	0	0	0	0	0	0	0	0	0	0	0	0	0	0	0
00.000,00.000	19.8	0	-200	0	4.5	686.372	478.287	124.814	62.9299	20.341	0	0	0	0	0	0	0	0	0	0	0	0	0	0	0	0
00.000,00.000	19.9	0	-200	0	4.5	687.044	478.664	124.974	63.013	20.3934	0	0	0	0	0	0	0	0	0	0	0	0	0	0	0	0
00.000,00.000	20	0	-200	0	4.5	697.109	484.26	127.47	64.1811	21.1979	0	0	0	0	0	0	0	0	0	0	0	0	0	0	0	0
00.000,00.000	20.1	0	-200	0	4.5	705.018	488.648	129.468	65.0762	21.8252	0	0	0	0	0	0	0	0	0	0	0	0	0	0	0	0
00.000,00.000	20.2	0	-200	0	4.5	711.287	491.839	131.354	65.7589	22.3337	0	0	0	0	0	0	0	0	0	0	0	0	0	0	0	0
00.000,00.000	20.3	0	-200	0	4.5	717.512	494.836	133.398	66.4252	22.8523	0	0	0	0	0	0	0	0	0	0	0	0	0	0	0	0
00.000,00.000	20.4	0	-200	0	4.5	723.789	497.713	135.614	67.0794	23.3821	0	0	0	0	0	0	0	0	0	0	0	0	0	0	0	0
00.000,00.000	20.5	0	-200	0	4.5	730.143	500.43	138.061	67.7204	23.9312	0	0	0	0	0	0	0	0	0	0	0	0	0	0	0	0
00.000,00.000	20.6	0	-200	0	4.5	755.609	509.682	149.225	70.3749	26.3275	0	0	0	0	0	0	0	0	0	0	0	0	0	0	0	0
00.000,00.000	20.7	0	-200	0	4.5	760.863	511.684	151.452	70.9129	26.8137	0	0	0	0	0	0	0	0	0	0	0	0	0	0	0	0
00.000,00.000	20.8	0	-200	0	4.5	761.455	511.921	151.688	70.9736	26.8725	0	0	0	0	0	0	0	0	0	0	0	0	0	0	0	0
00.000,00.000	20.9	0	-200	0	4.5	762.217	512.247	151.979	71.0468	26.9451	0	0	0	0	0	0	0	0	0	0	0	0	0	0	0	0
00.000,00.000	21	0	-200	0	4.5	774.426	517.506	156.661	72.153	28.1059	0	0	0	0	0	0	0	0	0	0	0	0	0	0	0	0
00.000,00.000	21.1	0	-200	0	4.5	782.949	521.242	159.848	72.9248	28.9341	0	0	0	0	0	0	0	0	0	0	0	0	0	0	0	0
00.000,00.000	21.2	0	-200	0	4.5	789.54	524.198	162.29	73.4896	29.562	0	0	0	0	0	0	0	0	0	0	0	0	0	0	0	0
00.000,00.000	21.3	0	-200	0	4.5	796.386	527.298	164.83	74.0526	30.2059	0	0	0	0	0	0	0	0	0	0	0	0	0	0	0	0
00.000,00.000	21.4	0	-200	0	4.5	803.487	530.538	167.469	74.6146	30.8651	0	0	0	0	0	0	0	0	0	0	0	0	0	0	0	0
00.000,00.000	21.5	0	-200	0	4.5	810.679	533.816	170.163	75.1701	31.5298	0	0	0	0	0	0	0	0	0	0	0	0	0	0	0	0
00.000,00.000	21.6	0	-200	0	4.5	818.165	537.091	173.078	75.7625	32.2344	0	0	0	0	0	0	0	0	0	0	0	0	0	0	0	0
00.000,00.000	21.7	0	-200	0	4.5	841.13	546.75	182.348	77.5892	34.4424	0	0	0	0	0	0	0	0	0	0	0	0	0	0	0	0
00.000,00.000	21.8	0	-200	0	4.5	845.936	548.846	184.252	77.958	34.8807	0	0	0	0	0	0	0	0	0	0	0	0	0	0	0	0
00.000,00.000	21.9	0	-200	0	4.5	846.458	549.085	184.452	77.9955	34.9266	0	0	0	0	0	0	0	0	0	0	0	0	0	0	0	0
00.000,00.000	22	0	-200	0	4.5	862.843	556.706	190.711	79.1216	36.3055	0	0	0	0	0	0	0	0	0	0	0	0	0	0	0	0
00.000,00.000	22.1	0	-200	0	4.5	874.252	562.044	195.095	79.8963	37.2168	0	0	0	0	0	0	0	0	0	0	0	0	0	0	0	0
00.000,00.000	22.2	0	-200	0	4.5	882.535	565.968	198.257	80.4438	37.8659	0	0	0	0	0	0	0	0	0	0	0	0	0	0	0	0
00.000,00.000	22.3	0	-200	0	4.5	890.959	569.998	201.489	80.9919	38.4803	0	0	0	0	0	0	0	0	0	0	0	0	0	0	0	0
00.000,00.000	22.4	0	-200	0	4.5	899.503	574.151	204.712	81.5456	39.0942	0	0	0	0	0	0	0	0	0	0	0	0	0	0	0	0
00.000,00.000	22.5	0	-200	0	4.5	908.282	578.474	207.948	82.1281	39.7313	0	0	0	0	0	0	0	0	0	0	0	0	0	0	0	0
00.000,00.000	22.6	0	-200	0	4.5	916.597	582.385	211.157	82.6939	40.3613	0	0	0	0	0	0	0	0	0	0	0	0	0	0	0	0
00.000,00.000	22.7	0	-200	0	4.5	973.228	604.862	236.054	87.1267	45.1847	0	0	0	0	0	0	0	0	0	0	0	0	0	0	0	0
00.000,00.000	22.8	0	-200	0	4.5	985.432	610.543	240.92	87.9937	45.9755	0	0	0	0	0	0	0	0	0	0	0	0	0	0	0	0
00.000,00.000	22.9	0	-200	0	4.5	985.675	610.663	241.011	88.01	45.9911	0	0	0	0	0	0	0	0	0	0	0	0	0	0	0	0
00.000,00.000	23	0	-200	0	4.5	1023.69	629.362	255.471	90.5726	48.2855	0	0	0	0	0	0	0	0	0	0	0	0	0	0	0	0
00.000,00.000	23.1	0	-200	0	4.5	1041.03	637.836	262.125	91.7778	49.2904	0	0	0	0	0	0	0	0	0	0	0	0	0	0	0	0
00.000,00.000	23.2	0	-200	0	4.5	1049.29	641.748	265.419	92.365	49.76	1.34337e-14	0	0	0	0	0	0	0	0	0	0	0	0	0	0	0
00.000,00.000	23.3	0	-200	0	4.5	1057.68	645.643	268.816	92.9683	50.2278	0.023689	0	0	0	0	0	0	0	0	0	0	0	0	0	0	0
00.000,00.000	23.4	0	-200	0	4.5	1066.24	649.619	272.291	93.5869	50.6912	0.0478524	0	0	0	0	0	0	0	0	0	0	0	0	0	0	0
00.000,00.000	23.5	0	-200	0	4.5	1074.88	653.574	275.859	94.2208	51.1538	0.072673	0	0	0	0	0	0	0	0	0	0	0	0	0	0	0
00.000,00.000	23.6	0	-200	0	4.5	1086.17	658.033	281.15	95.0947	51.7808	0.107446	0	0	0	0	0	0	0	0	0	0	0	0	0	0	0
00.000,00.000	23.7	0	-200	0	4.5	1125.04	671.309	300.814	98.5275	54.0908	0.301945	0	0	0	0	0	0	0	0	0	0	0	0	0	0	0
00.000,00.000	23.8	0	-200	0	4.5	1136.71	676.116	306.123	99.5107	54.5807	0.375379	0	0	0	0	0	0	0	0	0	0	0	0	0	0	0
00.000,00.000	23.9	0	-200	0	4.5	1136.79	676.151	306.163	99.5179	54.5849	0.375903	0	0	0	0	0	0	0	0	0	0	0	0	0	0	0
00.000,00.000	24	0	-200	0	4.5	1154.03	682.98	314.281	100.946	55.342	0.482729	0	0	0	0	0	0	0	0	0	0	0	0	0	0	0
00.000,00.000	24.1	0	-200	0	4.5	1175.6	692.088	323.997	102.661	56.2431	0.613653	0	0	0	0	0	0	0	0	0	0	0	0	0	0	0
00.000,00.000	24.2	0	-200	0	4.5	1186.78	696.668	329.176	103.555	56.7037	0.681144	0	0	0	0	0	0	0	0	0	0	0	0	0	0	0
00.000,00.000	24.3	0	-200	0	4.5	1195.58	700.186	333.332	104.267	57.0576	0.733919	0	0	0	0	0	0	0	0	0	0	0	0	0	0	0
00.000,00.000	24.4	0	-200	0	4.5	1204.45	703.846	337.407	104.998	57.4132	0.787606	0	0	0	0	0	0	0	0	0	0	0	0	0	0	0
00.000,00.000	24.5	0	-200	0	4.5	1213.39	707.474	341.545	105.752	57.7752	0.842706	0	0	0	0	0	0	0	0	0	0	0	0	0	0	0
00.000,00.000	24.6	0	-200	0	4.5	1241.76	716.21	356.681	108.652	59.1237	1.08821	0	0	0	0	0	0	0	0	0	0	0	0	0	0	0
00.000,00.000	24.7	0	-200	0	4.5	1253.82	720.953	362.134	109.71	59.6124	1.20545	0.204677	0	0	0	0	0	0	0	0	0	0	0	0	0	0
00.000,00.000	24.8	0	-200	0	4.5	1254.24	721.084	362.348	109.753	59.6306	1.20966	0.213989	0	0	0	0	0	0	0	0	0	0	0	0	0	0
00.000,00.000	24.9	0	-200	0	4.5	1259.71	723.515	364.591	110.214	59.8169	1.25797	0.316481	0	0	0	0	0	0	0	0	0	0	0	0	0	0
00.000,00.000	25	0	-200	0	4.5	1269.67	727.353	369.069	111.169	60.1926	1.35962	0.528995	0	0	0	0	0	0	0	0	0	0	0	0	0	0
00.000,00.000	25.1	0	-200	0	4.5	1282.56	732.421	374.777	112.412	60.6595	1.48839	0.799876	0	0	0	0	0	0	0	0	0	0	0	0	0	0
00.000,00.000	25.2	0	-200	0	4.5	1292.8	737.055	378.879	113.307	60.9857	1.58176	0.995947	0	0	0	0	0	0	0	0	0	0	0	0	0	0
00.000,00.000	25.3	0	-200	0	4.5	1302.87	741.623	382.905	114.192	61.29	1.67135	1.18585	0	0	0	0	0	0	0	0	0	0	0	0	0	0
00.000,00.000	25.4	0	-200	0	4.5	1312.69	746.056	386.868	115.05	61.5803	1.76075	1.37135	0	0	0	0	0	0	0	0	0	0	0	0	0	0
00.000,00.000	25.5	0	-200	0	4.5	1322.54	750.68	390.698	115.909	61.8528	1.8473	1.55059	0	0	0	0	0	0	0	0	0	0	0	0	0	0
00.000,00.000	25.6	0	-200	0	4.5	1348.34	761.052	401.835	118.605	62.6519	2.10043	2.09763	0	0	0	0	0	0	0	0	0	0	0	0	0	0
00.000,00.000	25.7	0	-200	0	4.5	1391.7	779.383	419.635	123.183	63.9566	2.52497	3.02235	0	0	0	0	0	0	0	0	0	0	0	0	0	0
00.000,00.000	25.8	0	-200	0	4.5	1397.99	782.102	422.244	123.735	64.1538	2.59684	3.15905	0	0	0	0	0	0	0	0	0	0	0	0	0	0
00.000,00.000	25.9	0	-200	0	4.5	1398.59	782.424	422.443	123.785	64.1669	2.6012	3.16894	0	0	0	0	0	0	0	0	0	0	0	0	0	0
00.000,00.000	26	0	-200	0	4.5	1432.41	799.787	434.406	126.68	64.9258	2.85863	3.75426	0	0	0	0	0	0	0	0	0	0	0	0	0	0
00.000,00.000	26.1	0	-200	0	4.5	1449.27	807.97	440.735	128.143	65.3449	3.0004	4.07211	0	0	0	0	0	0	0	0	0	0	0	0	0	0
00.000,00.000	26.2	0	-200	0	4.5	1459.38	813.041	444.426	129.019	65.5721	3.07586	4.24692	0	0	0	0	0	0	0	0	0	0	0	0	0	0
00.000,00.000	26.3	0	-200	0	4.5	1470.26	818.551	448.368	129.962	65.802	3.15198	4.42847	0	0	0	0	0	0	0	0	0	0	0	0	0	0
00.000,00.000	26.4	0	-200	0	4.5	1481.39	824.194	452.411	130.926	66.0264	3.22546	4.60908	0	0	0	0	0	0	0	0	0	0	0	0	0	0
00.000,00.000	26.5	0	-200	0	4.5	1492.74	829.962	456.474	131.974	66.2438	3.29661	4.78962	0	0	0	0	0	0	0	0	0	0	0	0	0	0
00.000,00.000	26.6	0	-200	0	4.5	1524.84	845.77	468.26	135.125	66.8514	3.50111	5.33062	0	0	0	0	0	0	0	0	0	0	0	0	0	0
00.000,00.000	26.7	0	-200	0	4.5	1537.38	852.03	472.788	136.356	67.0894	3.5784	5.54045	0	0	0	0	0	0	0	0	0	0	0	0	0	0
00.000,00.000	26.8	0	-200	0	4.5	1538.81	852.759	473.297	136.495	67.113	3.58638	5.5631	0	0	0	0	0	0	0	0	0	0	0	0	0	0
00.000,00.000	26.9	0	-200	0	4.5	1539.62	853.177	473.579	136.571	67.1256	3.59051	5.57528	0	0	0	0	0	0	0	0	0	0	0	0	0	0
00.000,00.000	27	0	-200	0	4.5	1568.12	868.003	483.531	139.317	67.5429	3.72776	5.99577	0	0	0	0	0	0	0	0	0	0	0	0	0	0
00.000,00.000	27.1	0	-200	0	4.5	1585.6	876.906	489.763	141.005	67.8488	3.81191	6.26033	0	0	0	0	0	0	0	0	0	0	0	0	0	0
00.000,00.000	27.2	0	-200	0	4.5	1597.75	883.147	494.014	142.245	68.0408	3.86582	6.43786	0	0	0	0	0	0	0	0	0	0	0	0	0	0
00.000,00.000	27.3	0	-200	0	4.5	1610.21	889.626	498.289	143.532	68.2291	3.91786	6.61643	0	0	0	0	0	0	0	0	0	0	0	0	0	0
00.000,00.000	27.4	0	-200	0	4.5	1622.86	896.319	502.511	144.852	68.4118	3.96765	6.79494	0	0	0	0	0	0	0	0	0	0	0	0	0	0
00.000,00.000	27.5	0	-200	0	4.5	1635.69	903.195	506.699	146.22	68.59	4.01518	6.97348	0	0	0	0	0	0	0	0	0	0	0	0	0	0
00.000,00.000	27.6	0	-200	0	4.5	1674	923.7	518.955	150.589	69.0959	4.14968	7.29756	0.211229	0	0	0	0	0	0	0	0	0	0	0	0	0
00.000,00.000	27.7	0	-200	0	4.5	1701.45	938.609	527.573	153.687	69.4516	4.24015	7.2631	0.62255	0	0	0	0	0	0	0	0	0	0	0	0	0
00.000,00.000	27.8	0	-200	0	4.5	1703.81	939.936	528.273	153.95	69.4838	4.24768	7.2631	0.655162	0	0	0	0	0	0	0	0	0	0	0	0	0
00.000,00.000	27.9	0	-200	0	4.5	1704.67	940.43	528.529	154.041	69.4939	4.25004	7.2631	0.666279	0	0	0	0	0	0	0	0	0	0	0	0	0
00.000,00.000	28	0	-200	0	4.5	1736.68	958.902	537.918	157.339	69.8544	4.3305	7.2631	1.06898	0	0	0	0	0	0	0	0	0	0	0	0	0
00.000,00.000	28.1	0	-200	0	4.5	1757.24	970.972	543.853	159.354	70.0904	4.38003	7.2631	1.3273	0	0	0	0	0	0	0	0	0	0	0	0	0
00.000,00.000	28.2	0	-200	0	4.5	1771.67	979.501	547.953	160.791	70.2486	4.41194	7.2631	1.5062	0	0	0	0	0	0	0	0	0	0	0	0	0
00.000,00.000	28.3	0	-200	0	4.5	1786.1	988.146	551.958	162.207	70.4032	4.44157	7.2631	1.68296	0	0	0	0	0	0	0	0	0	0	0	0	0
00.000,00.000	28.4	0	-200	0	4.5	1800.73	997.033	555.924	163.622	70.556	4.46937	7.2631	1.85968	0	0	0	0	0	0	0	0	0	0	0	0	0
00.000,00.000	28.5	0	-200	0	4.5	1815.51	1006.15	559.834	165.026	70.7063	4.49536	7.2631	2.0366	0	0	0	0	0	0	0	0	0	0	0	0	0
00.000,00.000	28.6	0	-200	0	4.5	1844.63	1024.1	567.557	167.771	71.0017	4.54343	7.2631	2.39434	0	0	0	0	0	0	0	0	0	0	0	0	0
00.000,00.000	28.7	0	-200	0	4.5	1864.96	1036.75	572.829	169.697	71.2032	4.57397	7.2631	2.64063	0	0	0	0	0	0	0	0	0	0	0	0	0
00.000,00.000	28.8	0	-200	0	4.5	1867.51	1038.36	573.474	169.935	71.2289	4.57749	7.2631	2.67142	0	0	0	0	0	0	0	0	0	0	0	0	0
00.000,00.000	28.9	0	-200	0	4.5	1869.36	1039.56	573.924	170.098	71.2461	4.57951	7.2631	2.69285	0	0	0	0	0	0	0	0	0	0	0	0	0
00.000,00.000	29	0	-200	0	4.5	1893.15	1055.1	579.606	172.167	71.4528	4.60189	7.2631	2.96426	0	0	0	0	0	0	0	0	0	0	0	0	0
00.000,00.000	29.1	0	-200	0	4.5	1911.88	1067.51	583.904	173.796	71.6159	4.61712	7.2631	3.17683	0	0	0	0	0	0	0	0	0	0	0	0	0
00.000,00.000	29.2	0	-200	0	4.5	1927.51	1077.95	587.419	175.146	71.7487	4.62702	7.2631	3.35001	0	0	0	0	0	0	0	0	0	0	0	0	0
00.000,00.000	29.3	0	-200	0	4.5	1943.28	1088.58	590.92	176.478	71.8815	4.63447	7.2631	3.5216	0	0	0	0	0	0	0	0	0	0	0	0	0
00.000,00.000	29.4	0	-200	0	4.5	1959.23	1099.37	594.417	177.835	72.0134	4.63953	7.2631	3.69134	0	0	0	0	0	0	0	0	0	0	0	0	0
00.000,00.000	29.5	0	-200	0	4.5	1975.3	1110.14	597.982	179.248	72.1601	4.6429	7.26327	3.86421	0	0	0	0	0	0	0	0	0	0	0	0	0
00.000,00.000	29.6	0	-200	0	4.5	2012.43	1134.9	606.302	182.517	72.5328	4.64826	7.26586	4.26819	0	0	0	0	0	0	0	0	0	0	0	0	0
00.000,00.000	29.7	0	-200	0	4.5	2026.07	1144.03	609.309	183.724	72.672	4.64977	7.26846	4.41858	0	0	0	0	0	0	0	0	0	0	0	0	0
00.000,00.000	29.8	0	-200	0	4.5	2033.51	1149.13	610.881	184.338	72.7433	4.65007	7.27229	4.49604	0	0	0	0	0	0	0	0	0	0	0	0	0
00.000,00.000	29.9	0	-200	0	4.5	2035.26	1150.36	611.226	184.475	72.7594	4.65009	7.27344	4.51365	0	0	0	0	0	0	0	0	0	0	0	0	0
00.000,00.000	30	0	-200	0	4.5	2065.67	1171.69	617.378	186.729	73.1065	4.65009	7.30238	4.81037	0	0	0	0	0	0	0	0	0	0	0	0	0
00.000,00.000	30.1	0	-200	0	4.5	2087.45	1187.03	621.676	188.311	73.4419	4.65009	7.32764	5.02012	0	0	0	0	0	0	0	0	0	0	0	0	0
00.000,00.000	30.2	0	-200	0	4.5	2103.69	1198.51	624.862	189.474	73.6604	4.65009	7.35335	5.17487	0	0	0	0	0	0	0	0	0	0	0	0	0
00.000,00.000	30.3	0	-200	0	4.5	2119.73	1209.84	628.049	190.614	73.8722	4.65009	7.38518	5.32806	0	0	0	0	0	0	0	0	0	0	0	0	0
00.000,00.000	30.4	0	-200	0	4.5	2135.57	1220.97	631.228	191.744	74.0777	4.65009	7.42315	5.47945	0	0	0	0	0	0	0	0	0	0	0	0	0
00.000,00.000	30.5	0	-200	0	4.5	2151.36	1232.09	634.394	192.847	74.2769	4.65009	7.46786	5.62926	0	0	0	0	0	0	0	0	0	0	0	0	0
00.000,00.000	30.6	0	-200	0	4.5	2185.32	1254.82	641.975	195.524	74.7563	4.65009	7.59698	6.00169	0	0	0	0	0	0	0	0	0	0	0	0	0
00.000,00.000	30.7	0	-200	0	4.5	2203.03	1266.86	645.824	196.838	75.0035	4.65009	7.66929	6.18687	0	0	0	0	0	0	0	0	0	0	0	0	0
00.000,00.000	30.8	0	-200	0	4.5	2204.09	1267.57	646.064	196.919	75.0192	4.65009	7.67443	6.19848	0	0	0	0	0	0	0	0	0	0	0	0	0
00.000,00.000	30.9	0	-200	0	4.5	2209.89	1271.7	647.215	197.285	75.087	4.65009	7.70244	6.25269	0	0	0	0	0	0	0	0	0	0	0	0	0
00.000,00.000	31	0	-200	0	4.5	2234.2	1288.76	652.169	198.886	75.4095	4.65009	7.83509	6.48796	0	0	0	0	0	0	0	0	0	0	0	0	0
00.000,00.000	31.1	0	-200	0	4.5	2251.38	1300.71	655.723	200.028	75.6741	4.65009	7.93996	6.65796	0	0	0	0	0	0	0	0	0	0	0	0	0
00.000,00.000	31.2	0	-200	0	4.5	2265.17	1310.32	658.528	200.909	75.9373	4.65009	8.03488	6.79337	0	0	0	0	0	0	0	0	0	0	0	0	0
00.000,00.000	31.3	0	-200	0	4.5	2279.04	1320	661.36	201.762	76.1931	4.65009	8.14021	6.92955	0	0	0	0	0	0	0	0	0	0	0	0	0
00.000,00.000	31.4	0	-200	0	4.5	2292.81	1329.62	664.211	202.572	76.4393	4.65009	8.25403	7.06359	0	0	0	0	0	0	0	0	0	0	0	0	0
00.000,00.000	31.5	0	-200	0	4.5	2305.7	1338.39	667.011	203.378	76.6877	4.65009	8.38235	7.20278	0	0	0	0	0	0	0	0	0	0	0	0	0
00.000,00.000	31.6	0	-200	0	4.5	2333.69	1356	673.933	205.4	77.3893	4.65009	8.74994	7.5639	0	0	0	0	0	0	0	0	0	0	0	0	0
00.000,00.000	31.7	0	-200	0	4.5	2362.2	1375.44	679.843	207.129	78.1077	4.65009	9.13528	7.89088	0	0	0	0	0	0	0	0	0	0	0	0	0
00.000,00.000	31.8	0	-200	0	4.5	2365.33	1377.62	680.432	207.317	78.1986	4.65009	9.18443	7.92726	0	0	0	0	0	0	0	0	0	0	0	0	0
00.000,00.000	31.9	0	-200	0	4.5	2368.27	1379.68	680.995	207.473	78.2727	4.65009	9.23483	7.95945	0	0	0	0	0	0	0	0	0	0	0	0	0
00.000,00.000	32	0	-200	0	4.5	2393.96	1398.23	685.764	208.652	78.8224	4.65009	9.6266	8.20984	0	0	0	0	0	0	0	0	0	0	0	0	0
00.000,00.000	32.1	0	-200	0	4.5	2411.06	1410.6	688.886	209.407	79.2494	4.65009	9.89781	8.37618	0	0	0	0	0	0	0	0	0	0	0	0	0
00.000,00.000	32.2	0	-200	0	4.5	2423.67	1419.63	691.284	209.948	79.5504	4.65009	10.1083	8.50102	0	0	0	0	0	0	0	0	0	0	0	0	0
00.000,00.000	32.3	0	-200	0	4.5	2435.51	1428.31	693.413	210.405	79.8079	4.65009	10.309	8.61129	0	0	0	0	0	0	0	0	0	0	0	0	0
00.000,00.000	32.4	0	-200	0	4.5	2448.22	1437.67	695.696	210.869	80.0721	4.65009	10.5396	8.72902	0	0	0	0	0	0	0	0	0	0	0	0	0
00.000,00.000	32.5	0	-200	0	4.5	2459.27	1445.08	698.155	211.353	80.3575	4.65009	10.8169	8.86164	0	0	0	0	0	0	0	0	0	0	0	0	0
00.000,00.000	32.6	0	-200	0	4.5	2489.15	1466	704.145	212.504	81.0581	4.65009	11.5869	9.20692	0	0	0	0	0	0	0	0	0	0	0	0	0
00.000,00.000	32.7	0	-200	0	4.5	2494.48	1469.64	705.251	212.732	81.1956	4.65009	11.7368	9.27298	0	0	0	0	0	0	0	0	0	0	0	0	0
00.000,00.000	32.8	0	-200	0	4.5	2503.7	1475.73	707.31	213.143	81.422	4.65009	12.0562	9.39729	0	0	0	0	0	0	0	0	0	0	0	0	0
00.000,00.000	32.9	0	-200	0	4.5	2505.76	1477.11	707.74	213.226	81.4707	4.65009	12.1348	9.42363	0	0	0	0	0	0	0	0	0	0	0	0	0
00.000,00.000	33	0	-200	0	4.5	2507.57	1478.37	708.104	213.29	81.5064	4.65009	12.2082	9.44515	0	0	0	0	0	0	0	0	0	0	0	0	0
00.000,00.000	33.1	0	-200	0	4.5	2526.36	1491.63	711.766	213.904	81.8318	4.65009	12.9193	9.65618	0	0	0	0	0	0	0	0	0	0	0	0	0
00.000,00.000	33.2	0	-200	0	4.5	2538.24	1500.26	713.919	214.248	82.0164	4.65009	13.3647	9.78071	0	0	0	0	0	0	0	0	0	0	0	0	0
00.000,00.000	33.3	0	-200	0	4.5	2548.62	1507.94	715.721	214.516	82.1546	4.65009	13.7459	9.88388	0	0	0	0	0	0	0	0	0	0	0	0	0
00.000,00.000	33.4	0	-200	0	4.5	2559.08	1515.81	717.465	214.759	82.2774	4.65009	14.1354	9.98323	0	0	0	0	0	0	0	0	0	0	0	0	0
00.000,00.000	33.5	0	-200	0	4.5	2569.5	1523.71	719.16	214.979	82.3848	4.65009	14.5346	10.0148	0.0644972	0	0	0	0	0	0	0	0	0	0	0	0
00.000,00.000	33.6	0	-200	0	4.5	2577.19	1528.8	720.847	215.201	82.494	4.65009	15.0033	10.0167	0.172886	0	0	0	0	0	0	0	0	0	0	0	0
00.000,00.000	33.7	0	-200	0	4.5	2597.62	1543.32	724.607	215.673	82.8046	4.65009	16.1187	10.026	0.415526	0	0	0	0	0	0	0	0	0	0	0	0
00.000,00.000	33.8	0	-200	0	4.5	2614.04	1555.08	727.471	216.029	83.0349	4.65009	17.1237	10.0249	0.621714	0	0	0	0	0	0	0	0	0	0	0	0
00.000,00.000	33.9	0	-200	0	4.5	2615.81	1556.35	727.778	216.066	83.0584	4.65009	17.2403	10.0205	0.64792	0	0	0	0	0	0	0	0	0	0	0	0
00.000,00.000	34	0	-200	0	4.5	2640.27	1574.37	731.64	216.516	83.3619	4.65009	18.7948	10.0275	0.908697	0	0	0	0	0	0	0	0	0	0	0	0
00.000,00.000	34.1	0	-200	0	4.5	2654.06	1584.56	733.723	216.753	83.5455	4.65009	19.7355	10.0276	1.05849	0	0	0	0	0	0	0	0	0	0	0	0
00.000,00.000	34.2	0	-200	0	4.5	2662.14	1590.62	734.888	216.883	83.6405	4.65009	20.2925	10.0285	1.14179	0	0	0	0	0	0	0	0	0	0	0	0
00.000,00.000	34.3	0	-200	0	4.5	2670.53	1596.98	736.045	217.005	83.7272	4.65009	20.8702	10.0299	1.22379	0	0	0	0	0	0	0	0	0	0	0	0
00.000,00.000	34.4	0	-200	0	4.5	2679.06	1603.51	737.168	217.121	83.8059	4.65009	21.4683	10.0324	1.30419	0	0	0	0	0	0	0	0	0	0	0	0
00.000,00.000	34.5	0	-200	0	4.5	2687.6	1610.1	738.244	217.229	83.8761	4.65009	22.0845	10.0359	1.38282	0	0	0	0	0	0	0	0	0	0	0	0
00.000,00.000	34.6	0	-200	0	4.5	2694.05	1614.82	739.08	217.327	83.9372	4.65009	22.7393	10.0406	1.463	0	0	0	0	0	0	0	0	0	0	0	0
00.000,00.000	34.7	0	-200	0	4.5	2747.62	1654.64	745.462	218.221	84.3043	4.79734	27.9809	10.0962	2.11776	0	0	0	0	0	0	0	0	0	0	0	0
00.000,00.000	34.8	0	-200	0	4.5	2758.57	1662.66	746.777	218.453	84.3836	4.90473	29.0332	10.1108	2.24662	0	0	0	0	0	0	0	0	0	0	0	0
00.000,00.000	34.9	0	-200	0	4.5	2759.34	1663.24	746.852	218.469	84.3884	4.91229	29.1088	10.1129	2.25513	0	0	0	0	0	0	0	0	0	0	0	0
00.000,00.000	35	0	-200	0	4.5	2780.53	1679.29	748.857	218.851	84.5089	5.08934	31.2701	10.1844	2.48001	0	0	0	0	0	0	0	0	0	0	0	0
00.000,00.000	35.1	0	-200	0	4.5	2792.02	1687.98	749.904	219.085	84.5691	5.1974	32.4572	10.2291	2.60116	0	0	0	0	0	0	0	0	0	0	0	0
00.000,00.000	35.2	0	-200	0	4.5	2798.39	1692.8	750.445	219.206	84.5994	5.24882	33.1623	10.26	2.66708	0	0	0	0	0	0	0	0	0	0	0	0
00.000,00.000	35.3	0	-200	0	4.5	2804.81	1697.69	750.952	219.321	84.6287	5.29752	33.8905	10.2961	2.73136	0	0	0	0	0	0	0	0	0	0	0	0
00.000,00.000	35.4	0	-200	0	4.5	2811.18	1702.54	751.448	219.429	84.6553	5.34391	34.6348	10.338	2.79404	0	0	0	0	0	0	0	0	0	0	0	0
00.000,00.000	35.5	0	-200	0	4.5	2817.43	1707.28	751.923	219.531	84.6791	5.38798	35.3874	10.3852	2.85495	0	0	0	0	0	0	0	0	0	0	0	0
00.000,00.000	35.6	0	-200	0	4.5	2823.79	1712.07	752.39	219.634	84.7006	5.43357	36.1962	10.4414	2.9187	0	0	0	0	0	0	0	0	0	0	0	0
00.000,00.000	35.7	0	-200	0	4.5	2869.3	1746.44	755.391	220.338	84.7848	5.82144	42.2087	10.9218	3.40189	0	0	0	0	0	0	0	0	0	0	0	0
00.000,00.000	35.8	0	-200	0	4.5	2878.32	1753.22	756.009	220.578	84.8115	5.92101	43.2606	11.0227	3.49573	0	0	0	0	0	0	0	0	0	0	0	0
00.000,00.000	35.9	0	-200	0	4.5	2878.56	1753.4	756.023	220.584	84.8121	5.92299	43.2913	11.0257	3.49798	0	0	0	0	0	0	0	0	0	0	0	0
00.000,00.000	36	0	-200	0	4.5	2900.18	1769.67	757.246	221.086	84.8554	6.09495	46.2009	11.3262	3.69914	0	0	0	0	0	0	0	0	0	0	0	0
00.000,00.000	36.1	0	-200	0	4.5	2921.64	1785.79	758.539	221.585	84.8938	6.26224	49.0349	11.6409	3.89579	0	0	0	0	0	0	0	0	0	0	0	0
00.000,00.000	36.2	0	-200	0	4.5	2924.78	1788.14	758.722	221.671	84.8991	6.28757	49.4316	11.7106	3.92435	0	0	0	0	0	0	0	0	0	0	0	0
00.000,00.000	36.3	0	-200	0	4.5	2929.03	1791.32	758.939	221.775	84.9039	6.31403	50.0106	11.808	3.95998	0	0	0	0	0	0	0	0	0	0	0	0
00.000,00.000	36.4	0	-200	0	4.5	2960.65	1815.16	760.5	222.598	84.9185	6.49381	54.2106	12.5566	4.2179	0	0	0	0	0	0	0	0	0	0	0	0
00.000,00.000	36.5	0	-200	0	4.5	2966.56	1819.61	760.794	222.765	84.9223	6.53144	54.9537	12.7067	4.26792	0	0	0	0	0	0	0	0	0	0	0	0
00.000,00.000	36.6	0	-200	0	4.5	2992.79	1839.65	761.979	223.294	84.9252	6.65889	58.4004	13.3964	4.48171	0	0	0	0	0	0	0	0	0	0	0	0
00.000,00.000	36.7	0	-200	0	4.5	3002.79	1847.31	762.412	223.514	84.9258	6.79873	59.6044	13.6566	4.56192	0	0	0	0	0	0	0	0	0	0	0	0
00.000,00.000	36.8	0	-200	0	4.5	3003.47	1847.83	762.439	223.528	84.9258	6.80603	59.6982	13.6772	4.56695	0	0	0	0	0	0	0	0	0	0	0	0
00.000,00.000	36.9	0	-200	0	4.5	3003.52	1847.87	762.441	223.529	84.9258	6.80657	59.7045	13.6787	4.56728	0	0	0	0	0	0	0	0	0	0	0	0
00.000,00.000	37	0	-200	0	4.5	3030.92	1868.75	763.428	224.065	84.9258	7.12971	63.2975	14.5786	4.75139	0	0	0	0	0	0	0	0	0	0	0	0
00.000,00.000	37.1	0	-200	0	4.5	3040.88	1876.31	763.826	224.259	84.9258	7.25006	64.5851	14.905	4.81726	0	0	0	0	0	0	0	0	0	0	0	0
00.000,00.000	37.2	0	-200	0	4.5	3043.08	1877.99	763.906	224.3	84.9258	7.27403	64.8734	14.9804	4.83068	0	0	0	0	0	0	0	0	0	0	0	0
00.000,00.000	37.3	0	-200	0	4.5	3048.51	1882.15	764.089	224.397	84.9258	7.32713	65.5797	15.1742	4.86195	0	0	0	0	0	0	0	0	0	0	0	0
00.000,00.000	37.4	0	-200	0	4.5	3056.93	1888.68	764.361	224.534	84.9258	7.40642	66.6435	15.4791	4.9085	0	0	0	0	0	0	0	0	0	0	0	0
00.000,00.000	37.5	0	-200	0	4.5	3059.9	1890.98	764.453	224.581	84.9258	7.43341	67.0189	15.5864	4.92434	0	0	0	0	0	0	0	0	0	0	0	0
00.000,00.000	37.6	0	-200	0	4.5	3064.01	1894.23	764.573	224.642	84.9258	7.46752	67.5	15.7288	4.94492	0	0	0	0	0	0	0	0	0	0	0	0
00.000,00.000	37.7	0	-200	0	4.5	3068.71	1897.89	764.708	224.709	84.9258	7.50363	68.1033	15.9037	4.96657	0	0	0	0	0	0	0	0	0	0	0	0
00.000,00.000	37.8	0	-200	0	4.5	3073.58	1901.66	764.845	224.774	84.9258	7.53799	68.7454	16.1037	4.98716	0	0	0	0	0	0	0	0	0	0	0	0
00.000,00.000	37.9	0	-200	0	4.5	3074.43	1902.33	764.869	224.785	84.9258	7.54381	68.8474	16.1405	4.99069	0	0	0	0	0	0	0	0	0	0	0	0
00.000,00.000	38	0	-200	0	4.5	3085.56	1911.11	765.139	224.948	84.9258	7.60669	70.1717	16.6213	5.03058	0	0	0	0	0	0	0	0	0	0	0	0
00.000,00.000	38.1	0	-200	0	4.5	3089.52	1914.25	765.233	225.016	84.9258	7.62738	70.6432	16.7809	5.0441	0	0	0	0	0	0	0	0	0	0	0	0
00.000,00.000	38.2	0	-200	0	4.5	3093.43	1917.36	765.314	225.077	84.9258	7.64588	71.0955	16.9535	5.0555	0	0	0	0	0	0	0	0	0	0	0	0
00.000,00.000	38.3	0	-200	0	4.5	3097.44	1920.59	765.394	225.14	84.9258	7.6629	71.4958	17.1663	5.06614	0	0	0	0	0	0	0	0	0	0	0	0
00.000,00.000	38.4	0	-200	0	4.5	3103.12	1925.14	765.495	225.224	84.9258	7.68291	72.1491	17.4209	5.07901	0	0	0	0	0	0	0	0	0	0	0	0
00.000,00.000	38.5	0	-200	0	4.5	3107.5	1928.73	765.576	225.288	84.9258	7.69755	72.577	17.6102	5.08777	0	0	0	0	0	0	0	0	0	0	0	0
00.000,00.000	38.6	0	-200	0	4.5	3111.91	1932.36	765.651	225.349	84.9258	7.71018	73.0394	17.7821	5.09489	0	0	0	0	0	0	0	0	0	0	0	0
00.000,00.000	38.7	0	-200	0	4.5	3116.41	1935.95	765.719	225.405	84.9258	7.71761	73.5513	18.0449	5.10043	0	0	0	0	0	0	0	0	0	0	0	0
00.000,00.000	38.8	0	-200	0	4.5	3120.9	1939.74	765.784	225.461	84.9258	7.72596	73.9473	18.2088	5.10457	0	0	0	0	0	0	0	0	0	0	0	0
00.000,00.000	38.9	0	-200	0	4.5	3125.3	1943.39	765.841	225.512	84.9258	7.73336	74.3861	18.4042	5.10698	0	0	0	0	0	0	0	0	0	0	0	0
00.000,00.000	39	0	-200	0	4.5	3129.96	1947.16	765.892	225.561	84.9258	7.74034	74.8836	18.6914	5.10778	0	0	0	0	0	0	0	0	0	0	0	0
00.000,00.000	39.1	0	-200	0	4.5	3134.6	1950.94	765.939	225.607	84.9258	7.74625	75.3679	18.9702	5.10778	0	0	0	0	0	0	0	0	0	0	0	0
00.000,00.000	39.2	0	-200	0	4.5	3139.01	1954.72	765.98	225.651	84.9258	7.75138	75.7325	19.1413	5.10778	0	0	0	0	0	0	0	0	0	0	0	0
00.000,00.000	39.3	0	-200	0	4.5	3143.35	1958.42	766.017	225.691	84.9258	7.75602	76.1061	19.3274	5.10778	0	0	0	0	0	0	0	0	0	0	0	0
00.000,00.000	39.4	0	-200	0	4.5	3147.98	1962.25	766.05	225.729	84.9258	7.76012	76.5457	19.6138	5.10778	0	0	0	0	0	0	0	0	0	0	0	0
00.000,00.000	39.5	0	-200	0	4.5	3152.59	1966.04	766.081	225.765	84.9258	7.76324	76.995	19.9153	5.10778	0	0	0	0	0	0	0	0	0	0	0	0
00.000,00.000	39.6	0	-200	0	4.5	3156.99	1969.84	766.108	225.798	84.9258	7.76521	77.3452	20.0988	5.10778	0	0	0	0	0	0	0	0	0	0	0	0
00.000,00.000	39.7	0	-200	0	4.5	3161.33	1973.61	766.132	225.827	84.9258	7.76716	77.6656	20.2869	5.10778	0	0	0	0	0	0	0	0	0	0	0	0
00.000,00.000	39.8	0	-200	0	4.5	3166.01	1977.54	766.154	225.855	84.9258	7.81049	78.0444	20.5794	5.10778	0	0	0	0	0	0	0	0	0	0	0	0
00.000,00.000	39.9	0	-200	0	4.5	3170.81	1981.36	766.173	225.879	84.9258	7.938	78.5352	20.8884	5.10778	0	0	0	0	0	0	0	0	0	0	0	0
00.000,00.000	40	0	-200	0	4.5	3175.44	1985.24	766.191	225.901	84.9258	8.02438	78.9535	21.0946	5.10778	0	0	0	0	0	0	0	0	0	0	0	0
00.000,00.000	40.1	0	-200	0	4.5	3179.92	1989.08	766.211	225.92	84.9258	8.02448	79.3484	21.3049	5.10778	0	0	0	0	0	0	0	0	0	0	0	0
00.000,00.000	40.2	0	-200	0	4.5	3184.58	1992.92	766.23	225.937	84.9258	8.02448	79.8275	21.6098	5.10778	0	0	0	0	0	0	0	0	0	0	0	0
00.000,00.000	40.3	0	-200	0	4.5	3189.2	1996.68	766.246	225.951	84.9258	8.02448	80.3213	21.9345	5.10778	0	0	0	0	0	0	0	0	0	0	0	0
00.000,00.000	40.4	0	-200	0	4.5	3193.59	2000.46	766.261	225.963	84.9258	8.02448	80.6924	22.1601	5.10778	0	0	0	0	0	0	0	0	0	0	0	0
00.000,00.000	40.5	0	-200	0	4.5	3197.94	2004.19	766.274	225.973	84.9258	8.02448	81.0564	22.3908	5.10778	0	0	0	0	0	0	0	0	0	0	0	0
00.000,00.000	40.6	0	-200	0	4.5	3202.49	2007.94	766.285	225.982	84.9258	8.02448	81.5169	22.7054	5.10778	0	0	0	0	0	0	0	0	0	0	0	0
00.000,00.000	40.7	0	-200	0	4.5	3206.92	2011.58	766.296	225.989	84.9258	8.02448	81.9595	23.0361	5.10778	0	0	0	0	0	0	0	0	0	0	0	0
00.000,00.000	40.8	0	-200	0	4.5	3211.18	2015.25	766.306	225.996	84.9258	8.02448	82.2883	23.2852	5.10778	0	0	0	0	0	0	0	0	0	0	0	0
00.000,00.000	40.9	0	-200	0	4.5	3215.31	2018.78	766.315	226.001	84.9258	8.02448	82.6196	23.5341	5.10778	0	0	0	0	0	0	0	0	0	0	0	0
00.000,00.000	41	0	-200	0	4.5	3219.61	2022.35	766.323	226.006	84.9258	8.02448	83.0179	23.8549	5.10778	0	0	0	0	0	0	0	0	0	0	0	0
00.000,00.000	41.1	0	-200	0	4.5	3223.86	2025.85	766.331	226.009	84.9258	8.02448	83.4152	24.1988	5.10778	0	0	0	0	0	0	0	0	0	0	0	0
00.000,00.000	41.2	0	-200	0	4.5	3227.98	2029.33	766.338	226.012	84.9258	8.02448	83.7464	24.491	5.10778	0	0	0	0	0	0	0	0	0	0	0	0
00.000,00.000	41.3	0	-200	0	4.5	3231.96	2032.75	766.344	226.014	84.9258	8.02448	84.0363	24.7636	5.10778	0	0	0	0	0	0	0	0	0	0	0	0
00.000,00.000	41.4	0	-200	0	4.5	3235.96	2036.1	766.35	226.015	84.9258	8.02448	84.3649	25.0769	5.10778	0	0	0	0	0	0	0	0	0	0	0	0
00.000,00.000	41.5	0	-200	0	4.5	3239.94	2039.39	766.355	226.016	84.9258	8.02448	84.697	25.428	5.10778	0	0	0	0	0	0	0	0	0	0	0	0
00.000,00.000	41.6	0	-200	0	4.5	3243.79	2042.63	766.359	226.016	84.9258	8.02448	84.9809	25.747	5.10778	0	0	0	0	0	0	0	0	0	0	0	0
00.000,00.000	41.7	0	-200	0	4.5	3247.48	2045.76	766.362	226.016	84.9258	8.02448	85.2478	26.0344	5.10778	0	0	0	0	0	0	0	0	0	0	0	0
00.000,00.000	41.8	0	-200	0	4.5	3251.16	2048.85	766.366	226.016	84.9258	8.02448	85.5261	26.3371	5.10778	0	0	0	0	0	0	0	0	0	0	0	0
00.000,00.000	41.9	0	-200	0	4.5	3254.8	2051.87	766.368	226.016	84.9258	8.02448	85.8039	26.6802	5.10778	0	0	0	0	0	0	0	0	0	0	0	0
00.000,00.000	42	0	-200	0	4.5	3258.33	2054.81	766.37	226.016	84.9258	8.02448	86.0392	27.0322	5.10778	0	0	0	0	0	0	0	0	0	0	0	0