
label	time(d)	x	depth	z	radius	total	0-10	10-20	20-30	30-40	40-50	50-60	60-70	70-80	80-90	90-100	100-110	110-120	120-130	130-140	140-150	150-160	160-170	170-180	180-190	190-200
00.000,00.000	0	0	-200	0	4.5	0	0	0	0	0	0	0	0	0	0	0	0	0	0	0	0	0	0	0	0	0
00.000,00.000	0.1	0	-200	0	4.5	0.37949	0.37949	0	0	0	0	0	0	0	0	0	0	0	0	0	0	0	0	0	0	0
00.000,00.000	0.2	0	-200	0	4.5	0.761528	0.761528	0	0	0	0	0	0	0	0	0	0	0	0	0	0	0	0	0	0	0
00.000,00.000	0.3	0	-200	0	4.5	1.14629	1.14629	0	0	0	0	0	0	0	0	0	0	0	0	0	0	0	0	0	0	0
00.000,00.000	0.4	0	-200	0	4.5	1.53381	1.53381	0	0	0	0	0	0	0	0	0	0	0	0	0	0	0	0	0	0	0
00.000,00.000	0.5	0	-200	0	4.5	1.92346	1.92346	0	0	0	0	0	0	0	0	0	0	0	0	0	0	0	0	0	0	0
00.000,00.000	0.6	0	-200	0	4.5	2.31491	2.31491	0	0	0	0	0	0	0	0	0	0	0	0	0	0	0	0	0	0	0
00.000,00.000	0.7	0	-200	0	4.5	2.70843	2.70843	0	0	0	0	0	0	0	0	0	0	0	0	0	0	0	0	0	0	0
00.000,00.000	0.8	0	-200	0	4.5	3.10412	3.10412	0	0	0	0	0	0	0	0	0	0	0	0	0	0	0	0	0	0	0
00.000,00.000	0.9	0	-200	0	4.5	3.50219	3.50219	0	0	0	0	0	0	0	0	0	0	0	0	0	0	0	0	0	0	0
00.000,00.000	1	0	-200	0	4.5	3.90313	3.90313	0	0	0	0	0	0	0	0	0	0	0	0	0	0	0	0	0	0	0
00.000,00.000	1.1	0	-200	0	4.5	4.30996	4.30996	0	0	0	0	0	0	0	0	0	0	0	0	0	0	0	0	0	0	0
00.000,00.000	1.2	0	-200	0	4.5	4.72212	4.72212	0	0	0	0	0	0	0	0	0	0	0	0	0	0	0	0	0	0	0
00.000,00.000	1.3	0	-200	0	4.5	5.13924	5.13924	0	0	0	0	0	0	0	0	0	0	0	0	0	0	0	0	0	0	0
00.000,00.000	1.4	0	-200	0	4.5	5.56101	5.56101	0	0	0	0	0	0	0	0	0	0	0	0	0	0	0	0	0	0	0
00.000,00.000	1.5	0	-200	0	4.5	5.98628	5.98628	0	0	0	0	0	0	0	0	0	0	0	0	0	0	0	0	0	0	0
00.000,00.000	1.6	0	-200	0	4.5	6.41339	6.41339	0	0	0	0	0	0	0	0	0	0	0	0	0	0	0	0	0	0	0
00.000,00.000	1.7	0	-200	0	4.5	6.84636	6.84636	0	0	0	0	0	0	0	0	0	0	0	0	0	0	0	0	0	0	0
00.000,00.000	1.8	0	-200	0	4.5	7.28689	7.21961	0.0672848	0	0	0	0	0	0	0	0	0	0	0	0	0	0	0	0	0	0
00.000,00.000	1.9	0	-200	0	4.5	7.73688	7.39479	0.342092	0	0	0	0	0	0	0	0	0	0	0	0	0	0	0	0	0	0
00.000,00.000	2	0	-200	0	4.5	8.19242	7.57851	0.613911	0	0	0	0	0	0	0	0	0	0	0	0	0	0	0	0	0	0
00.000,00.000	2.1	0	-200	0	4.5	8.68574	7.80061	0.885133	0	0	0	0	0	0	0	0	0	0	0	0	0	0	0	0	0	0
00.000,00.000	2.2	0	-200	0	4.5	9.24611	8.08916	1.15695	0	0	0	0	0	0	0	0	0	0	0	0	0	0	0	0	0	0
00.000,00.000	2.3	0	-200	0	4.5	9.87139	8.44384	1.42755	0	0	0	0	0	0	0	0	0	0	0	0	0	0	0	0	0	0
00.000,00.000	2.4	0	-200	0	4.5	10.5616	8.8646	1.69701	0	0	0	0	0	0	0	0	0	0	0	0	0	0	0	0	0	0
00.000,00.000	2.5	0	-200	0	4.5	11.3175	9.3509	1.96659	0	0	0	0	0	0	0	0	0	0	0	0	0	0	0	0	0	0
00.000,00.000	2.6	0	-200	0	4.5	12.1372	9.9011	2.23607	0	0	0	0	0	0	0	0	0	0	0	0	0	0	0	0	0	0
00.000,00.000	2.7	0	-200	0	4.5	13.0226	10.5181	2.50448	0	0	0	0	0	0	0	0	0	0	0	0	0	0	0	0	0	0
00.000,00.000	2.8	0	-200	0	4.5	13.9674	11.1957	2.77166	0	0	0	0	0	0	0	0	0	0	0	0	0	0	0	0	0	0
00.000,00.000	2.9	0	-200	0	4.5	14.9836	11.9444	3.03924	0	0	0	0	0	0	0	0	0	0	0	0	0	0	0	0	0	0
00.000,00.000	3	0	-200	0	4.5	16.0707	12.7642	3.3065	0	0	0	0	0	0	0	0	0	0	0	0	0	0	0	0	0	0
00.000,00.000	3.1	0	-200	0	4.5	17.1867	13.614	3.57269	0	0	0	0	0	0	0	0	0	0	0	0	0	0	0	0	0	0
00.000,00.000	3.2	0	-200	0	4.5	18.2999	14.4618	3.83811	0	0	0	0	0	0	0	0	0	0	0	0	0	0	0	0	0	0
00.000,00.000	3.3	0	-200	0	4.5	19.4104	15.3066	4.10381	0	0	0	0	0	0	0	0	0	0	0	0	0	0	0	0	0	0
00.000,00.000	3.4	0	-200	0	4.5	20.5174	16.1486	4.36881	0	0	0	0	0	0	0	0	0	0	0	0	0	0	0	0	0	0
00.000,00.000	3.5	0	-200	0	4.5	21.6163	16.9838	4.63249	0	0	0	0	0	0	0	0	0	0	0	0	0	0	0	0	0	0
00.000,00.000	3.6	0	-200	0	4.5	22.7009	17.8057	4.89528	0	0	0	0	0	0	0	0	0	0	0	0	0	0	0	0	0	0
00.000,00.000	3.7	0	-200	0	4.5	23.7794	18.6211	5.15835	0	0	0	0	0	0	0	0	0	0	0	0	0	0	0	0	0	0
00.000,00.000	3.8	0	-200	0	4.5	24.8524	19.4319	5.42046	0	0	0	0	0	0	0	0	0	0	0	0	0	0	0	0	0	0
00.000,00.000	3.9	0	-200	0	4.5	25.9208	20.239	5.68174	0	0	0	0	0	0	0	0	0	0	0	0	0	0	0	0	0	0
00.000,00.000	4	0	-200	0	4.5	26.9877	21.0448	5.94293	0	0	0	0	0	0	0	0	0	0	0	0	0	0	0	0	0	0
00.000,00.000	4.1	0	-200	0	4.5	28.0497	21.8457	6.20404	0	0	0	0	0	0	0	0	0	0	0	0	0	0	0	0	0	0
00.000,00.000	4.2	0	-200	0	4.5	29.1052	22.641	6.46419	0	0	0	0	0	0	0	0	0	0	0	0	0	0	0	0	0	0
00.000,00.000	4.3	0	-200	0	4.5	30.1551	23.4315	6.72354	0	0	0	0	0	0	0	0	0	0	0	0	0	0	0	0	0	0
00.000,00.000	4.4	0	-200	0	4.5	31.1987	24.216	6.98272	0	0	0	0	0	0	0	0	0	0	0	0	0	0	0	0	0	0
00.000,00.000	4.5	0	-200	0	4.5	32.2333	24.9923	7.241	0	0	0	0	0	0	0	0	0	0	0	0	0	0	0	0	0	0
00.000,00.000	4.6	0	-200	0	4.5	33.2585	25.7602	7.49831	0	0	0	0	0	0	0	0	0	0	0	0	0	0	0	0	0	0
00.000,00.000	4.7	0	-200	0	4.5	34.2768	26.4752	7.80166	0	0	0	0	0	0	0	0	0	0	0	0	0	0	0	0	0	0
00.000,00.000	4.8	0	-200	0	4.5	35.2903	26.9541	8.33615	0	0	0	0	0	0	0	0	0	0	0	0	0	0	0	0	0	0
00.000,00.000	4.9	0	-200	0	4.5	36.2999	27.4327	8.86713	0	0	0	0	0	0	0	0	0	0	0	0	0	0	0	0	0	0
00.000,00.000	5	0	-200	0	4.5	37.3051	27.9082	9.39688	0	0	0	0	0	0	0	0	0	0	0	0	0	0	0	0	0	0
00.000,00.000	5.1	0	-200	0	4.5	38.3099	28.1566	10.1533	0	0	0	0	0	0	0	0	0	0	0	0	0	0	0	0	0	0
00.000,00.000	5.2	0	-200	0	4.5	39.1887	28.3759	10.8127	0	0	0	0	0	0	0	0	0	0	0	0	0	0	0	0	0	0
00.000,00.000	5.3	0	-200	0	4.5	39.8255	28.602	11.2235	0	0	0	0	0	0	0	0	0	0	0	0	0	0	0	0	0	0
00.000,00.000	5.4	0	-200	0	4.5	40.3113	28.8309	11.4804	0	0	0	0	0	0	0	0	0	0	0	0	0	0	0	0	0	0
00.000,00.000	5.5	0	-200	0	4.5	40.7921	29.0603	11.7318	0	0	0	0	0	0	0	0	0	0	0	0	0	0	0	0	0	0
00.000,00.000	5.6	0	-200	0	4.5	41.2785	29.2951	11.9812	0.0022659	0	0	0	0	0	0	0	0	0	0	0	0	0	0	0	0	0
00.000,00.000	5.7	0	-200	0	4.5	41.766	29.3556	12.157	0.253293	0	0	0	0	0	0	0	0	0	0	0	0	0	0	0	0	0
00.000,00.000	5.8	0	-200	0	4.5	42.1934	29.3918	12.2976	0.504035	0	0	0	0	0	0	0	0	0	0	0	0	0	0	0	0	0
00.000,00.000	5.9	0	-200	0	4.5	42.4831	29.4315	12.2975	0.75408	0	0	0	0	0	0	0	0	0	0	0	0	0	0	0	0	0
00.000,00.000	6	0	-200	0	4.5	42.7752	29.4747	12.2971	1.00332	0	0	0	0	0	0	0	0	0	0	0	0	0	0	0	0	0
00.000,00.000	6.1	0	-200	0	4.5	43.0709	29.5219	12.297	1.25201	0	0	0	0	0	0	0	0	0	0	0	0	0	0	0	0	0
00.000,00.000	6.2	0	-200	0	4.5	43.3701	29.5728	12.2971	1.50013	0	0	0	0	0	0	0	0	0	0	0	0	0	0	0	0	0
00.000,00.000	6.3	0	-200	0	4.5	43.673	29.6277	12.2978	1.74756	0	0	0	0	0	0	0	0	0	0	0	0	0	0	0	0	0
00.000,00.000	6.4	0	-200	0	4.5	43.9798	29.6864	12.2989	1.99449	0	0	0	0	0	0	0	0	0	0	0	0	0	0	0	0	0
00.000,00.000	6.5	0	-200	0	4.5	44.287	29.7458	12.301	2.24024	0	0	0	0	0	0	0	0	0	0	0	0	0	0	0	0	0
00.000,00.000	6.6	0	-200	0	4.5	44.6022	29.8107	12.3057	2.48571	0	0	0	0	0	0	0	0	0	0	0	0	0	0	0	0	0
00.000,00.000	6.7	0	-200	0	4.5	44.9214	29.8785	12.3127	2.73025	0	0	0	0	0	0	0	0	0	0	0	0	0	0	0	0	0
00.000,00.000	6.8	0	-200	0	4.5	45.2496	29.9518	12.3232	2.9745	0	0	0	0	0	0	0	0	0	0	0	0	0	0	0	0	0
00.000,00.000	6.9	0	-200	0	4.5	45.5872	30.0326	12.3364	3.21825	0	0	0	0	0	0	0	0	0	0	0	0	0	0	0	0	0
00.000,00.000	7	0	-200	0	4.5	45.9335	30.1199	12.3523	3.46131	0	0	0	0	0	0	0	0	0	0	0	0	0	0	0	0	0
00.000,00.000	7.1	0	-200	0	4.5	46.2943	30.2188	12.3716	3.70395	0	0	0	0	0	0	0	0	0	0	0	0	0	0	0	0	0
00.000,00.000	7.2	0	-200	0	4.5	46.6691	30.3281	12.3951	3.94596	0	0	0	0	0	0	0	0	0	0	0	0	0	0	0	0	0
00.000,00.000	7.3	0	-200	0	4.5	47.0615	30.4517	12.4224	4.18738	0	0	0	0	0	0	0	0	0	0	0	0	0	0	0	0	0
00.000,00.000	7.4	0	-200	0	4.5	47.4712	30.5894	12.4537	4.42821	0	0	0	0	0	0	0	0	0	0	0	0	0	0	0	0	0
00.000,00.000	7.5	0	-200	0	4.5	47.8927	30.7367	12.488	4.66794	0	0	0	0	0	0	0	0	0	0	0	0	0	0	0	0	0
00.000,00.000	7.6	0	-200	0	4.5	48.3342	30.8999	12.5269	4.90746	0	0	0	0	0	0	0	0	0	0	0	0	0	0	0	0	0
00.000,00.000	7.7	0	-200	0	4.5	48.7923	31.0757	12.5703	5.14624	0	0	0	0	0	0	0	0	0	0	0	0	0	0	0	0	0
00.000,00.000	7.8	0	-200	0	4.5	49.27	31.268	12.6174	5.3846	0	0	0	0	0	0	0	0	0	0	0	0	0	0	0	0	0
00.000,00.000	7.9	0	-200	0	4.5	49.7706	31.4791	12.669	5.62251	0	0	0	0	0	0	0	0	0	0	0	0	0	0	0	0	0
00.000,00.000	8	0	-200	0	4.5	50.2932	31.7088	12.7247	5.85978	0	0	0	0	0	0	0	0	0	0	0	0	0	0	0	0	0
00.000,00.000	8.1	0	-200	0	4.5	50.843	31.962	12.7843	6.09664	0	0	0	0	0	0	0	0	0	0	0	0	0	0	0	0	0
00.000,00.000	8.2	0	-200	0	4.5	51.4187	32.2378	12.8479	6.33301	0	0	0	0	0	0	0	0	0	0	0	0	0	0	0	0	0
00.000,00.000	8.3	0	-200	0	4.5	52.02	32.5353	12.9159	6.56879	0	0	0	0	0	0	0	0	0	0	0	0	0	0	0	0	0
00.000,00.000	8.4	0	-200	0	4.5	52.6495	32.8564	12.9891	6.80394	0	0	0	0	0	0	0	0	0	0	0	0	0	0	0	0	0
00.000,00.000	8.5	0	-200	0	4.5	53.2914	33.1882	13.0652	7.03803	0	0	0	0	0	0	0	0	0	0	0	0	0	0	0	0	0
00.000,00.000	8.6	0	-200	0	4.5	53.9719	33.5507	13.1492	7.27203	0	0	0	0	0	0	0	0	0	0	0	0	0	0	0	0	0
00.000,00.000	8.7	0	-200	0	4.5	54.6721	33.9298	13.237	7.50534	0	0	0	0	0	0	0	0	0	0	0	0	0	0	0	0	0
00.000,00.000	8.8	0	-200	0	4.5	55.4069	34.3378	13.3308	7.7383	0	0	0	0	0	0	0	0	0	0	0	0	0	0	0	0	0
00.000,00.000	8.9	0	-200	0	4.5	56.1778	34.7758	13.4313	7.97069	0	0	0	0	0	0	0	0	0	0	0	0	0	0	0	0	0
00.000,00.000	9	0	-200	0	4.5	56.98	35.2395	13.5378	8.20259	0	0	0	0	0	0	0	0	0	0	0	0	0	0	0	0	0
00.000,00.000	9.1	0	-200	0	4.5	57.8257	35.7399	13.6518	8.43397	0	0	0	0	0	0	0	0	0	0	0	0	0	0	0	0	0
00.000,00.000	9.2	0	-200	0	4.5	58.719	36.2798	13.7744	8.66477	0	0	0	0	0	0	0	0	0	0	0	0	0	0	0	0	0
00.000,00.000	9.3	0	-200	0	4.5	59.6635	36.8633	13.9052	8.89496	0	0	0	0	0	0	0	0	0	0	0	0	0	0	0	0	0
00.000,00.000	9.4	0	-200	0	4.5	60.6578	37.4891	14.044	9.12468	0	0	0	0	0	0	0	0	0	0	0	0	0	0	0	0	0
00.000,00.000	9.5	0	-200	0	4.5	61.6769	38.1351	14.1883	9.35352	0	0	0	0	0	0	0	0	0	0	0	0	0	0	0	0	0
00.000,00.000	9.6	0	-200	0	4.5	62.7554	38.8282	14.3452	9.58203	0	0	0	0	0	0	0	0	0	0	0	0	0	0	0	0	0
00.000,00.000	9.7	0	-200	0	4.5	63.8732	39.5529	14.5105	9.80969	0	0	0	0	0	0	0	0	0	0	0	0	0	0	0	0	0
00.000,00.000	9.8	0	-200	0	4.5	65.0435	40.3196	14.687	10.0368	0	0	0	0	0	0	0	0	0	0	0	0	0	0	0	0	0
00.000,00.000	9.9	0	-200	0	4.5	66.2724	41.1337	14.8748	10.2144	0.0495331	0	0	0	0	0	0	0	0	0	0	0	0	0	0	0	0
00.000,00.000	10	0	-200	0	4.5	67.5518	41.9892	15.0722	10.2153	0.275048	0	0	0	0	0	0	0	0	0	0	0	0	0	0	0	0
00.000,00.000	10.1	0	-200	0	4.5	68.8893	42.8931	15.28	10.2155	0.500627	0	0	0	0	0	0	0	0	0	0	0	0	0	0	0	0
00.000,00.000	10.2	0	-200	0	4.5	70.2913	43.8524	15.4974	10.2155	0.725897	0	0	0	0	0	0	0	0	0	0	0	0	0	0	0	0
00.000,00.000	10.3	0	-200	0	4.5	71.7573	44.8663	15.7247	10.2155	0.950727	0	0	0	0	0	0	0	0	0	0	0	0	0	0	0	0
00.000,00.000	10.4	0	-200	0	4.5	73.2874	45.935	15.9616	10.2157	1.17502	0	0	0	0	0	0	0	0	0	0	0	0	0	0	0	0
00.000,00.000	10.5	0	-200	0	4.5	74.8374	47.0199	16.2028	10.2165	1.39817	0	0	0	0	0	0	0	0	0	0	0	0	0	0	0	0
00.000,00.000	10.6	0	-200	0	4.5	76.4552	48.1614	16.4552	10.2178	1.62082	0	0	0	0	0	0	0	0	0	0	0	0	0	0	0	0
00.000,00.000	10.7	0	-200	0	4.5	78.1198	49.3414	16.7157	10.2197	1.84304	0	0	0	0	0	0	0	0	0	0	0	0	0	0	0	0
00.000,00.000	10.8	0	-200	0	4.5	79.8475	50.5735	16.9857	10.2233	2.06496	0	0	0	0	0	0	0	0	0	0	0	0	0	0	0	0
00.000,00.000	10.9	0	-200	0	4.5	81.6453	51.8715	17.2597	10.2277	2.28644	0	0	0	0	0	0	0	0	0	0	0	0	0	0	0	0
00.000,00.000	11	0	-200	0	4.5	83.5064	53.2237	17.5421	10.2333	2.50718	0	0	0	0	0	0	0	0	0	0	0	0	0	0	0	0
00.000,00.000	11.1	0	-200	0	4.5	85.4365	54.6356	17.8328	10.2407	2.72743	0	0	0	0	0	0	0	0	0	0	0	0	0	0	0	0
00.000,00.000	11.2	0	-200	0	4.5	87.451	56.1221	18.1322	10.2495	2.9472	0	0	0	0	0	0	0	0	0	0	0	0	0	0	0	0
00.000,00.000	11.3	0	-200	0	4.5	89.5582	57.6902	18.4416	10.2598	3.16655	0	0	0	0	0	0	0	0	0	0	0	0	0	0	0	0
00.000,00.000	11.4	0	-200	0	4.5	91.7504	59.3314	18.7618	10.2718	3.38538	0	0	0	0	0	0	0	0	0	0	0	0	0	0	0	0
00.000,00.000	11.5	0	-200	0	4.5	93.9671	60.9901	19.0869	10.2869	3.60329	0	0	0	0	0	0	0	0	0	0	0	0	0	0	0	0
00.000,00.000	11.6	0	-200	0	4.5	96.2529	62.7044	19.4242	10.3037	3.82052	0	0	0	0	0	0	0	0	0	0	0	0	0	0	0	0
00.000,00.000	11.7	0	-200	0	4.5	98.597	64.4649	19.7717	10.3231	4.03727	0	0	0	0	0	0	0	0	0	0	0	0	0	0	0	0
00.000,00.000	11.8	0	-200	0	4.5	101.005	66.2768	20.1293	10.3453	4.25367	0	0	0	0	0	0	0	0	0	0	0	0	0	0	0	0
00.000,00.000	11.9	0	-200	0	4.5	103.504	68.1654	20.4989	10.3702	4.46959	0	0	0	0	0	0	0	0	0	0	0	0	0	0	0	0
00.000,00.000	12	0	-200	0	4.5	106.278	70.261	20.9182	10.3997	4.69962	0	0	0	0	0	0	0	0	0	0	0	0	0	0	0	0
00.000,00.000	12.1	0	-200	0	4.5	109.137	72.419	21.3495	10.4321	4.93648	0	0	0	0	0	0	0	0	0	0	0	0	0	0	0	0
00.000,00.000	12.2	0	-200	0	4.5	111.862	74.4791	21.7661	10.4654	5.15101	0	0	0	0	0	0	0	0	0	0	0	0	0	0	0	0
00.000,00.000	12.3	0	-200	0	4.5	114.637	76.575	22.1953	10.502	5.36498	0	0	0	0	0	0	0	0	0	0	0	0	0	0	0	0
00.000,00.000	12.4	0	-200	0	4.5	117.456	78.6993	22.6368	10.5417	5.57796	0	0	0	0	0	0	0	0	0	0	0	0	0	0	0	0
00.000,00.000	12.5	0	-200	0	4.5	121.908	82.0486	23.3468	10.6115	5.90117	0	0	0	0	0	0	0	0	0	0	0	0	0	0	0	0
00.000,00.000	12.6	0	-200	0	4.5	123.991	83.6064	23.6835	10.6456	6.05575	0	0	0	0	0	0	0	0	0	0	0	0	0	0	0	0
00.000,00.000	12.7	0	-200	0	4.5	126.823	85.7154	24.1476	10.6962	6.2639	0	0	0	0	0	0	0	0	0	0	0	0	0	0	0	0
00.000,00.000	12.8	0	-200	0	4.5	128.792	87.1774	24.4744	10.7333	6.40689	0	0	0	0	0	0	0	0	0	0	0	0	0	0	0	0
00.000,00.000	12.9	0	-200	0	4.5	130.501	88.4072	24.798	10.7679	6.52842	0	0	0	0	0	0	0	0	0	0	0	0	0	0	0	0
00.000,00.000	13	0	-200	0	4.5	134.208	90.8337	25.745	10.8474	6.7824	0	0	0	0	0	0	0	0	0	0	0	0	0	0	0	0
00.000,00.000	13.1	0	-200	0	4.5	137.538	92.8492	26.7561	10.9219	7.01066	0	0	0	0	0	0	0	0	0	0	0	0	0	0	0	0
00.000,00.000	13.2	0	-200	0	4.5	140.562	94.6154	27.7891	10.9951	7.16265	0	0	0	0	0	0	0	0	0	0	0	0	0	0	0	0
00.000,00.000	13.3	0	-200	0	4.5	143.502	96.4096	28.8387	11.0731	7.1805	0	0	0	0	0	0	0	0	0	0	0	0	0	0	0	0
00.000,00.000	13.4	0	-200	0	4.5	146.49	98.2273	29.9046	11.1559	7.2021	0	0	0	0	0	0	0	0	0	0	0	0	0	0	0	0
00.000,00.000	13.5	0	-200	0	4.5	152.536	101.907	32.0906	11.3363	7.2021	0	0	0	0	0	0	0	0	0	0	0	0	0	0	0	0
00.000,00.000	13.6	0	-200	0	4.5	153.721	102.621	32.5259	11.3728	7.2021	0	0	0	0	0	0	0	0	0	0	0	0	0	0	0	0
00.000,00.000	13.7	0	-200	0	4.5	155.809	103.88	33.2842	11.4423	7.2021	0	0	0	0	0	0	0	0	0	0	0	0	0	0	0	0
00.000,00.000	13.8	0	-200	0	4.5	156.211	104.116	33.4367	11.4566	7.2021	0	0	0	0	0	0	0	0	0	0	0	0	0	0	0	0
00.000,00.000	13.9	0	-200	0	4.5	158.662	105.613	34.3007	11.5463	7.2021	0	0	0	0	0	0	0	0	0	0	0	0	0	0	0	0
00.000,00.000	14	0	-200	0	4.5	162.852	108.253	35.6926	11.7047	7.2021	0	0	0	0	0	0	0	0	0	0	0	0	0	0	0	0
00.000,00.000	14.1	0	-200	0	4.5	166.22	110.376	36.8054	11.8362	7.2021	0	0	0	0	0	0	0	0	0	0	0	0	0	0	0	0
00.000,00.000	14.2	0	-200	0	4.5	169.312	112.32	37.8276	11.9618	7.2021	0	0	0	0	0	0	0	0	0	0	0	0	0	0	0	0
00.000,00.000	14.3	0	-200	0	4.5	172.424	114.273	38.856	12.093	7.2021	0	0	0	0	0	0	0	0	0	0	0	0	0	0	0	0
00.000,00.000	14.4	0	-200	0	4.5	175.578	116.214	39.9328	12.2291	7.2021	0	0	0	0	0	0	0	0	0	0	0	0	0	0	0	0
00.000,00.000	14.5	0	-200	0	4.5	185.434	122.241	43.3181	12.6726	7.2021	0	0	0	0	0	0	0	0	0	0	0	0	0	0	0	0
00.000,00.000	14.6	0	-200	0	4.5	187.428	123.436	44.0259	12.7637	7.2021	0	0	0	0	0	0	0	0	0	0	0	0	0	0	0	0
00.000,00.000	14.7	0	-200	0	4.5	189.502	124.673	44.762	12.8655	7.2021	0	0	0	0	0	0	0	0	0	0	0	0	0	0	0	0
00.000,00.000	14.8	0	-200	0	4.5	189.737	124.811	44.8466	12.8773	7.2021	0	0	0	0	0	0	0	0	0	0	0	0	0	0	0	0
00.000,00.000	14.9	0	-200	0	4.5	198.726	129.965	48.1942	13.3645	7.2021	0	0	0	0	0	0	0	0	0	0	0	0	0	0	0	0
00.000,00.000	15	0	-200	0	4.5	203.799	132.798	50.1481	13.6507	7.20252	0	0	0	0	0	0	0	0	0	0	0	0	0	0	0	0
00.000,00.000	15.1	0	-200	0	4.5	206.838	134.503	51.3022	13.8287	7.20361	0	0	0	0	0	0	0	0	0	0	0	0	0	0	0	0
00.000,00.000	15.2	0	-200	0	4.5	209.912	136.221	52.4711	14.0151	7.20526	0	0	0	0	0	0	0	0	0	0	0	0	0	0	0	0
00.000,00.000	15.3	0	-200	0	4.5	212.993	137.926	53.6509	14.2083	7.20754	0	0	0	0	0	0	0	0	0	0	0	0	0	0	0	0
00.000,00.000	15.4	0	-200	0	4.5	216.092	139.641	54.8311	14.4081	7.21206	0	0	0	0	0	0	0	0	0	0	0	0	0	0	0	0
00.000,00.000	15.5	0	-200	0	4.5	231.882	148.085	61.0638	15.491	7.24221	0	0	0	0	0	0	0	0	0	0	0	0	0	0	0	0
00.000,00.000	15.6	0	-200	0	4.5	234.957	149.702	62.2969	15.7089	7.24929	0	0	0	0	0	0	0	0	0	0	0	0	0	0	0	0
00.000,00.000	15.7	0	-200	0	4.5	234.976	149.712	62.3048	15.7103	7.24936	0	0	0	0	0	0	0	0	0	0	0	0	0	0	0	0
00.000,00.000	15.8	0	-200	0	4.5	234.976	149.712	62.3048	15.7103	7.24936	0	0	0	0	0	0	0	0	0	0	0	0	0	0	0	0
00.000,00.000	15.9	0	-200	0	4.5	248.585	156.408	67.8857	16.9713	7.31989	0	0	0	0	0	0	0	0	0	0	0	0	0	0	0	0
00.000,00.000	16	0	-200	0	4.5	255.103	159.582	70.1247	18.0392	7.35728	0	0	0	0	0	0	0	0	0	0	0	0	0	0	0	0
00.000,00.000	16.1	0	-200	0	4.5	257.903	160.921	71.0577	18.5478	7.37713	0	0	0	0	0	0	0	0	0	0	0	0	0	0	0	0
00.000,00.000	16.2	0	-200	0	4.5	260.768	162.266	71.8793	19.223	7.39996	0	0	0	0	0	0	0	0	0	0	0	0	0	0	0	0
00.000,00.000	16.3	0	-200	0	4.5	263.623	163.608	72.6603	19.9295	7.42532	0	0	0	0	0	0	0	0	0	0	0	0	0	0	0	0
00.000,00.000	16.4	0	-200	0	4.5	266.495	164.943	73.4526	20.6452	7.45407	0	0	0	0	0	0	0	0	0	0	0	0	0	0	0	0
00.000,00.000	16.5	0	-200	0	4.5	286.422	174.071	78.9984	25.6787	7.6743	0	0	0	0	0	0	0	0	0	0	0	0	0	0	0	0
00.000,00.000	16.6	0	-200	0	4.5	290.418	175.806	80.2177	26.6745	7.72031	0	0	0	0	0	0	0	0	0	0	0	0	0	0	0	0
00.000,00.000	16.7	0	-200	0	4.5	327.45	190.456	91.0453	36.0936	8.2153	1.64005	0	0	0	0	0	0	0	0	0	0	0	0	0	0	0
00.000,00.000	16.8	0	-200	0	4.5	336.758	194.069	93.7539	38.3791	8.34357	1.92376	0.288763	0	0	0	0	0	0	0	0	0	0	0	0	0	0
00.000,00.000	16.9	0	-200	0	4.5	354.413	200.768	99.0146	42.7333	8.62005	2.09338	1.18426	0	0	0	0	0	0	0	0	0	0	0	0	0	0
00.000,00.000	17	0	-200	0	4.5	362.328	203.926	101.324	44.381	8.95909	2.09338	1.64497	0	0	0	0	0	0	0	0	0	0	0	0	0	0
00.000,00.000	17.1	0	-200	0	4.5	365.512	205.202	102.274	44.9467	9.17219	2.09338	1.82253	0	0	0	0	0	0	0	0	0	0	0	0	0	0
00.000,00.000	17.2	0	-200	0	4.5	368.738	206.498	103.241	45.4808	9.42443	2.09338	1.99972	0	0	0	0	0	0	0	0	0	0	0	0	0	0
00.000,00.000	17.3	0	-200	0	4.5	372.014	207.829	104.22	46	9.6958	2.09338	2.17566	0	0	0	0	0	0	0	0	0	0	0	0	0	0
00.000,00.000	17.4	0	-200	0	4.5	375.367	209.202	105.223	46.5269	9.97074	2.09338	2.35209	0	0	0	0	0	0	0	0	0	0	0	0	0	0
00.000,00.000	17.5	0	-200	0	4.5	401.032	219.706	113.026	50.054	12.5772	2.09338	3.57488	0	0	0	0	0	0	0	0	0	0	0	0	0	0
00.000,00.000	17.6	0	-200	0	4.5	406.188	221.786	114.62	50.5607	13.2889	2.09338	3.83931	0	0	0	0	0	0	0	0	0	0	0	0	0	0
00.000,00.000	17.7	0	-200	0	4.5	455.322	239.202	131.128	55.7598	20.7035	2.09338	6.43579	0	0	0	0	0	0	0	0	0	0	0	0	0	0
00.000,00.000	17.8	0	-200	0	4.5	468.08	244.032	135.62	56.7794	22.4501	2.09339	7.10553	0	0	0	0	0	0	0	0	0	0	0	0	0	0
00.000,00.000	17.9	0	-200	0	4.5	492.126	252.327	144.31	59.3011	25.6952	2.09837	8.39485	0	0	0	0	0	0	0	0	0	0	0	0	0	0
00.000,00.000	18	0	-200	0	4.5	501.826	255.616	148.019	60.3227	26.8409	2.12809	8.48349	0.416546	0	0	0	0	0	0	0	0	0	0	0	0	0
00.000,00.000	18.1	0	-200	0	4.5	505.533	257.016	149.424	60.6766	27.133	2.22513	8.49702	0.561805	0	0	0	0	0	0	0	0	0	0	0	0	0
00.000,00.000	18.2	0	-200	0	4.5	510.2	258.66	151.246	61.1686	27.4422	2.41831	8.50857	0.756844	0	0	0	0	0	0	0	0	0	0	0	0	0
00.000,00.000	18.3	0	-200	0	4.5	514.101	260.001	152.792	61.6006	27.6626	2.60908	8.50857	0.926365	0	0	0	0	0	0	0	0	0	0	0	0	0
00.000,00.000	18.4	0	-200	0	4.5	518.093	261.365	154.388	62.053	27.886	2.7983	8.50857	1.0939	0	0	0	0	0	0	0	0	0	0	0	0	0
00.000,00.000	18.5	0	-200	0	4.5	559.475	275.064	171.436	66.8247	30.2308	4.74208	8.51035	2.66618	0	0	0	0	0	0	0	0	0	0	0	0	0
00.000,00.000	18.6	0	-200	0	4.5	567.591	277.51	174.96	67.8165	30.45	5.33303	8.51249	3.00851	0	0	0	0	0	0	0	0	0	0	0	0	0
00.000,00.000	18.7	0	-200	0	4.5	635.062	294.82	205.778	76.7404	31.7371	11.5491	8.5831	5.85507	0	0	0	0	0	0	0	0	0	0	0	0	0
00.000,00.000	18.8	0	-200	0	4.5	653.176	299.42	214.182	79.296	31.9884	13.0804	8.60645	6.60277	0	0	0	0	0	0	0	0	0	0	0	0	0
00.000,00.000	18.9	0	-200	0	4.5	674.095	304.134	224.056	82.5561	32.4337	14.8023	8.67112	7.44254	0	0	0	0	0	0	0	0	0	0	0	0	0
00.000,00.000	19	0	-200	0	4.5	688.335	307.162	230.177	85.6365	32.7365	15.9132	8.7197	7.98963	0	0	0	0	0	0	0	0	0	0	0	0	0
00.000,00.000	19.1	0	-200	0	4.5	694.412	308.718	232.637	86.9051	32.8756	16.3346	8.74467	8.19715	0	0	0	0	0	0	0	0	0	0	0	0	0
00.000,00.000	19.2	0	-200	0	4.5	699.684	310.196	234.671	87.9941	33.006	16.6801	8.76987	8.36649	0	0	0	0	0	0	0	0	0	0	0	0	0
00.000,00.000	19.3	0	-200	0	4.5	705.034	311.628	236.758	89.1365	33.1526	17.0242	8.79966	8.47919	0.056471	0	0	0	0	0	0	0	0	0	0	0	0
00.000,00.000	19.4	0	-200	0	4.5	710.347	313.11	238.877	90.316	33.3144	17.1087	8.91805	8.47886	0.22406	0	0	0	0	0	0	0	0	0	0	0	0
00.000,00.000	19.5	0	-200	0	4.5	716.094	314.707	241.145	91.6095	33.5028	17.1109	9.13823	8.47876	0.400983	0	0	0	0	0	0	0	0	0	0	0	0
00.000,00.000	19.6	0	-200	0	4.5	752.137	323.851	255.282	100.278	34.8298	17.2946	10.5519	8.51746	1.53158	0	0	0	0	0	0	0	0	0	0	0	0
00.000,00.000	19.7	0	-200	0	4.5	761.575	326.46	258.735	102.627	35.1963	17.3034	10.9188	8.51746	1.81608	0	0	0	0	0	0	0	0	0	0	0	0
00.000,00.000	19.8	0	-200	0	4.5	761.757	326.51	258.8	102.674	35.2042	17.3036	10.9259	8.51746	1.8214	0	0	0	0	0	0	0	0	0	0	0	0
00.000,00.000	19.9	0	-200	0	4.5	799.363	337.344	271.596	112.352	36.8926	17.3528	12.4035	8.51816	2.90487	0	0	0	0	0	0	0	0	0	0	0	0
00.000,00.000	20	0	-200	0	4.5	809.526	340.244	275.218	114.774	37.3778	17.3639	12.8215	8.51888	3.20835	0	0	0	0	0	0	0	0	0	0	0	0
00.000,00.000	20.1	0	-200	0	4.5	831.185	346.602	282.741	119.911	38.4796	17.4157	13.6878	8.53079	3.81742	0	0	0	0	0	0	0	0	0	0	0	0
00.000,00.000	20.2	0	-200	0	4.5	842.375	349.978	286.543	122.566	39.0636	17.4436	14.1126	8.53733	4.13097	0	0	0	0	0	0	0	0	0	0	0	0
00.000,00.000	20.3	0	-200	0	4.5	848.476	351.871	288.583	123.992	39.389	17.4648	14.3414	8.54237	4.29362	0	0	0	0	0	0	0	0	0	0	0	0
00.000,00.000	20.4	0	-200	0	4.5	870.659	358.841	295.958	129.129	40.5836	17.5468	15.1673	8.56542	4.86805	0	0	0	0	0	0	0	0	0	0	0	0
00.000,00.000	20.5	0	-200	0	4.5	875.404	360.336	297.517	129.991	41.0923	17.5663	15.3379	8.57115	4.99236	0	0	0	0	0	0	0	0	0	0	0	0
00.000,00.000	20.6	0	-200	0	4.5	890.443	365.086	302.457	132.966	42.4353	17.6366	15.8969	8.59452	5.37162	0	0	0	0	0	0	0	0	0	0	0	0
00.000,00.000	20.7	0	-200	0	4.5	937.506	379.841	317.976	142.507	47.0852	17.8921	17.7799	8.68551	5.7393	0	0	0	0	0	0	0	0	0	0	0	0
00.000,00.000	20.8	0	-200	0	4.5	964.871	388.779	326.998	148.02	49.7393	18.0718	18.775	8.74799	5.7393	0	0	0	0	0	0	0	0	0	0	0	0
00.000,00.000	20.9	0	-200	0	4.5	965.463	388.974	327.195	148.138	49.7968	18.0765	18.7942	8.74949	5.7393	0	0	0	0	0	0	0	0	0	0	0	0
00.000,00.000	21	0	-200	0	4.5	1017.12	406.477	343.71	158.394	54.798	18.538	20.5546	8.90539	5.7393	0	0	0	0	0	0	0	0	0	0	0	0
00.000,00.000	21.1	0	-200	0	4.5	1038.36	413.785	350.431	162.722	56.8264	18.7554	21.1286	8.97616	5.7393	0	0	0	0	0	0	0	0	0	0	0	0
00.000,00.000	21.2	0	-200	0	4.5	1045.23	416.128	352.635	164.118	57.4909	18.8383	21.2708	9.01075	5.7393	0	0	0	0	0	0	0	0	0	0	0	0
00.000,00.000	21.3	0	-200	0	4.5	1052.5	418.588	354.934	165.572	58.1898	18.9337	21.3975	9.14955	5.7393	0	0	0	0	0	0	0	0	0	0	0	0
00.000,00.000	21.4	0	-200	0	4.5	1084.26	429.604	365.139	172.022	61.3386	19.3968	21.7223	9.29809	5.7393	0	0	0	0	0	0	0	0	0	0	0	0
00.000,00.000	21.5	0	-200	0	4.5	1090.79	431.878	367.248	173.342	61.9994	19.4992	21.7575	9.33079	5.7393	0	0	0	0	0	0	0	0	0	0	0	0
00.000,00.000	21.6	0	-200	0	4.5	1147.43	450.499	385.432	185.419	67.8512	20.5283	22.2951	9.66447	5.73952	0	0	0	0	0	0	0	0	0	0	0	0
00.000,00.000	21.7	0	-200	0	4.5	1161.55	455.194	389.904	188.516	69.0117	21.1007	22.3351	9.74908	5.74003	0	0	0	0	0	0	0	0	0	0	0	0
00.000,00.000	21.8	0	-200	0	4.5	1162.15	455.391	390.096	188.646	69.0597	21.1276	22.3408	9.75296	5.74015	0	0	0	0	0	0	0	0	0	0	0	0
00.000,00.000	21.9	0	-200	0	4.5	1163.73	455.908	390.593	188.985	69.1839	21.2048	22.3515	9.76371	5.74061	0	0	0	0	0	0	0	0	0	0	0	0
00.000,00.000	22	0	-200	0	4.5	1165.89	456.618	391.271	189.449	69.3553	21.3127	22.3661	9.77884	5.74135	0	0	0	0	0	0	0	0	0	0	0	0
00.000,00.000	22.1	0	-200	0	4.5	1182.64	462.118	396.482	193.019	70.691	22.1431	22.5344	9.90014	5.74867	0	0	0	0	0	0	0	0	0	0	0	0
00.000,00.000	22.2	0	-200	0	4.5	1193.81	465.784	399.944	195.414	71.5671	22.7297	22.6329	9.98338	5.75424	0	0	0	0	0	0	0	0	0	0	0	0
00.000,00.000	22.3	0	-200	0	4.5	1201.98	468.46	402.433	197.174	72.2195	23.1675	22.7215	10.047	5.75907	0	0	0	0	0	0	0	0	0	0	0	0
00.000,00.000	22.4	0	-200	0	4.5	1239.02	480.494	413.749	205.051	75.2444	25.1751	23.1763	10.3447	5.78432	0	0	0	0	0	0	0	0	0	0	0	0
00.000,00.000	22.5	0	-200	0	4.5	1246.54	482.829	416.103	206.667	75.8757	25.5971	23.2697	10.4081	5.79018	0	0	0	0	0	0	0	0	0	0	0	0
00.000,00.000	22.6	0	-200	0	4.5	1290.56	495.677	429.712	216.525	79.8148	28.2473	23.9256	10.8148	5.83851	0	0	0	0	0	0	0	0	0	0	0	0
00.000,00.000	22.7	0	-200	0	4.5	1348.27	510.286	450.289	228.981	84.9843	31.7434	24.7277	11.3508	5.91295	0	0	0	0	0	0	0	0	0	0	0	0
00.000,00.000	22.8	0	-200	0	4.5	1355.81	511.889	453.24	230.633	85.6683	32.2241	24.8113	11.4214	5.92419	0	0	0	0	0	0	0	0	0	0	0	0
00.000,00.000	22.9	0	-200	0	4.5	1356.34	512.018	453.438	230.745	85.7163	32.256	24.8197	11.426	5.92521	0	0	0	0	0	0	0	0	0	0	0	0
00.000,00.000	23	0	-200	0	4.5	1358.87	512.588	454.412	231.277	85.9502	32.4124	24.8556	11.4454	5.93097	0	0	0	0	0	0	0	0	0	0	0	0
00.000,00.000	23.1	0	-200	0	4.5	1385.08	518.346	464.444	236.848	88.4388	34.0357	25.2968	11.674	5.99719	0	0	0	0	0	0	0	0	0	0	0	0
00.000,00.000	23.2	0	-200	0	4.5	1399.41	521.691	469.729	239.942	89.7881	34.9166	25.5211	11.7914	6.03566	0	0	0	0	0	0	0	0	0	0	0	0
00.000,00.000	23.3	0	-200	0	4.5	1408.37	523.837	473	241.834	90.6332	35.4553	25.6783	11.8699	6.06277	0	0	0	0	0	0	0	0	0	0	0	0
00.000,00.000	23.4	0	-200	0	4.5	1435.63	530.458	482.863	247.548	93.234	37.0926	26.1706	12.1158	6.15298	0	0	0	0	0	0	0	0	0	0	0	0
00.000,00.000	23.5	0	-200	0	4.5	1441.58	531.909	485.009	248.81	93.8159	37.4611	26.2383	12.1645	6.17389	0	0	0	0	0	0	0	0	0	0	0	0
00.000,00.000	23.6	0	-200	0	4.5	1474.02	539.723	496.468	255.667	97.0505	39.4863	26.836	12.481	6.30413	0	0	0	0	0	0	0	0	0	0	0	0
00.000,00.000	23.7	0	-200	0	4.5	1482.96	542.032	499.482	257.57	97.9504	40.0647	26.9555	12.5607	6.34155	0	0	0	0	0	0	0	0	0	0	0	0
00.000,00.000	23.8	0	-200	0	4.5	1499.31	546.272	504.913	260.966	99.6347	41.1077	27.2796	12.725	6.41403	0	0	0	0	0	0	0	0	0	0	0	0
00.000,00.000	23.9	0	-200	0	4.5	1527.81	553.755	514.32	266.772	102.58	42.8665	27.9511	13.017	6.54597	0	0	0	0	0	0	0	0	0	0	0	0
00.000,00.000	24	0	-200	0	4.5	1533.6	555.326	516.24	267.898	103.159	43.1624	28.1693	13.0732	6.57367	0	0	0	0	0	0	0	0	0	0	0	0
00.000,00.000	24.1	0	-200	0	4.5	1551.87	560.274	522.271	271.441	105.036	44.015	28.9112	13.2632	6.66187	0	0	0	0	0	0	0	0	0	0	0	0
00.000,00.000	24.2	0	-200	0	4.5	1564.81	563.783	526.539	273.934	106.368	44.6363	29.431	13.3968	6.72615	0	0	0	0	0	0	0	0	0	0	0	0
00.000,00.000	24.3	0	-200	0	4.5	1574.78	566.541	529.792	275.823	107.403	45.1012	29.8395	13.5022	6.77624	0	0	0	0	0	0	0	0	0	0	0	0
00.000,00.000	24.4	0	-200	0	4.5	1596.38	572.632	536.739	279.881	109.659	46.1173	30.7339	13.7343	6.88654	0	0	0	0	0	0	0	0	0	0	0	0
00.000,00.000	24.5	0	-200	0	4.5	1601.42	574.059	538.345	280.835	110.19	46.3571	30.9328	13.7862	6.91294	0	0	0	0	0	0	0	0	0	0	0	0
00.000,00.000	24.6	0	-200	0	4.5	1617.04	578.569	543.094	283.849	111.862	47.1181	31.5946	13.9611	6.99698	0	0	0	0	0	0	0	0	0	0	0	0
00.000,00.000	24.7	0	-200	0	4.5	1652.15	588.825	552.899	291.224	115.666	48.8849	33.098	14.3774	7.17937	0	0	0	0	0	0	0	0	0	0	0	0
00.000,00.000	24.8	0	-200	0	4.5	1659.57	591.104	554.956	292.739	116.449	49.2637	33.389	14.4605	7.21167	0	0	0	0	0	0	0	0	0	0	0	0
00.000,00.000	24.9	0	-200	0	4.5	1706.71	605.59	567.944	302.013	121.667	51.6092	35.403	15.027	7.45617	0	0	0	0	0	0	0	0	0	0	0	0
00.000,00.000	25	0	-200	0	4.5	1718.93	609.463	571.233	304.446	122.988	52.2234	35.8945	15.1679	7.51253	0	0	0	0	0	0	0	0	0	0	0	0
00.000,00.000	25.1	0	-200	0	4.5	1742.91	617.118	577.858	308.916	125.595	53.4324	36.8987	15.4541	7.63755	0	0	0	0	0	0	0	0	0	0	0	0
00.000,00.000	25.2	0	-200	0	4.5	1758.46	622.175	582.137	311.793	127.232	54.2357	37.5341	15.635	7.71791	0	0	0	0	0	0	0	0	0	0	0	0
00.000,00.000	25.3	0	-200	0	4.5	1769.48	625.813	585.186	313.763	128.373	54.8246	37.984	15.7619	7.77765	0	0	0	0	0	0	0	0	0	0	0	0
00.000,00.000	25.4	0	-200	0	4.5	1801.29	636.383	593.959	319.335	131.688	56.5561	39.2897	16.1219	7.95453	0	0	0	0	0	0	0	0	0	0	0	0
00.000,00.000	25.5	0	-200	0	4.5	1808.24	638.772	595.873	320.529	132.395	56.9576	39.5382	16.1846	7.9911	0	0	0	0	0	0	0	0	0	0	0	0
00.000,00.000	25.6	0	-200	0	4.5	1862.24	656.009	610.986	329.913	138.365	60.0213	41.8211	16.8071	8.31987	0	0	0	0	0	0	0	0	0	0	0	0
00.000,00.000	25.7	0	-200	0	4.5	1876.01	660.755	614.953	332.058	139.752	60.847	42.3179	16.9261	8.39813	0	0	0	0	0	0	0	0	0	0	0	0
00.000,00.000	25.8	0	-200	0	4.5	1906.41	670.823	623.731	336.948	142.917	62.6252	43.52	17.2608	8.58401	0	0	0	0	0	0	0	0	0	0	0	0
00.000,00.000	25.9	0	-200	0	4.5	1949.67	684.552	636.483	344.143	147.464	65.1677	45.242	17.7562	8.86438	0	0	0	0	0	0	0	0	0	0	0	0
00.000,00.000	26	0	-200	0	4.5	1957.69	687.191	638.852	345.484	148.272	65.6057	45.5368	17.8353	8.91535	0	0	0	0	0	0	0	0	0	0	0	0
00.000,00.000	26.1	0	-200	0	4.5	1983.34	694.607	647.202	349.672	150.941	67.1108	46.5832	18.1369	9.08858	0	0	0	0	0	0	0	0	0	0	0	0
00.000,00.000	26.2	0	-200	0	4.5	1999.47	699.029	652.872	352.139	152.628	68.0584	47.2183	18.3206	9.19997	0	0	0	0	0	0	0	0	0	0	0	0
00.000,00.000	26.3	0	-200	0	4.5	2010.65	702.121	656.84	353.764	153.792	68.7188	47.6826	18.4563	9.27984	0	0	0	0	0	0	0	0	0	0	0	0
00.000,00.000	26.4	0	-200	0	4.5	2045.54	711.662	669.287	358.818	157.362	70.7996	49.1659	18.9053	9.53596	0	0	0	0	0	0	0	0	0	0	0	0
00.000,00.000	26.5	0	-200	0	4.5	2053.2	713.731	672.113	359.84	158.211	71.2314	49.3525	19.1265	9.59203	0	0	0	0	0	0	0	0	0	0	0	0
00.000,00.000	26.6	0	-200	0	4.5	2077.21	720.204	680.802	363.279	160.609	72.6954	49.9974	19.8469	9.77746	0	0	0	0	0	0	0	0	0	0	0	0
00.000,00.000	26.7	0	-200	0	4.5	2122.99	731.818	697.273	370.115	165.4	75.6247	51.2985	21.3486	10.1141	0	0	0	0	0	0	0	0	0	0	0	0
00.000,00.000	26.8	0	-200	0	4.5	2132.58	734.43	700.732	371.479	166.362	76.2226	51.5364	21.6467	10.1682	0	0	0	0	0	0	0	0	0	0	0	0
00.000,00.000	26.9	0	-200	0	4.5	2155.2	740.477	708.749	374.831	168.566	77.7135	52.1761	22.355	10.3349	0	0	0	0	0	0	0	0	0	0	0	0
00.000,00.000	27	0	-200	0	4.5	2164.13	742.895	712.015	376.059	169.425	78.2974	52.4146	22.6343	10.3925	0	0	0	0	0	0	0	0	0	0	0	0
00.000,00.000	27.1	0	-200	0	4.5	2178.24	746.727	717.014	378.091	170.774	79.2409	52.825	23.0646	10.5004	0	0	0	0	0	0	0	0	0	0	0	0
00.000,00.000	27.2	0	-200	0	4.5	2190.75	750.122	721.46	379.887	171.972	80.0725	53.1936	23.4525	10.5924	0	0	0	0	0	0	0	0	0	0	0	0
00.000,00.000	27.3	0	-200	0	4.5	2202.01	753.236	725.381	381.506	173.045	80.8241	53.5362	23.8021	10.6786	0	0	0	0	0	0	0	0	0	0	0	0
00.000,00.000	27.4	0	-200	0	4.5	2219.42	758.064	731.382	384.043	174.733	81.959	54.0836	24.3414	10.8176	0	0	0	0	0	0	0	0	0	0	0	0
00.000,00.000	27.5	0	-200	0	4.5	2223.9	759.347	732.838	384.703	175.201	82.2444	54.2227	24.4897	10.8549	0	0	0	0	0	0	0	0	0	0	0	0
00.000,00.000	27.6	0	-200	0	4.5	2236.85	763.079	736.999	386.63	176.5	83.1235	54.6526	24.9011	10.9651	0	0	0	0	0	0	0	0	0	0	0	0
00.000,00.000	27.7	0	-200	0	4.5	2248.74	766.545	740.744	388.402	177.706	83.9434	55.0483	25.2812	11.0685	0	0	0	0	0	0	0	0	0	0	0	0
00.000,00.000	27.8	0	-200	0	4.5	2259.51	769.705	744.069	390.017	178.796	84.7	55.4277	25.6252	11.1646	0	0	0	0	0	0	0	0	0	0	0	0
00.000,00.000	27.9	0	-200	0	4.5	2284.64	777.169	751.612	393.785	181.342	86.5159	56.3838	26.4376	11.3987	0	0	0	0	0	0	0	0	0	0	0	0
00.000,00.000	28	0	-200	0	4.5	2290.79	779.033	753.471	394.69	181.964	86.952	56.5905	26.6362	11.4569	0	0	0	0	0	0	0	0	0	0	0	0
00.000,00.000	28.1	0	-200	0	4.5	2308.27	784.5	758.531	397.234	183.695	88.2501	57.2503	27.1908	11.6243	0	0	0	0	0	0	0	0	0	0	0	0
00.000,00.000	28.2	0	-200	0	4.5	2321.28	788.71	762.053	399.163	185.014	89.2569	57.7095	27.6193	11.755	0	0	0	0	0	0	0	0	0	0	0	0
00.000,00.000	28.3	0	-200	0	4.5	2331.64	792.136	764.788	400.68	186.071	90.0531	58.0937	27.9545	11.8611	0	0	0	0	0	0	0	0	0	0	0	0
00.000,00.000	28.4	0	-200	0	4.5	2334.29	793.025	765.478	401.069	186.341	90.2603	58.1832	28.0436	11.8891	0	0	0	0	0	0	0	0	0	0	0	0
00.000,00.000	28.5	0	-200	0	4.5	2387.98	811.394	779.011	408.742	191.854	94.4102	60.2964	29.8027	12.4723	0	0	0	0	0	0	0	0	0	0	0	0
00.000,00.000	28.6	0	-200	0	4.5	2453.19	831.584	795.063	418.538	199.626	100.298	63.0895	31.6562	13.3399	0	0	0	0	0	0	0	0	0	0	0	0
00.000,00.000	28.7	0	-200	0	4.5	2536.66	863.206	814.066	429.266	208.77	107.162	66.5939	33.2201	14.3767	0	0	0	0	0	0	0	0	0	0	0	0
00.000,00.000	28.8	0	-200	0	4.5	2547.15	866.977	816.524	430.687	209.936	108.046	67.0246	33.4395	14.5135	0	0	0	0	0	0	0	0	0	0	0	0
00.000,00.000	28.9	0	-200	0	4.5	2753.34	947.18	863.676	457.349	231.751	123.838	75.5204	36.9944	17.0262	0	0	0	0	0	0	0	0	0	0	0	0
00.000,00.000	29	0	-200	0	4.5	2802.91	966.389	874.896	463.803	237.275	127.622	77.4622	37.8203	17.6463	0	0	0	0	0	0	0	0	0	0	0	0
00.000,00.000	29.1	0	-200	0	4.5	2881.11	994.164	895.733	473.971	245.438	133.357	80.6985	39.1503	18.5992	0	0	0	0	0	0	0	0	0	0	0	0
00.000,00.000	29.2	0	-200	0	4.5	2911.85	1004.78	904.178	478.089	248.601	135.569	81.9577	39.6786	18.9985	0	0	0	0	0	0	0	0	0	0	0	0
00.000,00.000	29.3	0	-200	0	4.5	2921.47	1008.16	906.841	479.319	249.578	136.232	82.3638	39.8561	19.1166	0	0	0	0	0	0	0	0	0	0	0	0
00.000,00.000	29.4	0	-200	0	4.5	2982.24	1029.69	923.982	487.025	255.456	140.245	84.9482	41.0398	19.8516	0	0	0	0	0	0	0	0	0	0	0	0
00.000,00.000	29.5	0	-200	0	4.5	2998.79	1035.68	928.685	489.056	256.968	141.321	85.6135	41.4163	20.0557	0	0	0	0	0	0	0	0	0	0	0	0
00.000,00.000	29.6	0	-200	0	4.5	3020.93	1043.54	935.106	491.754	259.038	142.707	86.584	41.8817	20.3174	0	0	0	0	0	0	0	0	0	0	0	0
00.000,00.000	29.7	0	-200	0	4.5	3074.27	1060.08	949.607	499.137	264.905	146.541	89.6189	43.2899	21.096	0	0	0	0	0	0	0	0	0	0	0	0
00.000,00.000	29.8	0	-200	0	4.5	3117.77	1077.07	960.822	504.296	268.944	149.033	91.7243	44.2799	21.6077	0	0	0	0	0	0	0	0	0	0	0	0
00.000,00.000	29.9	0	-200	0	4.5	3120.34	1078	961.542	504.605	269.203	149.173	91.8504	44.3448	21.6278	0	0	0	0	0	0	0	0	0	0	0	0
00.000,00.000	30	0	-200	0	4.5	3167.65	1094.69	974.902	510.651	273.777	151.821	94.2186	45.5016	22.0858	9.41469e-14	0	0	0	0	0	0	0	0	0	0	0
00.000,00.000	30.1	0	-200	0	4.5	3201.18	1107.29	984.244	514.642	276.913	153.574	95.7798	46.3288	22.3475	0.0602647	0	0	0	0	0	0	0	0	0	0	0
00.000,00.000	30.2	0	-200	0	4.5	3214.75	1112.56	987.974	516.247	278.089	154.281	96.4104	46.6542	22.448	0.0845825	0	0	0	0	0	0	0	0	0	0	0
00.000,00.000	30.3	0	-200	0	4.5	3225.85	1116.82	991.056	517.585	279.057	154.858	96.9311	46.9174	22.528	0.104713	0	0	0	0	0	0	0	0	0	0	0
00.000,00.000	30.4	0	-200	0	4.5	3237.37	1121.38	994.229	518.931	280.024	155.434	97.4557	47.1814	22.6065	0.125269	0	0	0	0	0	0	0	0	0	0	0
00.000,00.000	30.5	0	-200	0	4.5	3248.99	1126	997.428	520.292	280.982	156.016	97.986	47.4474	22.684	0.146378	0	0	0	0	0	0	0	0	0	0	0
00.000,00.000	30.6	0	-200	0	4.5	3260.18	1130.38	1000.49	521.627	281.928	156.593	98.5168	47.7127	22.7599	0.167916	0	0	0	0	0	0	0	0	0	0	0
00.000,00.000	30.7	0	-200	0	4.5	3330.27	1155.5	1018.2	530.951	288.793	160.903	102.545	49.7126	23.3318	0.337113	0	0	0	0	0	0	0	0	0	0	0
00.000,00.000	30.8	0	-200	0	4.5	3391.38	1180.38	1033.6	538.206	294.077	164.13	105.534	51.2451	23.7488	0.464857	0	0	0	0	0	0	0	0	0	0	0
00.000,00.000	30.9	0	-200	0	4.5	3394.72	1181.71	1034.46	538.596	294.378	164.3	105.695	51.3339	23.772	0.472169	0	0	0	0	0	0	0	0	0	0	0
00.000,00.000	31	0	-200	0	4.5	3486.91	1217.27	1058.92	549.912	302.603	169.078	110.269	53.7999	24.3841	0.677781	0	0	0	0	0	0	0	0	0	0	0
00.000,00.000	31.1	0	-200	0	4.5	3524.28	1232.09	1068.8	554.241	306.06	170.922	112.018	54.758	24.6309	0.76236	0	0	0	0	0	0	0	0	0	0	0
00.000,00.000	31.2	0	-200	0	4.5	3535	1236.65	1071.47	555.443	307	171.45	112.483	55.0347	24.6948	0.785515	0	0	0	0	0	0	0	0	0	0	0
00.000,00.000	31.3	0	-200	0	4.5	3545.99	1241.2	1074.27	556.683	307.983	172.001	112.963	55.3198	24.7587	0.809648	0	0	0	0	0	0	0	0	0	0	0
00.000,00.000	31.4	0	-200	0	4.5	3571.81	1252.36	1080.68	559.488	310.216	173.257	114.08	55.9606	24.8982	0.864974	0	0	0	0	0	0	0	0	0	0	0
00.000,00.000	31.5	0	-200	0	4.5	3577.89	1255.03	1082.17	560.146	310.748	173.552	114.334	56.1032	24.9308	0.878302	0	0	0	0	0	0	0	0	0	0	0
00.000,00.000	31.6	0	-200	0	4.5	3595.76	1262.54	1086.55	562.128	312.376	174.477	115.164	56.5706	25.025	0.920163	0	0	0	0	0	0	0	0	0	0	0
00.000,00.000	31.7	0	-200	0	4.5	3611.54	1269.6	1090.32	563.765	313.726	175.269	115.851	56.9571	25.1017	0.955729	0	0	0	0	0	0	0	0	0	0	0
00.000,00.000	31.8	0	-200	0	4.5	3619.9	1273.23	1092.34	564.638	314.471	175.705	116.229	57.1688	25.1416	0.974879	0	0	0	0	0	0	0	0	0	0	0
00.000,00.000	31.9	0	-200	0	4.5	3717.17	1317.26	1114.58	574.41	323.169	180.636	120.644	59.6961	25.5846	1.19295	0	0	0	0	0	0	0	0	0	0	0
00.000,00.000	32	0	-200	0	4.5	3736.29	1325.94	1118.99	576.314	324.93	181.616	121.47	60.125	25.6721	1.23651	0	0	0	0	0	0	0	0	0	0	0
00.000,00.000	32.1	0	-200	0	4.5	3800.01	1354.65	1134.03	582.492	330.721	184.72	124.354	61.7196	25.9611	1.3713	0	0	0	0	0	0	0	0	0	0	0
00.000,00.000	32.2	0	-200	0	4.5	3827.59	1367.48	1140.45	584.924	333.239	186.079	125.491	62.3823	26.1134	1.42962	0	0	0	0	0	0	0	0	0	0	0
00.000,00.000	32.3	0	-200	0	4.5	3838.93	1372.8	1143.05	585.93	334.24	186.619	125.995	62.6621	26.1706	1.45186	0	0	0	0	0	0	0	0	0	0	0
00.000,00.000	32.4	0	-200	0	4.5	3870.1	1387.73	1150.14	588.593	336.949	188.069	127.369	63.4175	26.3236	1.51002	0	0	0	0	0	0	0	0	0	0	0
00.000,00.000	32.5	0	-200	0	4.5	3883.86	1394.39	1153.28	589.701	338.157	188.721	127.939	63.7513	26.3926	1.53554	0	0	0	0	0	0	0	0	0	0	0
00.000,00.000	32.6	0	-200	0	4.5	3895.41	1399.72	1155.89	590.697	339.239	189.295	128.489	64.0694	26.453	1.55775	0	0	0	0	0	0	0	0	0	0	0
00.000,00.000	32.7	0	-200	0	4.5	3987.77	1442.28	1174.39	598.518	348.928	194.19	133.557	67.106	27.0273	1.76641	0	0	0	0	0	0	0	0	0	0	0
00.000,00.000	32.8	0	-200	0	4.5	4013.66	1454.73	1179.67	600.591	351.568	195.517	134.788	67.8033	27.179	1.82001	0	0	0	0	0	0	0	0	0	0	0
00.000,00.000	32.9	0	-200	0	4.5	4013.44	1454.65	1179.62	600.562	351.559	195.506	134.763	67.7872	27.1796	1.82001	0	0	0	0	0	0	0	0	0	0	0
00.000,00.000	33	0	-200	0	4.5	4105.49	1500.24	1198.01	607.724	360.588	199.977	139.038	70.2761	27.6503	1.9784	0	0	0	0	0	0	0	0	0	0	0
00.000,00.000	33.1	0	-200	0	4.5	4141.21	1518.18	1204.98	610.629	364.183	201.64	140.536	71.186	27.8384	2.04054	0	0	0	0	0	0	0	0	0	0	0
00.000,00.000	33.2	0	-200	0	4.5	4151.67	1523.59	1207.02	611.42	365.181	202.108	140.972	71.4413	27.8877	2.05668	0	0	0	0	0	0	0	0	0	0	0
00.000,00.000	33.3	0	-200	0	4.5	4162.3	1529.09	1209.11	612.211	366.191	202.583	141.406	71.6961	27.9355	2.07239	0	0	0	0	0	0	0	0	0	0	0
00.000,00.000	33.4	0	-200	0	4.5	4203.14	1550.7	1217.07	615.127	369.97	204.342	143.029	72.6483	28.1252	2.12805	0	0	0	0	0	0	0	0	0	0	0
00.000,00.000	33.5	0	-200	0	4.5	4211.6	1555.21	1218.68	615.757	370.77	204.704	143.339	72.8338	28.1701	2.13967	0	0	0	0	0	0	0	0	0	0	0
00.000,00.000	33.6	0	-200	0	4.5	4260.34	1579.57	1227.51	619.654	375.993	207.048	145.619	74.2405	28.4699	2.23605	0	0	0	0	0	0	0	0	0	0	0
00.000,00.000	33.7	0	-200	0	4.5	4296.6	1597.93	1234.02	622.578	379.832	208.847	147.162	75.2144	28.7156	2.31147	0	0	0	0	0	0	0	0	0	0	0
00.000,00.000	33.8	0	-200	0	4.5	4299.45	1599.37	1234.52	622.816	380.124	208.986	147.278	75.2922	28.7429	2.31729	0	0	0	0	0	0	0	0	0	0	0
00.000,00.000	33.9	0	-200	0	4.5	4336.76	1618.96	1241.37	625.521	383.766	210.687	148.773	76.228	29.0693	2.3834	0	0	0	0	0	0	0	0	0	0	0
00.000,00.000	34	0	-200	0	4.5	4344.79	1623.14	1242.82	626.116	384.561	211.082	149.082	76.4327	29.1542	2.39792	0	0	0	0	0	0	0	0	0	0	0
00.000,00.000	34.1	0	-200	0	4.5	4395.28	1650.48	1252.12	629.563	389.122	213.279	151.01	77.6413	29.5972	2.4752	0	0	0	0	0	0	0	0	0	0	0
00.000,00.000	34.2	0	-200	0	4.5	4419.69	1663.37	1256.71	631.32	391.394	214.354	151.938	78.2611	29.8293	2.51248	0	0	0	0	0	0	0	0	0	0	0
00.000,00.000	34.3	0	-200	0	4.5	4429.09	1668.42	1258.52	631.964	392.236	214.741	152.286	78.4842	29.9135	2.52539	0	0	0	0	0	0	0	0	0	0	0
00.000,00.000	34.4	0	-200	0	4.5	4458.56	1684.75	1264.2	633.829	394.704	215.887	153.342	79.1147	30.1713	2.56205	0	0	0	0	0	0	0	0	0	0	0
00.000,00.000	34.5	0	-200	0	4.5	4464.95	1688.24	1265.46	634.246	395.256	216.14	153.55	79.2502	30.2321	2.56986	0	0	0	0	0	0	0	0	0	0	0
00.000,00.000	34.6	0	-200	0	4.5	4492.15	1702.74	1270.75	636.008	397.688	217.263	154.636	79.9303	30.5328	2.60559	0	0	0	0	0	0	0	0	0	0	0
00.000,00.000	34.7	0	-200	0	4.5	4551.09	1734.14	1282.56	639.924	402.952	219.646	156.773	81.286	31.148	2.67222	0	0	0	0	0	0	0	0	0	0	0
00.000,00.000	34.8	0	-200	0	4.5	4560.69	1739.22	1284.52	640.579	403.804	220.041	157.086	81.5034	31.2559	2.6828	0	0	0	0	0	0	0	0	0	0	0
00.000,00.000	34.9	0	-200	0	4.5	4597.66	1759.57	1291.98	642.962	406.824	221.365	158.3	82.307	31.6362	2.71561	0	0	0	0	0	0	0	0	0	0	0
00.000,00.000	35	0	-200	0	4.5	4605.11	1763.69	1293.49	643.448	407.443	221.651	158.481	82.4657	31.7184	2.72204	0	0	0	0	0	0	0	0	0	0	0
00.000,00.000	35.1	0	-200	0	4.5	4661.74	1795.54	1305.07	647.009	411.688	223.529	160.159	83.6414	32.3429	2.75965	0	0	0	0	0	0	0	0	0	0	0
00.000,00.000	35.2	0	-200	0	4.5	4686.66	1809.43	1310.34	648.498	413.696	224.351	160.778	84.1578	32.6399	2.775	0	0	0	0	0	0	0	0	0	0	0
00.000,00.000	35.3	0	-200	0	4.5	4695.94	1814.72	1312.26	649.041	414.395	224.632	161.018	84.3481	32.7466	2.77935	0	0	0	0	0	0	0	0	0	0	0
00.000,00.000	35.4	0	-200	0	4.5	4719.32	1828.21	1317.13	650.398	416.031	225.304	161.625	84.8195	33.0142	2.78778	0	0	0	0	0	0	0	0	0	0	0
00.000,00.000	35.5	0	-200	0	4.5	4724.45	1831.17	1318.21	650.686	416.396	225.455	161.742	84.9198	33.0755	2.79154	0	0	0	0	0	0	0	0	0	0	0
00.000,00.000	35.6	0	-200	0	4.5	4742.18	1841.49	1321.94	651.693	417.542	225.917	162.196	85.2816	33.2869	2.82989	0	0	0	0	0	0	0	0	0	0	0
00.000,00.000	35.7	0	-200	0	4.5	4780.1	1863.61	1330.01	653.802	419.996	226.871	163.106	86.0637	33.7297	2.91562	0	0	0	0	0	0	0	0	0	0	0
00.000,00.000	35.8	0	-200	0	4.5	4786.92	1867.49	1331.55	654.195	420.433	227.034	163.244	86.2142	33.8262	2.93668	0	0	0	0	0	0	0	0	0	0	0
00.000,00.000	35.9	0	-200	0	4.5	4824.96	1889.63	1339.82	656.297	422.764	227.895	164.126	86.9965	34.4148	3.01843	0	0	0	0	0	0	0	0	0	0	0
00.000,00.000	36	0	-200	0	4.5	4831.95	1893.57	1341.37	656.723	423.2	228.051	164.266	87.1493	34.5399	3.07027	0	0	0	0	0	0	0	0	0	0	0
00.000,00.000	36.1	0	-200	0	4.5	4877.17	1920.01	1351.26	659.254	425.698	228.984	165.29	88.0559	35.2942	3.33611	0	0	0	0	0	0	0	0	0	0	0
00.000,00.000	36.2	0	-200	0	4.5	4898.54	1932.43	1355.93	660.47	426.889	229.412	165.75	88.4875	35.676	3.48943	0	0	0	0	0	0	0	0	0	0	0
00.000,00.000	36.3	0	-200	0	4.5	4907.84	1937.9	1357.94	661	427.388	229.589	165.956	88.6655	35.8359	3.56666	0	0	0	0	0	0	0	0	0	0	0
00.000,00.000	36.4	0	-200	0	4.5	4924.2	1947.61	1361.45	661.918	428.219	229.878	166.322	88.9704	36.1098	3.72437	0	0	0	0	0	0	0	0	0	0	0
00.000,00.000	36.5	0	-200	0	4.5	4927.9	1949.8	1362.24	662.128	428.403	229.942	166.403	89.0393	36.1715	3.77187	0	0	0	0	0	0	0	0	0	0	0
00.000,00.000	36.6	0	-200	0	4.5	4948	1961.62	1366.31	663.281	429.439	230.28	166.917	89.4768	36.5887	4.09123	0	0	0	0	0	0	0	0	0	0	0
00.000,00.000	36.7	0	-200	0	4.5	4987.38	1984.76	1374.25	665.516	431.576	230.991	167.856	90.2947	37.3954	4.73394	0	0	0	0	0	0	0	0	0	0	0
00.000,00.000	36.8	0	-200	0	4.5	4993.5	1988.34	1375.48	665.87	431.897	231.091	167.977	90.427	37.5686	4.85215	0	0	0	0	0	0	0	0	0	0	0
00.000,00.000	36.9	0	-200	0	4.5	5021.56	2005.15	1380.97	667.405	433.264	231.535	168.647	90.9741	38.3108	5.29893	0	0	0	0	0	0	0	0	0	0	0
00.000,00.000	37	0	-200	0	4.5	5027.43	2008.67	1382.11	667.734	433.55	231.625	168.771	91.0942	38.4785	5.39999	0	0	0	0	0	0	0	0	0	0	0
00.000,00.000	37.1	0	-200	0	4.5	5064.88	2031.55	1389.31	669.729	435.215	232.108	169.67	91.7992	39.499	6.00608	0	0	0	0	0	0	0	0	0	0	0
00.000,00.000	37.2	0	-200	0	4.5	5089.71	2046.71	1394.03	671.049	436.312	232.438	170.252	92.2615	40.2196	6.43987	0	0	0	0	0	0	0	0	0	0	0
00.000,00.000	37.3	0	-200	0	4.5	5092.96	2048.7	1394.64	671.222	436.451	232.48	170.328	92.3221	40.3143	6.4966	0	0	0	0	0	0	0	0	0	0	0
00.000,00.000	37.4	0	-200	0	4.5	5125.16	2068.84	1400.66	672.864	437.704	232.831	171.114	92.8815	41.1662	7.09108	0	0	0	0	0	0	0	0	0	0	0
00.000,00.000	37.5	0	-200	0	4.5	5131.86	2073.02	1401.88	673.214	437.969	232.906	171.273	93.0026	41.3497	7.24748	0	0	0	0	0	0	0	0	0	0	0
00.000,00.000	37.6	0	-200	0	4.5	5157.67	2089.69	1406.33	674.471	438.857	233.132	171.937	93.4667	41.9487	7.84109	0	0	0	0	0	0	0	0	0	0	0
00.000,00.000	37.7	0	-200	0	4.5	5178.31	2102.67	1410.16	675.473	439.592	233.334	172.474	93.8312	42.4897	8.28951	0	0	0	0	0	0	0	0	0	0	0
00.000,00.000	37.8	0	-200	0	4.5	5189.55	2109.79	1412.24	676.009	439.973	233.434	172.77	94.0232	42.7845	8.52289	0	0	0	0	0	0	0	0	0	0	0
00.000,00.000	37.9	0	-200	0	4.5	5190.06	2110.12	1412.33	676.034	439.99	233.438	172.783	94.0322	42.8004	8.53468	0	0	0	0	0	0	0	0	0	0	0
00.000,00.000	38	0	-200	0	4.5	5190.12	2110.15	1412.34	676.037	439.992	233.438	172.785	94.0332	42.8019	8.53589	0	0	0	0	0	0	0	0	0	0	0
00.000,00.000	38.1	0	-200	0	4.5	5212.36	2124.23	1416.67	677.077	440.648	233.599	173.38	94.4004	43.3627	8.99009	0	0	0	0	0	0	0	0	0	0	0
00.000,00.000	38.2	0	-200	0	4.5	5231.67	2136.24	1420.56	677.994	441.207	233.729	173.901	94.719	43.8568	9.46277	0	0	0	0	0	0	0	0	0	0	0
00.000,00.000	38.3	0	-200	0	4.5	5235.08	2138.29	1421.31	678.163	441.304	233.746	173.993	94.7744	43.948	9.54835	0	0	0	0	0	0	0	0	0	0	0
00.000,00.000	38.4	0	-200	0	4.5	5256.39	2151.48	1425.88	679.167	441.868	233.865	174.563	95.1035	44.4307	10.033	0	0	0	0	0	0	0	0	0	0	0
00.000,00.000	38.5	0	-200	0	4.5	5261.06	2154.24	1426.97	679.412	441.988	233.886	174.685	95.1762	44.5493	10.1488	0	0	0	0	0	0	0	0	0	0	0
00.000,00.000	38.6	0	-200	0	4.5	5279.5	2165.62	1431.09	680.307	442.418	233.972	175.156	95.448	44.9355	10.56	0	0	0	0	0	0	0	0	0	0	0
00.000,00.000	38.7	0	-200	0	4.5	5314.11	2186.56	1439.31	681.97	443.162	234.13	176.036	95.9565	45.6477	11.3449	0	0	0	0	0	0	0	0	0	0	0
00.000,00.000	38.8	0	-200	0	4.5	5319.28	2189.76	1440.42	682.232	443.277	234.148	176.17	96.0371	45.7625	11.4757	0	0	0	0	0	0	0	0	0	0	0
00.000,00.000	38.9	0	-200	0	4.5	5360.29	2215.24	1449.64	684.147	444.087	234.32	177.213	96.6875	46.5543	12.4061	0	0	0	0	0	0	0	0	0	0	0
00.000,00.000	39	0	-200	0	4.5	5369.82	2221.31	1451.55	684.619	444.276	234.354	177.464	96.8651	46.7495	12.6323	0	0	0	0	0	0	0	0	0	0	0
00.000,00.000	39.1	0	-200	0	4.5	5393.15	2236.41	1456.3	685.707	444.689	234.441	178.061	97.2282	47.1621	13.154	0	0	0	0	0	0	0	0	0	0	0
00.000,00.000	39.2	0	-200	0	4.5	5404.72	2243.87	1458.67	686.253	444.886	234.507	178.354	97.4129	47.362	13.4097	0	0	0	0	0	0	0	0	0	0	0
00.000,00.000	39.3	0	-200	0	4.5	5407.46	2245.65	1459.23	686.378	444.928	234.523	178.423	97.4536	47.4048	13.4684	0	0	0	0	0	0	0	0	0	0	0
00.000,00.000	39.4	0	-200	0	4.5	5425.8	2257.68	1463.02	687.191	445.192	234.622	178.87	97.7113	47.6652	13.8476	0	0	0	0	0	0	0	0	0	0	0
00.000,00.000	39.5	0	-200	0	4.5	5429.5	2260.1	1463.78	687.352	445.254	234.64	178.962	97.7689	47.7185	13.9255	0	0	0	0	0	0	0	0	0	0	0
00.000,00.000	39.6	0	-200	0	4.5	5442.99	2268.85	1466.76	687.91	445.401	234.709	179.306	97.9457	47.8955	14.2165	0	0	0	0	0	0	0	0	0	0	0
00.000,00.000	39.7	0	-200	0	4.5	5459.57	2279.89	1470.12	688.617	445.581	234.789	179.715	98.1656	48.1008	14.6036	0	0	0	0	0	0	0	0	0	0	0
00.000,00.000	39.8	0	-200	0	4.5	5461.69	2281.33	1470.49	688.709	445.607	234.799	179.77	98.1969	48.1267	14.6601	0	0	0	0	0	0	0	0	0	0	0
00.000,00.000	39.9	0	-200	0	4.5	5469.24	2286.44	1471.98	689.024	445.676	234.833	179.962	98.2889	48.2033	14.833	0	0	0	0	0	0	0	0	0	0	0
00.000,00.000	40	0	-200	0	4.5	5470.92	2287.57	1472.31	689.094	445.694	234.84	180.005	98.312	48.22	14.8773	0	0	0	0	0	0	0	0	0	0	0
00.000,00.000	40.1	0	-200	0	4.5	5477.66	2292.17	1473.63	689.365	445.753	234.869	180.164	98.3885	48.2809	15.0299	0	0	0	0	0	0	0	0	0	0	0
00.000,00.000	40.2	0	-200	0	4.5	5484.62	2296.94	1474.99	689.643	445.816	234.897	180.332	98.4705	48.3423	15.1883	0	0	0	0	0	0	0	0	0	0	0
00.000,00.000	40.3	0	-200	0	4.5	5487.01	2298.65	1475.39	689.741	445.839	234.907	180.387	98.4955	48.3627	15.2437	0	0	0	0	0	0	0	0	0	0	0
00.000,00.000	40.4	0	-200	0	4.5	5493.61	2303.35	1476.54	690.004	445.894	234.931	180.539	98.5572	48.4133	15.3826	0	0	0	0	0	0	0	0	0	0	0
00.000,00.000	40.5	0	-200	0	4.5	5495.08	2304.41	1476.78	690.062	445.909	234.936	180.57	98.5696	48.4242	15.4158	0	0	0	0	0	0	0	0	0	0	0
00.000,00.000	40.6	0	-200	0	4.5	5510.93	2315.74	1479.62	690.634	446.02	234.982	180.962	98.7134	48.5271	15.7385	0	0	0	0	0	0	0	0	0	0	0
00.000,00.000	40.7	0	-200	0	4.5	5514.12	2318.01	1480.2	690.751	446.049	234.992	181.034	98.7387	48.5461	15.8085	0	0	0	0	0	0	0	0	0	0	0
00.000,00.000	40.8	0	-200	0	4.5	5516.43	2319.65	1480.61	690.833	446.065	234.997	181.096	98.7594	48.5576	15.8529	0	0	0	0	0	0	0	0	0	0	0
00.000,00.000	40.9	0	-200	0	4.5	5519.13	2321.58	1481.11	690.928	446.086	235.003	181.167	98.7808	48.5702	15.9045	0	0	0	0	0	0	0	0	0	0	0
00.000,00.000	41	0	-200	0	4.5	5519.59	2321.91	1481.19	690.944	446.09	235.004	181.177	98.7842	48.5723	15.9138	0	0	0	0	0	0	0	0	0	0	0
00.000,00.000	41.1	0	-200	0	4.5	5522.98	2324.32	1481.83	691.062	446.117	235.008	181.265	98.8138	48.5859	15.9747	0	0	0	0	0	0	0	0	0	0	0
00.000,00.000	41.2	0	-200	0	4.5	5527.33	2327.41	1482.6	691.27	446.153	235.014	181.375	98.851	48.6022	16.0522	0	0	0	0	0	0	0	0	0	0	0
00.000,00.000	41.3	0	-200	0	4.5	5528.27	2328.07	1482.69	691.398	446.162	235.015	181.397	98.8578	48.6055	16.0693	0	0	0	0	0	0	0	0	0	0	0
00.000,00.000	41.4	0	-200	0	4.5	5531.67	2330.47	1483.18	691.712	446.189	235.018	181.486	98.8866	48.6153	16.123	0	0	0	0	0	0	0	0	0	0	0
00.000,00.000	41.5	0	-200	0	4.5	5532.98	2331.46	1483.36	691.762	446.201	235.019	181.52	98.8973	48.619	16.1454	0	0	0	0	0	0	0	0	0	0	0
00.000,00.000	41.6	0	-200	0	4.5	5539.21	2336.2	1484.24	691.997	446.254	235.021	181.68	98.9489	48.6325	16.2385	0	0	0	0	0	0	0	0	0	0	0
00.000,00.000	41.7	0	-200	0	4.5	5540.4	2337.1	1484.42	692.041	446.265	235.021	181.708	98.9578	48.6349	16.2582	0	0	0	0	0	0	0	0	0	0	0
00.000,00.000	41.8	0	-200	0	4.5	5541.33	2337.81	1484.55	692.076	446.272	235.021	181.732	98.9659	48.6361	16.2711	0	0	0	0	0	0	0	0	0	0	0
00.000,00.000	41.9	0	-200	0	4.5	5542.67	2338.83	1484.74	692.125	446.282	235.021	181.766	98.9758	48.6371	16.2897	0	0	0	0	0	0	0	0	0	0	0
00.000,00.000	42	0	-200	0	4.5	5542.91	2339.01	1484.78	692.134	446.284	235.021	181.771	98.9775	48.6373	16.2933	0	0	0	0	0	0	0	0	0	0	0