
label	time(d)	x	depth	z	radius	total	0-10	10-20	20-30	30-40	40-50	50-60	60-70	70-80	80-90	90-100	100-110	110-120	120-130	130-140	140-150	150-160	160-170	170-180	180-190	190-200
00.000,00.000	0	0	-200	0	4.5	0	0	0	0	0	0	0	0	0	0	0	0	0	0	0	0	0	0	0	0	0
00.000,00.000	0.1	0	-200	0	4.5	0.37949	0.37949	0	0	0	0	0	0	0	0	0	0	0	0	0	0	0	0	0	0	0
00.000,00.000	0.2	0	-200	0	4.5	0.761527	0.761527	0	0	0	0	0	0	0	0	0	0	0	0	0	0	0	0	0	0	0
00.000,00.000	0.3	0	-200	0	4.5	1.14629	1.14629	0	0	0	0	0	0	0	0	0	0	0	0	0	0	0	0	0	0	0
00.000,00.000	0.4	0	-200	0	4.5	1.53366	1.53366	0	0	0	0	0	0	0	0	0	0	0	0	0	0	0	0	0	0	0
00.000,00.000	0.5	0	-200	0	4.5	1.92317	1.92317	0	0	0	0	0	0	0	0	0	0	0	0	0	0	0	0	0	0	0
00.000,00.000	0.6	0	-200	0	4.5	2.31464	2.31464	0	0	0	0	0	0	0	0	0	0	0	0	0	0	0	0	0	0	0
00.000,00.000	0.7	0	-200	0	4.5	2.70824	2.70824	0	0	0	0	0	0	0	0	0	0	0	0	0	0	0	0	0	0	0
00.000,00.000	0.8	0	-200	0	4.5	3.10392	3.10392	0	0	0	0	0	0	0	0	0	0	0	0	0	0	0	0	0	0	0
00.000,00.000	0.9	0	-200	0	4.5	3.50189	3.50189	0	0	0	0	0	0	0	0	0	0	0	0	0	0	0	0	0	0	0
00.000,00.000	1	0	-200	0	4.5	3.90291	3.90291	0	0	0	0	0	0	0	0	0	0	0	0	0	0	0	0	0	0	0
00.000,00.000	1.1	0	-200	0	4.5	4.3145	4.3145	0	0	0	0	0	0	0	0	0	0	0	0	0	0	0	0	0	0	0
00.000,00.000	1.2	0	-200	0	4.5	4.73764	4.73764	0	0	0	0	0	0	0	0	0	0	0	0	0	0	0	0	0	0	0
00.000,00.000	1.3	0	-200	0	4.5	5.17215	5.17215	0	0	0	0	0	0	0	0	0	0	0	0	0	0	0	0	0	0	0
00.000,00.000	1.4	0	-200	0	4.5	5.61775	5.61775	0	0	0	0	0	0	0	0	0	0	0	0	0	0	0	0	0	0	0
00.000,00.000	1.5	0	-200	0	4.5	6.07273	6.07273	0	0	0	0	0	0	0	0	0	0	0	0	0	0	0	0	0	0	0
00.000,00.000	1.6	0	-200	0	4.5	6.53529	6.53529	0	0	0	0	0	0	0	0	0	0	0	0	0	0	0	0	0	0	0
00.000,00.000	1.7	0	-200	0	4.5	7.0101	7.0101	0	0	0	0	0	0	0	0	0	0	0	0	0	0	0	0	0	0	0
00.000,00.000	1.8	0	-200	0	4.5	7.49901	7.36431	0.134691	0	0	0	0	0	0	0	0	0	0	0	0	0	0	0	0	0	0
00.000,00.000	1.9	0	-200	0	4.5	8.00093	7.59342	0.407509	0	0	0	0	0	0	0	0	0	0	0	0	0	0	0	0	0	0
00.000,00.000	2	0	-200	0	4.5	8.51677	7.83775	0.67902	0	0	0	0	0	0	0	0	0	0	0	0	0	0	0	0	0	0
00.000,00.000	2.1	0	-200	0	4.5	9.09892	8.14828	0.95064	0	0	0	0	0	0	0	0	0	0	0	0	0	0	0	0	0	0
00.000,00.000	2.2	0	-200	0	4.5	9.79841	8.57624	1.22217	0	0	0	0	0	0	0	0	0	0	0	0	0	0	0	0	0	0
00.000,00.000	2.3	0	-200	0	4.5	10.614	9.12136	1.4926	0	0	0	0	0	0	0	0	0	0	0	0	0	0	0	0	0	0
00.000,00.000	2.4	0	-200	0	4.5	11.5467	9.78411	1.76263	0	0	0	0	0	0	0	0	0	0	0	0	0	0	0	0	0	0
00.000,00.000	2.5	0	-200	0	4.5	12.5954	10.5631	2.03234	0	0	0	0	0	0	0	0	0	0	0	0	0	0	0	0	0	0
00.000,00.000	2.6	0	-200	0	4.5	13.7572	11.4557	2.30157	0	0	0	0	0	0	0	0	0	0	0	0	0	0	0	0	0	0
00.000,00.000	2.7	0	-200	0	4.5	15.0402	12.4703	2.56984	0	0	0	0	0	0	0	0	0	0	0	0	0	0	0	0	0	0
00.000,00.000	2.8	0	-200	0	4.5	16.4289	13.5917	2.83723	0	0	0	0	0	0	0	0	0	0	0	0	0	0	0	0	0	0
00.000,00.000	2.9	0	-200	0	4.5	17.9469	14.8417	3.10523	0	0	0	0	0	0	0	0	0	0	0	0	0	0	0	0	0	0
00.000,00.000	3	0	-200	0	4.5	19.5868	16.2144	3.37244	0	0	0	0	0	0	0	0	0	0	0	0	0	0	0	0	0	0
00.000,00.000	3.1	0	-200	0	4.5	21.282	17.6436	3.63838	0	0	0	0	0	0	0	0	0	0	0	0	0	0	0	0	0	0
00.000,00.000	3.2	0	-200	0	4.5	22.9765	19.0725	3.90401	0	0	0	0	0	0	0	0	0	0	0	0	0	0	0	0	0	0
00.000,00.000	3.3	0	-200	0	4.5	24.6702	20.5006	4.16963	0	0	0	0	0	0	0	0	0	0	0	0	0	0	0	0	0	0
00.000,00.000	3.4	0	-200	0	4.5	26.3621	21.9279	4.43423	0	0	0	0	0	0	0	0	0	0	0	0	0	0	0	0	0	0
00.000,00.000	3.5	0	-200	0	4.5	28.0459	23.348	4.69789	0	0	0	0	0	0	0	0	0	0	0	0	0	0	0	0	0	0
00.000,00.000	3.6	0	-200	0	4.5	29.7116	24.7505	4.96108	0	0	0	0	0	0	0	0	0	0	0	0	0	0	0	0	0	0
00.000,00.000	3.7	0	-200	0	4.5	31.373	26.1492	5.22387	0	0	0	0	0	0	0	0	0	0	0	0	0	0	0	0	0	0
00.000,00.000	3.8	0	-200	0	4.5	33.0285	27.5427	5.48578	0	0	0	0	0	0	0	0	0	0	0	0	0	0	0	0	0	0
00.000,00.000	3.9	0	-200	0	4.5	34.6786	28.9313	5.74726	0	0	0	0	0	0	0	0	0	0	0	0	0	0	0	0	0	0
00.000,00.000	4	0	-200	0	4.5	36.3282	30.3197	6.0085	0	0	0	0	0	0	0	0	0	0	0	0	0	0	0	0	0	0
00.000,00.000	4.1	0	-200	0	4.5	37.9757	31.7063	6.26942	0	0	0	0	0	0	0	0	0	0	0	0	0	0	0	0	0	0
00.000,00.000	4.2	0	-200	0	4.5	39.6183	33.0889	6.52932	0	0	0	0	0	0	0	0	0	0	0	0	0	0	0	0	0	0
00.000,00.000	4.3	0	-200	0	4.5	41.255	34.4664	6.78861	0	0	0	0	0	0	0	0	0	0	0	0	0	0	0	0	0	0
00.000,00.000	4.4	0	-200	0	4.5	42.8882	35.8272	7.06093	0	0	0	0	0	0	0	0	0	0	0	0	0	0	0	0	0	0
00.000,00.000	4.5	0	-200	0	4.5	44.5113	36.875	7.63625	0	0	0	0	0	0	0	0	0	0	0	0	0	0	0	0	0	0
00.000,00.000	4.6	0	-200	0	4.5	46.1264	37.9169	8.20947	0	0	0	0	0	0	0	0	0	0	0	0	0	0	0	0	0	0
00.000,00.000	4.7	0	-200	0	4.5	47.627	38.7008	8.92616	0	0	0	0	0	0	0	0	0	0	0	0	0	0	0	0	0	0
00.000,00.000	4.8	0	-200	0	4.5	48.9568	39.1875	9.76933	0	0	0	0	0	0	0	0	0	0	0	0	0	0	0	0	0	0
00.000,00.000	4.9	0	-200	0	4.5	49.9758	39.675	10.3008	0	0	0	0	0	0	0	0	0	0	0	0	0	0	0	0	0	0
00.000,00.000	5	0	-200	0	4.5	50.9866	40.1617	10.8249	0	0	0	0	0	0	0	0	0	0	0	0	0	0	0	0	0	0
00.000,00.000	5.1	0	-200	0	4.5	52.0004	40.6501	11.3504	0	0	0	0	0	0	0	0	0	0	0	0	0	0	0	0	0	0
00.000,00.000	5.2	0	-200	0	4.5	53.0161	40.9139	12.1022	0	0	0	0	0	0	0	0	0	0	0	0	0	0	0	0	0	0
00.000,00.000	5.3	0	-200	0	4.5	53.8986	41.1655	12.7332	0	0	0	0	0	0	0	0	0	0	0	0	0	0	0	0	0	0
00.000,00.000	5.4	0	-200	0	4.5	54.6756	41.2634	13.4122	0	0	0	0	0	0	0	0	0	0	0	0	0	0	0	0	0	0
00.000,00.000	5.5	0	-200	0	4.5	55.4531	41.3037	14.1494	0	0	0	0	0	0	0	0	0	0	0	0	0	0	0	0	0	0
00.000,00.000	5.6	0	-200	0	4.5	56.2397	41.3528	14.8629	0.0239586	0	0	0	0	0	0	0	0	0	0	0	0	0	0	0	0	0
00.000,00.000	5.7	0	-200	0	4.5	56.9087	41.4069	15.2268	0.274867	0	0	0	0	0	0	0	0	0	0	0	0	0	0	0	0	0
00.000,00.000	5.8	0	-200	0	4.5	57.4431	41.4691	15.4483	0.525667	0	0	0	0	0	0	0	0	0	0	0	0	0	0	0	0	0
00.000,00.000	5.9	0	-200	0	4.5	57.9651	41.5388	15.6507	0.775618	0	0	0	0	0	0	0	0	0	0	0	0	0	0	0	0	0
00.000,00.000	6	0	-200	0	4.5	58.2953	41.6159	15.6543	1.02501	0	0	0	0	0	0	0	0	0	0	0	0	0	0	0	0	0
00.000,00.000	6.1	0	-200	0	4.5	58.6313	41.7021	15.6553	1.27385	0	0	0	0	0	0	0	0	0	0	0	0	0	0	0	0	0
00.000,00.000	6.2	0	-200	0	4.5	58.9811	41.8011	15.6581	1.52196	0	0	0	0	0	0	0	0	0	0	0	0	0	0	0	0	0
00.000,00.000	6.3	0	-200	0	4.5	59.3446	41.9132	15.6619	1.76939	0	0	0	0	0	0	0	0	0	0	0	0	0	0	0	0	0
00.000,00.000	6.4	0	-200	0	4.5	59.725	42.0407	15.668	2.01636	0	0	0	0	0	0	0	0	0	0	0	0	0	0	0	0	0
00.000,00.000	6.5	0	-200	0	4.5	60.1163	42.1766	15.6772	2.26253	0	0	0	0	0	0	0	0	0	0	0	0	0	0	0	0	0
00.000,00.000	6.6	0	-200	0	4.5	60.5287	42.3312	15.6895	2.50798	0	0	0	0	0	0	0	0	0	0	0	0	0	0	0	0	0
00.000,00.000	6.7	0	-200	0	4.5	60.9664	42.5087	15.7049	2.75282	0	0	0	0	0	0	0	0	0	0	0	0	0	0	0	0	0
00.000,00.000	6.8	0	-200	0	4.5	61.4377	42.7163	15.7241	2.99723	0	0	0	0	0	0	0	0	0	0	0	0	0	0	0	0	0
00.000,00.000	6.9	0	-200	0	4.5	61.9495	42.9604	15.7479	3.24122	0	0	0	0	0	0	0	0	0	0	0	0	0	0	0	0	0
00.000,00.000	7	0	-200	0	4.5	62.5046	43.2434	15.7766	3.48457	0	0	0	0	0	0	0	0	0	0	0	0	0	0	0	0	0
00.000,00.000	7.1	0	-200	0	4.5	63.1135	43.5741	15.812	3.72751	0	0	0	0	0	0	0	0	0	0	0	0	0	0	0	0	0
00.000,00.000	7.2	0	-200	0	4.5	63.7766	43.9546	15.8523	3.96972	0	0	0	0	0	0	0	0	0	0	0	0	0	0	0	0	0
00.000,00.000	7.3	0	-200	0	4.5	64.5004	44.3906	15.8985	4.21138	0	0	0	0	0	0	0	0	0	0	0	0	0	0	0	0	0
00.000,00.000	7.4	0	-200	0	4.5	65.2928	44.8896	15.9507	4.45253	0	0	0	0	0	0	0	0	0	0	0	0	0	0	0	0	0
00.000,00.000	7.5	0	-200	0	4.5	66.1313	45.4304	16.0082	4.69269	0	0	0	0	0	0	0	0	0	0	0	0	0	0	0	0	0
00.000,00.000	7.6	0	-200	0	4.5	67.0458	46.0411	16.0726	4.93217	0	0	0	0	0	0	0	0	0	0	0	0	0	0	0	0	0
00.000,00.000	7.7	0	-200	0	4.5	68.0337	46.7194	16.1428	5.17149	0	0	0	0	0	0	0	0	0	0	0	0	0	0	0	0	0
00.000,00.000	7.8	0	-200	0	4.5	69.1032	47.4728	16.2202	5.41026	0	0	0	0	0	0	0	0	0	0	0	0	0	0	0	0	0
00.000,00.000	7.9	0	-200	0	4.5	70.2758	48.3204	16.3071	5.64837	0	0	0	0	0	0	0	0	0	0	0	0	0	0	0	0	0
00.000,00.000	8	0	-200	0	4.5	71.5487	49.2617	16.4011	5.88585	0	0	0	0	0	0	0	0	0	0	0	0	0	0	0	0	0
00.000,00.000	8.1	0	-200	0	4.5	72.9328	50.3059	16.5039	6.12298	0	0	0	0	0	0	0	0	0	0	0	0	0	0	0	0	0
00.000,00.000	8.2	0	-200	0	4.5	74.4275	51.451	16.6168	6.35969	0	0	0	0	0	0	0	0	0	0	0	0	0	0	0	0	0
00.000,00.000	8.3	0	-200	0	4.5	76.0343	52.6982	16.7403	6.59573	0	0	0	0	0	0	0	0	0	0	0	0	0	0	0	0	0
00.000,00.000	8.4	0	-200	0	4.5	77.7555	54.0484	16.876	6.83117	0	0	0	0	0	0	0	0	0	0	0	0	0	0	0	0	0
00.000,00.000	8.5	0	-200	0	4.5	79.5337	55.4434	17.0247	7.06558	0	0	0	0	0	0	0	0	0	0	0	0	0	0	0	0	0
00.000,00.000	8.6	0	-200	0	4.5	81.4293	56.9423	17.1872	7.2998	0	0	0	0	0	0	0	0	0	0	0	0	0	0	0	0	0
00.000,00.000	8.7	0	-200	0	4.5	83.4292	58.5332	17.3626	7.53344	0	0	0	0	0	0	0	0	0	0	0	0	0	0	0	0	0
00.000,00.000	8.8	0	-200	0	4.5	85.5392	60.2205	17.552	7.76664	0	0	0	0	0	0	0	0	0	0	0	0	0	0	0	0	0
00.000,00.000	8.9	0	-200	0	4.5	87.7925	62.0372	17.7558	7.99953	0	0	0	0	0	0	0	0	0	0	0	0	0	0	0	0	0
00.000,00.000	9	0	-200	0	4.5	90.1597	63.9536	17.9743	8.23177	0	0	0	0	0	0	0	0	0	0	0	0	0	0	0	0	0
00.000,00.000	9.1	0	-200	0	4.5	92.6567	65.9842	18.2091	8.46339	0	0	0	0	0	0	0	0	0	0	0	0	0	0	0	0	0
00.000,00.000	9.2	0	-200	0	4.5	95.2978	68.143	18.4603	8.69446	0	0	0	0	0	0	0	0	0	0	0	0	0	0	0	0	0
00.000,00.000	9.3	0	-200	0	4.5	98.0875	70.4323	18.73	8.92519	0	0	0	0	0	0	0	0	0	0	0	0	0	0	0	0	0
00.000,00.000	9.4	0	-200	0	4.5	101.028	72.8543	19.0184	9.15535	0	0	0	0	0	0	0	0	0	0	0	0	0	0	0	0	0
00.000,00.000	9.5	0	-200	0	4.5	104.017	75.3104	19.3217	9.38483	0	0	0	0	0	0	0	0	0	0	0	0	0	0	0	0	0
00.000,00.000	9.6	0	-200	0	4.5	107.158	77.8965	19.6474	9.61378	0	0	0	0	0	0	0	0	0	0	0	0	0	0	0	0	0
00.000,00.000	9.7	0	-200	0	4.5	110.429	80.5918	19.9948	9.84194	0	0	0	0	0	0	0	0	0	0	0	0	0	0	0	0	0
00.000,00.000	9.8	0	-200	0	4.5	113.852	83.4146	20.3678	10.0695	0	0	0	0	0	0	0	0	0	0	0	0	0	0	0	0	0
00.000,00.000	9.9	0	-200	0	4.5	117.469	86.4033	20.769	10.2969	0	0	0	0	0	0	0	0	0	0	0	0	0	0	0	0	0
00.000,00.000	10	0	-200	0	4.5	121.245	89.5246	21.197	10.4513	0.0726323	0	0	0	0	0	0	0	0	0	0	0	0	0	0	0	0
00.000,00.000	10.1	0	-200	0	4.5	125.198	92.7957	21.6515	10.4509	0.299359	0	0	0	0	0	0	0	0	0	0	0	0	0	0	0	0
00.000,00.000	10.2	0	-200	0	4.5	129.336	96.2274	22.1329	10.4509	0.525138	0	0	0	0	0	0	0	0	0	0	0	0	0	0	0	0
00.000,00.000	10.3	0	-200	0	4.5	133.668	99.8239	22.6424	10.4509	0.750299	0	0	0	0	0	0	0	0	0	0	0	0	0	0	0	0
00.000,00.000	10.4	0	-200	0	4.5	138.186	103.582	23.1776	10.4512	0.974944	0	0	0	0	0	0	0	0	0	0	0	0	0	0	0	0
00.000,00.000	10.5	0	-200	0	4.5	142.74	107.358	23.7299	10.4529	1.19882	0	0	0	0	0	0	0	0	0	0	0	0	0	0	0	0
00.000,00.000	10.6	0	-200	0	4.5	147.473	111.279	24.3148	10.4572	1.4222	0	0	0	0	0	0	0	0	0	0	0	0	0	0	0	0
00.000,00.000	10.7	0	-200	0	4.5	152.354	115.301	24.945	10.463	1.64511	0	0	0	0	0	0	0	0	0	0	0	0	0	0	0	0
00.000,00.000	10.8	0	-200	0	4.5	157.416	119.473	25.6034	10.472	1.86748	0	0	0	0	0	0	0	0	0	0	0	0	0	0	0	0
00.000,00.000	10.9	0	-200	0	4.5	162.727	123.867	26.2856	10.4849	2.08952	0	0	0	0	0	0	0	0	0	0	0	0	0	0	0	0
00.000,00.000	11	0	-200	0	4.5	168.242	128.441	26.9884	10.5019	2.31087	0	0	0	0	0	0	0	0	0	0	0	0	0	0	0	0
00.000,00.000	11.1	0	-200	0	4.5	173.966	133.194	27.717	10.5229	2.53161	0	0	0	0	0	0	0	0	0	0	0	0	0	0	0	0
00.000,00.000	11.2	0	-200	0	4.5	179.95	138.18	28.472	10.5489	2.74976	0	0	0	0	0	0	0	0	0	0	0	0	0	0	0	0
00.000,00.000	11.3	0	-200	0	4.5	186.006	143.422	29.2546	10.5801	2.74976	0	0	0	0	0	0	0	0	0	0	0	0	0	0	0	0
00.000,00.000	11.4	0	-200	0	4.5	192.323	148.888	30.0675	10.6176	2.74976	0	0	0	0	0	0	0	0	0	0	0	0	0	0	0	0
00.000,00.000	11.5	0	-200	0	4.5	198.7	154.389	30.9004	10.6607	2.74976	0	0	0	0	0	0	0	0	0	0	0	0	0	0	0	0
00.000,00.000	11.6	0	-200	0	4.5	205.288	160.064	31.7637	10.7103	2.74976	0	0	0	0	0	0	0	0	0	0	0	0	0	0	0	0
00.000,00.000	11.7	0	-200	0	4.5	212.042	165.859	32.6664	10.7661	2.74976	0	0	0	0	0	0	0	0	0	0	0	0	0	0	0	0
00.000,00.000	11.8	0	-200	0	4.5	218.999	171.821	33.5994	10.828	2.74976	0	0	0	0	0	0	0	0	0	0	0	0	0	0	0	0
00.000,00.000	11.9	0	-200	0	4.5	226.261	178.05	34.5648	10.8962	2.74976	0	0	0	0	0	0	0	0	0	0	0	0	0	0	0	0
00.000,00.000	12	0	-200	0	4.5	233.798	184.518	35.5596	10.9712	2.74976	0	0	0	0	0	0	0	0	0	0	0	0	0	0	0	0
00.000,00.000	12.1	0	-200	0	4.5	241.594	191.203	36.5881	11.0535	2.74976	0	0	0	0	0	0	0	0	0	0	0	0	0	0	0	0
00.000,00.000	12.2	0	-200	0	4.5	249.581	198.032	37.6563	11.1421	2.74976	0	0	0	0	0	0	0	0	0	0	0	0	0	0	0	0
00.000,00.000	12.3	0	-200	0	4.5	257.766	205.012	38.7659	11.2383	2.74976	0	0	0	0	0	0	0	0	0	0	0	0	0	0	0	0
00.000,00.000	12.4	0	-200	0	4.5	266.136	212.139	39.9054	11.3418	2.74976	0	0	0	0	0	0	0	0	0	0	0	0	0	0	0	0
00.000,00.000	12.5	0	-200	0	4.5	274.603	219.332	41.0673	11.4539	2.74976	0	0	0	0	0	0	0	0	0	0	0	0	0	0	0	0
00.000,00.000	12.6	0	-200	0	4.5	283.497	226.879	42.2897	11.5792	2.74976	0	0	0	0	0	0	0	0	0	0	0	0	0	0	0	0
00.000,00.000	12.7	0	-200	0	4.5	292.303	234.323	43.5194	11.711	2.74976	0	0	0	0	0	0	0	0	0	0	0	0	0	0	0	0
00.000,00.000	12.8	0	-200	0	4.5	300.626	241.044	44.991	11.8414	2.74976	0	0	0	0	0	0	0	0	0	0	0	0	0	0	0	0
00.000,00.000	12.9	0	-200	0	4.5	309.648	248.078	46.8314	11.9891	2.74976	0	0	0	0	0	0	0	0	0	0	0	0	0	0	0	0
00.000,00.000	13	0	-200	0	4.5	318.765	255.117	48.753	12.1448	2.74976	0	0	0	0	0	0	0	0	0	0	0	0	0	0	0	0
00.000,00.000	13.1	0	-200	0	4.5	327.992	262.007	50.9257	12.3092	2.74976	0	0	0	0	0	0	0	0	0	0	0	0	0	0	0	0
00.000,00.000	13.2	0	-200	0	4.5	337.345	269	53.1116	12.4836	2.74976	0	0	0	0	0	0	0	0	0	0	0	0	0	0	0	0
00.000,00.000	13.3	0	-200	0	4.5	346.866	276.154	55.294	12.6681	2.74976	0	0	0	0	0	0	0	0	0	0	0	0	0	0	0	0
00.000,00.000	13.4	0	-200	0	4.5	356.573	283.452	57.5083	12.863	2.74976	0	0	0	0	0	0	0	0	0	0	0	0	0	0	0	0
00.000,00.000	13.5	0	-200	0	4.5	366.369	290.757	59.7932	13.0687	2.74976	0	0	0	0	0	0	0	0	0	0	0	0	0	0	0	0
00.000,00.000	13.6	0	-200	0	4.5	377.369	298.935	62.3735	13.3107	2.74976	0	0	0	0	0	0	0	0	0	0	0	0	0	0	0	0
00.000,00.000	13.7	0	-200	0	4.5	387.452	306.373	64.7876	13.5416	2.74976	0	0	0	0	0	0	0	0	0	0	0	0	0	0	0	0
00.000,00.000	13.8	0	-200	0	4.5	396.162	312.799	66.8641	13.7492	2.74976	0	0	0	0	0	0	0	0	0	0	0	0	0	0	0	0
00.000,00.000	13.9	0	-200	0	4.5	406.784	320.642	69.3809	14.0119	2.74976	0	0	0	0	0	0	0	0	0	0	0	0	0	0	0	0
00.000,00.000	14	0	-200	0	4.5	417.328	328.415	71.882	14.2817	2.74976	0	0	0	0	0	0	0	0	0	0	0	0	0	0	0	0
00.000,00.000	14.1	0	-200	0	4.5	427.813	336.062	74.4439	14.5577	2.74976	0	0	0	0	0	0	0	0	0	0	0	0	0	0	0	0
00.000,00.000	14.2	0	-200	0	4.5	438.364	343.678	77.0905	14.8464	2.74976	0	0	0	0	0	0	0	0	0	0	0	0	0	0	0	0
00.000,00.000	14.3	0	-200	0	4.5	448.975	351.319	79.7593	15.1477	2.74976	0	0	0	0	0	0	0	0	0	0	0	0	0	0	0	0
00.000,00.000	14.4	0	-200	0	4.5	459.627	358.968	82.446	15.4625	2.74976	0	0	0	0	0	0	0	0	0	0	0	0	0	0	0	0
00.000,00.000	14.5	0	-200	0	4.5	471.003	367.067	85.3704	15.8154	2.74976	0	0	0	0	0	0	0	0	0	0	0	0	0	0	0	0
00.000,00.000	14.6	0	-200	0	4.5	484.01	376.234	88.7848	16.241	2.74976	0	0	0	0	0	0	0	0	0	0	0	0	0	0	0	0
00.000,00.000	14.7	0	-200	0	4.5	494.232	383.328	91.5611	16.5931	2.74976	0	0	0	0	0	0	0	0	0	0	0	0	0	0	0	0
00.000,00.000	14.8	0	-200	0	4.5	502.609	389.074	93.889	16.8965	2.74976	0	0	0	0	0	0	0	0	0	0	0	0	0	0	0	0
00.000,00.000	14.9	0	-200	0	4.5	511.991	395.479	96.5123	17.2504	2.74976	0	0	0	0	0	0	0	0	0	0	0	0	0	0	0	0
00.000,00.000	15	0	-200	0	4.5	523.252	403.129	99.6829	17.6903	2.74976	0	0	0	0	0	0	0	0	0	0	0	0	0	0	0	0
00.000,00.000	15.1	0	-200	0	4.5	533.821	410.254	102.698	18.1183	2.74976	0	0	0	0	0	0	0	0	0	0	0	0	0	0	0	0
00.000,00.000	15.2	0	-200	0	4.5	544.035	417.09	105.647	18.5485	2.74987	0	0	0	0	0	0	0	0	0	0	0	0	0	0	0	0
00.000,00.000	15.3	0	-200	0	4.5	554.179	423.813	108.62	18.994	2.75161	0	0	0	0	0	0	0	0	0	0	0	0	0	0	0	0
00.000,00.000	15.4	0	-200	0	4.5	564.279	430.443	111.628	19.4544	2.75384	0	0	0	0	0	0	0	0	0	0	0	0	0	0	0	0
00.000,00.000	15.5	0	-200	0	4.5	578.739	439.758	116.074	20.1481	2.75968	0	0	0	0	0	0	0	0	0	0	0	0	0	0	0	0
00.000,00.000	15.6	0	-200	0	4.5	586.808	444.85	118.634	20.5595	2.76493	0	0	0	0	0	0	0	0	0	0	0	0	0	0	0	0
00.000,00.000	15.7	0	-200	0	4.5	596.71	451.014	121.829	21.093	2.77371	0	0	0	0	0	0	0	0	0	0	0	0	0	0	0	0
00.000,00.000	15.8	0	-200	0	4.5	607.001	457.308	125.228	21.6786	2.78642	0	0	0	0	0	0	0	0	0	0	0	0	0	0	0	0
00.000,00.000	15.9	0	-200	0	4.5	610.665	459.501	126.482	21.89	2.79182	0	0	0	0	0	0	0	0	0	0	0	0	0	0	0	0
00.000,00.000	16	0	-200	0	4.5	621.652	466.066	130.224	22.549	2.81292	0	0	0	0	0	0	0	0	0	0	0	0	0	0	0	0
00.000,00.000	16.1	0	-200	0	4.5	631.583	471.936	133.64	23.17	2.83705	0	0	0	0	0	0	0	0	0	0	0	0	0	0	0	0
00.000,00.000	16.2	0	-200	0	4.5	640.334	477.076	136.657	23.7379	2.86266	0	0	0	0	0	0	0	0	0	0	0	0	0	0	0	0
00.000,00.000	16.3	0	-200	0	4.5	649.011	482.061	139.686	24.3711	2.89319	0	0	0	0	0	0	0	0	0	0	0	0	0	0	0	0
00.000,00.000	16.4	0	-200	0	4.5	657.585	486.973	142.486	25.197	2.92816	0	0	0	0	0	0	0	0	0	0	0	0	0	0	0	0
00.000,00.000	16.5	0	-200	0	4.5	673.618	496.067	147.753	26.795	3.00298	0	0	0	0	0	0	0	0	0	0	0	0	0	0	0	0
00.000,00.000	16.6	0	-200	0	4.5	678.112	498.591	149.201	27.2945	3.02602	0	0	0	0	0	0	0	0	0	0	0	0	0	0	0	0
00.000,00.000	16.7	0	-200	0	4.5	688.635	504.396	152.441	28.7082	3.08989	0	0	0	0	0	0	0	0	0	0	0	0	0	0	0	0
00.000,00.000	16.8	0	-200	0	4.5	691.218	505.815	153.192	29.1056	3.10636	0	0	0	0	0	0	0	0	0	0	0	0	0	0	0	0
00.000,00.000	16.9	0	-200	0	4.5	695.325	508.062	154.419	29.7077	3.13638	0	0	0	0	0	0	0	0	0	0	0	0	0	0	0	0
00.000,00.000	17	0	-200	0	4.5	705.737	513.774	157.473	31.2718	3.21728	0	0	0	0	0	0	0	0	0	0	0	0	0	0	0	0
00.000,00.000	17.1	0	-200	0	4.5	714.309	518.418	159.978	32.6252	3.28807	0	0	0	0	0	0	0	0	0	0	0	0	0	0	0	0
00.000,00.000	17.2	0	-200	0	4.5	721.878	522.489	162.002	34.0319	3.35463	0	0	0	0	0	0	0	0	0	0	0	0	0	0	0	0
00.000,00.000	17.3	0	-200	0	4.5	729.323	526.461	163.984	35.4533	3.42429	0	0	0	0	0	0	0	0	0	0	0	0	0	0	0	0
00.000,00.000	17.4	0	-200	0	4.5	736.654	530.334	165.938	36.8848	3.49695	0	0	0	0	0	0	0	0	0	0	0	0	0	0	0	0
00.000,00.000	17.5	0	-200	0	4.5	752.721	538.738	170.182	40.1383	3.66329	0	0	0	0	0	0	0	0	0	0	0	0	0	0	0	0
00.000,00.000	17.6	0	-200	0	4.5	759.703	542.271	172.11	41.5851	3.73768	0	0	0	0	0	0	0	0	0	0	0	0	0	0	0	0
00.000,00.000	17.7	0	-200	0	4.5	761.15	543.001	172.503	41.8929	3.75426	0	0	0	0	0	0	0	0	0	0	0	0	0	0	0	0
00.000,00.000	17.8	0	-200	0	4.5	770.059	547.231	175.016	43.944	3.86818	0	0	0	0	0	0	0	0	0	0	0	0	0	0	0	0
00.000,00.000	17.9	0	-200	0	4.5	772.348	548.365	175.638	44.4499	3.8956	0	0	0	0	0	0	0	0	0	0	0	0	0	0	0	0
00.000,00.000	18	0	-200	0	4.5	786.568	555.496	179.406	47.587	4.07896	0	0	0	0	0	0	0	0	0	0	0	0	0	0	0	0
00.000,00.000	18.1	0	-200	0	4.5	795.571	559.912	181.885	49.578	4.19621	0	0	0	0	0	0	0	0	0	0	0	0	0	0	0	0
00.000,00.000	18.2	0	-200	0	4.5	802.106	563.131	183.662	51.0284	4.28458	0	0	0	0	0	0	0	0	0	0	0	0	0	0	0	0
00.000,00.000	18.3	0	-200	0	4.5	808.769	566.413	185.463	52.5152	4.37743	0	0	0	0	0	0	0	0	0	0	0	0	0	0	0	0
00.000,00.000	18.4	0	-200	0	4.5	815.442	569.698	187.264	54.008	4.47226	0	0	0	0	0	0	0	0	0	0	0	0	0	0	0	0
00.000,00.000	18.5	0	-200	0	4.5	838.632	580.693	193.779	59.3374	4.82253	0	0	0	0	0	0	0	0	0	0	0	0	0	0	0	0
00.000,00.000	18.6	0	-200	0	4.5	843.46	582.962	195.202	60.4036	4.8919	0	0	0	0	0	0	0	0	0	0	0	0	0	0	0	0
00.000,00.000	18.7	0	-200	0	4.5	889.599	600.861	210.045	72.927	5.76558	0	0	0	0	0	0	0	0	0	0	0	0	0	0	0	0
00.000,00.000	18.8	0	-200	0	4.5	901.394	605.748	213.969	75.7596	5.91665	0	0	0	0	0	0	0	0	0	0	0	0	0	0	0	0
00.000,00.000	18.9	0	-200	0	4.5	920.11	612.747	220.448	80.4011	6.51366	0	0	0	0	0	0	0	0	0	0	0	0	0	0	0	0
00.000,00.000	19	0	-200	0	4.5	926.864	615.252	222.898	81.8153	6.89889	0	0	0	0	0	0	0	0	0	0	0	0	0	0	0	0
00.000,00.000	19.1	0	-200	0	4.5	935.355	618.655	225.829	83.5227	7.34849	0	0	0	0	0	0	0	0	0	0	0	0	0	0	0	0
00.000,00.000	19.2	0	-200	0	4.5	943.533	621.866	228.871	84.9507	7.84535	0	0	0	0	0	0	0	0	0	0	0	0	0	0	0	0
00.000,00.000	19.3	0	-200	0	4.5	951.086	624.793	231.841	86.0218	8.43016	0	0	0	0	0	0	0	0	0	0	0	0	0	0	0	0
00.000,00.000	19.4	0	-200	0	4.5	958.291	627.402	234.884	87.0467	8.95842	0	0	0	0	0	0	0	0	0	0	0	0	0	0	0	0
00.000,00.000	19.5	0	-200	0	4.5	965.233	629.832	238.02	88.0668	9.31503	0	0	0	0	0	0	0	0	0	0	0	0	0	0	0	0
00.000,00.000	19.6	0	-200	0	4.5	971.469	631.602	241.173	89.0365	9.65741	0	0	0	0	0	0	0	0	0	0	0	0	0	0	0	0
00.000,00.000	19.7	0	-200	0	4.5	1013.81	643.025	262.459	95.73	12.5914	0	0	0	0	0	0	0	0	0	0	0	0	0	0	0	0
00.000,00.000	19.8	0	-200	0	4.5	1023.47	645.93	267.32	96.8651	13.359	0	0	0	0	0	0	0	0	0	0	0	0	0	0	0	0
00.000,00.000	19.9	0	-200	0	4.5	1023.48	645.931	267.322	96.8657	13.3594	0	0	0	0	0	0	0	0	0	0	0	0	0	0	0	0
00.000,00.000	20	0	-200	0	4.5	1051.27	654.818	280.936	100.039	15.4749	0	0	0	0	0	0	0	0	0	0	0	0	0	0	0	0
00.000,00.000	20.1	0	-200	0	4.5	1069.92	661.268	289.724	102.059	16.8684	0	0	0	0	0	0	0	0	0	0	0	0	0	0	0	0
00.000,00.000	20.2	0	-200	0	4.5	1078.1	664.045	293.643	102.946	17.4679	0	0	0	0	0	0	0	0	0	0	0	0	0	0	0	0
00.000,00.000	20.3	0	-200	0	4.5	1085.67	666.754	297.17	103.746	18.0008	0	0	0	0	0	0	0	0	0	0	0	0	0	0	0	0
00.000,00.000	20.4	0	-200	0	4.5	1095.83	670.497	301.845	104.802	18.6873	0	0	0	0	0	0	0	0	0	0	0	0	0	0	0	0
00.000,00.000	20.5	0	-200	0	4.5	1100.71	672.298	304.077	105.315	19.0161	0	0	0	0	0	0	0	0	0	0	0	0	0	0	0	0
00.000,00.000	20.6	0	-200	0	4.5	1116.25	677.983	310.962	107.142	20.163	0	0	0	0	0	0	0	0	0	0	0	0	0	0	0	0
00.000,00.000	20.7	0	-200	0	4.5	1147.4	689.294	324.592	110.968	22.5474	0	0	0	0	0	0	0	0	0	0	0	0	0	0	0	0
00.000,00.000	20.8	0	-200	0	4.5	1156.03	692.71	328.261	111.916	23.148	0	0	0	0	0	0	0	0	0	0	0	0	0	0	0	0
00.000,00.000	20.9	0	-200	0	4.5	1156.19	692.772	328.326	111.933	23.1584	0	0	0	0	0	0	0	0	0	0	0	0	0	0	0	0
00.000,00.000	21	0	-200	0	4.5	1167.52	697.578	332.961	113.114	23.8629	0	0	0	0	0	0	0	0	0	0	0	0	0	0	0	0
00.000,00.000	21.1	0	-200	0	4.5	1189.48	706.89	341.839	115.549	25.2011	0	0	0	0	0	0	0	0	0	0	0	0	0	0	0	0
00.000,00.000	21.2	0	-200	0	4.5	1201.63	712.063	346.744	116.897	25.8043	0.126253	0	0	0	0	0	0	0	0	0	0	0	0	0	0	0
00.000,00.000	21.3	0	-200	0	4.5	1210.97	716.092	350.258	118.148	26.1695	0.3059	0	0	0	0	0	0	0	0	0	0	0	0	0	0	0
00.000,00.000	21.4	0	-200	0	4.5	1220.58	720.293	353.758	119.507	26.5195	0.503471	0	0	0	0	0	0	0	0	0	0	0	0	0	0	0
00.000,00.000	21.5	0	-200	0	4.5	1230.34	724.586	357.281	120.901	26.8634	0.709682	0	0	0	0	0	0	0	0	0	0	0	0	0	0	0
00.000,00.000	21.6	0	-200	0	4.5	1239.93	728.677	360.728	122.385	27.2208	0.920844	0	0	0	0	0	0	0	0	0	0	0	0	0	0	0
00.000,00.000	21.7	0	-200	0	4.5	1282.28	745.396	375.319	130.73	28.8687	1.96973	0	0	0	0	0	0	0	0	0	0	0	0	0	0	0
00.000,00.000	21.8	0	-200	0	4.5	1294.01	750.716	378.981	132.872	29.2196	2.22564	0	0	0	0	0	0	0	0	0	0	0	0	0	0	0
00.000,00.000	21.9	0	-200	0	4.5	1294.32	750.849	379.078	132.928	29.2295	2.23195	0	0	0	0	0	0	0	0	0	0	0	0	0	0	0
00.000,00.000	22	0	-200	0	4.5	1323.29	763.24	388.669	138.4	30.1567	2.82744	0	0	0	0	0	0	0	0	0	0	0	0	0	0	0
00.000,00.000	22.1	0	-200	0	4.5	1344.84	772.961	395.452	142.348	30.8462	3.23206	0	0	0	0	0	0	0	0	0	0	0	0	0	0	0
00.000,00.000	22.2	0	-200	0	4.5	1357.11	778.558	399.286	144.577	31.2321	3.45328	0	0	0	0	0	0	0	0	0	0	0	0	0	0	0
00.000,00.000	22.3	0	-200	0	4.5	1368.49	783.54	402.979	146.712	31.598	3.65895	0	0	0	0	0	0	0	0	0	0	0	0	0	0	0
00.000,00.000	22.4	0	-200	0	4.5	1379.49	788.6	406.416	148.691	31.9359	3.84537	0	0	0	0	0	0	0	0	0	0	0	0	0	0	0
00.000,00.000	22.5	0	-200	0	4.5	1391.62	794.065	410.283	150.912	32.3121	4.04871	0	0	0	0	0	0	0	0	0	0	0	0	0	0	0
00.000,00.000	22.6	0	-200	0	4.5	1414.04	803.163	418.001	155.268	32.8488	4.76423	0	0	0	0	0	0	0	0	0	0	0	0	0	0	0
00.000,00.000	22.7	0	-200	0	4.5	1478.35	831.783	437.737	167.765	34.0152	7.04727	0	0	0	0	0	0	0	0	0	0	0	0	0	0	0
00.000,00.000	22.8	0	-200	0	4.5	1489.54	836.347	441.602	170.099	34.2121	7.27703	0	0	0	0	0	0	0	0	0	0	0	0	0	0	0
00.000,00.000	22.9	0	-200	0	4.5	1490.09	836.611	441.769	170.201	34.2215	7.2862	0	0	0	0	0	0	0	0	0	0	0	0	0	0	0
00.000,00.000	23	0	-200	0	4.5	1492.34	837.597	442.53	170.631	34.2615	7.32028	0	0	0	0	0	0	0	0	0	0	0	0	0	0	0
00.000,00.000	23.1	0	-200	0	4.5	1521.62	849.509	453.067	176.45	34.816	7.77848	0	0	0	0	0	0	0	0	0	0	0	0	0	0	0
00.000,00.000	23.2	0	-200	0	4.5	1540.21	858.096	459.018	179.892	35.1748	8.02974	0	0	0	0	0	0	0	0	0	0	0	0	0	0	0
00.000,00.000	23.3	0	-200	0	4.5	1553.75	864.299	463.478	182.326	35.444	8.20609	0	0	0	0	0	0	0	0	0	0	0	0	0	0	0
00.000,00.000	23.4	0	-200	0	4.5	1567.6	870.54	468.195	184.762	35.719	8.3795	0	0	0	0	0	0	0	0	0	0	0	0	0	0	0
00.000,00.000	23.5	0	-200	0	4.5	1581.93	876.626	473.491	187.252	36.01	8.55319	0	0	0	0	0	0	0	0	0	0	0	0	0	0	0
00.000,00.000	23.6	0	-200	0	4.5	1612.48	886.887	486.572	193.259	36.7712	8.98674	0	0	0	0	0	0	0	0	0	0	0	0	0	0	0
00.000,00.000	23.7	0	-200	0	4.5	1676.25	910.821	512.958	203.693	39.0023	9.77661	0	0	0	0	0	0	0	0	0	0	0	0	0	0	0
00.000,00.000	23.8	0	-200	0	4.5	1685.63	914.045	516.974	205.299	39.4106	9.89941	0	0	0	0	0	0	0	0	0	0	0	0	0	0	0
00.000,00.000	23.9	0	-200	0	4.5	1732.4	932.443	535.424	212.791	41.2948	10.4435	0	0	0	0	0	0	0	0	0	0	0	0	0	0	0
00.000,00.000	24	0	-200	0	4.5	1746.39	937.718	541.028	215.148	41.8827	10.6096	0	0	0	0	0	0	0	0	0	0	0	0	0	0	0
00.000,00.000	24.1	0	-200	0	4.5	1775.03	948.179	553.001	219.856	43.0695	10.9278	0	0	0	0	0	0	0	0	0	0	0	0	0	0	0
00.000,00.000	24.2	0	-200	0	4.5	1795.74	955.98	561.511	223.166	43.9354	11.1495	0	0	0	0	0	0	0	0	0	0	0	0	0	0	0
00.000,00.000	24.3	0	-200	0	4.5	1811.8	961.963	568.215	225.703	44.6068	11.3156	0	0	0	0	0	0	0	0	0	0	0	0	0	0	0
00.000,00.000	24.4	0	-200	0	4.5	1828.35	968.093	575.16	228.318	45.3007	11.4824	0	0	0	0	0	0	0	0	0	0	0	0	0	0	0
00.000,00.000	24.5	0	-200	0	4.5	1845.21	974.285	582.272	230.99	46.0145	11.6486	0	0	0	0	0	0	0	0	0	0	0	0	0	0	0
00.000,00.000	24.6	0	-200	0	4.5	1876.64	985.568	595.565	236.091	47.4411	11.9732	0	0	0	0	0	0	0	0	0	0	0	0	0	0	0
00.000,00.000	24.7	0	-200	0	4.5	1899.72	994.055	605.161	239.81	48.4882	12.2047	0	0	0	0	0	0	0	0	0	0	0	0	0	0	0
00.000,00.000	24.8	0	-200	0	4.5	1919.04	1001.06	613.227	242.972	49.3846	12.4004	0	0	0	0	0	0	0	0	0	0	0	0	0	0	0
00.000,00.000	24.9	0	-200	0	4.5	1922.44	1002.32	614.632	243.514	49.5426	12.434	0	0	0	0	0	0	0	0	0	0	0	0	0	0	0
00.000,00.000	25	0	-200	0	4.5	1930.41	1005.29	617.915	244.79	49.9079	12.5082	0	0	0	0	0	0	0	0	0	0	0	0	0	0	0
00.000,00.000	25.1	0	-200	0	4.5	1960.63	1016.46	630.416	249.658	51.317	12.7861	0	0	0	0	0	0	0	0	0	0	0	0	0	0	0
00.000,00.000	25.2	0	-200	0	4.5	1983.28	1024.76	639.85	253.283	52.3865	12.9938	0	0	0	0	0	0	0	0	0	0	0	0	0	0	0
00.000,00.000	25.3	0	-200	0	4.5	2002.41	1031.74	647.806	256.406	53.2905	13.1699	0	0	0	0	0	0	0	0	0	0	0	0	0	0	0
00.000,00.000	25.4	0	-200	0	4.5	2021.95	1038.96	655.787	259.615	54.2397	13.3488	0	0	0	0	0	0	0	0	0	0	0	0	0	0	0
00.000,00.000	25.5	0	-200	0	4.5	2041.81	1046.25	663.902	262.905	55.221	13.5325	0	0	0	0	0	0	0	0	0	0	0	0	0	0	0
00.000,00.000	25.6	0	-200	0	4.5	2061.25	1053.05	671.953	266.276	56.2402	13.7259	0	0	0	0	0	0	0	0	0	0	0	0	0	0	0
00.000,00.000	25.7	0	-200	0	4.5	2134.52	1075.86	702.501	280.766	60.8171	14.5829	0	0	0	0	0	0	0	0	0	0	0	0	0	0	0
00.000,00.000	25.8	0	-200	0	4.5	2161.68	1086.38	712.436	285.567	62.4277	14.8715	0	0	0	0	0	0	0	0	0	0	0	0	0	0	0
00.000,00.000	25.9	0	-200	0	4.5	2162.12	1086.53	712.613	285.652	62.4548	14.8765	0	0	0	0	0	0	0	0	0	0	0	0	0	0	0
00.000,00.000	26	0	-200	0	4.5	2205.62	1104.28	728.126	293.062	64.8338	15.3197	0	0	0	0	0	0	0	0	0	0	0	0	0	0	0
00.000,00.000	26.1	0	-200	0	4.5	2246.85	1120.53	743.016	300.292	67.237	15.7708	0	0	0	0	0	0	0	0	0	0	0	0	0	0	0
00.000,00.000	26.2	0	-200	0	4.5	2269.96	1128.96	751.484	304.891	68.5932	15.9354	0.100634	0	0	0	0	0	0	0	0	0	0	0	0	0	0
00.000,00.000	26.3	0	-200	0	4.5	2290.28	1137.12	758.445	308.748	69.712	16.0144	0.244583	0	0	0	0	0	0	0	0	0	0	0	0	0	0
00.000,00.000	26.4	0	-200	0	4.5	2312	1145.65	765.971	312.928	70.952	16.1043	0.40179	0	0	0	0	0	0	0	0	0	0	0	0	0	0
00.000,00.000	26.5	0	-200	0	4.5	2333.62	1154	773.517	317.178	72.1722	16.2004	0.559578	0	0	0	0	0	0	0	0	0	0	0	0	0	0
00.000,00.000	26.6	0	-200	0	4.5	2372.8	1167.23	787.943	325.671	74.6624	16.4136	0.877837	0	0	0	0	0	0	0	0	0	0	0	0	0	0
00.000,00.000	26.7	0	-200	0	4.5	2441.94	1192.52	812.765	339.625	78.2468	17.3789	1.41106	0	0	0	0	0	0	0	0	0	0	0	0	0	0
00.000,00.000	26.8	0	-200	0	4.5	2452.74	1195.94	817.028	341.898	78.8167	17.5599	1.49779	0	0	0	0	0	0	0	0	0	0	0	0	0	0
00.000,00.000	26.9	0	-200	0	4.5	2483.54	1207.72	827.98	347.806	80.2832	18.0384	1.71502	0	0	0	0	0	0	0	0	0	0	0	0	0	0
00.000,00.000	27	0	-200	0	4.5	2493.63	1211.11	831.854	349.874	80.794	18.2034	1.78912	0	0	0	0	0	0	0	0	0	0	0	0	0	0
00.000,00.000	27.1	0	-200	0	4.5	2533.98	1224.65	847.391	358.097	82.8723	18.8856	2.08121	0	0	0	0	0	0	0	0	0	0	0	0	0	0
00.000,00.000	27.2	0	-200	0	4.5	2563.06	1235.03	858.195	363.78	84.3822	19.3791	2.28822	0	0	0	0	0	0	0	0	0	0	0	0	0	0
00.000,00.000	27.3	0	-200	0	4.5	2585.65	1243.12	866.503	368.252	85.5579	19.7657	2.44515	0	0	0	0	0	0	0	0	0	0	0	0	0	0
00.000,00.000	27.4	0	-200	0	4.5	2608.42	1251.25	874.902	372.8	86.7656	20.0988	2.60229	0	0	0	0	0	0	0	0	0	0	0	0	0	0
00.000,00.000	27.5	0	-200	0	4.5	2631.14	1259.48	883.248	377.355	88.0017	20.298	2.75922	0	0	0	0	0	0	0	0	0	0	0	0	0	0
00.000,00.000	27.6	0	-200	0	4.5	2670.34	1272.58	897.819	385.789	90.3749	20.7155	3.05954	0	0	0	0	0	0	0	0	0	0	0	0	0	0
00.000,00.000	27.7	0	-200	0	4.5	2734.02	1296.33	920.123	398.59	94.1096	21.3583	3.51491	0	0	0	0	0	0	0	0	0	0	0	0	0	0
00.000,00.000	27.8	0	-200	0	4.5	2744.01	1299.73	923.755	400.709	94.7564	21.4677	3.58987	0	0	0	0	0	0	0	0	0	0	0	0	0	0
00.000,00.000	27.9	0	-200	0	4.5	2770.77	1310.09	932.916	405.861	96.3757	21.7551	3.7724	0	0	0	0	0	0	0	0	0	0	0	0	0	0
00.000,00.000	28	0	-200	0	4.5	2779.39	1313.27	935.98	407.54	96.9212	21.8502	3.83238	0	0	0	0	0	0	0	0	0	0	0	0	0	0
00.000,00.000	28.1	0	-200	0	4.5	2820.86	1327.88	951.194	415.684	99.6433	22.3437	4.1188	0	0	0	0	0	0	0	0	0	0	0	0	0	0
00.000,00.000	28.2	0	-200	0	4.5	2851.73	1339.64	961.998	421.424	101.641	22.7059	4.32284	0	0	0	0	0	0	0	0	0	0	0	0	0	0
00.000,00.000	28.3	0	-200	0	4.5	2875.73	1348.83	970.401	425.817	103.212	22.995	4.47951	0	0	0	0	0	0	0	0	0	0	0	0	0	0
00.000,00.000	28.4	0	-200	0	4.5	2899.27	1357.63	978.688	430.197	104.825	23.2959	4.63606	0	0	0	0	0	0	0	0	0	0	0	0	0	0
00.000,00.000	28.5	0	-200	0	4.5	2923.31	1366.91	986.966	434.53	106.501	23.6042	4.79196	0	0	0	0	0	0	0	0	0	0	0	0	0	0
00.000,00.000	28.6	0	-200	0	4.5	3027.14	1401.6	1022.25	456.671	115.611	25.3527	5.6595	0	0	0	0	0	0	0	0	0	0	0	0	0	0
00.000,00.000	28.7	0	-200	0	4.5	3050.7	1410.77	1029.89	461.104	117.414	25.6913	5.83358	0	0	0	0	0	0	0	0	0	0	0	0	0	0
00.000,00.000	28.8	0	-200	0	4.5	3051.77	1411.14	1030.26	461.312	117.504	25.7091	5.84166	0	0	0	0	0	0	0	0	0	0	0	0	0	0
00.000,00.000	28.9	0	-200	0	4.5	3126.63	1443.25	1053.14	473.821	123.237	26.8353	6.3448	0	0	0	0	0	0	0	0	0	0	0	0	0	0
00.000,00.000	29	0	-200	0	4.5	3147.08	1451.43	1059.86	477.247	124.96	27.0924	6.49115	0	0	0	0	0	0	0	0	0	0	0	0	0	0
00.000,00.000	29.1	0	-200	0	4.5	3178.72	1462.95	1070.92	482.775	127.733	27.6183	6.71698	0	0	0	0	0	0	0	0	0	0	0	0	0	0
00.000,00.000	29.2	0	-200	0	4.5	3205.88	1474.68	1079.36	486.777	130.149	28.0225	6.89439	0	0	0	0	0	0	0	0	0	0	0	0	0	0
00.000,00.000	29.3	0	-200	0	4.5	3229.69	1484.41	1087.03	490.421	132.36	28.4103	7.05435	0	0	0	0	0	0	0	0	0	0	0	0	0	0
00.000,00.000	29.4	0	-200	0	4.5	3253.82	1494.64	1094.68	493.925	134.569	28.7984	7.20927	0	0	0	0	0	0	0	0	0	0	0	0	0	0
00.000,00.000	29.5	0	-200	0	4.5	3278.19	1505.42	1102.15	497.313	136.75	29.1923	7.36004	0	0	0	0	0	0	0	0	0	0	0	0	0	0
00.000,00.000	29.6	0	-200	0	4.5	3301.67	1515.36	1109.24	500.79	139.123	29.6295	7.52407	0	0	0	0	0	0	0	0	0	0	0	0	0	0
00.000,00.000	29.7	0	-200	0	4.5	3468.17	1582.27	1157.7	527.091	158.746	33.4385	8.93495	0	0	0	0	0	0	0	0	0	0	0	0	0	0
00.000,00.000	29.8	0	-200	0	4.5	3506.42	1600.59	1167.72	532.09	162.745	34.0599	9.2189	0	0	0	0	0	0	0	0	0	0	0	0	0	0
00.000,00.000	29.9	0	-200	0	4.5	3584.77	1638.89	1187.52	542.469	170.444	35.6797	9.67282	0.0856819	0	0	0	0	0	0	0	0	0	0	0	0	0
00.000,00.000	30	0	-200	0	4.5	3607.84	1649.65	1193.74	545.564	172.813	36.15	9.67282	0.254454	0	0	0	0	0	0	0	0	0	0	0	0	0
00.000,00.000	30.1	0	-200	0	4.5	3664.45	1678.33	1207.87	552.536	178.094	37.3304	9.67282	0.616833	0	0	0	0	0	0	0	0	0	0	0	0	0
00.000,00.000	30.2	0	-200	0	4.5	3700.23	1696.1	1217.09	556.916	181.504	38.0923	9.67282	0.850903	0	0	0	0	0	0	0	0	0	0	0	0	0
00.000,00.000	30.3	0	-200	0	4.5	3722.67	1706.05	1223.47	559.974	183.836	38.6486	9.67282	1.00798	0	0	0	0	0	0	0	0	0	0	0	0	0
00.000,00.000	30.4	0	-200	0	4.5	3746.43	1717.6	1229.88	562.866	186.062	39.1874	9.67282	1.15541	0	0	0	0	0	0	0	0	0	0	0	0	0
00.000,00.000	30.5	0	-200	0	4.5	3770.09	1728.16	1236.77	565.879	188.496	39.7989	9.67282	1.31748	0	0	0	0	0	0	0	0	0	0	0	0	0
00.000,00.000	30.6	0	-200	0	4.5	3837.7	1758.91	1255.85	574.389	195.463	41.6184	9.67325	1.78713	0	0	0	0	0	0	0	0	0	0	0	0	0
00.000,00.000	30.7	0	-200	0	4.5	3863.44	1769.47	1263.72	577.848	198.384	42.363	9.67452	1.98488	0	0	0	0	0	0	0	0	0	0	0	0	0
00.000,00.000	30.8	0	-200	0	4.5	3890.13	1782.86	1270.5	580.851	200.992	43.0838	9.67726	2.16152	0	0	0	0	0	0	0	0	0	0	0	0	0
00.000,00.000	30.9	0	-200	0	4.5	3893.94	1784.71	1271.5	581.299	201.383	43.1861	9.67783	2.18812	0	0	0	0	0	0	0	0	0	0	0	0	0
00.000,00.000	31	0	-200	0	4.5	3895.34	1785.3	1271.91	581.48	201.539	43.2315	9.67819	2.19848	0	0	0	0	0	0	0	0	0	0	0	0	0
00.000,00.000	31.1	0	-200	0	4.5	3950.31	1813.88	1284.94	587.594	206.828	44.8181	9.69399	2.54939	0	0	0	0	0	0	0	0	0	0	0	0	0
00.000,00.000	31.2	0	-200	0	4.5	3984.69	1831.04	1293.58	591.522	210.238	45.8279	9.70733	2.77698	0	0	0	0	0	0	0	0	0	0	0	0	0
00.000,00.000	31.3	0	-200	0	4.5	4006.36	1840.86	1299.45	594.248	212.582	46.5574	9.71995	2.93271	0	0	0	0	0	0	0	0	0	0	0	0	0
00.000,00.000	31.4	0	-200	0	4.5	4029.36	1852.66	1305.09	596.766	214.782	47.2469	9.73456	3.0795	0	0	0	0	0	0	0	0	0	0	0	0	0
00.000,00.000	31.5	0	-200	0	4.5	4052.7	1864.02	1311.2	599.411	217.086	47.9902	9.75319	3.23329	0	0	0	0	0	0	0	0	0	0	0	0	0
00.000,00.000	31.6	0	-200	0	4.5	4080.09	1877.11	1318.17	602.58	220.036	48.9751	9.78184	3.43546	0	0	0	0	0	0	0	0	0	0	0	0	0
00.000,00.000	31.7	0	-200	0	4.5	4213.79	1941.91	1349.33	617.668	235.818	54.5279	9.97067	4.56445	0	0	0	0	0	0	0	0	0	0	0	0	0
00.000,00.000	31.8	0	-200	0	4.5	4241.51	1955.83	1355.53	620.878	238.889	55.584	10.0125	4.78329	0	0	0	0	0	0	0	0	0	0	0	0	0
00.000,00.000	31.9	0	-200	0	4.5	4287.16	1980.89	1365.01	625.485	243.112	57.4626	10.0966	5.10675	0	0	0	0	0	0	0	0	0	0	0	0	0
00.000,00.000	32	0	-200	0	4.5	4300.67	1988.18	1367.82	626.923	244.332	58.0862	10.1243	5.20379	0	0	0	0	0	0	0	0	0	0	0	0	0
00.000,00.000	32.1	0	-200	0	4.5	4365.33	2020.29	1383.04	634.118	250.642	61.2484	10.2972	5.68995	0	0	0	0	0	0	0	0	0	0	0	0	0
00.000,00.000	32.2	0	-200	0	4.5	4401.08	2038.49	1391.36	637.807	254.078	62.9917	10.3984	5.95225	0	0	0	0	0	0	0	0	0	0	0	0	0
00.000,00.000	32.3	0	-200	0	4.5	4424.97	2052.35	1396.15	639.937	255.97	63.9912	10.4635	6.09797	0	0	0	0	0	0	0	0	0	0	0	0	0
00.000,00.000	32.4	0	-200	0	4.5	4449.31	2065.63	1401.56	642.241	257.996	65.0871	10.5411	6.25611	0	0	0	0	0	0	0	0	0	0	0	0	0
00.000,00.000	32.5	0	-200	0	4.5	4473.3	2079.55	1406.45	644.337	259.835	66.0992	10.6188	6.40072	0	0	0	0	0	0	0	0	0	0	0	0	0
00.000,00.000	32.6	0	-200	0	4.5	4496.22	2091.67	1411.78	646.519	261.781	67.195	10.7104	6.55772	0	0	0	0	0	0	0	0	0	0	0	0	0
00.000,00.000	32.7	0	-200	0	4.5	4618.13	2164.97	1434.2	656.004	271.345	72.9734	11.2264	7.40789	0	0	0	0	0	0	0	0	0	0	0	0	0
00.000,00.000	32.8	0	-200	0	4.5	4658.48	2189.76	1441.4	659.059	274.42	74.7808	11.3978	7.65992	0	0	0	0	0	0	0	0	0	0	0	0	0
00.000,00.000	32.9	0	-200	0	4.5	4658.48	2189.76	1441.4	659.059	274.42	74.7808	11.3978	7.65992	0	0	0	0	0	0	0	0	0	0	0	0	0
00.000,00.000	33	0	-200	0	4.5	4772.26	2259.82	1462.55	667.275	282.496	79.8447	11.9516	8.3214	0	0	0	0	0	0	0	0	0	0	0	0	0
00.000,00.000	33.1	0	-200	0	4.5	4829.09	2294.42	1473.56	671.348	286.459	82.4165	12.2369	8.64816	0	0	0	0	0	0	0	0	0	0	0	0	0
00.000,00.000	33.2	0	-200	0	4.5	4855.24	2309.57	1479.35	673.226	288.281	83.6216	12.3829	8.79941	0	0	0	0	0	0	0	0	0	0	0	0	0
00.000,00.000	33.3	0	-200	0	4.5	4881.51	2325.55	1484.63	675.008	290.049	84.7884	12.535	8.94469	0	0	0	0	0	0	0	0	0	0	0	0	0
00.000,00.000	33.4	0	-200	0	4.5	4909.86	2342.53	1490.88	676.841	291.832	85.9809	12.6999	9.09282	0	0	0	0	0	0	0	0	0	0	0	0	0
00.000,00.000	33.5	0	-200	0	4.5	4938.41	2359.64	1497.15	678.688	293.618	87.1954	12.8777	9.24181	0	0	0	0	0	0	0	0	0	0	0	0	0
00.000,00.000	33.6	0	-200	0	4.5	4965.04	2375.53	1502.8	680.424	295.377	88.4441	13.0688	9.34251	0.0561265	0	0	0	0	0	0	0	0	0	0	0	0
00.000,00.000	33.7	0	-200	0	4.5	5107.15	2462.93	1531.22	689.197	304.459	94.9951	14.1398	9.4178	0.79232	0	0	0	0	0	0	0	0	0	0	0	0
00.000,00.000	33.8	0	-200	0	4.5	5135.69	2480.4	1537.08	690.955	306.298	96.2423	14.3526	9.4178	0.948255	0	0	0	0	0	0	0	0	0	0	0	0
00.000,00.000	33.9	0	-200	0	4.5	5198.58	2518.4	1550.92	694.599	310.206	98.9097	14.8477	9.4178	1.27801	0	0	0	0	0	0	0	0	0	0	0	0
00.000,00.000	34	0	-200	0	4.5	5255.93	2553.46	1563.29	697.834	313.749	101.29	15.3294	9.41818	1.56829	0	0	0	0	0	0	0	0	0	0	0	0
00.000,00.000	34.1	0	-200	0	4.5	5290.1	2574.23	1570.89	699.702	315.803	102.694	15.6325	9.41974	1.73662	0	0	0	0	0	0	0	0	0	0	0	0
00.000,00.000	34.2	0	-200	0	4.5	5322.61	2594.26	1578.47	701.3	317.504	103.878	15.8996	9.42199	1.87739	0	0	0	0	0	0	0	0	0	0	0	0
00.000,00.000	34.3	0	-200	0	4.5	5359.06	2616.33	1587.6	703.014	319.316	105.146	16.2011	9.4257	2.02868	0	0	0	0	0	0	0	0	0	0	0	0
00.000,00.000	34.4	0	-200	0	4.5	5395.81	2638.64	1596.57	705.024	321.053	106.404	16.5111	9.43084	2.17774	0	0	0	0	0	0	0	0	0	0	0	0
00.000,00.000	34.5	0	-200	0	4.5	5433.2	2661.19	1605.42	707.579	322.765	107.654	16.8297	9.43753	2.3247	0	0	0	0	0	0	0	0	0	0	0	0
00.000,00.000	34.6	0	-200	0	4.5	5472.74	2685.09	1614.64	710.493	324.485	108.948	17.1663	9.44681	2.47865	0	0	0	0	0	0	0	0	0	0	0	0
00.000,00.000	34.7	0	-200	0	4.5	5516.55	2711.23	1624.91	713.861	326.569	110.335	17.5419	9.45916	2.64298	0	0	0	0	0	0	0	0	0	0	0	0
00.000,00.000	34.8	0	-200	0	4.5	5549.96	2731.04	1632.65	716.392	328.432	111.371	17.8336	9.47043	2.76492	0	0	0	0	0	0	0	0	0	0	0	0
00.000,00.000	34.9	0	-200	0	4.5	5592.15	2755.88	1642.39	719.564	331.054	112.647	18.2061	9.48743	2.9139	0	0	0	0	0	0	0	0	0	0	0	0
00.000,00.000	35	0	-200	0	4.5	5635.19	2781.19	1652.15	722.805	333.867	114.01	18.5935	9.50805	3.06389	0	0	0	0	0	0	0	0	0	0	0	0
00.000,00.000	35.1	0	-200	0	4.5	5677.87	2806.02	1661.79	726.076	336.688	115.574	18.99	9.5313	3.20956	0	0	0	0	0	0	0	0	0	0	0	0
00.000,00.000	35.2	0	-200	0	4.5	5720.51	2830.54	1671.27	729.403	339.59	117.329	19.4495	9.56009	3.36502	0	0	0	0	0	0	0	0	0	0	0	0
00.000,00.000	35.3	0	-200	0	4.5	5759.58	2853.02	1679.87	732.436	342.235	119.013	19.9115	9.59027	3.50873	0	0	0	0	0	0	0	0	0	0	0	0
00.000,00.000	35.4	0	-200	0	4.5	5798.54	2875.41	1688.44	735.43	344.867	120.698	20.4146	9.62479	3.65321	0	0	0	0	0	0	0	0	0	0	0	0
00.000,00.000	35.5	0	-200	0	4.5	5837.55	2897.77	1697.01	738.433	347.503	122.382	20.982	9.66376	3.80017	0	0	0	0	0	0	0	0	0	0	0	0
00.000,00.000	35.6	0	-200	0	4.5	5875.79	2919.62	1705.45	741.372	350.069	123.876	21.7375	9.70708	3.94716	0	0	0	0	0	0	0	0	0	0	0	0
00.000,00.000	35.7	0	-200	0	4.5	5913.08	2940.89	1713.73	744.22	352.551	125.335	22.5076	9.75517	4.09209	0	0	0	0	0	0	0	0	0	0	0	0
00.000,00.000	35.8	0	-200	0	4.5	5950.1	2961.79	1722.15	747.041	354.991	126.784	23.2959	9.80935	4.23663	0	0	0	0	0	0	0	0	0	0	0	0
00.000,00.000	35.9	0	-200	0	4.5	5987.31	2982.81	1730.61	749.879	357.423	128.233	24.1068	9.87038	4.38204	0	0	0	0	0	0	0	0	0	0	0	0
00.000,00.000	36	0	-200	0	4.5	6024.14	3003.76	1738.95	752.702	359.834	129.674	24.7528	9.93835	4.52757	0	0	0	0	0	0	0	0	0	0	0	0
00.000,00.000	36.1	0	-200	0	4.5	6060.76	3024.6	1747.23	755.501	362.224	131.097	25.4148	10.0132	4.67309	0	0	0	0	0	0	0	0	0	0	0	0
00.000,00.000	36.2	0	-200	0	4.5	6097.1	3045.27	1755.46	758.279	364.591	132.497	26.0986	10.0956	4.81841	0	0	0	0	0	0	0	0	0	0	0	0
00.000,00.000	36.3	0	-200	0	4.5	6133.34	3065.86	1763.66	761.048	366.954	133.871	26.7937	10.1851	4.96369	0	0	0	0	0	0	0	0	0	0	0	0
00.000,00.000	36.4	0	-200	0	4.5	6169.55	3086.49	1771.8	763.831	369.298	135.236	27.5072	10.2821	5.10912	0	0	0	0	0	0	0	0	0	0	0	0
00.000,00.000	36.5	0	-200	0	4.5	6205.59	3107.07	1779.88	766.559	371.591	136.611	28.2423	10.3867	5.25551	0	0	0	0	0	0	0	0	0	0	0	0
00.000,00.000	36.6	0	-200	0	4.5	6241.03	3127.31	1787.77	769.225	373.811	138.011	28.996	10.4994	5.40249	0	0	0	0	0	0	0	0	0	0	0	0
00.000,00.000	36.7	0	-200	0	4.5	6276.11	3147.44	1795.49	771.881	375.982	139.386	29.7626	10.6188	5.54891	0	0	0	0	0	0	0	0	0	0	0	0
00.000,00.000	36.8	0	-200	0	4.5	6321.33	3173.49	1805.34	775.343	378.734	141.141	30.7683	10.7837	5.73687	0	0	0	0	0	0	0	0	0	0	0	0
00.000,00.000	36.9	0	-200	0	4.5	6340.88	3184.76	1809.59	776.847	379.911	141.888	31.2126	10.8587	5.81802	0	0	0	0	0	0	0	0	0	0	0	0
00.000,00.000	37	0	-200	0	4.5	6378.42	3206.68	1817.53	779.718	382.145	143.282	32.0862	11.0129	5.97364	0	0	0	0	0	0	0	0	0	0	0	0
00.000,00.000	37.1	0	-200	0	4.5	6415.64	3228.48	1825.28	782.585	384.358	144.654	32.9786	11.1744	6.12828	0	0	0	0	0	0	0	0	0	0	0	0
00.000,00.000	37.2	0	-200	0	4.5	6450.72	3249.29	1832.49	785.223	386.383	145.882	33.85	11.3329	6.2703	0	0	0	0	0	0	0	0	0	0	0	0
00.000,00.000	37.3	0	-200	0	4.5	6486.81	3270.78	1839.87	787.928	388.443	147.115	34.7548	11.5041	6.41426	0	0	0	0	0	0	0	0	0	0	0	0
00.000,00.000	37.4	0	-200	0	4.5	6523	3292.48	1847.18	790.616	390.489	148.32	35.6733	11.6844	6.55655	0	0	0	0	0	0	0	0	0	0	0	0
00.000,00.000	37.5	0	-200	0	4.5	6559.15	3314.3	1854.31	793.329	392.517	149.5	36.6127	11.8758	6.69828	0	0	0	0	0	0	0	0	0	0	0	0
00.000,00.000	37.6	0	-200	0	4.5	6594.88	3336.03	1861.2	796.013	394.506	150.652	37.5669	12.0767	6.83869	0	0	0	0	0	0	0	0	0	0	0	0
00.000,00.000	37.7	0	-200	0	4.5	6629.99	3357.53	1867.86	798.646	396.389	151.785	38.5164	12.2844	6.97565	0	0	0	0	0	0	0	0	0	0	0	0
00.000,00.000	37.8	0	-200	0	4.5	6665.3	3379.3	1874.5	801.207	398.284	152.893	39.4885	12.5038	7.11215	0	0	0	0	0	0	0	0	0	0	0	0
00.000,00.000	37.9	0	-200	0	4.5	6701	3401.3	1881.29	803.76	400.202	153.982	40.4831	12.7349	7.24779	0	0	0	0	0	0	0	0	0	0	0	0
00.000,00.000	38	0	-200	0	4.5	6736.69	3423.41	1888	806.242	402.119	155.06	41.4992	12.9774	7.38221	0	0	0	0	0	0	0	0	0	0	0	0
00.000,00.000	38.1	0	-200	0	4.5	6772.49	3445.72	1894.59	808.711	404.035	156.141	42.5436	13.2335	7.51613	0	0	0	0	0	0	0	0	0	0	0	0
00.000,00.000	38.2	0	-200	0	4.5	6807.81	3467.68	1901.01	811.149	405.975	157.218	43.6271	13.5068	7.65095	0	0	0	0	0	0	0	0	0	0	0	0
00.000,00.000	38.3	0	-200	0	4.5	6841.7	3488.87	1907.03	813.451	407.848	158.231	44.698	13.7862	7.78079	0	0	0	0	0	0	0	0	0	0	0	0
00.000,00.000	38.4	0	-200	0	4.5	6875.27	3509.96	1912.91	815.691	409.712	159.209	45.7883	14.0804	7.90965	0	0	0	0	0	0	0	0	0	0	0	0
00.000,00.000	38.5	0	-200	0	4.5	6908.41	3530.83	1918.67	817.868	411.565	160.155	46.8994	14.3892	8.03777	0	0	0	0	0	0	0	0	0	0	0	0
00.000,00.000	38.6	0	-200	0	4.5	6940.82	3551.19	1924.24	819.977	413.415	161.076	48.036	14.7176	8.16744	0	0	0	0	0	0	0	0	0	0	0	0
00.000,00.000	38.7	0	-200	0	4.5	6972.94	3571.47	1929.69	822.027	415.25	161.964	49.1814	15.0619	8.29638	0	0	0	0	0	0	0	0	0	0	0	0
00.000,00.000	38.8	0	-200	0	4.5	7001.73	3589.66	1934.58	823.809	416.905	162.744	50.233	15.3876	8.41236	0	0	0	0	0	0	0	0	0	0	0	0
00.000,00.000	38.9	0	-200	0	4.5	7032.42	3608.51	1940.35	825.66	418.691	163.552	51.3654	15.7532	8.53589	0	0	0	0	0	0	0	0	0	0	0	0
00.000,00.000	39	0	-200	0	4.5	7062.86	3626.89	1946.38	827.462	420.489	164.339	52.5068	16.1378	8.65973	0	0	0	0	0	0	0	0	0	0	0	0
00.000,00.000	39.1	0	-200	0	4.5	7092.29	3644.37	1952.52	829.171	422.194	165.089	53.6301	16.5337	8.78108	0	0	0	0	0	0	0	0	0	0	0	0
00.000,00.000	39.2	0	-200	0	4.5	7121.1	3661.07	1958.95	830.79	423.892	165.808	54.7438	16.9445	8.90105	0	0	0	0	0	0	0	0	0	0	0	0
00.000,00.000	39.3	0	-200	0	4.5	7149.31	3676.89	1965.77	832.31	425.589	166.511	55.8495	17.3707	9.0199	0	0	0	0	0	0	0	0	0	0	0	0
00.000,00.000	39.4	0	-200	0	4.5	7177.03	3692.35	1972.54	833.748	427.287	167.206	56.9479	17.8125	9.13752	0	0	0	0	0	0	0	0	0	0	0	0
00.000,00.000	39.5	0	-200	0	4.5	7204.18	3707.31	1979.34	835.1	428.984	167.879	58.0381	18.2696	9.25395	0	0	0	0	0	0	0	0	0	0	0	0
00.000,00.000	39.6	0	-200	0	4.5	7230.64	3721.48	1986.24	836.411	430.701	168.543	59.1432	18.754	9.37215	0	0	0	0	0	0	0	0	0	0	0	0
00.000,00.000	39.7	0	-200	0	4.5	7263.29	3738.66	1994.97	838.06	432.85	169.342	60.511	19.3808	9.51846	0	0	0	0	0	0	0	0	0	0	0	0
00.000,00.000	39.8	0	-200	0	4.5	7277.24	3745.87	1998.84	838.742	433.778	169.676	61.0942	19.6581	9.58079	0	0	0	0	0	0	0	0	0	0	0	0
00.000,00.000	39.9	0	-200	0	4.5	7303.68	3759.6	2006.19	839.974	435.547	170.292	62.1806	20.2075	9.69755	0	0	0	0	0	0	0	0	0	0	0	0
00.000,00.000	40	0	-200	0	4.5	7329.77	3773	2013.52	841.154	437.336	170.903	63.2653	20.7788	9.80286	0.0115662	0	0	0	0	0	0	0	0	0	0	0
00.000,00.000	40.1	0	-200	0	4.5	7353.94	3785.17	2020.59	842.173	439.02	171.467	64.2694	21.3353	9.80257	0.12072	0	0	0	0	0	0	0	0	0	0	0
00.000,00.000	40.2	0	-200	0	4.5	7377.1	3796.92	2027.23	843.111	440.64	172.012	65.2445	21.9046	9.80227	0.227788	0	0	0	0	0	0	0	0	0	0	0
00.000,00.000	40.3	0	-200	0	4.5	7399.6	3808.32	2033.73	843.982	442.196	172.544	66.1947	22.489	9.80227	0.332871	0	0	0	0	0	0	0	0	0	0	0
00.000,00.000	40.4	0	-200	0	4.5	7421.48	3819.39	2040	844.83	443.714	173.094	67.1213	23.0909	9.80227	0.436487	0	0	0	0	0	0	0	0	0	0	0
00.000,00.000	40.5	0	-200	0	4.5	7442.57	3830.13	2045.87	845.617	445.227	173.636	68.0308	23.7158	9.80227	0.539611	0	0	0	0	0	0	0	0	0	0	0
00.000,00.000	40.6	0	-200	0	4.5	7462.63	3840.32	2051.38	846.331	446.715	174.165	68.9136	24.3584	9.80227	0.641454	0	0	0	0	0	0	0	0	0	0	0
00.000,00.000	40.7	0	-200	0	4.5	7486.95	3852.65	2058.1	847.141	448.535	174.808	69.9719	25.177	9.80227	0.765745	0	0	0	0	0	0	0	0	0	0	0
00.000,00.000	40.8	0	-200	0	4.5	7498.51	3858.5	2061.31	847.505	449.399	175.113	70.465	25.5788	9.80227	0.824557	0	0	0	0	0	0	0	0	0	0	0
00.000,00.000	40.9	0	-200	0	4.5	7518.48	3868.58	2066.93	848.1	450.902	175.65	71.2852	26.3013	9.80227	0.924958	0	0	0	0	0	0	0	0	0	0	0
00.000,00.000	41	0	-200	0	4.5	7538.16	3878.41	2072.52	848.659	452.41	176.196	72.0862	27.0497	9.80227	1.02514	0	0	0	0	0	0	0	0	0	0	0
00.000,00.000	41.1	0	-200	0	4.5	7556.24	3887.44	2077.63	849.143	453.815	176.718	72.8091	27.7734	9.80227	1.11804	0	0	0	0	0	0	0	0	0	0	0
00.000,00.000	41.2	0	-200	0	4.5	7573.56	3896.11	2082.32	849.665	455.197	177.248	73.4984	28.5123	9.80238	1.2092	0	0	0	0	0	0	0	0	0	0	0
00.000,00.000	41.3	0	-200	0	4.5	7590.44	3904.51	2086.89	850.17	456.555	177.792	74.156	29.2672	9.80322	1.29884	0	0	0	0	0	0	0	0	0	0	0
00.000,00.000	41.4	0	-200	0	4.5	7606.83	3912.63	2091.34	850.643	457.859	178.348	74.782	30.0377	9.80453	1.38693	0	0	0	0	0	0	0	0	0	0	0
00.000,00.000	41.5	0	-200	0	4.5	7622.45	3920.41	2095.43	851.072	459.137	178.916	75.3778	30.8225	9.80695	1.47345	0	0	0	0	0	0	0	0	0	0	0
00.000,00.000	41.6	0	-200	0	4.5	7637.34	3927.71	2099.26	851.474	460.422	179.505	75.9552	31.6392	9.81049	1.56064	0	0	0	0	0	0	0	0	0	0	0
00.000,00.000	41.7	0	-200	0	4.5	7652.84	3935.33	2103.1	851.886	461.8	180.159	76.5507	32.5421	9.81655	1.65378	0	0	0	0	0	0	0	0	0	0	0
00.000,00.000	41.8	0	-200	0	4.5	7663.65	3940.65	2105.77	852.164	462.753	180.632	76.9513	33.1905	9.82226	1.71856	0	0	0	0	0	0	0	0	0	0	0
00.000,00.000	41.9	0	-200	0	4.5	7677.1	3947.33	2108.96	852.508	463.938	181.258	77.4365	34.0373	9.83163	1.80011	0	0	0	0	0	0	0	0	0	0	0
00.000,00.000	42	0	-200	0	4.5	7690.29	3953.81	2112.08	852.839	465.108	181.907	77.9031	34.908	9.84301	1.88149	0	0	0	0	0	0	0	0	0	0	0