
label	time(d)	x	depth	z	radius	total	0-10	10-20	20-30	30-40	40-50	50-60	60-70	70-80	80-90	90-100	100-110	110-120	120-130	130-140	140-150	150-160	160-170	170-180	180-190	190-200
05.500,00.000	0	5.5	-200	0	4.5	0	0	0	0	0	0	0	0	0	0	0	0	0	0	0	0	0	0	0	0	0
05.500,00.000	0.1	5.5	-200	0	4.5	0	0	0	0	0	0	0	0	0	0	0	0	0	0	0	0	0	0	0	0	0
05.500,00.000	0.2	5.5	-200	0	4.5	0	0	0	0	0	0	0	0	0	0	0	0	0	0	0	0	0	0	0	0	0
05.500,00.000	0.3	5.5	-200	0	4.5	0	0	0	0	0	0	0	0	0	0	0	0	0	0	0	0	0	0	0	0	0
05.500,00.000	0.4	5.5	-200	0	4.5	0	0	0	0	0	0	0	0	0	0	0	0	0	0	0	0	0	0	0	0	0
05.500,00.000	0.5	5.5	-200	0	4.5	0	0	0	0	0	0	0	0	0	0	0	0	0	0	0	0	0	0	0	0	0
05.500,00.000	0.6	5.5	-200	0	4.5	0	0	0	0	0	0	0	0	0	0	0	0	0	0	0	0	0	0	0	0	0
05.500,00.000	0.7	5.5	-200	0	4.5	0	0	0	0	0	0	0	0	0	0	0	0	0	0	0	0	0	0	0	0	0
05.500,00.000	0.8	5.5	-200	0	4.5	0	0	0	0	0	0	0	0	0	0	0	0	0	0	0	0	0	0	0	0	0
05.500,00.000	0.9	5.5	-200	0	4.5	0	0	0	0	0	0	0	0	0	0	0	0	0	0	0	0	0	0	0	0	0
05.500,00.000	1	5.5	-200	0	4.5	0	0	0	0	0	0	0	0	0	0	0	0	0	0	0	0	0	0	0	0	0
05.500,00.000	1.1	5.5	-200	0	4.5	0	0	0	0	0	0	0	0	0	0	0	0	0	0	0	0	0	0	0	0	0
05.500,00.000	1.2	5.5	-200	0	4.5	0	0	0	0	0	0	0	0	0	0	0	0	0	0	0	0	0	0	0	0	0
05.500,00.000	1.3	5.5	-200	0	4.5	0	0	0	0	0	0	0	0	0	0	0	0	0	0	0	0	0	0	0	0	0
05.500,00.000	1.4	5.5	-200	0	4.5	0	0	0	0	0	0	0	0	0	0	0	0	0	0	0	0	0	0	0	0	0
05.500,00.000	1.5	5.5	-200	0	4.5	0	0	0	0	0	0	0	0	0	0	0	0	0	0	0	0	0	0	0	0	0
05.500,00.000	1.6	5.5	-200	0	4.5	0	0	0	0	0	0	0	0	0	0	0	0	0	0	0	0	0	0	0	0	0
05.500,00.000	1.7	5.5	-200	0	4.5	0	0	0	0	0	0	0	0	0	0	0	0	0	0	0	0	0	0	0	0	0
05.500,00.000	1.8	5.5	-200	0	4.5	0	0	0	0	0	0	0	0	0	0	0	0	0	0	0	0	0	0	0	0	0
05.500,00.000	1.9	5.5	-200	0	4.5	0	0	0	0	0	0	0	0	0	0	0	0	0	0	0	0	0	0	0	0	0
05.500,00.000	2	5.5	-200	0	4.5	0	0	0	0	0	0	0	0	0	0	0	0	0	0	0	0	0	0	0	0	0
05.500,00.000	2.1	5.5	-200	0	4.5	0	0	0	0	0	0	0	0	0	0	0	0	0	0	0	0	0	0	0	0	0
05.500,00.000	2.2	5.5	-200	0	4.5	0	0	0	0	0	0	0	0	0	0	0	0	0	0	0	0	0	0	0	0	0
05.500,00.000	2.3	5.5	-200	0	4.5	0	0	0	0	0	0	0	0	0	0	0	0	0	0	0	0	0	0	0	0	0
05.500,00.000	2.4	5.5	-200	0	4.5	0	0	0	0	0	0	0	0	0	0	0	0	0	0	0	0	0	0	0	0	0
05.500,00.000	2.5	5.5	-200	0	4.5	0.0638238	0	0.0638238	0	0	0	0	0	0	0	0	0	0	0	0	0	0	0	0	0	0
05.500,00.000	2.6	5.5	-200	0	4.5	0.354602	0	0.354602	0	0	0	0	0	0	0	0	0	0	0	0	0	0	0	0	0	0
05.500,00.000	2.7	5.5	-200	0	4.5	0.62805	0	0.62805	0	0	0	0	0	0	0	0	0	0	0	0	0	0	0	0	0	0
05.500,00.000	2.8	5.5	-200	0	4.5	1.03941	0.143686	0.895726	0	0	0	0	0	0	0	0	0	0	0	0	0	0	0	0	0	0
05.500,00.000	2.9	5.5	-200	0	4.5	1.54168	0.378497	1.16318	0	0	0	0	0	0	0	0	0	0	0	0	0	0	0	0	0	0
05.500,00.000	3	5.5	-200	0	4.5	2.07041	0.639693	1.43071	0	0	0	0	0	0	0	0	0	0	0	0	0	0	0	0	0	0
05.500,00.000	3.1	5.5	-200	0	4.5	2.61186	0.91464	1.69722	0	0	0	0	0	0	0	0	0	0	0	0	0	0	0	0	0	0
05.500,00.000	3.2	5.5	-200	0	4.5	3.24144	1.27863	1.96281	0	0	0	0	0	0	0	0	0	0	0	0	0	0	0	0	0	0
05.500,00.000	3.3	5.5	-200	0	4.5	4.01632	1.78802	2.2283	0	0	0	0	0	0	0	0	0	0	0	0	0	0	0	0	0	0
05.500,00.000	3.4	5.5	-200	0	4.5	4.83041	2.33678	2.49363	0	0	0	0	0	0	0	0	0	0	0	0	0	0	0	0	0	0
05.500,00.000	3.5	5.5	-200	0	4.5	5.64414	2.8862	2.75794	0	0	0	0	0	0	0	0	0	0	0	0	0	0	0	0	0	0
05.500,00.000	3.6	5.5	-200	0	4.5	6.4538	3.43264	3.02117	0	0	0	0	0	0	0	0	0	0	0	0	0	0	0	0	0	0
05.500,00.000	3.7	5.5	-200	0	4.5	7.26231	3.97814	3.28417	0	0	0	0	0	0	0	0	0	0	0	0	0	0	0	0	0	0
05.500,00.000	3.8	5.5	-200	0	4.5	8.07018	4.52327	3.5469	0	0	0	0	0	0	0	0	0	0	0	0	0	0	0	0	0	0
05.500,00.000	3.9	5.5	-200	0	4.5	8.87799	5.06889	3.8091	0	0	0	0	0	0	0	0	0	0	0	0	0	0	0	0	0	0
05.500,00.000	4	5.5	-200	0	4.5	9.68817	5.61743	4.07074	0	0	0	0	0	0	0	0	0	0	0	0	0	0	0	0	0	0
05.500,00.000	4.1	5.5	-200	0	4.5	10.5	6.16799	4.33204	0	0	0	0	0	0	0	0	0	0	0	0	0	0	0	0	0	0
05.500,00.000	4.2	5.5	-200	0	4.5	11.1977	6.6048	4.59294	0	0	0	0	0	0	0	0	0	0	0	0	0	0	0	0	0	0
05.500,00.000	4.3	5.5	-200	0	4.5	11.7393	6.88633	4.85299	0	0	0	0	0	0	0	0	0	0	0	0	0	0	0	0	0	0
05.500,00.000	4.4	5.5	-200	0	4.5	12.28	7.16772	5.1123	0	0	0	0	0	0	0	0	0	0	0	0	0	0	0	0	0	0
05.500,00.000	4.5	5.5	-200	0	4.5	12.8198	7.44856	5.37119	0	0	0	0	0	0	0	0	0	0	0	0	0	0	0	0	0	0
05.500,00.000	4.6	5.5	-200	0	4.5	13.3581	7.72862	5.62947	0	0	0	0	0	0	0	0	0	0	0	0	0	0	0	0	0	0
05.500,00.000	4.7	5.5	-200	0	4.5	13.8946	8.00759	5.88704	0	0	0	0	0	0	0	0	0	0	0	0	0	0	0	0	0	0
05.500,00.000	4.8	5.5	-200	0	4.5	14.4302	8.28611	6.14406	0	0	0	0	0	0	0	0	0	0	0	0	0	0	0	0	0	0
05.500,00.000	4.9	5.5	-200	0	4.5	14.9648	8.56411	6.40066	0	0	0	0	0	0	0	0	0	0	0	0	0	0	0	0	0	0
05.500,00.000	5	5.5	-200	0	4.5	15.4983	8.84158	6.65674	0	0	0	0	0	0	0	0	0	0	0	0	0	0	0	0	0	0
05.500,00.000	5.1	5.5	-200	0	4.5	16.0313	9.1189	6.91239	0	0	0	0	0	0	0	0	0	0	0	0	0	0	0	0	0	0
05.500,00.000	5.2	5.5	-200	0	4.5	16.563	9.39552	7.1675	0	0	0	0	0	0	0	0	0	0	0	0	0	0	0	0	0	0
05.500,00.000	5.3	5.5	-200	0	4.5	17.0942	9.67224	7.42191	0	0	0	0	0	0	0	0	0	0	0	0	0	0	0	0	0	0
05.500,00.000	5.4	5.5	-200	0	4.5	17.6253	9.94958	7.67576	0	0	0	0	0	0	0	0	0	0	0	0	0	0	0	0	0	0
05.500,00.000	5.5	5.5	-200	0	4.5	18.1546	10.2259	7.92866	0	0	0	0	0	0	0	0	0	0	0	0	0	0	0	0	0	0
05.500,00.000	5.6	5.5	-200	0	4.5	18.6832	10.5022	8.18104	0	0	0	0	0	0	0	0	0	0	0	0	0	0	0	0	0	0
05.500,00.000	5.7	5.5	-200	0	4.5	19.21	10.7773	8.43271	0	0	0	0	0	0	0	0	0	0	0	0	0	0	0	0	0	0
05.500,00.000	5.8	5.5	-200	0	4.5	19.7364	11.0523	8.57097	0.113113	0	0	0	0	0	0	0	0	0	0	0	0	0	0	0	0	0
05.500,00.000	5.9	5.5	-200	0	4.5	20.2633	11.3284	8.57097	0.363934	0	0	0	0	0	0	0	0	0	0	0	0	0	0	0	0	0
05.500,00.000	6	5.5	-200	0	4.5	20.7885	11.4262	8.74829	0.613952	0	0	0	0	0	0	0	0	0	0	0	0	0	0	0	0	0
05.500,00.000	6.1	5.5	-200	0	4.5	21.3133	11.4262	9.02362	0.863406	0	0	0	0	0	0	0	0	0	0	0	0	0	0	0	0	0
05.500,00.000	6.2	5.5	-200	0	4.5	21.8371	11.4262	9.29818	1.11264	0	0	0	0	0	0	0	0	0	0	0	0	0	0	0	0	0
05.500,00.000	6.3	5.5	-200	0	4.5	22.3602	11.4262	9.57282	1.3611	0	0	0	0	0	0	0	0	0	0	0	0	0	0	0	0	0
05.500,00.000	6.4	5.5	-200	0	4.5	22.8831	11.4262	9.84819	1.60866	0	0	0	0	0	0	0	0	0	0	0	0	0	0	0	0	0
05.500,00.000	6.5	5.5	-200	0	4.5	23.4043	11.4262	10.1229	1.85513	0	0	0	0	0	0	0	0	0	0	0	0	0	0	0	0	0
05.500,00.000	6.6	5.5	-200	0	4.5	23.9256	11.4262	10.3978	2.10162	0	0	0	0	0	0	0	0	0	0	0	0	0	0	0	0	0
05.500,00.000	6.7	5.5	-200	0	4.5	24.4465	11.4262	10.673	2.34735	0	0	0	0	0	0	0	0	0	0	0	0	0	0	0	0	0
05.500,00.000	6.8	5.5	-200	0	4.5	24.8869	11.4262	10.8685	2.59213	0	0	0	0	0	0	0	0	0	0	0	0	0	0	0	0	0
05.500,00.000	6.9	5.5	-200	0	4.5	25.1331	11.4265	10.8699	2.83665	0	0	0	0	0	0	0	0	0	0	0	0	0	0	0	0	0
05.500,00.000	7	5.5	-200	0	4.5	25.3797	11.4286	10.8704	3.08081	0	0	0	0	0	0	0	0	0	0	0	0	0	0	0	0	0
05.500,00.000	7.1	5.5	-200	0	4.5	25.628	11.4324	10.8712	3.32442	0	0	0	0	0	0	0	0	0	0	0	0	0	0	0	0	0
05.500,00.000	7.2	5.5	-200	0	4.5	25.8773	11.4379	10.8723	3.5672	0	0	0	0	0	0	0	0	0	0	0	0	0	0	0	0	0
05.500,00.000	7.3	5.5	-200	0	4.5	26.1296	11.4462	10.8741	3.80934	0	0	0	0	0	0	0	0	0	0	0	0	0	0	0	0	0
05.500,00.000	7.4	5.5	-200	0	4.5	26.3869	11.4587	10.877	4.05116	0	0	0	0	0	0	0	0	0	0	0	0	0	0	0	0	0
05.500,00.000	7.5	5.5	-200	0	4.5	26.6499	11.4771	10.8808	4.29198	0	0	0	0	0	0	0	0	0	0	0	0	0	0	0	0	0
05.500,00.000	7.6	5.5	-200	0	4.5	26.9193	11.5014	10.8858	4.53213	0	0	0	0	0	0	0	0	0	0	0	0	0	0	0	0	0
05.500,00.000	7.7	5.5	-200	0	4.5	27.1975	11.5332	10.8926	4.77164	0	0	0	0	0	0	0	0	0	0	0	0	0	0	0	0	0
05.500,00.000	7.8	5.5	-200	0	4.5	27.4848	11.5727	10.9012	5.0109	0	0	0	0	0	0	0	0	0	0	0	0	0	0	0	0	0
05.500,00.000	7.9	5.5	-200	0	4.5	27.7839	11.6225	10.9116	5.24981	0	0	0	0	0	0	0	0	0	0	0	0	0	0	0	0	0
05.500,00.000	8	5.5	-200	0	4.5	28.0944	11.6823	10.9242	5.48791	0	0	0	0	0	0	0	0	0	0	0	0	0	0	0	0	0
05.500,00.000	8.1	5.5	-200	0	4.5	28.4182	11.7539	10.9388	5.72553	0	0	0	0	0	0	0	0	0	0	0	0	0	0	0	0	0
05.500,00.000	8.2	5.5	-200	0	4.5	28.756	11.838	10.9554	5.96264	0	0	0	0	0	0	0	0	0	0	0	0	0	0	0	0	0
05.500,00.000	8.3	5.5	-200	0	4.5	29.1106	11.9361	10.9753	6.19923	0	0	0	0	0	0	0	0	0	0	0	0	0	0	0	0	0
05.500,00.000	8.4	5.5	-200	0	4.5	29.4804	12.0478	10.9973	6.43529	0	0	0	0	0	0	0	0	0	0	0	0	0	0	0	0	0
05.500,00.000	8.5	5.5	-200	0	4.5	29.8728	12.1728	11.0294	6.67062	0	0	0	0	0	0	0	0	0	0	0	0	0	0	0	0	0
05.500,00.000	8.6	5.5	-200	0	4.5	30.2853	12.3095	11.0705	6.90526	0	0	0	0	0	0	0	0	0	0	0	0	0	0	0	0	0
05.500,00.000	8.7	5.5	-200	0	4.5	30.7134	12.4593	11.1146	7.13955	0	0	0	0	0	0	0	0	0	0	0	0	0	0	0	0	0
05.500,00.000	8.8	5.5	-200	0	4.5	31.1587	12.6208	11.1647	7.37312	0	0	0	0	0	0	0	0	0	0	0	0	0	0	0	0	0
05.500,00.000	8.9	5.5	-200	0	4.5	31.6241	12.7991	11.2189	7.6061	0	0	0	0	0	0	0	0	0	0	0	0	0	0	0	0	0
05.500,00.000	9	5.5	-200	0	4.5	32.1092	12.9925	11.278	7.83867	0	0	0	0	0	0	0	0	0	0	0	0	0	0	0	0	0
05.500,00.000	9.1	5.5	-200	0	4.5	32.6128	13.1996	11.3423	8.07088	0	0	0	0	0	0	0	0	0	0	0	0	0	0	0	0	0
05.500,00.000	9.2	5.5	-200	0	4.5	33.137	13.4236	11.4108	8.30254	0	0	0	0	0	0	0	0	0	0	0	0	0	0	0	0	0
05.500,00.000	9.3	5.5	-200	0	4.5	33.6828	13.6653	11.4841	8.53344	0	0	0	0	0	0	0	0	0	0	0	0	0	0	0	0	0
05.500,00.000	9.4	5.5	-200	0	4.5	34.2481	13.9231	11.5612	8.7638	0	0	0	0	0	0	0	0	0	0	0	0	0	0	0	0	0
05.500,00.000	9.5	5.5	-200	0	4.5	34.8348	14.1963	11.6449	8.99355	0	0	0	0	0	0	0	0	0	0	0	0	0	0	0	0	0
05.500,00.000	9.6	5.5	-200	0	4.5	35.4324	14.4822	11.7275	9.22269	0	0	0	0	0	0	0	0	0	0	0	0	0	0	0	0	0
05.500,00.000	9.7	5.5	-200	0	4.5	36.049	14.7834	11.8144	9.45121	0	0	0	0	0	0	0	0	0	0	0	0	0	0	0	0	0
05.500,00.000	9.8	5.5	-200	0	4.5	36.6897	15.1038	11.9068	9.67906	0	0	0	0	0	0	0	0	0	0	0	0	0	0	0	0	0
05.500,00.000	9.9	5.5	-200	0	4.5	37.3609	15.4501	12.0044	9.90645	0	0	0	0	0	0	0	0	0	0	0	0	0	0	0	0	0
05.500,00.000	10	5.5	-200	0	4.5	38.0591	15.8164	12.1092	10.101	0.0324402	0	0	0	0	0	0	0	0	0	0	0	0	0	0	0	0
05.500,00.000	10.1	5.5	-200	0	4.5	38.7836	16.2029	12.2207	10.101	0.258922	0	0	0	0	0	0	0	0	0	0	0	0	0	0	0	0
05.500,00.000	10.2	5.5	-200	0	4.5	39.5359	16.6093	12.3408	10.101	0.484784	0	0	0	0	0	0	0	0	0	0	0	0	0	0	0	0
05.500,00.000	10.3	5.5	-200	0	4.5	40.3145	17.0352	12.4682	10.101	0.710095	0	0	0	0	0	0	0	0	0	0	0	0	0	0	0	0
05.500,00.000	10.4	5.5	-200	0	4.5	41.1182	17.4792	12.6031	10.101	0.934895	0	0	0	0	0	0	0	0	0	0	0	0	0	0	0	0
05.500,00.000	10.5	5.5	-200	0	4.5	41.9453	17.9387	12.7464	10.1011	1.15908	0	0	0	0	0	0	0	0	0	0	0	0	0	0	0	0
05.500,00.000	10.6	5.5	-200	0	4.5	42.791	18.4092	12.8973	10.1019	1.38252	0	0	0	0	0	0	0	0	0	0	0	0	0	0	0	0
05.500,00.000	10.7	5.5	-200	0	4.5	43.6594	18.8948	13.0564	10.1028	1.60536	0	0	0	0	0	0	0	0	0	0	0	0	0	0	0	0
05.500,00.000	10.8	5.5	-200	0	4.5	44.5505	19.3948	13.2238	10.1041	1.82777	0	0	0	0	0	0	0	0	0	0	0	0	0	0	0	0
05.500,00.000	10.9	5.5	-200	0	4.5	45.4742	19.9146	13.4027	10.1073	2.04966	0	0	0	0	0	0	0	0	0	0	0	0	0	0	0	0
05.500,00.000	11	5.5	-200	0	4.5	46.4287	20.4538	13.5927	10.1112	2.27098	0	0	0	0	0	0	0	0	0	0	0	0	0	0	0	0
05.500,00.000	11.1	5.5	-200	0	4.5	47.4129	21.0137	13.791	10.1163	2.49178	0	0	0	0	0	0	0	0	0	0	0	0	0	0	0	0
05.500,00.000	11.2	5.5	-200	0	4.5	48.4354	21.6011	13.9987	10.1236	2.7121	0	0	0	0	0	0	0	0	0	0	0	0	0	0	0	0
05.500,00.000	11.3	5.5	-200	0	4.5	49.4999	22.2196	14.2163	10.1322	2.9319	0	0	0	0	0	0	0	0	0	0	0	0	0	0	0	0
05.500,00.000	11.4	5.5	-200	0	4.5	50.6034	22.8667	14.4429	10.1426	3.15122	0	0	0	0	0	0	0	0	0	0	0	0	0	0	0	0
05.500,00.000	11.5	5.5	-200	0	4.5	51.767	23.5633	14.679	10.1548	3.36987	0	0	0	0	0	0	0	0	0	0	0	0	0	0	0	0
05.500,00.000	11.6	5.5	-200	0	4.5	52.9536	24.2722	14.9247	10.169	3.58771	0	0	0	0	0	0	0	0	0	0	0	0	0	0	0	0
05.500,00.000	11.7	5.5	-200	0	4.5	54.1546	24.9974	15.1671	10.1851	3.80502	0	0	0	0	0	0	0	0	0	0	0	0	0	0	0	0
05.500,00.000	11.8	5.5	-200	0	4.5	55.3821	25.7423	15.4123	10.2055	4.02187	0	0	0	0	0	0	0	0	0	0	0	0	0	0	0	0
05.500,00.000	11.9	5.5	-200	0	4.5	56.6519	26.5183	15.6673	10.2281	4.23831	0	0	0	0	0	0	0	0	0	0	0	0	0	0	0	0
05.500,00.000	12	5.5	-200	0	4.5	57.9655	27.3266	15.9309	10.2536	4.45432	0	0	0	0	0	0	0	0	0	0	0	0	0	0	0	0
05.500,00.000	12.1	5.5	-200	0	4.5	59.4034	28.2445	16.205	10.2829	4.67104	0	0	0	0	0	0	0	0	0	0	0	0	0	0	0	0
05.500,00.000	12.2	5.5	-200	0	4.5	60.8744	29.1852	16.488	10.3148	4.8864	0	0	0	0	0	0	0	0	0	0	0	0	0	0	0	0
05.500,00.000	12.3	5.5	-200	0	4.5	62.3827	30.1511	16.7811	10.3496	5.10093	0	0	0	0	0	0	0	0	0	0	0	0	0	0	0	0
05.500,00.000	12.4	5.5	-200	0	4.5	63.9583	31.178	17.0779	10.3875	5.31486	0	0	0	0	0	0	0	0	0	0	0	0	0	0	0	0
05.500,00.000	12.5	5.5	-200	0	4.5	65.5559	32.2201	17.3786	10.4292	5.52806	0	0	0	0	0	0	0	0	0	0	0	0	0	0	0	0
05.500,00.000	12.6	5.5	-200	0	4.5	67.4402	33.465	17.7285	10.4793	5.76736	0	0	0	0	0	0	0	0	0	0	0	0	0	0	0	0
05.500,00.000	12.7	5.5	-200	0	4.5	69.1896	34.6263	18.052	10.528	5.98332	0	0	0	0	0	0	0	0	0	0	0	0	0	0	0	0
05.500,00.000	12.8	5.5	-200	0	4.5	70.7352	35.6483	18.3407	10.5738	6.17243	0	0	0	0	0	0	0	0	0	0	0	0	0	0	0	0
05.500,00.000	12.9	5.5	-200	0	4.5	72.5862	36.8724	18.6905	10.6311	6.39214	0	0	0	0	0	0	0	0	0	0	0	0	0	0	0	0
05.500,00.000	13	5.5	-200	0	4.5	74.4446	38.1057	19.0411	10.6907	6.60712	0	0	0	0	0	0	0	0	0	0	0	0	0	0	0	0
05.500,00.000	13.1	5.5	-200	0	4.5	76.3077	39.3422	19.3943	10.7539	6.8173	0	0	0	0	0	0	0	0	0	0	0	0	0	0	0	0
05.500,00.000	13.2	5.5	-200	0	4.5	78.1964	40.5936	19.7554	10.8206	7.02673	0	0	0	0	0	0	0	0	0	0	0	0	0	0	0	0
05.500,00.000	13.3	5.5	-200	0	4.5	80.1364	41.8826	20.1265	10.8914	7.23592	0	0	0	0	0	0	0	0	0	0	0	0	0	0	0	0
05.500,00.000	13.4	5.5	-200	0	4.5	82.1251	43.2114	20.5026	10.9664	7.44479	0	0	0	0	0	0	0	0	0	0	0	0	0	0	0	0
05.500,00.000	13.5	5.5	-200	0	4.5	84.1771	44.6121	20.8556	11.0491	7.66019	0	0	0	0	0	0	0	0	0	0	0	0	0	0	0	0
05.500,00.000	13.6	5.5	-200	0	4.5	86.6375	46.2952	21.2817	11.1513	7.90926	0	0	0	0	0	0	0	0	0	0	0	0	0	0	0	0
05.500,00.000	13.7	5.5	-200	0	4.5	88.6903	47.6954	21.6361	11.2411	8.11769	0	0	0	0	0	0	0	0	0	0	0	0	0	0	0	0
05.500,00.000	13.8	5.5	-200	0	4.5	90.3833	48.8468	21.9316	11.318	8.28699	0	0	0	0	0	0	0	0	0	0	0	0	0	0	0	0
05.500,00.000	13.9	5.5	-200	0	4.5	92.4802	50.272	22.2995	11.4168	8.49181	0	0	0	0	0	0	0	0	0	0	0	0	0	0	0	0
05.500,00.000	14	5.5	-200	0	4.5	94.7508	51.8149	22.6973	11.5274	8.71122	0	0	0	0	0	0	0	0	0	0	0	0	0	0	0	0
05.500,00.000	14.1	5.5	-200	0	4.5	96.9604	53.316	23.086	11.6393	8.91908	0	0	0	0	0	0	0	0	0	0	0	0	0	0	0	0
05.500,00.000	14.2	5.5	-200	0	4.5	99.188	54.8334	23.4759	11.7548	9.12385	0	0	0	0	0	0	0	0	0	0	0	0	0	0	0	0
05.500,00.000	14.3	5.5	-200	0	4.5	101.458	56.3802	23.8736	11.8758	9.32814	0	0	0	0	0	0	0	0	0	0	0	0	0	0	0	0
05.500,00.000	14.4	5.5	-200	0	4.5	103.741	57.9288	24.2778	12.0024	9.53164	0	0	0	0	0	0	0	0	0	0	0	0	0	0	0	0
05.500,00.000	14.5	5.5	-200	0	4.5	106.656	59.8882	24.8048	12.1726	9.7908	0	0	0	0	0	0	0	0	0	0	0	0	0	0	0	0
05.500,00.000	14.6	5.5	-200	0	4.5	109.463	61.7568	25.3224	12.3431	10.0408	0	0	0	0	0	0	0	0	0	0	0	0	0	0	0	0
05.500,00.000	14.7	5.5	-200	0	4.5	111.824	63.3386	25.7355	12.4957	10.2001	0.0543072	0	0	0	0	0	0	0	0	0	0	0	0	0	0	0
05.500,00.000	14.8	5.5	-200	0	4.5	113.965	64.7662	26.1079	12.6414	10.2001	0.249209	0	0	0	0	0	0	0	0	0	0	0	0	0	0	0
05.500,00.000	14.9	5.5	-200	0	4.5	115.523	65.8014	26.3786	12.7518	10.2001	0.390561	0	0	0	0	0	0	0	0	0	0	0	0	0	0	0
05.500,00.000	15	5.5	-200	0	4.5	118.13	67.5139	26.847	12.9437	10.2001	0.624884	0	0	0	0	0	0	0	0	0	0	0	0	0	0	0
05.500,00.000	15.1	5.5	-200	0	4.5	120.521	69.0791	27.2745	13.1277	10.2001	0.839566	0	0	0	0	0	0	0	0	0	0	0	0	0	0	0
05.500,00.000	15.2	5.5	-200	0	4.5	122.751	70.5233	27.683	13.3057	10.2001	1.03893	0	0	0	0	0	0	0	0	0	0	0	0	0	0	0
05.500,00.000	15.3	5.5	-200	0	4.5	124.978	71.9519	28.0968	13.4908	10.2001	1.2379	0	0	0	0	0	0	0	0	0	0	0	0	0	0	0
05.500,00.000	15.4	5.5	-200	0	4.5	127.201	73.363	28.5179	13.6831	10.2001	1.43666	0	0	0	0	0	0	0	0	0	0	0	0	0	0	0
05.500,00.000	15.5	5.5	-200	0	4.5	131.482	76.0492	29.3548	14.0709	10.2028	1.80431	0	0	0	0	0	0	0	0	0	0	0	0	0	0	0
05.500,00.000	15.6	5.5	-200	0	4.5	132.319	76.5791	29.5059	14.1498	10.2034	1.88126	0	0	0	0	0	0	0	0	0	0	0	0	0	0	0
05.500,00.000	15.7	5.5	-200	0	4.5	134.457	77.8731	29.9397	14.3608	10.206	2.07791	0	0	0	0	0	0	0	0	0	0	0	0	0	0	0
05.500,00.000	15.8	5.5	-200	0	4.5	135.056	78.2356	30.0582	14.4219	10.2069	2.13364	0	0	0	0	0	0	0	0	0	0	0	0	0	0	0
05.500,00.000	15.9	5.5	-200	0	4.5	135.94	78.7574	30.2398	14.5175	10.2088	2.21669	0	0	0	0	0	0	0	0	0	0	0	0	0	0	0
05.500,00.000	16	5.5	-200	0	4.5	138.749	80.3958	30.8225	14.8325	10.2159	2.48172	0	0	0	0	0	0	0	0	0	0	0	0	0	0	0
05.500,00.000	16.1	5.5	-200	0	4.5	141.096	81.7622	31.3067	15.1015	10.2237	2.70213	0	0	0	0	0	0	0	0	0	0	0	0	0	0	0
05.500,00.000	16.2	5.5	-200	0	4.5	143.173	82.9627	31.7348	15.3467	10.2318	2.89685	0	0	0	0	0	0	0	0	0	0	0	0	0	0	0
05.500,00.000	16.3	5.5	-200	0	4.5	145.226	84.1315	32.1625	15.5987	10.2419	3.09139	0	0	0	0	0	0	0	0	0	0	0	0	0	0	0
05.500,00.000	16.4	5.5	-200	0	4.5	147.252	85.2661	32.5893	15.8572	10.2535	3.28551	0	0	0	0	0	0	0	0	0	0	0	0	0	0	0
05.500,00.000	16.5	5.5	-200	0	4.5	152.605	88.2587	33.642	16.5924	10.2907	3.82106	0	0	0	0	0	0	0	0	0	0	0	0	0	0	0
05.500,00.000	16.6	5.5	-200	0	4.5	153.631	88.8446	33.819	16.7414	10.2987	3.92782	0	0	0	0	0	0	0	0	0	0	0	0	0	0	0
05.500,00.000	16.7	5.5	-200	0	4.5	160.891	92.7231	35.3483	17.8299	10.3666	4.62356	0	0	0	0	0	0	0	0	0	0	0	0	0	0	0
05.500,00.000	16.8	5.5	-200	0	4.5	162.601	93.5939	35.737	18.0882	10.3836	4.7986	0	0	0	0	0	0	0	0	0	0	0	0	0	0	0
05.500,00.000	16.9	5.5	-200	0	4.5	167.256	95.9865	36.7149	18.8389	10.4444	5.27159	0	0	0	0	0	0	0	0	0	0	0	0	0	0	0
05.500,00.000	17	5.5	-200	0	4.5	170.023	97.3596	37.3175	19.2991	10.4833	5.56325	0	0	0	0	0	0	0	0	0	0	0	0	0	0	0
05.500,00.000	17.1	5.5	-200	0	4.5	171.774	98.2152	37.6914	19.605	10.5117	5.75109	0	0	0	0	0	0	0	0	0	0	0	0	0	0	0
05.500,00.000	17.2	5.5	-200	0	4.5	173.491	99.0327	38.0584	19.9179	10.5428	5.93896	0	0	0	0	0	0	0	0	0	0	0	0	0	0	0
05.500,00.000	17.3	5.5	-200	0	4.5	175.165	99.8088	38.4163	20.237	10.5768	6.12569	0	0	0	0	0	0	0	0	0	0	0	0	0	0	0
05.500,00.000	17.4	5.5	-200	0	4.5	176.82	100.566	38.7649	20.5636	10.6133	6.31218	0	0	0	0	0	0	0	0	0	0	0	0	0	0	0
05.500,00.000	17.5	5.5	-200	0	4.5	182.216	103.009	39.8919	21.6796	10.7451	6.89003	0	0	0	0	0	0	0	0	0	0	0	0	0	0	0
05.500,00.000	17.6	5.5	-200	0	4.5	183.288	103.482	40.1146	21.9054	10.7726	7.01415	0	0	0	0	0	0	0	0	0	0	0	0	0	0	0
05.500,00.000	17.7	5.5	-200	0	4.5	188.397	105.56	41.2336	23.0845	10.9272	7.59181	0	0	0	0	0	0	0	0	0	0	0	0	0	0	0
05.500,00.000	17.8	5.5	-200	0	4.5	189.541	105.923	41.5619	23.3571	10.964	7.73505	0	0	0	0	0	0	0	0	0	0	0	0	0	0	0
05.500,00.000	17.9	5.5	-200	0	4.5	192.169	106.811	42.2128	24.0123	11.0632	8.07005	0	0	0	0	0	0	0	0	0	0	0	0	0	0	0
05.500,00.000	18	5.5	-200	0	4.5	194.551	107.579	42.8122	24.6243	11.1586	8.3773	0	0	0	0	0	0	0	0	0	0	0	0	0	0	0
05.500,00.000	18.1	5.5	-200	0	4.5	196.427	108.193	43.2581	25.1163	11.2401	8.6198	0	0	0	0	0	0	0	0	0	0	0	0	0	0	0
05.500,00.000	18.2	5.5	-200	0	4.5	197.781	108.623	43.5732	25.4823	11.3048	8.7977	0	0	0	0	0	0	0	0	0	0	0	0	0	0	0
05.500,00.000	18.3	5.5	-200	0	4.5	199.201	109.141	43.8712	25.8463	11.3727	8.96974	0	0	0	0	0	0	0	0	0	0	0	0	0	0	0
05.500,00.000	18.4	5.5	-200	0	4.5	200.718	109.731	44.167	26.2241	11.4469	9.14875	0	0	0	0	0	0	0	0	0	0	0	0	0	0	0
05.500,00.000	18.5	5.5	-200	0	4.5	208.313	112.616	45.643	28.1987	11.857	9.64658	0.352241	0	0	0	0	0	0	0	0	0	0	0	0	0	0
05.500,00.000	18.6	5.5	-200	0	4.5	209.875	113.228	45.9319	28.5922	11.9414	9.64658	0.534869	0	0	0	0	0	0	0	0	0	0	0	0	0	0
05.500,00.000	18.7	5.5	-200	0	4.5	225.667	119.078	48.7851	32.8118	12.954	9.64875	2.38945	0	0	0	0	0	0	0	0	0	0	0	0	0	0
05.500,00.000	18.8	5.5	-200	0	4.5	229.872	120.746	49.6982	33.7101	13.2036	9.65149	2.86234	0	0	0	0	0	0	0	0	0	0	0	0	0	0
05.500,00.000	18.9	5.5	-200	0	4.5	237.074	122.475	52.3198	35.3038	13.6552	9.67416	3.64617	0	0	0	0	0	0	0	0	0	0	0	0	0	0
05.500,00.000	19	5.5	-200	0	4.5	241.097	123.13	54.0761	36.1922	13.9205	9.68779	4.08995	0	0	0	0	0	0	0	0	0	0	0	0	0	0
05.500,00.000	19.1	5.5	-200	0	4.5	242.837	123.387	54.8485	36.5841	14.0407	9.69708	4.27966	0	0	0	0	0	0	0	0	0	0	0	0	0	0
05.500,00.000	19.2	5.5	-200	0	4.5	244.485	123.648	55.5646	36.9511	14.1575	9.7079	4.4559	0	0	0	0	0	0	0	0	0	0	0	0	0	0
05.500,00.000	19.3	5.5	-200	0	4.5	246.001	123.906	56.1326	37.3268	14.2806	9.72125	4.63384	0	0	0	0	0	0	0	0	0	0	0	0	0	0
05.500,00.000	19.4	5.5	-200	0	4.5	247.397	124.154	56.5915	37.6999	14.4064	9.7367	4.8085	0	0	0	0	0	0	0	0	0	0	0	0	0	0
05.500,00.000	19.5	5.5	-200	0	4.5	248.855	124.402	57.0701	38.0936	14.5429	9.75532	4.99118	0	0	0	0	0	0	0	0	0	0	0	0	0	0
05.500,00.000	19.6	5.5	-200	0	4.5	250.228	124.644	57.5129	38.4615	14.6738	9.77493	5.161	0	0	0	0	0	0	0	0	0	0	0	0	0	0
05.500,00.000	19.7	5.5	-200	0	4.5	251.558	124.882	57.953	38.7828	14.8104	9.79805	5.33184	0	0	0	0	0	0	0	0	0	0	0	0	0	0
05.500,00.000	19.8	5.5	-200	0	4.5	259.441	126.132	60.5675	40.7593	15.6609	9.95113	6.36996	0	0	0	0	0	0	0	0	0	0	0	0	0	0
05.500,00.000	19.9	5.5	-200	0	4.5	261.037	126.388	61.1012	41.1459	15.8378	9.98417	6.58062	0	0	0	0	0	0	0	0	0	0	0	0	0	0
05.500,00.000	20	5.5	-200	0	4.5	261.087	126.396	61.1172	41.1585	15.8434	9.98535	6.58703	0	0	0	0	0	0	0	0	0	0	0	0	0	0
05.500,00.000	20.1	5.5	-200	0	4.5	267.371	127.486	63.0744	42.7151	16.5702	10.1447	7.38104	0	0	0	0	0	0	0	0	0	0	0	0	0	0
05.500,00.000	20.2	5.5	-200	0	4.5	270.423	128.057	64.0032	43.4529	16.9238	10.226	7.76007	0	0	0	0	0	0	0	0	0	0	0	0	0	0
05.500,00.000	20.3	5.5	-200	0	4.5	271.826	128.326	64.4167	43.7926	17.0891	10.2714	7.93063	0	0	0	0	0	0	0	0	0	0	0	0	0	0
05.500,00.000	20.4	5.5	-200	0	4.5	274.212	128.783	65.1106	44.3683	17.3768	10.3544	8.21879	0	0	0	0	0	0	0	0	0	0	0	0	0	0
05.500,00.000	20.5	5.5	-200	0	4.5	274.782	128.891	65.2757	44.5057	17.4467	10.3754	8.28762	0	0	0	0	0	0	0	0	0	0	0	0	0	0
05.500,00.000	20.6	5.5	-200	0	4.5	287.953	131.416	69.0559	47.6188	19.0845	10.9176	9.20433	0.655865	0	0	0	0	0	0	0	0	0	0	0	0	0
05.500,00.000	20.7	5.5	-200	0	4.5	290.579	132.012	69.5396	48.3745	19.4307	11.0367	9.20433	0.981458	0	0	0	0	0	0	0	0	0	0	0	0	0
05.500,00.000	20.8	5.5	-200	0	4.5	290.656	132.031	69.5522	48.3963	19.4412	11.0407	9.20433	0.990879	0	0	0	0	0	0	0	0	0	0	0	0	0
05.500,00.000	20.9	5.5	-200	0	4.5	300.916	135.013	71.1707	50.757	20.8889	11.6263	9.20513	2.25514	0	0	0	0	0	0	0	0	0	0	0	0	0
05.500,00.000	21	5.5	-200	0	4.5	303.708	136.083	71.603	51.1434	21.2858	11.7902	9.20616	2.59622	0	0	0	0	0	0	0	0	0	0	0	0	0
05.500,00.000	21.1	5.5	-200	0	4.5	307.56	137.468	72.1882	51.7743	21.8351	12.0333	9.214	3.04757	0	0	0	0	0	0	0	0	0	0	0	0	0
05.500,00.000	21.2	5.5	-200	0	4.5	309.919	138.372	72.5285	52.1275	22.1697	12.1849	9.21909	3.31735	0	0	0	0	0	0	0	0	0	0	0	0	0
05.500,00.000	21.3	5.5	-200	0	4.5	311.432	138.935	72.7556	52.3571	22.387	12.2862	9.22364	3.48719	0	0	0	0	0	0	0	0	0	0	0	0	0
05.500,00.000	21.4	5.5	-200	0	4.5	314.025	139.901	73.1488	52.7462	22.7604	12.4642	9.23343	3.77134	0	0	0	0	0	0	0	0	0	0	0	0	0
05.500,00.000	21.5	5.5	-200	0	4.5	314.653	140.147	73.2392	52.8353	22.8497	12.5073	9.23621	3.83836	0	0	0	0	0	0	0	0	0	0	0	0	0
05.500,00.000	21.6	5.5	-200	0	4.5	316.657	140.875	73.5552	53.1331	23.1427	12.6519	9.24789	4.05095	0	0	0	0	0	0	0	0	0	0	0	0	0
05.500,00.000	21.7	5.5	-200	0	4.5	325.54	144.016	75.057	54.4262	24.4489	13.3006	9.30735	4.98401	0	0	0	0	0	0	0	0	0	0	0	0	0
05.500,00.000	21.8	5.5	-200	0	4.5	330.724	146.123	75.9625	55.0772	25.1238	13.6411	9.34351	5.45324	0	0	0	0	0	0	0	0	0	0	0	0	0
05.500,00.000	21.9	5.5	-200	0	4.5	330.794	146.151	75.9747	55.0858	25.133	13.6458	9.34405	5.45948	0	0	0	0	0	0	0	0	0	0	0	0	0
05.500,00.000	22	5.5	-200	0	4.5	332.049	146.681	76.1951	55.2288	25.2942	13.7299	9.35552	5.56469	0	0	0	0	0	0	0	0	0	0	0	0	0
05.500,00.000	22.1	5.5	-200	0	4.5	338.157	149.306	77.2984	55.8963	26.0573	14.1309	9.41303	6.05489	0	0	0	0	0	0	0	0	0	0	0	0	0
05.500,00.000	22.2	5.5	-200	0	4.5	341.598	150.889	77.9046	56.2385	26.4632	14.3463	9.44632	6.31049	0	0	0	0	0	0	0	0	0	0	0	0	0
05.500,00.000	22.3	5.5	-200	0	4.5	343.91	151.963	78.3157	56.4581	26.7341	14.4918	9.47041	6.47679	0	0	0	0	0	0	0	0	0	0	0	0	0
05.500,00.000	22.4	5.5	-200	0	4.5	348.123	153.935	79.0814	56.8385	27.2236	14.7576	9.51717	6.77033	0	0	0	0	0	0	0	0	0	0	0	0	0
05.500,00.000	22.5	5.5	-200	0	4.5	349.136	154.414	79.269	56.9254	27.3392	14.8207	9.52871	6.83886	0	0	0	0	0	0	0	0	0	0	0	0	0
05.500,00.000	22.6	5.5	-200	0	4.5	352.408	155.92	79.9118	57.1986	27.7174	15.0313	9.56987	7.05904	0	0	0	0	0	0	0	0	0	0	0	0	0
05.500,00.000	22.7	5.5	-200	0	4.5	355.315	157.282	80.4874	57.4279	28.0457	15.2171	9.60736	7.24743	0	0	0	0	0	0	0	0	0	0	0	0	0
05.500,00.000	22.8	5.5	-200	0	4.5	357.978	158.531	81.0225	57.6284	28.3457	15.3893	9.64386	7.41706	0	0	0	0	0	0	0	0	0	0	0	0	0
05.500,00.000	22.9	5.5	-200	0	4.5	367.418	162.922	83.1093	58.3158	29.4251	16.0184	9.78151	7.84627	0	0	0	0	0	0	0	0	0	0	0	0	0
05.500,00.000	23	5.5	-200	0	4.5	369.353	163.921	83.5453	58.4565	29.6543	16.1534	9.81161	7.81129	0	0	0	0	0	0	0	0	0	0	0	0	0
05.500,00.000	23.1	5.5	-200	0	4.5	375.585	167.032	84.9896	58.8723	30.3676	16.5846	9.91282	7.8262	0	0	0	0	0	0	0	0	0	0	0	0	0
05.500,00.000	23.2	5.5	-200	0	4.5	379.597	169.056	85.9149	59.1304	30.8245	16.8643	9.98014	7.8262	0	0	0	0	0	0	0	0	0	0	0	0	0
05.500,00.000	23.3	5.5	-200	0	4.5	382.401	170.473	86.5719	59.3027	31.1377	17.0608	10.0288	7.8262	0	0	0	0	0	0	0	0	0	0	0	0	0
05.500,00.000	23.4	5.5	-200	0	4.5	385.28	171.929	87.2552	59.4699	31.455	17.2642	10.0805	7.8262	0	0	0	0	0	0	0	0	0	0	0	0	0
05.500,00.000	23.5	5.5	-200	0	4.5	388.202	173.4	87.9606	59.6317	31.7746	17.4734	10.1349	7.8262	0	0	0	0	0	0	0	0	0	0	0	0	0
05.500,00.000	23.6	5.5	-200	0	4.5	397.777	177.363	91.0765	60.1742	32.8343	18.1781	10.3241	7.8262	0	0	0	0	0	0	0	0	0	0	0	0	0
05.500,00.000	23.7	5.5	-200	0	4.5	399.884	178.064	91.9414	60.2955	33.0602	18.3312	10.3656	7.8262	0	0	0	0	0	0	0	0	0	0	0	0	0
05.500,00.000	23.8	5.5	-200	0	4.5	405.83	180.017	94.4107	60.6186	33.6909	18.7765	10.4904	7.8262	0	0	0	0	0	0	0	0	0	0	0	0	0
05.500,00.000	23.9	5.5	-200	0	4.5	408.506	180.905	95.4941	60.765	33.9805	18.9851	10.5496	7.8262	0	0	0	0	0	0	0	0	0	0	0	0	0
05.500,00.000	24	5.5	-200	0	4.5	408.86	181.031	95.6262	60.7846	34.0197	19.0143	10.558	7.8262	0	0	0	0	0	0	0	0	0	0	0	0	0
05.500,00.000	24.1	5.5	-200	0	4.5	414.49	182.951	97.8359	61.0786	34.6228	19.4796	10.6959	7.8262	0	0	0	0	0	0	0	0	0	0	0	0	0
05.500,00.000	24.2	5.5	-200	0	4.5	418.439	184.242	99.4236	61.2875	35.0479	19.8142	10.797	7.8262	0	0	0	0	0	0	0	0	0	0	0	0	0
05.500,00.000	24.3	5.5	-200	0	4.5	421.452	185.236	100.641	61.4384	35.3636	20.0707	10.876	7.8262	0	0	0	0	0	0	0	0	0	0	0	0	0
05.500,00.000	24.4	5.5	-200	0	4.5	424.519	186.24	101.896	61.5853	35.6787	20.334	10.9585	7.82627	0	0	0	0	0	0	0	0	0	0	0	0	0
05.500,00.000	24.5	5.5	-200	0	4.5	427.623	187.238	103.169	61.7483	35.992	20.6031	11.0443	7.82786	0	0	0	0	0	0	0	0	0	0	0	0	0
05.500,00.000	24.6	5.5	-200	0	4.5	430.711	188.203	104.454	61.9074	36.3044	20.8785	11.1331	7.83005	0	0	0	0	0	0	0	0	0	0	0	0	0
05.500,00.000	24.7	5.5	-200	0	4.5	433.789	189.162	105.74	62.0625	36.6099	21.1567	11.2243	7.83317	0	0	0	0	0	0	0	0	0	0	0	0	0
05.500,00.000	24.8	5.5	-200	0	4.5	436.895	190.127	107.039	62.2162	36.9139	21.4426	11.3193	7.83727	0	0	0	0	0	0	0	0	0	0	0	0	0
05.500,00.000	24.9	5.5	-200	0	4.5	447.016	193.52	111.111	62.6857	37.8598	22.3585	11.6275	7.85395	0	0	0	0	0	0	0	0	0	0	0	0	0
05.500,00.000	25	5.5	-200	0	4.5	449.23	194.328	111.959	62.7844	38.0553	22.5519	11.6932	7.85814	0	0	0	0	0	0	0	0	0	0	0	0	0
05.500,00.000	25.1	5.5	-200	0	4.5	456.35	196.941	114.694	63.0815	38.6611	23.1827	11.9116	7.87793	0	0	0	0	0	0	0	0	0	0	0	0	0
05.500,00.000	25.2	5.5	-200	0	4.5	461.342	199.072	116.344	63.2816	39.0689	23.618	12.0635	7.89308	0	0	0	0	0	0	0	0	0	0	0	0	0
05.500,00.000	25.3	5.5	-200	0	4.5	464.861	200.608	117.461	63.4202	39.354	23.9354	12.1756	7.90717	0	0	0	0	0	0	0	0	0	0	0	0	0
05.500,00.000	25.4	5.5	-200	0	4.5	478.575	206.692	121.733	63.9781	40.4178	25.169	12.6161	7.96989	0	0	0	0	0	0	0	0	0	0	0	0	0
05.500,00.000	25.5	5.5	-200	0	4.5	482.764	208.571	123.006	64.1596	40.7385	25.5464	12.7513	7.99031	0	0	0	0	0	0	0	0	0	0	0	0	0
05.500,00.000	25.6	5.5	-200	0	4.5	482.813	208.594	123.021	64.1619	40.7422	25.5509	12.7529	7.99058	0	0	0	0	0	0	0	0	0	0	0	0	0
05.500,00.000	25.7	5.5	-200	0	4.5	483.063	208.707	123.096	64.1726	40.7599	25.5742	12.7615	7.99224	0	0	0	0	0	0	0	0	0	0	0	0	0
05.500,00.000	25.8	5.5	-200	0	4.5	494.461	213.864	126.456	64.7436	41.5302	26.6346	13.1571	8.07525	0	0	0	0	0	0	0	0	0	0	0	0	0
05.500,00.000	25.9	5.5	-200	0	4.5	501.397	216.992	128.474	65.13	41.9881	27.2822	13.401	8.12937	0	0	0	0	0	0	0	0	0	0	0	0	0
05.500,00.000	26	5.5	-200	0	4.5	501.998	217.268	128.648	65.163	42.0254	27.3375	13.4223	8.13438	0	0	0	0	0	0	0	0	0	0	0	0	0
05.500,00.000	26.1	5.5	-200	0	4.5	505.721	218.991	129.727	65.3495	42.2466	27.6798	13.5582	8.16873	0	0	0	0	0	0	0	0	0	0	0	0	0
05.500,00.000	26.2	5.5	-200	0	4.5	507.208	219.671	130.153	65.4362	42.3383	27.8147	13.6123	8.18269	0	0	0	0	0	0	0	0	0	0	0	0	0
05.500,00.000	26.3	5.5	-200	0	4.5	507.559	219.834	130.253	65.4562	42.3576	27.8466	13.6255	8.18627	0	0	0	0	0	0	0	0	0	0	0	0	0
05.500,00.000	26.4	5.5	-200	0	4.5	507.616	219.861	130.269	65.4595	42.3609	27.8518	13.6277	8.18687	0	0	0	0	0	0	0	0	0	0	0	0	0
05.500,00.000	26.5	5.5	-200	0	4.5	507.867	219.978	130.341	65.4732	42.3732	27.8747	13.6376	8.18972	0	0	0	0	0	0	0	0	0	0	0	0	0
05.500,00.000	26.6	5.5	-200	0	4.5	508.314	220.185	130.469	65.4978	42.3948	27.9162	13.6557	8.19508	0	0	0	0	0	0	0	0	0	0	0	0	0
05.500,00.000	26.7	5.5	-200	0	4.5	518.739	225.151	133.373	66.0581	42.8629	28.879	14.09	8.32547	0	0	0	0	0	0	0	0	0	0	0	0	0
05.500,00.000	26.8	5.5	-200	0	4.5	524.74	227.932	135.064	66.396	43.1357	29.4543	14.3527	8.4061	0	0	0	0	0	0	0	0	0	0	0	0	0
05.500,00.000	26.9	5.5	-200	0	4.5	533.502	231.637	137.726	66.96	43.5214	30.3458	14.7725	8.53972	0	0	0	0	0	0	0	0	0	0	0	0	0
05.500,00.000	27	5.5	-200	0	4.5	535.407	232.413	138.323	67.0874	43.6061	30.542	14.8664	8.56985	0	0	0	0	0	0	0	0	0	0	0	0	0
05.500,00.000	27.1	5.5	-200	0	4.5	541.431	234.956	140.183	67.4637	43.8389	31.15	15.1696	8.6705	0	0	0	0	0	0	0	0	0	0	0	0	0
05.500,00.000	27.2	5.5	-200	0	4.5	545.926	236.742	141.679	67.7464	44.0071	31.6024	15.4007	8.74894	0	0	0	0	0	0	0	0	0	0	0	0	0
05.500,00.000	27.3	5.5	-200	0	4.5	549.217	237.762	143.074	67.9467	44.1211	31.9286	15.5747	8.80969	0	0	0	0	0	0	0	0	0	0	0	0	0
05.500,00.000	27.4	5.5	-200	0	4.5	549.752	237.918	143.311	67.9796	44.14	31.981	15.6033	8.81977	0	0	0	0	0	0	0	0	0	0	0	0	0
05.500,00.000	27.5	5.5	-200	0	4.5	572.283	245.177	152.513	69.3236	44.8467	34.2165	16.906	9.30004	0	0	0	0	0	0	0	0	0	0	0	0	0
05.500,00.000	27.6	5.5	-200	0	4.5	578.615	247.386	154.671	69.762	45.0806	34.9311	17.3269	9.45798	0	0	0	0	0	0	0	0	0	0	0	0	0
05.500,00.000	27.7	5.5	-200	0	4.5	578.881	247.48	154.765	69.7787	45.0886	34.9591	17.3447	9.46505	0	0	0	0	0	0	0	0	0	0	0	0	0
05.500,00.000	27.8	5.5	-200	0	4.5	585.496	249.786	157.105	70.185	45.3237	35.6424	17.8021	9.65175	0	0	0	0	0	0	0	0	0	0	0	0	0
05.500,00.000	27.9	5.5	-200	0	4.5	587.431	250.457	157.753	70.3095	45.4088	35.8485	17.943	9.71052	0	0	0	0	0	0	0	0	0	0	0	0	0
05.500,00.000	28	5.5	-200	0	4.5	587.682	250.546	157.842	70.3241	45.4182	35.8726	17.9608	9.71828	0	0	0	0	0	0	0	0	0	0	0	0	0
05.500,00.000	28.1	5.5	-200	0	4.5	587.953	250.641	157.939	70.3394	45.4278	35.8979	17.9803	9.72707	0	0	0	0	0	0	0	0	0	0	0	0	0
05.500,00.000	28.2	5.5	-200	0	4.5	588.189	250.725	158.024	70.3522	45.4357	35.9192	17.9974	9.73512	0	0	0	0	0	0	0	0	0	0	0	0	0
05.500,00.000	28.3	5.5	-200	0	4.5	588.395	250.798	158.099	70.3631	45.4421	35.9371	18.0126	9.74244	0	0	0	0	0	0	0	0	0	0	0	0	0
05.500,00.000	28.4	5.5	-200	0	4.5	588.426	250.81	158.11	70.3648	45.4431	35.9399	18.0149	9.74362	0	0	0	0	0	0	0	0	0	0	0	0	0
05.500,00.000	28.5	5.5	-200	0	4.5	606.647	257.482	164.711	71.2645	45.9276	37.4139	19.3869	10.4609	0	0	0	0	0	0	0	0	0	0	0	0	0
05.500,00.000	28.6	5.5	-200	0	4.5	614.821	260.553	167.434	71.7298	46.2543	38.0653	19.9968	10.7872	0	0	0	0	0	0	0	0	0	0	0	0	0
05.500,00.000	28.7	5.5	-200	0	4.5	631.729	267.201	172.973	72.6564	46.8539	39.3381	21.2354	11.4719	0	0	0	0	0	0	0	0	0	0	0	0	0
05.500,00.000	28.8	5.5	-200	0	4.5	635.094	268.49	174.03	72.8793	47.0349	39.5838	21.4794	11.5975	0	0	0	0	0	0	0	0	0	0	0	0	0
05.500,00.000	28.9	5.5	-200	0	4.5	635.212	268.539	174.066	72.8856	47.0397	39.5919	21.4876	11.6022	0	0	0	0	0	0	0	0	0	0	0	0	0
05.500,00.000	29	5.5	-200	0	4.5	635.45	268.639	174.14	72.898	47.0493	39.6079	21.504	11.6119	0	0	0	0	0	0	0	0	0	0	0	0	0
05.500,00.000	29.1	5.5	-200	0	4.5	643.79	272.24	176.648	73.3238	47.3845	40.1589	22.0739	11.9617	0	0	0	0	0	0	0	0	0	0	0	0	0
05.500,00.000	29.2	5.5	-200	0	4.5	648.763	274.468	178.067	73.5805	47.5917	40.4805	22.4074	12.1676	0	0	0	0	0	0	0	0	0	0	0	0	0
05.500,00.000	29.3	5.5	-200	0	4.5	651.976	275.931	178.996	73.7333	47.7123	40.6824	22.6159	12.3041	0	0	0	0	0	0	0	0	0	0	0	0	0
05.500,00.000	29.4	5.5	-200	0	4.5	659.846	279.546	181.293	74.0951	47.9934	41.1626	23.1135	12.643	0	0	0	0	0	0	0	0	0	0	0	0	0
05.500,00.000	29.5	5.5	-200	0	4.5	664.634	281.737	182.702	74.3153	48.1641	41.4521	23.4132	12.851	0	0	0	0	0	0	0	0	0	0	0	0	0
05.500,00.000	29.6	5.5	-200	0	4.5	667.921	283.259	183.67	74.4577	48.2727	41.6464	23.6163	12.9993	0	0	0	0	0	0	0	0	0	0	0	0	0
05.500,00.000	29.7	5.5	-200	0	4.5	681.166	288.739	187.791	75.1636	48.745	42.5043	24.528	13.6952	0	0	0	0	0	0	0	0	0	0	0	0	0
05.500,00.000	29.8	5.5	-200	0	4.5	685.625	290.943	189.135	75.0973	48.9034	42.7869	24.8307	13.9288	0	0	0	0	0	0	0	0	0	0	0	0	0
05.500,00.000	29.9	5.5	-200	0	4.5	685.725	290.992	189.163	75.1005	48.9064	42.7925	24.8369	13.9339	0	0	0	0	0	0	0	0	0	0	0	0	0
05.500,00.000	30	5.5	-200	0	4.5	697.613	296.689	192.518	75.5918	49.2595	43.4408	25.5573	14.5563	0	0	0	0	0	0	0	0	0	0	0	0	0
05.500,00.000	30.1	5.5	-200	0	4.5	703.73	299.633	194.214	75.8865	49.4366	43.769	25.9234	14.8674	0	0	0	0	0	0	0	0	0	0	0	0	0
05.500,00.000	30.2	5.5	-200	0	4.5	706.906	301.188	195.07	76.0825	49.5209	43.9296	26.1023	15.0123	0	0	0	0	0	0	0	0	0	0	0	0	0
05.500,00.000	30.3	5.5	-200	0	4.5	710.127	302.79	195.931	76.2806	49.6026	44.0871	26.278	15.1582	0	0	0	0	0	0	0	0	0	0	0	0	0
05.500,00.000	30.4	5.5	-200	0	4.5	720.149	307.861	198.575	76.8909	49.8439	44.5582	26.8062	15.6141	0	0	0	0	0	0	0	0	0	0	0	0	0
05.500,00.000	30.5	5.5	-200	0	4.5	725.622	310.518	200.091	77.2838	49.9723	44.8126	27.0917	15.8536	0	0	0	0	0	0	0	0	0	0	0	0	0
05.500,00.000	30.6	5.5	-200	0	4.5	728.829	311.814	201.234	77.5132	50.0454	44.9586	27.2555	16.0091	0	0	0	0	0	0	0	0	0	0	0	0	0
05.500,00.000	30.7	5.5	-200	0	4.5	731.803	312.761	202.386	77.8605	50.1148	45.0985	27.4135	16.1674	0	0	0	0	0	0	0	0	0	0	0	0	0
05.500,00.000	30.8	5.5	-200	0	4.5	760.487	323.752	211.274	82.0597	50.7008	46.3025	28.7675	17.6306	0	0	0	0	0	0	0	0	0	0	0	0	0
05.500,00.000	30.9	5.5	-200	0	4.5	765.378	325.665	212.668	82.8501	50.8079	46.5237	29.0161	17.8473	0	0	0	0	0	0	0	0	0	0	0	0	0
05.500,00.000	31	5.5	-200	0	4.5	767.293	326.441	213.207	83.162	50.845	46.6034	29.1044	17.9313	0	0	0	0	0	0	0	0	0	0	0	0	0
05.500,00.000	31.1	5.5	-200	0	4.5	777.045	330.431	215.955	84.6944	51.0238	46.9894	29.533	18.4183	0	0	0	0	0	0	0	0	0	0	0	0	0
05.500,00.000	31.2	5.5	-200	0	4.5	781.875	332.4	217.326	85.4656	51.1099	47.1769	29.741	18.6552	0	0	0	0	0	0	0	0	0	0	0	0	0
05.500,00.000	31.3	5.5	-200	0	4.5	784.995	333.69	218.197	85.9349	51.1596	47.3349	29.8626	18.8164	0	0	0	0	0	0	0	0	0	0	0	0	0
05.500,00.000	31.4	5.5	-200	0	4.5	785.703	333.986	218.394	86.0431	51.1705	47.3708	29.8895	18.8493	0	0	0	0	0	0	0	0	0	0	0	0	0
05.500,00.000	31.5	5.5	-200	0	4.5	785.931	334.085	218.457	86.0759	51.1737	47.3817	29.8973	18.8609	0	0	0	0	0	0	0	0	0	0	0	0	0
05.500,00.000	31.6	5.5	-200	0	4.5	797.231	338.764	221.641	87.7838	51.323	47.9458	30.2787	19.4946	0	0	0	0	0	0	0	0	0	0	0	0	0
05.500,00.000	31.7	5.5	-200	0	4.5	816.457	346.448	226.815	91.107	51.5745	48.9549	30.9324	20.6252	0	0	0	0	0	0	0	0	0	0	0	0	0
05.500,00.000	31.8	5.5	-200	0	4.5	819.913	347.937	227.704	91.692	51.6144	49.1231	31.0374	20.8051	0	0	0	0	0	0	0	0	0	0	0	0	0
05.500,00.000	31.9	5.5	-200	0	4.5	820.092	348.019	227.749	91.72	51.6161	49.1313	31.0421	20.8147	0	0	0	0	0	0	0	0	0	0	0	0	0
05.500,00.000	32	5.5	-200	0	4.5	829.323	352.278	230.081	93.1533	51.6962	49.5462	31.2661	21.3023	0	0	0	0	0	0	0	0	0	0	0	0	0
05.500,00.000	32.1	5.5	-200	0	4.5	835.134	354.957	231.517	94.1092	51.7439	49.8025	31.4011	21.6033	0	0	0	0	0	0	0	0	0	0	0	0	0
05.500,00.000	32.2	5.5	-200	0	4.5	838.45	356.513	232.334	94.6497	51.768	49.9413	31.4709	21.7735	0	0	0	0	0	0	0	0	0	0	0	0	0
05.500,00.000	32.3	5.5	-200	0	4.5	841.692	358.059	233.109	95.1229	51.8631	50.0701	31.5327	21.936	0	0	0	0	0	0	0	0	0	0	0	0	0
05.500,00.000	32.4	5.5	-200	0	4.5	854.236	364.158	236.087	96.3369	52.793	50.5496	31.7513	22.56	0	0	0	0	0	0	0	0	0	0	0	0	0
05.500,00.000	32.5	5.5	-200	0	4.5	860.617	367.261	237.573	97.009	53.2584	50.7879	31.8566	22.8704	0	0	0	0	0	0	0	0	0	0	0	0	0
05.500,00.000	32.6	5.5	-200	0	4.5	884.099	377.792	243.345	99.6209	55.141	51.7421	32.2552	24.2024	0	0	0	0	0	0	0	0	0	0	0	0	0
05.500,00.000	32.7	5.5	-200	0	4.5	889.22	380.259	244.58	100.143	55.5133	51.9291	32.3313	24.465	0	0	0	0	0	0	0	0	0	0	0	0	0
05.500,00.000	32.8	5.5	-200	0	4.5	890.784	381.035	244.955	100.29	55.6253	51.9827	32.3513	24.5452	0	0	0	0	0	0	0	0	0	0	0	0	0
05.500,00.000	32.9	5.5	-200	0	4.5	899.178	385.236	247.012	101.045	56.2085	52.2571	32.4496	24.9701	0	0	0	0	0	0	0	0	0	0	0	0	0
05.500,00.000	33	5.5	-200	0	4.5	901.102	386.21	247.471	101.219	56.3428	52.3195	32.4715	25.0687	0	0	0	0	0	0	0	0	0	0	0	0	0
05.500,00.000	33.1	5.5	-200	0	4.5	914.05	392.916	250.584	102.905	56.6355	52.6992	32.593	25.7171	0	0	0	0	0	0	0	0	0	0	0	0	0
05.500,00.000	33.2	5.5	-200	0	4.5	920.747	396.411	252.104	104.002	56.6408	52.8878	32.6516	26.0492	0	0	0	0	0	0	0	0	0	0	0	0	0
05.500,00.000	33.3	5.5	-200	0	4.5	924.043	398.176	252.841	104.522	56.6418	52.9741	32.6766	26.2114	0	0	0	0	0	0	0	0	0	0	0	0	0
05.500,00.000	33.4	5.5	-200	0	4.5	927.408	400.004	253.587	105.042	56.6421	53.0572	32.6992	26.3768	0	0	0	0	0	0	0	0	0	0	0	0	0
05.500,00.000	33.5	5.5	-200	0	4.5	930.812	401.876	254.338	105.556	56.6421	53.1364	32.7194	26.5432	0	0	0	0	0	0	0	0	0	0	0	0	0
05.500,00.000	33.6	5.5	-200	0	4.5	933.954	403.514	255.047	106.079	56.6421	53.2152	32.7382	26.7187	0	0	0	0	0	0	0	0	0	0	0	0	0
05.500,00.000	33.7	5.5	-200	0	4.5	962.818	419.117	261.378	110.656	56.6421	53.8706	32.8807	28.2734	0	0	0	0	0	0	0	0	0	0	0	0	0
05.500,00.000	33.8	5.5	-200	0	4.5	968.522	422.125	262.622	111.647	56.6421	53.9977	32.9071	28.5803	0	0	0	0	0	0	0	0	0	0	0	0	0
05.500,00.000	33.9	5.5	-200	0	4.5	995.573	436.802	268.779	114.52	58.0113	54.5153	32.9995	29.9459	0	0	0	0	0	0	0	0	0	0	0	0	0
05.500,00.000	34	5.5	-200	0	4.5	1002.81	440.618	270.56	115.066	58.574	54.6532	33.0232	30.318	0	0	0	0	0	0	0	0	0	0	0	0	0
05.500,00.000	34.1	5.5	-200	0	4.5	1012.9	446.218	272.905	115.802	59.3169	54.8148	33.0468	30.7962	0	0	0	0	0	0	0	0	0	0	0	0	0
05.500,00.000	34.2	5.5	-200	0	4.5	1018.62	449.459	274.197	116.21	59.7341	54.9019	33.0586	31.0635	0	0	0	0	0	0	0	0	0	0	0	0	0
05.500,00.000	34.3	5.5	-200	0	4.5	1022.21	451.547	274.97	116.463	59.9891	54.9498	33.0642	31.2218	0	0	0	0	0	0	0	0	0	0	0	0	0
05.500,00.000	34.4	5.5	-200	0	4.5	1028.09	455.013	276.24	116.87	60.3998	55.0204	33.0714	31.4719	0	0	0	0	0	0	0	0	0	0	0	0	0
05.500,00.000	34.5	5.5	-200	0	4.5	1029.32	455.722	276.52	116.958	60.4895	55.0349	33.0727	31.5258	0	0	0	0	0	0	0	0	0	0	0	0	0
05.500,00.000	34.6	5.5	-200	0	4.5	1034.15	458.469	277.587	117.316	60.8697	55.0878	33.0768	31.7459	0	0	0	0	0	0	0	0	0	0	0	0	0
05.500,00.000	34.7	5.5	-200	0	4.5	1062.08	474.198	283.479	119.355	63.5545	55.3623	33.0952	32.9744	0.0575873	0	0	0	0	0	0	0	0	0	0	0	0
05.500,00.000	34.8	5.5	-200	0	4.5	1067.83	477.323	284.633	119.759	64.3337	55.4124	33.0984	33.1897	0.0797396	0	0	0	0	0	0	0	0	0	0	0	0
05.500,00.000	34.9	5.5	-200	0	4.5	1090.41	489.948	289.187	121.312	67.2292	55.5752	33.1047	33.8871	0.166557	0	0	0	0	0	0	0	0	0	0	0	0
05.500,00.000	35	5.5	-200	0	4.5	1096.19	493.381	290.427	121.747	67.6478	55.6482	33.106	34.0434	0.190748	0	0	0	0	0	0	0	0	0	0	0	0
05.500,00.000	35.1	5.5	-200	0	4.5	1107.79	500.419	292.872	122.574	68.4548	55.768	33.1064	34.3595	0.237516	0	0	0	0	0	0	0	0	0	0	0	0
05.500,00.000	35.2	5.5	-200	0	4.5	1114.33	504.254	294.216	123.141	68.894	55.8295	33.1064	34.6266	0.263187	0	0	0	0	0	0	0	0	0	0	0	0
05.500,00.000	35.3	5.5	-200	0	4.5	1118.15	506.51	295.003	123.481	69.1485	55.8606	33.1064	34.7634	0.27805	0	0	0	0	0	0	0	0	0	0	0	0
05.500,00.000	35.4	5.5	-200	0	4.5	1121.95	508.769	295.779	123.817	69.3991	55.8879	33.1064	34.8935	0.292724	0	0	0	0	0	0	0	0	0	0	0	0
05.500,00.000	35.5	5.5	-200	0	4.5	1125.89	511.133	296.582	124.168	69.6582	55.9128	33.1064	35.0222	0.30792	0	0	0	0	0	0	0	0	0	0	0	0
05.500,00.000	35.6	5.5	-200	0	4.5	1132.05	514.837	297.802	124.715	70.0336	56.0002	33.1064	35.2265	0.333398	0	0	0	0	0	0	0	0	0	0	0	0
05.500,00.000	35.7	5.5	-200	0	4.5	1148.56	524.75	301.069	126.21	70.2865	56.9788	33.1064	35.7526	0.40285	0	0	0	0	0	0	0	0	0	0	0	0
05.500,00.000	35.8	5.5	-200	0	4.5	1151.64	526.555	301.732	126.495	70.3307	57.154	33.1064	35.8507	0.415212	0	0	0	0	0	0	0	0	0	0	0	0
05.500,00.000	35.9	5.5	-200	0	4.5	1151.71	526.595	301.746	126.502	70.3318	57.1578	33.1064	35.8525	0.41549	0	0	0	0	0	0	0	0	0	0	0	0
05.500,00.000	36	5.5	-200	0	4.5	1151.9	526.707	301.786	126.52	70.3353	57.168	33.1064	35.8574	0.416267	0	0	0	0	0	0	0	0	0	0	0	0
05.500,00.000	36.1	5.5	-200	0	4.5	1159.6	531.388	303.513	127.293	70.4868	57.3033	33.1064	36.0568	0.449691	0	0	0	0	0	0	0	0	0	0	0	0
05.500,00.000	36.2	5.5	-200	0	4.5	1166.38	535.511	305.134	127.988	70.6274	57.3093	33.1064	36.2271	0.479101	0	0	0	0	0	0	0	0	0	0	0	0
05.500,00.000	36.3	5.5	-200	0	4.5	1170.77	538.15	306.184	128.452	70.7264	57.3201	33.1064	36.3305	0.498463	0	0	0	0	0	0	0	0	0	0	0	0
05.500,00.000	36.4	5.5	-200	0	4.5	1174.67	540.507	307.109	128.866	70.8183	57.3288	33.1064	36.4161	0.515717	0	0	0	0	0	0	0	0	0	0	0	0
05.500,00.000	36.5	5.5	-200	0	4.5	1178.59	542.898	308.004	129.293	70.9164	57.3366	33.1064	36.4979	0.533118	0	0	0	0	0	0	0	0	0	0	0	0
05.500,00.000	36.6	5.5	-200	0	4.5	1183.72	546.072	309.128	129.864	71.0514	57.3459	33.1064	36.6015	0.555796	0	0	0	0	0	0	0	0	0	0	0	0
05.500,00.000	36.7	5.5	-200	0	4.5	1206.29	560.196	313.937	132.307	71.6373	57.3841	33.1064	37.0643	0.659663	0	0	0	0	0	0	0	0	0	0	0	0
05.500,00.000	36.8	5.5	-200	0	4.5	1210.67	562.893	314.898	132.791	71.7606	57.3909	33.1064	37.15	0.679081	0	0	0	0	0	0	0	0	0	0	0	0
05.500,00.000	36.9	5.5	-200	0	4.5	1218.63	567.807	316.589	133.716	72.0108	57.4006	33.1064	37.2894	0.712131	0	0	0	0	0	0	0	0	0	0	0	0
05.500,00.000	37	5.5	-200	0	4.5	1220.78	569.104	317.066	133.972	72.0806	57.4031	33.1064	37.3268	0.7211	0	0	0	0	0	0	0	0	0	0	0	0
05.500,00.000	37.1	5.5	-200	0	4.5	1229.3	574.374	318.844	134.989	72.3637	57.4107	33.1064	37.4564	0.753963	0	0	0	0	0	0	0	0	0	0	0	0
05.500,00.000	37.2	5.5	-200	0	4.5	1235.33	578.048	320.129	135.728	72.5785	57.4155	33.1064	37.5454	0.777165	0	0	0	0	0	0	0	0	0	0	0	0
05.500,00.000	37.3	5.5	-200	0	4.5	1239.07	580.339	320.905	136.194	72.7183	57.4178	33.1064	37.5952	0.790745	0	0	0	0	0	0	0	0	0	0	0	0
05.500,00.000	37.4	5.5	-200	0	4.5	1248.24	585.959	322.798	137.383	73.0417	57.4218	33.1064	37.7074	0.822928	0	0	0	0	0	0	0	0	0	0	0	0
05.500,00.000	37.5	5.5	-200	0	4.5	1250.07	587.069	323.179	137.63	73.1008	57.4225	33.1064	37.7292	0.829331	0	0	0	0	0	0	0	0	0	0	0	0
05.500,00.000	37.6	5.5	-200	0	4.5	1258.14	591.862	324.769	138.651	73.4127	57.6757	33.1064	37.8097	0.85529	0	0	0	0	0	0	0	0	0	0	0	0
05.500,00.000	37.7	5.5	-200	0	4.5	1266.16	596.567	326.31	139.631	73.6707	58.1028	33.1064	37.886	0.881327	0	0	0	0	0	0	0	0	0	0	0	0
05.500,00.000	37.8	5.5	-200	0	4.5	1277.49	603.119	328.464	141.103	74.1196	58.6791	33.1064	37.9804	0.915854	0	0	0	0	0	0	0	0	0	0	0	0
05.500,00.000	37.9	5.5	-200	0	4.5	1279.15	604.072	328.785	141.32	74.1825	58.7654	33.1064	37.994	0.920942	0	0	0	0	0	0	0	0	0	0	0	0
05.500,00.000	38	5.5	-200	0	4.5	1287.18	608.669	330.279	142.41	74.5551	59.1708	33.1064	38.0475	0.943468	0	0	0	0	0	0	0	0	0	0	0	0
05.500,00.000	38.1	5.5	-200	0	4.5	1293.04	612.011	331.369	143.216	74.8276	59.4683	33.1064	38.0836	0.959612	0	0	0	0	0	0	0	0	0	0	0	0
05.500,00.000	38.2	5.5	-200	0	4.5	1296.16	613.797	331.938	143.66	74.9699	59.6244	33.1064	38.1001	0.96776	0	0	0	0	0	0	0	0	0	0	0	0
05.500,00.000	38.3	5.5	-200	0	4.5	1300.16	616.059	332.653	144.256	75.1639	59.8232	33.1064	38.1177	0.977659	0	0	0	0	0	0	0	0	0	0	0	0
05.500,00.000	38.4	5.5	-200	0	4.5	1309.28	621.211	334.242	145.697	75.6097	60.2693	33.1064	38.1504	0.999021	0	0	0	0	0	0	0	0	0	0	0	0
05.500,00.000	38.5	5.5	-200	0	4.5	1311.08	622.229	334.556	145.992	75.681	60.3578	33.1064	38.1562	1.00318	0	0	0	0	0	0	0	0	0	0	0	0
05.500,00.000	38.6	5.5	-200	0	4.5	1319.12	626.768	335.902	147.297	76.1111	60.7437	33.1064	38.175	1.0203	0	0	0	0	0	0	0	0	0	0	0	0
05.500,00.000	38.7	5.5	-200	0	4.5	1335.17	636.115	338.526	149.764	76.9003	61.4963	33.1064	38.2107	1.05482	0	0	0	0	0	0	0	0	0	0	0	0
05.500,00.000	38.8	5.5	-200	0	4.5	1337.95	637.721	338.971	150.24	77.0078	61.6233	33.1064	38.2164	1.06047	0	0	0	0	0	0	0	0	0	0	0	0
05.500,00.000	38.9	5.5	-200	0	4.5	1337.98	637.738	338.976	150.245	77.0096	61.6248	33.1064	38.2165	1.06053	0	0	0	0	0	0	0	0	0	0	0	0
05.500,00.000	39	5.5	-200	0	4.5	1344.2	641.174	339.948	151.36	77.3861	61.932	33.1064	38.2263	1.07142	0	0	0	0	0	0	0	0	0	0	0	0
05.500,00.000	39.1	5.5	-200	0	4.5	1348.13	643.341	340.582	152.078	77.6004	62.1135	33.1064	38.2321	1.078	0	0	0	0	0	0	0	0	0	0	0	0
05.500,00.000	39.2	5.5	-200	0	4.5	1352.55	645.754	341.27	152.886	77.8858	62.3255	33.1064	38.2379	1.08489	0	0	0	0	0	0	0	0	0	0	0	0
05.500,00.000	39.3	5.5	-200	0	4.5	1355.83	647.538	341.768	153.495	78.1031	62.4866	33.1064	38.2417	1.08966	0	0	0	0	0	0	0	0	0	0	0	0
05.500,00.000	39.4	5.5	-200	0	4.5	1361.01	650.363	342.527	154.474	78.4648	62.7365	33.1064	38.2469	1.09648	0	0	0	0	0	0	0	0	0	0	0	0
05.500,00.000	39.5	5.5	-200	0	4.5	1363.39	651.663	342.869	154.926	78.6224	62.8519	33.1064	38.2489	1.09939	0	0	0	0	0	0	0	0	0	0	0	0
05.500,00.000	39.6	5.5	-200	0	4.5	1369.96	655.367	343.771	156.106	79.0793	63.1694	33.1064	38.2537	1.10685	0	0	0	0	0	0	0	0	0	0	0	0
05.500,00.000	39.7	5.5	-200	0	4.5	1377.62	659.321	345.084	157.583	79.6325	63.5049	33.1264	38.2584	1.11481	0	0	0	0	0	0	0	0	0	0	0	0
05.500,00.000	39.8	5.5	-200	0	4.5	1378.63	659.826	345.259	157.78	79.7035	63.5058	33.177	38.2589	1.11579	0	0	0	0	0	0	0	0	0	0	0	0
05.500,00.000	39.9	5.5	-200	0	4.5	1381.33	661.171	345.711	158.321	79.9306	63.5095	33.3125	38.2601	1.11786	0	0	0	0	0	0	0	0	0	0	0	0
05.500,00.000	40	5.5	-200	0	4.5	1381.9	661.423	345.832	158.438	79.9744	63.5103	33.3416	38.2604	1.11827	0	0	0	0	0	0	0	0	0	0	0	0
05.500,00.000	40.1	5.5	-200	0	4.5	1386.77	663.586	346.846	159.413	80.4196	63.521	33.6045	38.262	1.12074	0	0	0	0	0	0	0	0	0	0	0	0
05.500,00.000	40.2	5.5	-200	0	4.5	1391.07	665.427	347.754	160.319	80.8128	63.5312	33.8361	38.2632	1.12247	0	0	0	0	0	0	0	0	0	0	0	0
05.500,00.000	40.3	5.5	-200	0	4.5	1393.51	666.451	348.271	160.853	81.0447	63.5374	33.9696	38.2637	1.12312	0	0	0	0	0	0	0	0	0	0	0	0
05.500,00.000	40.4	5.5	-200	0	4.5	1398.55	668.445	349.342	161.995	81.5688	63.5537	34.2615	38.2644	1.12369	0	0	0	0	0	0	0	0	0	0	0	0
05.500,00.000	40.5	5.5	-200	0	4.5	1399.62	668.83	349.581	162.255	81.6774	63.5574	34.3272	38.2645	1.12374	0	0	0	0	0	0	0	0	0	0	0	0
05.500,00.000	40.6	5.5	-200	0	4.5	1407.19	671.744	351.194	163.979	82.505	63.5848	34.7993	38.2647	1.12374	0	0	0	0	0	0	0	0	0	0	0	0
05.500,00.000	40.7	5.5	-200	0	4.5	1408.77	672.33	351.538	164.345	82.68	63.5905	34.899	38.2647	1.12374	0	0	0	0	0	0	0	0	0	0	0	0
05.500,00.000	40.8	5.5	-200	0	4.5	1410.76	673.041	351.959	164.818	82.9271	63.5992	35.0295	38.2647	1.12374	0	0	0	0	0	0	0	0	0	0	0	0
05.500,00.000	40.9	5.5	-200	0	4.5	1413.26	673.916	352.486	165.415	83.2462	63.6091	35.1952	38.2647	1.12374	0	0	0	0	0	0	0	0	0	0	0	0
05.500,00.000	41	5.5	-200	0	4.5	1414.93	674.495	352.841	165.813	83.4681	63.6163	35.3088	38.2647	1.12374	0	0	0	0	0	0	0	0	0	0	0	0
05.500,00.000	41.1	5.5	-200	0	4.5	1417.26	675.28	353.335	166.368	83.7947	63.6282	35.4694	38.2647	1.12374	0	0	0	0	0	0	0	0	0	0	0	0
05.500,00.000	41.2	5.5	-200	0	4.5	1419.1	675.883	353.718	166.81	84.0653	63.6381	35.598	38.2647	1.12374	0	0	0	0	0	0	0	0	0	0	0	0
05.500,00.000	41.3	5.5	-200	0	4.5	1422.01	676.806	354.326	167.526	84.5032	63.6516	35.8081	38.2647	1.12374	0	0	0	0	0	0	0	0	0	0	0	0
05.500,00.000	41.4	5.5	-200	0	4.5	1425.64	677.942	355.093	168.399	85.0698	63.6733	36.0757	38.2647	1.12374	0	0	0	0	0	0	0	0	0	0	0	0
05.500,00.000	41.5	5.5	-200	0	4.5	1426.57	678.225	355.291	168.64	85.2024	63.6788	36.1458	38.2647	1.12374	0	0	0	0	0	0	0	0	0	0	0	0
05.500,00.000	41.6	5.5	-200	0	4.5	1429.96	679.209	356.002	169.551	85.7013	63.6958	36.4119	38.2647	1.12374	0	0	0	0	0	0	0	0	0	0	0	0
05.500,00.000	41.7	5.5	-200	0	4.5	1431.72	679.709	356.378	170.013	85.9723	63.7076	36.5521	38.2647	1.12374	0	0	0	0	0	0	0	0	0	0	0	0
05.500,00.000	41.8	5.5	-200	0	4.5	1433.49	680.196	356.758	170.471	86.2581	63.7208	36.6971	38.2647	1.12374	0	0	0	0	0	0	0	0	0	0	0	0
05.500,00.000	41.9	5.5	-200	0	4.5	1435.46	680.722	357.183	170.984	86.5869	63.7306	36.8624	38.2647	1.12374	0	0	0	0	0	0	0	0	0	0	0	0
05.500,00.000	42	5.5	-200	0	4.5	1437.34	681.218	357.592	171.467	86.9059	63.7401	37.024	38.2647	1.12374	0	0	0	0	0	0	0	0	0	0	0	0