
label	time(d)	x	depth	z	radius	total	0-10	10-20	20-30	30-40	40-50	50-60	60-70	70-80	80-90	90-100	100-110	110-120	120-130	130-140	140-150	150-160	160-170	170-180	180-190	190-200
00.000,00.000	0	0	-200	0	4.5	0	0	0	0	0	0	0	0	0	0	0	0	0	0	0	0	0	0	0	0	0
00.000,00.000	0.1	0	-200	0	4.5	0.37949	0.37949	0	0	0	0	0	0	0	0	0	0	0	0	0	0	0	0	0	0	0
00.000,00.000	0.2	0	-200	0	4.5	0.761528	0.761528	0	0	0	0	0	0	0	0	0	0	0	0	0	0	0	0	0	0	0
00.000,00.000	0.3	0	-200	0	4.5	1.14629	1.14629	0	0	0	0	0	0	0	0	0	0	0	0	0	0	0	0	0	0	0
00.000,00.000	0.4	0	-200	0	4.5	1.53381	1.53381	0	0	0	0	0	0	0	0	0	0	0	0	0	0	0	0	0	0	0
00.000,00.000	0.5	0	-200	0	4.5	1.92346	1.92346	0	0	0	0	0	0	0	0	0	0	0	0	0	0	0	0	0	0	0
00.000,00.000	0.6	0	-200	0	4.5	2.31491	2.31491	0	0	0	0	0	0	0	0	0	0	0	0	0	0	0	0	0	0	0
00.000,00.000	0.7	0	-200	0	4.5	2.70843	2.70843	0	0	0	0	0	0	0	0	0	0	0	0	0	0	0	0	0	0	0
00.000,00.000	0.8	0	-200	0	4.5	3.10412	3.10412	0	0	0	0	0	0	0	0	0	0	0	0	0	0	0	0	0	0	0
00.000,00.000	0.9	0	-200	0	4.5	3.50219	3.50219	0	0	0	0	0	0	0	0	0	0	0	0	0	0	0	0	0	0	0
00.000,00.000	1	0	-200	0	4.5	3.90313	3.90313	0	0	0	0	0	0	0	0	0	0	0	0	0	0	0	0	0	0	0
00.000,00.000	1.1	0	-200	0	4.5	4.31449	4.31449	0	0	0	0	0	0	0	0	0	0	0	0	0	0	0	0	0	0	0
00.000,00.000	1.2	0	-200	0	4.5	4.73753	4.73753	0	0	0	0	0	0	0	0	0	0	0	0	0	0	0	0	0	0	0
00.000,00.000	1.3	0	-200	0	4.5	5.17178	5.17178	0	0	0	0	0	0	0	0	0	0	0	0	0	0	0	0	0	0	0
00.000,00.000	1.4	0	-200	0	4.5	5.61677	5.61677	0	0	0	0	0	0	0	0	0	0	0	0	0	0	0	0	0	0	0
00.000,00.000	1.5	0	-200	0	4.5	6.07151	6.07151	0	0	0	0	0	0	0	0	0	0	0	0	0	0	0	0	0	0	0
00.000,00.000	1.6	0	-200	0	4.5	6.53412	6.53412	0	0	0	0	0	0	0	0	0	0	0	0	0	0	0	0	0	0	0
00.000,00.000	1.7	0	-200	0	4.5	7.0077	7.0077	0	0	0	0	0	0	0	0	0	0	0	0	0	0	0	0	0	0	0
00.000,00.000	1.8	0	-200	0	4.5	7.49484	7.42227	0.0725671	0	0	0	0	0	0	0	0	0	0	0	0	0	0	0	0	0	0
00.000,00.000	1.9	0	-200	0	4.5	7.9958	7.65029	0.345511	0	0	0	0	0	0	0	0	0	0	0	0	0	0	0	0	0	0
00.000,00.000	2	0	-200	0	4.5	8.51054	7.89334	0.6172	0	0	0	0	0	0	0	0	0	0	0	0	0	0	0	0	0	0
00.000,00.000	2.1	0	-200	0	4.5	9.09068	8.20219	0.888484	0	0	0	0	0	0	0	0	0	0	0	0	0	0	0	0	0	0
00.000,00.000	2.2	0	-200	0	4.5	9.78778	8.6276	1.16018	0	0	0	0	0	0	0	0	0	0	0	0	0	0	0	0	0	0
00.000,00.000	2.3	0	-200	0	4.5	10.6007	9.16989	1.43077	0	0	0	0	0	0	0	0	0	0	0	0	0	0	0	0	0	0
00.000,00.000	2.4	0	-200	0	4.5	11.5288	9.8285	1.70031	0	0	0	0	0	0	0	0	0	0	0	0	0	0	0	0	0	0
00.000,00.000	2.5	0	-200	0	4.5	12.5747	10.605	1.96978	0	0	0	0	0	0	0	0	0	0	0	0	0	0	0	0	0	0
00.000,00.000	2.6	0	-200	0	4.5	13.7311	11.4919	2.23919	0	0	0	0	0	0	0	0	0	0	0	0	0	0	0	0	0	0
00.000,00.000	2.7	0	-200	0	4.5	15.0065	12.4987	2.50774	0	0	0	0	0	0	0	0	0	0	0	0	0	0	0	0	0	0
00.000,00.000	2.8	0	-200	0	4.5	16.384	13.6083	2.77568	0	0	0	0	0	0	0	0	0	0	0	0	0	0	0	0	0	0
00.000,00.000	2.9	0	-200	0	4.5	17.8882	14.845	3.04321	0	0	0	0	0	0	0	0	0	0	0	0	0	0	0	0	0	0
00.000,00.000	3	0	-200	0	4.5	19.5147	16.2043	3.31039	0	0	0	0	0	0	0	0	0	0	0	0	0	0	0	0	0	0
00.000,00.000	3.1	0	-200	0	4.5	21.2002	17.6233	3.57689	0	0	0	0	0	0	0	0	0	0	0	0	0	0	0	0	0	0
00.000,00.000	3.2	0	-200	0	4.5	22.8864	19.0438	3.84262	0	0	0	0	0	0	0	0	0	0	0	0	0	0	0	0	0	0
00.000,00.000	3.3	0	-200	0	4.5	24.573	20.4649	4.10805	0	0	0	0	0	0	0	0	0	0	0	0	0	0	0	0	0	0
00.000,00.000	3.4	0	-200	0	4.5	26.2579	21.885	4.37292	0	0	0	0	0	0	0	0	0	0	0	0	0	0	0	0	0	0
00.000,00.000	3.5	0	-200	0	4.5	27.9363	23.2995	4.63687	0	0	0	0	0	0	0	0	0	0	0	0	0	0	0	0	0	0
00.000,00.000	3.6	0	-200	0	4.5	29.5999	24.6997	4.90014	0	0	0	0	0	0	0	0	0	0	0	0	0	0	0	0	0	0
00.000,00.000	3.7	0	-200	0	4.5	31.2533	26.0903	5.16303	0	0	0	0	0	0	0	0	0	0	0	0	0	0	0	0	0	0
00.000,00.000	3.8	0	-200	0	4.5	32.9011	27.4757	5.42549	0	0	0	0	0	0	0	0	0	0	0	0	0	0	0	0	0	0
00.000,00.000	3.9	0	-200	0	4.5	34.5465	28.8593	5.68715	0	0	0	0	0	0	0	0	0	0	0	0	0	0	0	0	0	0
00.000,00.000	4	0	-200	0	4.5	36.0497	30.1013	5.94842	0	0	0	0	0	0	0	0	0	0	0	0	0	0	0	0	0	0
00.000,00.000	4.1	0	-200	0	4.5	37.3769	31.1674	6.20945	0	0	0	0	0	0	0	0	0	0	0	0	0	0	0	0	0	0
00.000,00.000	4.2	0	-200	0	4.5	38.6995	32.2297	6.46979	0	0	0	0	0	0	0	0	0	0	0	0	0	0	0	0	0	0
00.000,00.000	4.3	0	-200	0	4.5	39.7739	33.0446	6.72928	0	0	0	0	0	0	0	0	0	0	0	0	0	0	0	0	0	0
00.000,00.000	4.4	0	-200	0	4.5	40.5514	33.563	6.98835	0	0	0	0	0	0	0	0	0	0	0	0	0	0	0	0	0	0
00.000,00.000	4.5	0	-200	0	4.5	41.1494	33.9024	7.24698	0	0	0	0	0	0	0	0	0	0	0	0	0	0	0	0	0	0
00.000,00.000	4.6	0	-200	0	4.5	41.6428	34.1381	7.50475	0	0	0	0	0	0	0	0	0	0	0	0	0	0	0	0	0	0
00.000,00.000	4.7	0	-200	0	4.5	42.1297	34.368	7.76176	0	0	0	0	0	0	0	0	0	0	0	0	0	0	0	0	0	0
00.000,00.000	4.8	0	-200	0	4.5	42.6108	34.5924	8.01843	0	0	0	0	0	0	0	0	0	0	0	0	0	0	0	0	0	0
00.000,00.000	4.9	0	-200	0	4.5	43.0875	34.8127	8.27479	0	0	0	0	0	0	0	0	0	0	0	0	0	0	0	0	0	0
00.000,00.000	5	0	-200	0	4.5	43.5592	35.0287	8.53052	0	0	0	0	0	0	0	0	0	0	0	0	0	0	0	0	0	0
00.000,00.000	5.1	0	-200	0	4.5	43.8415	35.056	8.78548	0	0	0	0	0	0	0	0	0	0	0	0	0	0	0	0	0	0
00.000,00.000	5.2	0	-200	0	4.5	44.107	35.067	9.03997	0	0	0	0	0	0	0	0	0	0	0	0	0	0	0	0	0	0
00.000,00.000	5.3	0	-200	0	4.5	44.3739	35.0798	9.29407	0	0	0	0	0	0	0	0	0	0	0	0	0	0	0	0	0	0
00.000,00.000	5.4	0	-200	0	4.5	44.6418	35.0944	9.54746	0	0	0	0	0	0	0	0	0	0	0	0	0	0	0	0	0	0
00.000,00.000	5.5	0	-200	0	4.5	44.9107	35.1112	9.79956	0	0	0	0	0	0	0	0	0	0	0	0	0	0	0	0	0	0
00.000,00.000	5.6	0	-200	0	4.5	45.1825	35.131	10.0515	0	0	0	0	0	0	0	0	0	0	0	0	0	0	0	0	0	0
00.000,00.000	5.7	0	-200	0	4.5	45.4559	35.1532	10.1685	0.134206	0	0	0	0	0	0	0	0	0	0	0	0	0	0	0	0	0
00.000,00.000	5.8	0	-200	0	4.5	45.7331	35.1795	10.1683	0.385241	0	0	0	0	0	0	0	0	0	0	0	0	0	0	0	0	0
00.000,00.000	5.9	0	-200	0	4.5	46.0131	35.2094	10.1683	0.635471	0	0	0	0	0	0	0	0	0	0	0	0	0	0	0	0	0
00.000,00.000	6	0	-200	0	4.5	46.296	35.2427	10.1683	0.885	0	0	0	0	0	0	0	0	0	0	0	0	0	0	0	0	0
00.000,00.000	6.1	0	-200	0	4.5	46.5831	35.2807	10.1683	1.13405	0	0	0	0	0	0	0	0	0	0	0	0	0	0	0	0	0
00.000,00.000	6.2	0	-200	0	4.5	46.8737	35.3229	10.1683	1.38245	0	0	0	0	0	0	0	0	0	0	0	0	0	0	0	0	0
00.000,00.000	6.3	0	-200	0	4.5	47.1682	35.3697	10.1684	1.63006	0	0	0	0	0	0	0	0	0	0	0	0	0	0	0	0	0
00.000,00.000	6.4	0	-200	0	4.5	47.468	35.4217	10.1692	1.87707	0	0	0	0	0	0	0	0	0	0	0	0	0	0	0	0	0
00.000,00.000	6.5	0	-200	0	4.5	47.7717	35.4777	10.1705	2.12351	0	0	0	0	0	0	0	0	0	0	0	0	0	0	0	0	0
00.000,00.000	6.6	0	-200	0	4.5	48.0841	35.542	10.1727	2.36935	0	0	0	0	0	0	0	0	0	0	0	0	0	0	0	0	0
00.000,00.000	6.7	0	-200	0	4.5	48.4026	35.6126	10.1758	2.61425	0	0	0	0	0	0	0	0	0	0	0	0	0	0	0	0	0
00.000,00.000	6.8	0	-200	0	4.5	48.7313	35.693	10.1797	2.85861	0	0	0	0	0	0	0	0	0	0	0	0	0	0	0	0	0
00.000,00.000	6.9	0	-200	0	4.5	49.0738	35.7859	10.1851	3.10286	0	0	0	0	0	0	0	0	0	0	0	0	0	0	0	0	0
00.000,00.000	7	0	-200	0	4.5	49.4307	35.8927	10.1915	3.34651	0	0	0	0	0	0	0	0	0	0	0	0	0	0	0	0	0
00.000,00.000	7.1	0	-200	0	4.5	49.8057	36.0169	10.1994	3.58936	0	0	0	0	0	0	0	0	0	0	0	0	0	0	0	0	0
00.000,00.000	7.2	0	-200	0	4.5	50.2015	36.1602	10.2097	3.83163	0	0	0	0	0	0	0	0	0	0	0	0	0	0	0	0	0
00.000,00.000	7.3	0	-200	0	4.5	50.624	36.3283	10.2222	4.07354	0	0	0	0	0	0	0	0	0	0	0	0	0	0	0	0	0
00.000,00.000	7.4	0	-200	0	4.5	51.073	36.5205	10.2377	4.3148	0	0	0	0	0	0	0	0	0	0	0	0	0	0	0	0	0
00.000,00.000	7.5	0	-200	0	4.5	51.5459	36.7358	10.255	4.55507	0	0	0	0	0	0	0	0	0	0	0	0	0	0	0	0	0
00.000,00.000	7.6	0	-200	0	4.5	52.0509	36.9805	10.2754	4.79498	0	0	0	0	0	0	0	0	0	0	0	0	0	0	0	0	0
00.000,00.000	7.7	0	-200	0	4.5	52.5883	37.2542	10.2998	5.03428	0	0	0	0	0	0	0	0	0	0	0	0	0	0	0	0	0
00.000,00.000	7.8	0	-200	0	4.5	53.1594	37.5585	10.3279	5.27304	0	0	0	0	0	0	0	0	0	0	0	0	0	0	0	0	0
00.000,00.000	7.9	0	-200	0	4.5	53.7711	37.899	10.3606	5.51148	0	0	0	0	0	0	0	0	0	0	0	0	0	0	0	0	0
00.000,00.000	8	0	-200	0	4.5	54.4205	38.2742	10.3971	5.74923	0	0	0	0	0	0	0	0	0	0	0	0	0	0	0	0	0
00.000,00.000	8.1	0	-200	0	4.5	55.1113	38.6874	10.4375	5.98644	0	0	0	0	0	0	0	0	0	0	0	0	0	0	0	0	0
00.000,00.000	8.2	0	-200	0	4.5	55.8431	39.138	10.4819	6.22329	0	0	0	0	0	0	0	0	0	0	0	0	0	0	0	0	0
00.000,00.000	8.3	0	-200	0	4.5	56.619	39.6284	10.5308	6.45972	0	0	0	0	0	0	0	0	0	0	0	0	0	0	0	0	0
00.000,00.000	8.4	0	-200	0	4.5	57.4354	40.1562	10.5839	6.69538	0	0	0	0	0	0	0	0	0	0	0	0	0	0	0	0	0
00.000,00.000	8.5	0	-200	0	4.5	58.2916	40.7204	10.6408	6.93032	0	0	0	0	0	0	0	0	0	0	0	0	0	0	0	0	0
00.000,00.000	8.6	0	-200	0	4.5	59.1819	41.3147	10.7023	7.16487	0	0	0	0	0	0	0	0	0	0	0	0	0	0	0	0	0
00.000,00.000	8.7	0	-200	0	4.5	60.107	41.9411	10.7671	7.39888	0	0	0	0	0	0	0	0	0	0	0	0	0	0	0	0	0
00.000,00.000	8.8	0	-200	0	4.5	61.0655	42.5978	10.8355	7.63214	0	0	0	0	0	0	0	0	0	0	0	0	0	0	0	0	0
00.000,00.000	8.9	0	-200	0	4.5	62.0754	43.3019	10.9086	7.86492	0	0	0	0	0	0	0	0	0	0	0	0	0	0	0	0	0
00.000,00.000	9	0	-200	0	4.5	63.1275	44.0449	10.9852	8.09734	0	0	0	0	0	0	0	0	0	0	0	0	0	0	0	0	0
00.000,00.000	9.1	0	-200	0	4.5	64.1587	44.8382	11.0656	8.25488	0	0	0	0	0	0	0	0	0	0	0	0	0	0	0	0	0
00.000,00.000	9.2	0	-200	0	4.5	65.0865	45.693	11.1501	8.2435	0	0	0	0	0	0	0	0	0	0	0	0	0	0	0	0	0
00.000,00.000	9.3	0	-200	0	4.5	66.0887	46.6097	11.24	8.23891	0	0	0	0	0	0	0	0	0	0	0	0	0	0	0	0	0
00.000,00.000	9.4	0	-200	0	4.5	67.1605	47.5876	11.334	8.23891	0	0	0	0	0	0	0	0	0	0	0	0	0	0	0	0	0
00.000,00.000	9.5	0	-200	0	4.5	68.2891	48.6166	11.4336	8.23891	0	0	0	0	0	0	0	0	0	0	0	0	0	0	0	0	0
00.000,00.000	9.6	0	-200	0	4.5	69.4594	49.6833	11.5373	8.23891	0	0	0	0	0	0	0	0	0	0	0	0	0	0	0	0	0
00.000,00.000	9.7	0	-200	0	4.5	70.6859	50.7998	11.6472	8.23891	0	0	0	0	0	0	0	0	0	0	0	0	0	0	0	0	0
00.000,00.000	9.8	0	-200	0	4.5	71.9666	51.9654	11.7623	8.23891	0	0	0	0	0	0	0	0	0	0	0	0	0	0	0	0	0
00.000,00.000	9.9	0	-200	0	4.5	73.3232	53.2008	11.8835	8.23891	0	0	0	0	0	0	0	0	0	0	0	0	0	0	0	0	0
00.000,00.000	10	0	-200	0	4.5	74.7501	54.5005	12.0107	8.23891	0	0	0	0	0	0	0	0	0	0	0	0	0	0	0	0	0
00.000,00.000	10.1	0	-200	0	4.5	76.2577	55.8743	12.1445	8.23891	0	0	0	0	0	0	0	0	0	0	0	0	0	0	0	0	0
00.000,00.000	10.2	0	-200	0	4.5	77.8548	57.3318	12.2841	8.23891	0	0	0	0	0	0	0	0	0	0	0	0	0	0	0	0	0
00.000,00.000	10.3	0	-200	0	4.5	79.5433	58.8746	12.4297	8.23891	0	0	0	0	0	0	0	0	0	0	0	0	0	0	0	0	0
00.000,00.000	10.4	0	-200	0	4.5	81.3244	60.5038	12.5813	8.23919	0	0	0	0	0	0	0	0	0	0	0	0	0	0	0	0	0
00.000,00.000	10.5	0	-200	0	4.5	83.1793	62.2002	12.7386	8.24056	0	0	0	0	0	0	0	0	0	0	0	0	0	0	0	0	0
00.000,00.000	10.6	0	-200	0	4.5	85.0841	63.9412	12.9007	8.24218	0	0	0	0	0	0	0	0	0	0	0	0	0	0	0	0	0
00.000,00.000	10.7	0	-200	0	4.5	87.0646	65.7504	13.0687	8.24546	0	0	0	0	0	0	0	0	0	0	0	0	0	0	0	0	0
00.000,00.000	10.8	0	-200	0	4.5	89.12	67.6282	13.2424	8.24937	0	0	0	0	0	0	0	0	0	0	0	0	0	0	0	0	0
00.000,00.000	10.9	0	-200	0	4.5	91.2851	69.608	13.4226	8.25454	0	0	0	0	0	0	0	0	0	0	0	0	0	0	0	0	0
00.000,00.000	11	0	-200	0	4.5	93.5496	71.6785	13.6089	8.26223	0	0	0	0	0	0	0	0	0	0	0	0	0	0	0	0	0
00.000,00.000	11.1	0	-200	0	4.5	95.9128	73.8407	13.8009	8.27118	0	0	0	0	0	0	0	0	0	0	0	0	0	0	0	0	0
00.000,00.000	11.2	0	-200	0	4.5	98.4051	76.1244	13.9989	8.28188	0	0	0	0	0	0	0	0	0	0	0	0	0	0	0	0	0
00.000,00.000	11.3	0	-200	0	4.5	101.038	78.5401	14.2029	8.29465	0	0	0	0	0	0	0	0	0	0	0	0	0	0	0	0	0
00.000,00.000	11.4	0	-200	0	4.5	103.8	81.0764	14.4135	8.31026	0	0	0	0	0	0	0	0	0	0	0	0	0	0	0	0	0
00.000,00.000	11.5	0	-200	0	4.5	106.648	83.69	14.6301	8.32748	0	0	0	0	0	0	0	0	0	0	0	0	0	0	0	0	0
00.000,00.000	11.6	0	-200	0	4.5	109.545	86.3461	14.852	8.34701	0	0	0	0	0	0	0	0	0	0	0	0	0	0	0	0	0
00.000,00.000	11.7	0	-200	0	4.5	112.522	89.0709	15.0804	8.37083	0	0	0	0	0	0	0	0	0	0	0	0	0	0	0	0	0
00.000,00.000	11.8	0	-200	0	4.5	115.586	91.8741	15.3151	8.39672	0	0	0	0	0	0	0	0	0	0	0	0	0	0	0	0	0
00.000,00.000	11.9	0	-200	0	4.5	118.756	94.773	15.5571	8.42581	0	0	0	0	0	0	0	0	0	0	0	0	0	0	0	0	0
00.000,00.000	12	0	-200	0	4.5	122.038	97.7724	15.8063	8.4591	0	0	0	0	0	0	0	0	0	0	0	0	0	0	0	0	0
00.000,00.000	12.1	0	-200	0	4.5	125.425	100.865	16.0641	8.49539	0	0	0	0	0	0	0	0	0	0	0	0	0	0	0	0	0
00.000,00.000	12.2	0	-200	0	4.5	128.861	103.998	16.3277	8.53486	0	0	0	0	0	0	0	0	0	0	0	0	0	0	0	0	0
00.000,00.000	12.3	0	-200	0	4.5	132.357	107.18	16.5983	8.57783	0	0	0	0	0	0	0	0	0	0	0	0	0	0	0	0	0
00.000,00.000	12.4	0	-200	0	4.5	135.918	110.418	16.8764	8.6239	0	0	0	0	0	0	0	0	0	0	0	0	0	0	0	0	0
00.000,00.000	12.5	0	-200	0	4.5	139.516	113.681	17.1615	8.6734	0	0	0	0	0	0	0	0	0	0	0	0	0	0	0	0	0
00.000,00.000	12.6	0	-200	0	4.5	143.688	117.453	17.4981	8.736	0	0	0	0	0	0	0	0	0	0	0	0	0	0	0	0	0
00.000,00.000	12.7	0	-200	0	4.5	147.367	120.537	18.036	8.79385	0	0	0	0	0	0	0	0	0	0	0	0	0	0	0	0	0
00.000,00.000	12.8	0	-200	0	4.5	150.551	123.127	18.5769	8.84661	0	0	0	0	0	0	0	0	0	0	0	0	0	0	0	0	0
00.000,00.000	12.9	0	-200	0	4.5	154.394	126.076	19.4046	8.91352	0	0	0	0	0	0	0	0	0	0	0	0	0	0	0	0	0
00.000,00.000	13	0	-200	0	4.5	158.287	128.748	20.5552	8.98362	0	0	0	0	0	0	0	0	0	0	0	0	0	0	0	0	0
00.000,00.000	13.1	0	-200	0	4.5	162.147	131.35	21.7415	9.05555	0	0	0	0	0	0	0	0	0	0	0	0	0	0	0	0	0
00.000,00.000	13.2	0	-200	0	4.5	166.071	134.01	22.9298	9.13099	0	0	0	0	0	0	0	0	0	0	0	0	0	0	0	0	0
00.000,00.000	13.3	0	-200	0	4.5	170.069	136.733	24.1251	9.21093	0	0	0	0	0	0	0	0	0	0	0	0	0	0	0	0	0
00.000,00.000	13.4	0	-200	0	4.5	174.124	139.501	25.3285	9.29457	0	0	0	0	0	0	0	0	0	0	0	0	0	0	0	0	0
00.000,00.000	13.5	0	-200	0	4.5	178.487	142.481	26.6186	9.38804	0	0	0	0	0	0	0	0	0	0	0	0	0	0	0	0	0
00.000,00.000	13.6	0	-200	0	4.5	183.464	145.877	28.0881	9.49901	0	0	0	0	0	0	0	0	0	0	0	0	0	0	0	0	0
00.000,00.000	13.7	0	-200	0	4.5	187.59	148.692	29.3028	9.59542	0	0	0	0	0	0	0	0	0	0	0	0	0	0	0	0	0
00.000,00.000	13.8	0	-200	0	4.5	190.962	150.997	30.2885	9.6768	0	0	0	0	0	0	0	0	0	0	0	0	0	0	0	0	0
00.000,00.000	13.9	0	-200	0	4.5	194.99	153.76	31.4527	9.77732	0	0	0	0	0	0	0	0	0	0	0	0	0	0	0	0	0
00.000,00.000	14	0	-200	0	4.5	199.518	156.865	32.7576	9.89584	0	0	0	0	0	0	0	0	0	0	0	0	0	0	0	0	0
00.000,00.000	14.1	0	-200	0	4.5	203.881	159.867	34.0007	10.0132	0	0	0	0	0	0	0	0	0	0	0	0	0	0	0	0	0
00.000,00.000	14.2	0	-200	0	4.5	208.186	162.831	35.2211	10.1332	0	0	0	0	0	0	0	0	0	0	0	0	0	0	0	0	0
00.000,00.000	14.3	0	-200	0	4.5	212.499	165.798	36.4431	10.2582	0	0	0	0	0	0	0	0	0	0	0	0	0	0	0	0	0
00.000,00.000	14.4	0	-200	0	4.5	216.807	168.755	37.6644	10.3882	0	0	0	0	0	0	0	0	0	0	0	0	0	0	0	0	0
00.000,00.000	14.5	0	-200	0	4.5	222.298	172.639	39.0893	10.5695	0	0	0	0	0	0	0	0	0	0	0	0	0	0	0	0	0
00.000,00.000	14.6	0	-200	0	4.5	226.994	176.061	40.1947	10.7383	0	0	0	0	0	0	0	0	0	0	0	0	0	0	0	0	0
00.000,00.000	14.7	0	-200	0	4.5	231.093	179.032	41.1676	10.8932	0	0	0	0	0	0	0	0	0	0	0	0	0	0	0	0	0
00.000,00.000	14.8	0	-200	0	4.5	234.904	181.778	42.0816	11.0445	0	0	0	0	0	0	0	0	0	0	0	0	0	0	0	0	0
00.000,00.000	14.9	0	-200	0	4.5	237.277	183.487	42.6483	11.142	0	0	0	0	0	0	0	0	0	0	0	0	0	0	0	0	0
00.000,00.000	15	0	-200	0	4.5	241.75	186.703	43.7142	11.3333	0	0	0	0	0	0	0	0	0	0	0	0	0	0	0	0	0
00.000,00.000	15.1	0	-200	0	4.5	245.838	189.644	44.6821	11.5126	0	0	0	0	0	0	0	0	0	0	0	0	0	0	0	0	0
00.000,00.000	15.2	0	-200	0	4.5	249.592	192.343	45.5663	11.6824	0	0	0	0	0	0	0	0	0	0	0	0	0	0	0	0	0
00.000,00.000	15.3	0	-200	0	4.5	253.318	195.016	46.4448	11.8572	0	0	0	0	0	0	0	0	0	0	0	0	0	0	0	0	0
00.000,00.000	15.4	0	-200	0	4.5	256.99	197.634	47.3185	12.0371	0	0	0	0	0	0	0	0	0	0	0	0	0	0	0	0	0
00.000,00.000	15.5	0	-200	0	4.5	264.403	202.872	49.115	12.4166	0	0	0	0	0	0	0	0	0	0	0	0	0	0	0	0	0
00.000,00.000	15.6	0	-200	0	4.5	265.855	203.898	49.4718	12.4852	0	0	0	0	0	0	0	0	0	0	0	0	0	0	0	0	0
00.000,00.000	15.7	0	-200	0	4.5	269.099	206.153	50.2835	12.6624	0	0	0	0	0	0	0	0	0	0	0	0	0	0	0	0	0
00.000,00.000	15.8	0	-200	0	4.5	269.839	206.668	50.4698	12.7013	0	0	0	0	0	0	0	0	0	0	0	0	0	0	0	0	0
00.000,00.000	15.9	0	-200	0	4.5	271.609	207.888	50.9164	12.805	0	0	0	0	0	0	0	0	0	0	0	0	0	0	0	0	0
00.000,00.000	16	0	-200	0	4.5	276.089	211.052	51.9556	13.0813	0	0	0	0	0	0	0	0	0	0	0	0	0	0	0	0	0
00.000,00.000	16.1	0	-200	0	4.5	279.504	213.595	52.6007	13.3081	0	0	0	0	0	0	0	0	0	0	0	0	0	0	0	0	0
00.000,00.000	16.2	0	-200	0	4.5	282.52	215.838	53.1667	13.5151	0	0	0	0	0	0	0	0	0	0	0	0	0	0	0	0	0
00.000,00.000	16.3	0	-200	0	4.5	285.531	218.08	53.7238	13.727	0	0	0	0	0	0	0	0	0	0	0	0	0	0	0	0	0
00.000,00.000	16.4	0	-200	0	4.5	288.531	220.314	54.2724	13.9439	0	0	0	0	0	0	0	0	0	0	0	0	0	0	0	0	0
00.000,00.000	16.5	0	-200	0	4.5	297.175	226.738	55.7846	14.653	0	0	0	0	0	0	0	0	0	0	0	0	0	0	0	0	0
00.000,00.000	16.6	0	-200	0	4.5	298.918	228.043	55.8704	15.0046	0	0	0	0	0	0	0	0	0	0	0	0	0	0	0	0	0
00.000,00.000	16.7	0	-200	0	4.5	311.689	237.409	57.2058	17.074	0	0	0	0	0	0	0	0	0	0	0	0	0	0	0	0	0
00.000,00.000	16.8	0	-200	0	4.5	314.728	239.66	57.4968	17.5706	0	0	0	0	0	0	0	0	0	0	0	0	0	0	0	0	0
00.000,00.000	16.9	0	-200	0	4.5	322.361	245.197	58.2616	18.9017	0	0	0	0	0	0	0	0	0	0	0	0	0	0	0	0	0
00.000,00.000	17	0	-200	0	4.5	326.966	248.592	58.6999	19.6747	0	0	0	0	0	0	0	0	0	0	0	0	0	0	0	0	0
00.000,00.000	17.1	0	-200	0	4.5	329.871	250.727	58.9796	20.1652	0	0	0	0	0	0	0	0	0	0	0	0	0	0	0	0	0
00.000,00.000	17.2	0	-200	0	4.5	332.795	252.877	59.2581	20.6598	0	0	0	0	0	0	0	0	0	0	0	0	0	0	0	0	0
00.000,00.000	17.3	0	-200	0	4.5	335.734	255.037	59.5395	21.157	0	0	0	0	0	0	0	0	0	0	0	0	0	0	0	0	0
00.000,00.000	17.4	0	-200	0	4.5	338.716	257.229	59.8287	21.6586	0	0	0	0	0	0	0	0	0	0	0	0	0	0	0	0	0
00.000,00.000	17.5	0	-200	0	4.5	349.226	264.925	60.8676	23.4334	0	0	0	0	0	0	0	0	0	0	0	0	0	0	0	0	0
00.000,00.000	17.6	0	-200	0	4.5	351.33	266.466	61.0788	23.7853	0	0	0	0	0	0	0	0	0	0	0	0	0	0	0	0	0
00.000,00.000	17.7	0	-200	0	4.5	362.854	274.272	62.6491	25.933	0	0	0	0	0	0	0	0	0	0	0	0	0	0	0	0	0
00.000,00.000	17.8	0	-200	0	4.5	365.698	276.164	63.1127	26.4218	0	0	0	0	0	0	0	0	0	0	0	0	0	0	0	0	0
00.000,00.000	17.9	0	-200	0	4.5	373.237	281.175	64.2328	27.8296	0	0	0	0	0	0	0	0	0	0	0	0	0	0	0	0	0
00.000,00.000	18	0	-200	0	4.5	378.54	284.949	64.9317	28.6597	0	0	0	0	0	0	0	0	0	0	0	0	0	0	0	0	0
00.000,00.000	18.1	0	-200	0	4.5	382.347	287.619	65.4589	29.2697	0	0	0	0	0	0	0	0	0	0	0	0	0	0	0	0	0
00.000,00.000	18.2	0	-200	0	4.5	385.463	289.799	65.8993	29.7646	0	0	0	0	0	0	0	0	0	0	0	0	0	0	0	0	0
00.000,00.000	18.3	0	-200	0	4.5	388.567	291.974	66.3445	30.2481	0	0	0	0	0	0	0	0	0	0	0	0	0	0	0	0	0
00.000,00.000	18.4	0	-200	0	4.5	391.791	294.236	66.8139	30.7405	0	0	0	0	0	0	0	0	0	0	0	0	0	0	0	0	0
00.000,00.000	18.5	0	-200	0	4.5	408.857	306.194	69.4068	33.2565	0	0	0	0	0	0	0	0	0	0	0	0	0	0	0	0	0
00.000,00.000	18.6	0	-200	0	4.5	412.2	308.594	69.9191	33.687	0	0	0	0	0	0	0	0	0	0	0	0	0	0	0	0	0
00.000,00.000	18.7	0	-200	0	4.5	442.917	328.596	75.5374	36.8906	1.89248	0	0	0	0	0	0	0	0	0	0	0	0	0	0	0	0
00.000,00.000	18.8	0	-200	0	4.5	451.059	332.594	78.5226	37.42	2.523	0	0	0	0	0	0	0	0	0	0	0	0	0	0	0	0
00.000,00.000	18.9	0	-200	0	4.5	462.158	337.197	83.6385	38.3167	3.00556	0	0	0	0	0	0	0	0	0	0	0	0	0	0	0	0
00.000,00.000	19	0	-200	0	4.5	468.15	339.623	86.6456	38.8266	3.055	0	0	0	0	0	0	0	0	0	0	0	0	0	0	0	0
00.000,00.000	19.1	0	-200	0	4.5	470.926	340.884	87.9099	39.0544	3.07729	0	0	0	0	0	0	0	0	0	0	0	0	0	0	0	0
00.000,00.000	19.2	0	-200	0	4.5	473.848	342.427	89.0566	39.2667	3.09831	0	0	0	0	0	0	0	0	0	0	0	0	0	0	0	0
00.000,00.000	19.3	0	-200	0	4.5	476.722	343.883	90.2341	39.4854	3.12019	0	0	0	0	0	0	0	0	0	0	0	0	0	0	0	0
00.000,00.000	19.4	0	-200	0	4.5	479.6	345.343	91.4084	39.7067	3.14229	0	0	0	0	0	0	0	0	0	0	0	0	0	0	0	0
00.000,00.000	19.5	0	-200	0	4.5	482.604	346.848	92.6473	39.9423	3.16597	0	0	0	0	0	0	0	0	0	0	0	0	0	0	0	0
00.000,00.000	19.6	0	-200	0	4.5	485.377	348.217	93.8053	40.166	3.18853	0	0	0	0	0	0	0	0	0	0	0	0	0	0	0	0
00.000,00.000	19.7	0	-200	0	4.5	488.261	349.663	94.9911	40.3951	3.2118	0	0	0	0	0	0	0	0	0	0	0	0	0	0	0	0
00.000,00.000	19.8	0	-200	0	4.5	501.472	356.495	99.8098	41.812	3.3557	0	0	0	0	0	0	0	0	0	0	0	0	0	0	0	0
00.000,00.000	19.9	0	-200	0	4.5	504.339	358.191	100.659	42.1029	3.38534	0	0	0	0	0	0	0	0	0	0	0	0	0	0	0	0
00.000,00.000	20	0	-200	0	4.5	504.422	358.242	100.683	42.1109	3.38615	0	0	0	0	0	0	0	0	0	0	0	0	0	0	0	0
00.000,00.000	20.1	0	-200	0	4.5	516.703	365.794	104.114	43.2877	3.50685	0	0	0	0	0	0	0	0	0	0	0	0	0	0	0	0
00.000,00.000	20.2	0	-200	0	4.5	522.863	369.772	105.669	43.8567	3.56504	0	0	0	0	0	0	0	0	0	0	0	0	0	0	0	0
00.000,00.000	20.3	0	-200	0	4.5	525.854	371.704	106.436	44.122	3.59181	0	0	0	0	0	0	0	0	0	0	0	0	0	0	0	0
00.000,00.000	20.4	0	-200	0	4.5	529.02	373.76	107.244	44.3972	3.61965	0	0	0	0	0	0	0	0	0	0	0	0	0	0	0	0
00.000,00.000	20.5	0	-200	0	4.5	532.285	375.887	108.073	44.6775	3.64802	0	0	0	0	0	0	0	0	0	0	0	0	0	0	0	0
00.000,00.000	20.6	0	-200	0	4.5	535.605	378.051	108.913	44.9648	3.67685	0	0	0	0	0	0	0	0	0	0	0	0	0	0	0	0
00.000,00.000	20.7	0	-200	0	4.5	555.405	390.802	114.048	46.6962	3.85838	0	0	0	0	0	0	0	0	0	0	0	0	0	0	0	0
00.000,00.000	20.8	0	-200	0	4.5	559.599	393.621	115.081	47.0017	3.89518	0	0	0	0	0	0	0	0	0	0	0	0	0	0	0	0
00.000,00.000	20.9	0	-200	0	4.5	559.736	393.713	115.115	47.0123	3.89633	0	0	0	0	0	0	0	0	0	0	0	0	0	0	0	0
00.000,00.000	21	0	-200	0	4.5	560.814	394.452	115.368	47.0889	3.90511	0	0	0	0	0	0	0	0	0	0	0	0	0	0	0	0
00.000,00.000	21.1	0	-200	0	4.5	571.834	401.98	117.981	47.8803	3.99309	0	0	0	0	0	0	0	0	0	0	0	0	0	0	0	0
00.000,00.000	21.2	0	-200	0	4.5	578.274	406.387	119.508	48.3344	4.04468	0	0	0	0	0	0	0	0	0	0	0	0	0	0	0	0
00.000,00.000	21.3	0	-200	0	4.5	582.676	409.41	120.543	48.643	4.08032	0	0	0	0	0	0	0	0	0	0	0	0	0	0	0	0
00.000,00.000	21.4	0	-200	0	4.5	592.604	416.255	122.849	49.3377	4.16174	0	0	0	0	0	0	0	0	0	0	0	0	0	0	0	0
00.000,00.000	21.5	0	-200	0	4.5	594.793	417.77	123.353	49.4899	4.18047	0	0	0	0	0	0	0	0	0	0	0	0	0	0	0	0
00.000,00.000	21.6	0	-200	0	4.5	602.028	422.735	125.05	49.9978	4.24568	0	0	0	0	0	0	0	0	0	0	0	0	0	0	0	0
00.000,00.000	21.7	0	-200	0	4.5	624.433	437.416	130.776	51.7585	4.48245	0	0	0	0	0	0	0	0	0	0	0	0	0	0	0	0
00.000,00.000	21.8	0	-200	0	4.5	640.609	448.456	134.573	52.9235	4.65553	0	0	0	0	0	0	0	0	0	0	0	0	0	0	0	0
00.000,00.000	21.9	0	-200	0	4.5	641.491	449.062	134.776	52.9881	4.66566	0	0	0	0	0	0	0	0	0	0	0	0	0	0	0	0
00.000,00.000	22	0	-200	0	4.5	643.62	450.543	135.253	53.1323	4.69153	0	0	0	0	0	0	0	0	0	0	0	0	0	0	0	0
00.000,00.000	22.1	0	-200	0	4.5	659.586	461.499	138.985	54.2097	4.89197	0	0	0	0	0	0	0	0	0	0	0	0	0	0	0	0
00.000,00.000	22.2	0	-200	0	4.5	668.012	467.291	140.946	54.776	4.99819	0	0	0	0	0	0	0	0	0	0	0	0	0	0	0	0
00.000,00.000	22.3	0	-200	0	4.5	673.413	471.001	142.221	55.1259	5.06549	0	0	0	0	0	0	0	0	0	0	0	0	0	0	0	0
00.000,00.000	22.4	0	-200	0	4.5	684.238	478.439	144.783	55.815	5.20143	0	0	0	0	0	0	0	0	0	0	0	0	0	0	0	0
00.000,00.000	22.5	0	-200	0	4.5	686.696	480.147	145.346	55.9721	5.23136	0	0	0	0	0	0	0	0	0	0	0	0	0	0	0	0
00.000,00.000	22.6	0	-200	0	4.5	694.693	485.561	147.311	56.4845	5.33661	0	0	0	0	0	0	0	0	0	0	0	0	0	0	0	0
00.000,00.000	22.7	0	-200	0	4.5	701.527	490.261	148.931	56.9117	5.42385	0	0	0	0	0	0	0	0	0	0	0	0	0	0	0	0
00.000,00.000	22.8	0	-200	0	4.5	707.523	494.322	150.412	57.287	5.50172	0	0	0	0	0	0	0	0	0	0	0	0	0	0	0	0
00.000,00.000	22.9	0	-200	0	4.5	753.823	524.585	162.754	60.3457	6.13856	0	0	0	0	0	0	0	0	0	0	0	0	0	0	0	0
00.000,00.000	23	0	-200	0	4.5	762.625	530.132	165.272	60.9592	6.26154	0	0	0	0	0	0	0	0	0	0	0	0	0	0	0	0
00.000,00.000	23.1	0	-200	0	4.5	789.852	546.524	173.792	62.8806	6.65489	0	0	0	0	0	0	0	0	0	0	0	0	0	0	0	0
00.000,00.000	23.2	0	-200	0	4.5	801.732	553.337	177.763	63.7931	6.83915	0	0	0	0	0	0	0	0	0	0	0	0	0	0	0	0
00.000,00.000	23.3	0	-200	0	4.5	807.101	556.537	179.455	64.1896	6.91965	0	0	0	0	0	0	0	0	0	0	0	0	0	0	0	0
00.000,00.000	23.4	0	-200	0	4.5	812.742	559.918	181.224	64.5984	7.00223	0	0	0	0	0	0	0	0	0	0	0	0	0	0	0	0
00.000,00.000	23.5	0	-200	0	4.5	818.529	563.388	183.041	65.0143	7.08584	0	0	0	0	0	0	0	0	0	0	0	0	0	0	0	0
00.000,00.000	23.6	0	-200	0	4.5	836.693	574.083	188.87	66.3795	7.36133	0	0	0	0	0	0	0	0	0	0	0	0	0	0	0	0
00.000,00.000	23.7	0	-200	0	4.5	840.726	576.49	190.142	66.6747	7.4195	0	0	0	0	0	0	0	0	0	0	0	0	0	0	0	0
00.000,00.000	23.8	0	-200	0	4.5	852.287	583.465	193.726	67.5113	7.58508	0	0	0	0	0	0	0	0	0	0	0	0	0	0	0	0
00.000,00.000	23.9	0	-200	0	4.5	861.629	589.166	196.572	68.1757	7.71532	0	0	0	0	0	0	0	0	0	0	0	0	0	0	0	0
00.000,00.000	24	0	-200	0	4.5	863.247	590.162	197.059	68.2886	7.73721	0	0	0	0	0	0	0	0	0	0	0	0	0	0	0	0
00.000,00.000	24.1	0	-200	0	4.5	876.179	598.228	200.874	69.1692	7.9084	0	0	0	0	0	0	0	0	0	0	0	0	0	0	0	0
00.000,00.000	24.2	0	-200	0	4.5	885.292	603.953	203.513	69.7966	8.02946	0	0	0	0	0	0	0	0	0	0	0	0	0	0	0	0
00.000,00.000	24.3	0	-200	0	4.5	892.277	608.361	205.537	70.2572	8.12101	0	0	0	0	0	0	0	0	0	0	0	0	0	0	0	0
00.000,00.000	24.4	0	-200	0	4.5	899.455	612.918	207.604	70.7193	8.21407	0	0	0	0	0	0	0	0	0	0	0	0	0	0	0	0
00.000,00.000	24.5	0	-200	0	4.5	906.762	617.568	209.697	71.1892	8.30842	0	0	0	0	0	0	0	0	0	0	0	0	0	0	0	0
00.000,00.000	24.6	0	-200	0	4.5	914.133	622.268	211.794	71.6668	8.40414	0	0	0	0	0	0	0	0	0	0	0	0	0	0	0	0
00.000,00.000	24.7	0	-200	0	4.5	921.533	627.043	213.843	72.1476	8.50049	0	0	0	0	0	0	0	0	0	0	0	0	0	0	0	0
00.000,00.000	24.8	0	-200	0	4.5	929.088	631.995	215.854	72.6394	8.59918	0	0	0	0	0	0	0	0	0	0	0	0	0	0	0	0
00.000,00.000	24.9	0	-200	0	4.5	953.222	648.033	222.05	74.2229	8.9159	0	0	0	0	0	0	0	0	0	0	0	0	0	0	0	0
00.000,00.000	25	0	-200	0	4.5	958.089	651.456	223.136	74.5141	8.98205	0	0	0	0	0	0	0	0	0	0	0	0	0	0	0	0
00.000,00.000	25.1	0	-200	0	4.5	974.814	662.967	227.139	75.5301	9.17757	0	0	0	0	0	0	0	0	0	0	0	0	0	0	0	0
00.000,00.000	25.2	0	-200	0	4.5	986.207	670.861	229.827	76.2151	9.30435	0	0	0	0	0	0	0	0	0	0	0	0	0	0	0	0
00.000,00.000	25.3	0	-200	0	4.5	994.539	676.633	231.785	76.72	9.4009	0	0	0	0	0	0	0	0	0	0	0	0	0	0	0	0
00.000,00.000	25.4	0	-200	0	4.5	1033.84	704.06	240.83	79.0963	9.85876	0	0	0	0	0	0	0	0	0	0	0	0	0	0	0	0
00.000,00.000	25.5	0	-200	0	4.5	1045.07	711.971	243.283	79.8255	9.98564	0	0	0	0	0	0	0	0	0	0	0	0	0	0	0	0
00.000,00.000	25.6	0	-200	0	4.5	1045.11	712.001	243.293	79.8283	9.9861	0	0	0	0	0	0	0	0	0	0	0	0	0	0	0	0
00.000,00.000	25.7	0	-200	0	4.5	1045.57	712.32	243.398	79.8584	9.99203	0	0	0	0	0	0	0	0	0	0	0	0	0	0	0	0
00.000,00.000	25.8	0	-200	0	4.5	1077.87	734.586	250.883	81.9744	10.4312	0	0	0	0	0	0	0	0	0	0	0	0	0	0	0	0
00.000,00.000	25.9	0	-200	0	4.5	1090.72	743.133	254.053	82.9201	10.6182	0	0	0	0	0	0	0	0	0	0	0	0	0	0	0	0
00.000,00.000	26	0	-200	0	4.5	1091.3	743.508	254.199	82.9613	10.6275	0	0	0	0	0	0	0	0	0	0	0	0	0	0	0	0
00.000,00.000	26.1	0	-200	0	4.5	1096	746.584	255.415	83.2993	10.7039	0	0	0	0	0	0	0	0	0	0	0	0	0	0	0	0
00.000,00.000	26.2	0	-200	0	4.5	1098.07	747.934	255.954	83.4457	10.739	0	0	0	0	0	0	0	0	0	0	0	0	0	0	0	0
00.000,00.000	26.3	0	-200	0	4.5	1098.73	748.369	256.123	83.4905	10.7504	0	0	0	0	0	0	0	0	0	0	0	0	0	0	0	0
00.000,00.000	26.4	0	-200	0	4.5	1098.83	748.436	256.149	83.4976	10.7518	0	0	0	0	0	0	0	0	0	0	0	0	0	0	0	0
00.000,00.000	26.5	0	-200	0	4.5	1099.36	748.785	256.28	83.5323	10.7604	0	0	0	0	0	0	0	0	0	0	0	0	0	0	0	0
00.000,00.000	26.6	0	-200	0	4.5	1100.08	749.262	256.462	83.5825	10.7713	0	0	0	0	0	0	0	0	0	0	0	0	0	0	0	0
00.000,00.000	26.7	0	-200	0	4.5	1120.09	762.583	261.431	85.0123	11.063	0	0	0	0	0	0	0	0	0	0	0	0	0	0	0	0
00.000,00.000	26.8	0	-200	0	4.5	1133.15	771.223	264.701	86.0175	11.2058	0	0	0	0	0	0	0	0	0	0	0	0	0	0	0	0
00.000,00.000	26.9	0	-200	0	4.5	1148.73	781.595	268.547	87.096	11.4948	0	0	0	0	0	0	0	0	0	0	0	0	0	0	0	0
00.000,00.000	27	0	-200	0	4.5	1151.95	783.791	269.316	87.3239	11.5228	0	0	0	0	0	0	0	0	0	0	0	0	0	0	0	0
00.000,00.000	27.1	0	-200	0	4.5	1164.63	792.38	272.397	88.1423	11.7123	0	0	0	0	0	0	0	0	0	0	0	0	0	0	0	0
00.000,00.000	27.2	0	-200	0	4.5	1174.24	798.897	274.729	88.7231	11.8933	0	0	0	0	0	0	0	0	0	0	0	0	0	0	0	0
00.000,00.000	27.3	0	-200	0	4.5	1181.84	804.034	276.58	89.1732	12.048	0	0	0	0	0	0	0	0	0	0	0	0	0	0	0	0
00.000,00.000	27.4	0	-200	0	4.5	1183.04	804.844	276.885	89.2494	12.0612	0	0	0	0	0	0	0	0	0	0	0	0	0	0	0	0
00.000,00.000	27.5	0	-200	0	4.5	1233.99	839.247	289.422	92.2273	13.0971	0	0	0	0	0	0	0	0	0	0	0	0	0	0	0	0
00.000,00.000	27.6	0	-200	0	4.5	1249.89	849.74	293.527	93.4703	13.1534	0	0	0	0	0	0	0	0	0	0	0	0	0	0	0	0
00.000,00.000	27.7	0	-200	0	4.5	1257.76	855.081	295.443	93.9399	13.3008	0	0	0	0	0	0	0	0	0	0	0	0	0	0	0	0
00.000,00.000	27.8	0	-200	0	4.5	1269.25	862.866	298.258	94.6051	13.5187	0	0	0	0	0	0	0	0	0	0	0	0	0	0	0	0
00.000,00.000	27.9	0	-200	0	4.5	1271.78	864.568	298.897	94.7491	13.5661	0	0	0	0	0	0	0	0	0	0	0	0	0	0	0	0
00.000,00.000	28	0	-200	0	4.5	1272.43	865.024	299.049	94.7824	13.5783	0	0	0	0	0	0	0	0	0	0	0	0	0	0	0	0
00.000,00.000	28.1	0	-200	0	4.5	1273.16	865.537	299.214	94.8172	13.5918	0	0	0	0	0	0	0	0	0	0	0	0	0	0	0	0
00.000,00.000	28.2	0	-200	0	4.5	1273.81	865.997	299.358	94.8463	13.6037	0	0	0	0	0	0	0	0	0	0	0	0	0	0	0	0
00.000,00.000	28.3	0	-200	0	4.5	1274.38	866.41	299.482	94.8703	13.6142	0	0	0	0	0	0	0	0	0	0	0	0	0	0	0	0
00.000,00.000	28.4	0	-200	0	4.5	1274.46	866.473	299.502	94.8739	13.6157	0	0	0	0	0	0	0	0	0	0	0	0	0	0	0	0
00.000,00.000	28.5	0	-200	0	4.5	1329.35	906.834	310.927	96.8843	14.7085	0	0	0	0	0	0	0	0	0	0	0	0	0	0	0	0
00.000,00.000	28.6	0	-200	0	4.5	1351.05	922.103	315.959	97.7551	15.2305	0	0	0	0	0	0	0	0	0	0	0	0	0	0	0	0
00.000,00.000	28.7	0	-200	0	4.5	1396.33	955.23	325.308	99.357	16.4345	0	0	0	0	0	0	0	0	0	0	0	0	0	0	0	0
00.000,00.000	28.8	0	-200	0	4.5	1404.91	961.365	327.178	99.6798	16.691	0	0	0	0	0	0	0	0	0	0	0	0	0	0	0	0
00.000,00.000	28.9	0	-200	0	4.5	1405.25	961.62	327.24	99.6891	16.7	0	0	0	0	0	0	0	0	0	0	0	0	0	0	0	0
00.000,00.000	29	0	-200	0	4.5	1405.96	962.162	327.37	99.7076	16.7194	0	0	0	0	0	0	0	0	0	0	0	0	0	0	0	0
00.000,00.000	29.1	0	-200	0	4.5	1428	979.101	331.345	100.217	17.3325	0	0	0	0	0	0	0	0	0	0	0	0	0	0	0	0
00.000,00.000	29.2	0	-200	0	4.5	1441.88	989.953	333.747	100.466	17.7101	0	0	0	0	0	0	0	0	0	0	0	0	0	0	0	0
00.000,00.000	29.3	0	-200	0	4.5	1451.3	997.419	335.29	100.622	17.9651	0	0	0	0	0	0	0	0	0	0	0	0	0	0	0	0
00.000,00.000	29.4	0	-200	0	4.5	1474.22	1015.52	338.852	100.958	18.8884	4.35207e-14	0	0	0	0	0	0	0	0	0	0	0	0	0	0	0
00.000,00.000	29.5	0	-200	0	4.5	1488.39	1026.54	341.052	101.146	19.6164	0.029851	0	0	0	0	0	0	0	0	0	0	0	0	0	0	0
00.000,00.000	29.6	0	-200	0	4.5	1498.05	1034.1	342.521	101.26	20.1254	0.05091	0	0	0	0	0	0	0	0	0	0	0	0	0	0	0
00.000,00.000	29.7	0	-200	0	4.5	1530.75	1058.65	348.077	101.664	22.2212	0.138687	0	0	0	0	0	0	0	0	0	0	0	0	0	0	0
00.000,00.000	29.8	0	-200	0	4.5	1561.67	1082.89	352.664	101.938	23.9668	0.213495	0	0	0	0	0	0	0	0	0	0	0	0	0	0	0
00.000,00.000	29.9	0	-200	0	4.5	1564.08	1084.77	353.022	101.956	24.112	0.219792	0	0	0	0	0	0	0	0	0	0	0	0	0	0	0
00.000,00.000	30	0	-200	0	4.5	1603.05	1114.63	359.129	102.468	26.4889	0.326019	0	0	0	0	0	0	0	0	0	0	0	0	0	0	0
00.000,00.000	30.1	0	-200	0	4.5	1621.84	1128.93	362.121	102.787	26.9981	1.00305	0	0	0	0	0	0	0	0	0	0	0	0	0	0	0
00.000,00.000	30.2	0	-200	0	4.5	1630.18	1135.38	363.368	102.912	27.2682	1.25237	0	0	0	0	0	0	0	0	0	0	0	0	0	0	0
00.000,00.000	30.3	0	-200	0	4.5	1638.61	1141.93	364.607	103.03	27.5401	1.50337	0	0	0	0	0	0	0	0	0	0	0	0	0	0	0
00.000,00.000	30.4	0	-200	0	4.5	1647.11	1148.57	365.832	103.14	27.8111	1.75384	0	0	0	0	0	0	0	0	0	0	0	0	0	0	0
00.000,00.000	30.5	0	-200	0	4.5	1655.56	1155.19	367.036	103.243	28.0811	2.00445	0	0	0	0	0	0	0	0	0	0	0	0	0	0	0
00.000,00.000	30.6	0	-200	0	4.5	1663.59	1161.44	368.206	103.338	28.3512	2.25699	0	0	0	0	0	0	0	0	0	0	0	0	0	0	0
00.000,00.000	30.7	0	-200	0	4.5	1670.45	1166.58	369.312	103.426	28.6209	2.51105	0	0	0	0	0	0	0	0	0	0	0	0	0	0	0
00.000,00.000	30.8	0	-200	0	4.5	1735.59	1218.76	377.816	104.023	30.6216	4.37599	0	0	0	0	0	0	0	0	0	0	0	0	0	0	0
00.000,00.000	30.9	0	-200	0	4.5	1747.13	1227.71	379.541	104.137	31.0101	4.73574	0	0	0	0	0	0	0	0	0	0	0	0	0	0	0
00.000,00.000	31	0	-200	0	4.5	1762.66	1239.96	381.737	104.271	31.489	5.20089	0	0	0	0	0	0	0	0	0	0	0	0	0	0	0
00.000,00.000	31.1	0	-200	0	4.5	1784.63	1257.44	384.831	104.447	32.0784	5.83385	0	0	0	0	0	0	0	0	0	0	0	0	0	0	0
00.000,00.000	31.2	0	-200	0	4.5	1795.82	1266.27	386.479	104.531	32.3864	6.15206	0	0	0	0	0	0	0	0	0	0	0	0	0	0	0
00.000,00.000	31.3	0	-200	0	4.5	1804.19	1272.93	387.669	104.591	32.6143	6.38608	0	0	0	0	0	0	0	0	0	0	0	0	0	0	0
00.000,00.000	31.4	0	-200	0	4.5	1839.72	1301.25	392.691	104.831	33.5811	7.3671	0	0	0	0	0	0	0	0	0	0	0	0	0	0	0
00.000,00.000	31.5	0	-200	0	4.5	1856.65	1314.55	395.258	104.943	34.059	7.84355	0	0	0	0	0	0	0	0	0	0	0	0	0	0	0
00.000,00.000	31.6	0	-200	0	4.5	1864.55	1320.67	396.483	105.021	34.3029	8.08124	0	0	0	0	0	0	0	0	0	0	0	0	0	0	0
00.000,00.000	31.7	0	-200	0	4.5	1872.45	1326.92	397.624	105.089	34.5266	8.29579	0	0	0	0	0	0	0	0	0	0	0	0	0	0	0
00.000,00.000	31.8	0	-200	0	4.5	1884.83	1336.71	399.403	105.192	34.8842	8.63557	0	0	0	0	0	0	0	0	0	0	0	0	0	0	0
00.000,00.000	31.9	0	-200	0	4.5	1887.68	1338.92	399.85	105.216	34.9719	8.71833	0	0	0	0	0	0	0	0	0	0	0	0	0	0	0
00.000,00.000	32	0	-200	0	4.5	1897.11	1346.5	401.134	105.284	35.2331	8.96354	0	0	0	0	0	0	0	0	0	0	0	0	0	0	0
00.000,00.000	32.1	0	-200	0	4.5	1906.53	1354.07	402.408	105.35	35.4932	9.20777	0	0	0	0	0	0	0	0	0	0	0	0	0	0	0
00.000,00.000	32.2	0	-200	0	4.5	1915.06	1360.97	403.548	105.407	35.7043	9.42917	0	0	0	0	0	0	0	0	0	0	0	0	0	0	0
00.000,00.000	32.3	0	-200	0	4.5	1923.85	1368.16	404.668	105.461	35.9118	9.64821	0	0	0	0	0	0	0	0	0	0	0	0	0	0	0
00.000,00.000	32.4	0	-200	0	4.5	1976.38	1411.34	411.201	105.763	37.1433	10.932	0	0	0	0	0	0	0	0	0	0	0	0	0	0	0
00.000,00.000	32.5	0	-200	0	4.5	1998.99	1429.83	414.113	105.893	37.6598	11.2495	0.250778	0	0	0	0	0	0	0	0	0	0	0	0	0	0
00.000,00.000	32.6	0	-200	0	4.5	2007.53	1436.87	415.154	105.938	37.8652	11.2992	0.41188	0	0	0	0	0	0	0	0	0	0	0	0	0	0
00.000,00.000	32.7	0	-200	0	4.5	2016.35	1444.19	416.183	105.98	38.0721	11.3249	0.594644	0	0	0	0	0	0	0	0	0	0	0	0	0	0
00.000,00.000	32.8	0	-200	0	4.5	2056	1476.98	420.82	106.166	39.1	11.3772	1.56195	0	0	0	0	0	0	0	0	0	0	0	0	0	0
00.000,00.000	32.9	0	-200	0	4.5	2064.52	1484.04	421.824	106.203	39.3024	11.3879	1.75507	0	0	0	0	0	0	0	0	0	0	0	0	0	0
00.000,00.000	33	0	-200	0	4.5	2065.03	1484.48	421.88	106.205	39.3144	11.3885	1.76622	0	0	0	0	0	0	0	0	0	0	0	0	0	0
00.000,00.000	33.1	0	-200	0	4.5	2089.03	1504.72	424.444	106.285	39.8747	11.4194	2.28366	0	0	0	0	0	0	0	0	0	0	0	0	0	0
00.000,00.000	33.2	0	-200	0	4.5	2103.71	1517.12	426.018	106.331	40.2116	11.439	2.59597	0	0	0	0	0	0	0	0	0	0	0	0	0	0
00.000,00.000	33.3	0	-200	0	4.5	2113.34	1525.32	426.989	106.357	40.4268	11.4535	2.79428	0	0	0	0	0	0	0	0	0	0	0	0	0	0
00.000,00.000	33.4	0	-200	0	4.5	2133.84	1542.87	428.99	106.405	40.8762	11.4873	3.20957	0	0	0	0	0	0	0	0	0	0	0	0	0	0
00.000,00.000	33.5	0	-200	0	4.5	2147.24	1554.34	430.312	106.434	41.1664	11.5115	3.48005	0	0	0	0	0	0	0	0	0	0	0	0	0	0
00.000,00.000	33.6	0	-200	0	4.5	2157.03	1562.72	431.265	106.452	41.3799	11.532	3.68473	0	0	0	0	0	0	0	0	0	0	0	0	0	0
00.000,00.000	33.7	0	-200	0	4.5	2185.44	1587.61	433.892	106.496	41.9881	11.5981	3.85839	0	0	0	0	0	0	0	0	0	0	0	0	0	0
00.000,00.000	33.8	0	-200	0	4.5	2192.75	1594.02	434.604	106.507	42.1429	11.6164	3.85839	0	0	0	0	0	0	0	0	0	0	0	0	0	0
00.000,00.000	33.9	0	-200	0	4.5	2193.29	1594.5	434.652	106.507	42.1537	11.618	3.85839	0	0	0	0	0	0	0	0	0	0	0	0	0	0
00.000,00.000	34	0	-200	0	4.5	2212.46	1611.62	436.264	106.521	42.5246	11.6774	3.85839	0	0	0	0	0	0	0	0	0	0	0	0	0	0
00.000,00.000	34.1	0	-200	0	4.5	2227.33	1624.89	437.513	106.529	42.8095	11.7276	3.85839	0	0	0	0	0	0	0	0	0	0	0	0	0	0
00.000,00.000	34.2	0	-200	0	4.5	2238.42	1634.9	438.372	106.534	42.9969	11.7647	3.85839	0	0	0	0	0	0	0	0	0	0	0	0	0	0
00.000,00.000	34.3	0	-200	0	4.5	2250.08	1645.41	439.291	106.537	43.1864	11.8064	3.85839	0	0	0	0	0	0	0	0	0	0	0	0	0	0
00.000,00.000	34.4	0	-200	0	4.5	2261.84	1656.05	440.174	106.54	43.3703	11.8513	3.85839	0	0	0	0	0	0	0	0	0	0	0	0	0	0
00.000,00.000	34.5	0	-200	0	4.5	2273.87	1666.97	441.041	106.542	43.5534	11.8998	3.85839	0	0	0	0	0	0	0	0	0	0	0	0	0	0
00.000,00.000	34.6	0	-200	0	4.5	2286.17	1678.16	441.909	106.543	43.7434	11.9527	3.85839	0	0	0	0	0	0	0	0	0	0	0	0	0	0
00.000,00.000	34.7	0	-200	0	4.5	2304.83	1695.17	443.164	106.543	44.0493	12.038	3.85839	0	0	0	0	0	0	0	0	0	0	0	0	0	0
00.000,00.000	34.8	0	-200	0	4.5	2312.14	1701.84	443.649	106.543	44.1777	12.0742	3.85839	0	0	0	0	0	0	0	0	0	0	0	0	0	0
00.000,00.000	34.9	0	-200	0	4.5	2320.45	1709.42	444.158	106.543	44.3382	12.1275	3.85839	0	0	0	0	0	0	0	0	0	0	0	0	0	0
00.000,00.000	35	0	-200	0	4.5	2335.09	1722.78	445.042	106.543	44.6237	12.2431	3.85839	0	0	0	0	0	0	0	0	0	0	0	0	0	0
00.000,00.000	35.1	0	-200	0	4.5	2348.28	1734.75	445.878	106.543	44.8873	12.3559	3.85839	0	0	0	0	0	0	0	0	0	0	0	0	0	0
00.000,00.000	35.2	0	-200	0	4.5	2360.63	1745.91	446.696	106.543	45.1421	12.4736	3.85839	0	0	0	0	0	0	0	0	0	0	0	0	0	0
00.000,00.000	35.3	0	-200	0	4.5	2371.88	1756.12	447.404	106.543	45.3743	12.5889	3.85839	0	0	0	0	0	0	0	0	0	0	0	0	0	0
00.000,00.000	35.4	0	-200	0	4.5	2383.06	1766.28	448.062	106.543	45.6042	12.7106	3.85839	0	0	0	0	0	0	0	0	0	0	0	0	0	0
00.000,00.000	35.5	0	-200	0	4.5	2394.25	1776.48	448.694	106.543	45.8339	12.8398	3.85839	0	0	0	0	0	0	0	0	0	0	0	0	0	0
00.000,00.000	35.6	0	-200	0	4.5	2405.33	1786.62	449.274	106.543	46.061	12.9747	3.85839	0	0	0	0	0	0	0	0	0	0	0	0	0	0
00.000,00.000	35.7	0	-200	0	4.5	2420.73	1800.77	450.015	106.543	46.3752	13.1713	3.85839	0	0	0	0	0	0	0	0	0	0	0	0	0	0
00.000,00.000	35.8	0	-200	0	4.5	2432.82	1811.9	450.525	106.578	46.6213	13.3323	3.85839	0	0	0	0	0	0	0	0	0	0	0	0	0	0
00.000,00.000	35.9	0	-200	0	4.5	2434.78	1813.71	450.596	106.598	46.6617	13.3596	3.85839	0	0	0	0	0	0	0	0	0	0	0	0	0	0
00.000,00.000	36	0	-200	0	4.5	2448.17	1826.14	451.033	106.655	46.9323	13.5538	3.85839	0	0	0	0	0	0	0	0	0	0	0	0	0	0
00.000,00.000	36.1	0	-200	0	4.5	2460.44	1837.5	451.438	106.722	47.18	13.7377	3.85839	0	0	0	0	0	0	0	0	0	0	0	0	0	0
00.000,00.000	36.2	0	-200	0	4.5	2471.34	1847.64	451.765	106.772	47.3984	13.9117	3.85839	0	0	0	0	0	0	0	0	0	0	0	0	0	0
00.000,00.000	36.3	0	-200	0	4.5	2482.32	1857.85	452.064	106.821	47.618	14.1155	3.85839	0	0	0	0	0	0	0	0	0	0	0	0	0	0
00.000,00.000	36.4	0	-200	0	4.5	2493.28	1868.01	452.388	106.866	47.8384	14.3243	3.85839	0	0	0	0	0	0	0	0	0	0	0	0	0	0
00.000,00.000	36.5	0	-200	0	4.5	2504.18	1878.01	452.805	106.91	48.0594	14.5388	3.85839	0	0	0	0	0	0	0	0	0	0	0	0	0	0
00.000,00.000	36.6	0	-200	0	4.5	2515.01	1887.97	453.193	106.951	48.2831	14.7601	3.85839	0	0	0	0	0	0	0	0	0	0	0	0	0	0
00.000,00.000	36.7	0	-200	0	4.5	2529.66	1901.47	453.673	107.003	48.5845	15.0657	3.85839	0	0	0	0	0	0	0	0	0	0	0	0	0	0
00.000,00.000	36.8	0	-200	0	4.5	2544.69	1915.37	454.128	107.053	48.8952	15.3884	3.85846	0	0	0	0	0	0	0	0	0	0	0	0	0	0
00.000,00.000	36.9	0	-200	0	4.5	2547.19	1917.66	454.212	107.062	48.9476	15.4453	3.85861	0	0	0	0	0	0	0	0	0	0	0	0	0	0
00.000,00.000	37	0	-200	0	4.5	2562.08	1931.48	454.592	107.106	49.2579	15.7807	3.86126	0	0	0	0	0	0	0	0	0	0	0	0	0	0
00.000,00.000	37.1	0	-200	0	4.5	2574.78	1943.22	454.911	107.141	49.5592	16.0767	3.86481	0	0	0	0	0	0	0	0	0	0	0	0	0	0
00.000,00.000	37.2	0	-200	0	4.5	2585.76	1953.39	455.16	107.169	49.8389	16.3311	3.86925	0	0	0	0	0	0	0	0	0	0	0	0	0	0
00.000,00.000	37.3	0	-200	0	4.5	2597.15	1963.94	455.4	107.196	50.1313	16.5986	3.87608	0	0	0	0	0	0	0	0	0	0	0	0	0	0
00.000,00.000	37.4	0	-200	0	4.5	2608.66	1974.59	455.652	107.221	50.4292	16.8734	3.88544	0	0	0	0	0	0	0	0	0	0	0	0	0	0
00.000,00.000	37.5	0	-200	0	4.5	2620.23	1985.28	455.925	107.244	50.7331	17.1555	3.89723	0	0	0	0	0	0	0	0	0	0	0	0	0	0
00.000,00.000	37.6	0	-200	0	4.5	2631.84	1995.98	456.184	107.266	51.0466	17.4493	3.91237	0	0	0	0	0	0	0	0	0	0	0	0	0	0
00.000,00.000	37.7	0	-200	0	4.5	2646.71	2009.63	456.517	107.327	51.4301	17.8677	3.93625	0	0	0	0	0	0	0	0	0	0	0	0	0	0
00.000,00.000	37.8	0	-200	0	4.5	2658.75	2020.65	456.784	107.401	51.7177	18.2408	3.95865	0	0	0	0	0	0	0	0	0	0	0	0	0	0
00.000,00.000	37.9	0	-200	0	4.5	2663.18	2024.68	456.897	107.426	51.8241	18.3852	3.96822	0	0	0	0	0	0	0	0	0	0	0	0	0	0
00.000,00.000	38	0	-200	0	4.5	2676.35	2036.69	457.182	107.497	52.1592	18.8207	4.00155	0	0	0	0	0	0	0	0	0	0	0	0	0	0
00.000,00.000	38.1	0	-200	0	4.5	2688.87	2048.07	457.463	107.56	52.4773	19.2575	4.03674	0	0	0	0	0	0	0	0	0	0	0	0	0	0
00.000,00.000	38.2	0	-200	0	4.5	2700.13	2058.3	457.69	107.613	52.78	19.6737	4.07369	0	0	0	0	0	0	0	0	0	0	0	0	0	0
00.000,00.000	38.3	0	-200	0	4.5	2710.78	2067.96	457.891	107.659	53.0739	20.0886	4.11299	0	0	0	0	0	0	0	0	0	0	0	0	0	0
00.000,00.000	38.4	0	-200	0	4.5	2721.08	2077.26	458.076	107.7	53.3702	20.5137	4.1563	0	0	0	0	0	0	0	0	0	0	0	0	0	0
00.000,00.000	38.5	0	-200	0	4.5	2730.93	2086.12	458.247	107.736	53.6693	20.9505	4.20338	0	0	0	0	0	0	0	0	0	0	0	0	0	0
00.000,00.000	38.6	0	-200	0	4.5	2740.41	2094.62	458.404	107.767	53.9688	21.3948	4.25369	0	0	0	0	0	0	0	0	0	0	0	0	0	0
00.000,00.000	38.7	0	-200	0	4.5	2759.01	2111.24	458.687	107.824	54.5818	22.311	4.36248	0	0	0	0	0	0	0	0	0	0	0	0	0	0
00.000,00.000	38.8	0	-200	0	4.5	2762.48	2114.31	458.784	107.834	54.6706	22.4968	4.38419	0	0	0	0	0	0	0	0	0	0	0	0	0	0
00.000,00.000	38.9	0	-200	0	4.5	2774.34	2124.61	459.252	107.865	55.0102	23.136	4.46539	0	0	0	0	0	0	0	0	0	0	0	0	0	0
00.000,00.000	39	0	-200	0	4.5	2783.86	2132.53	459.89	107.889	55.293	23.7134	4.54005	0	0	0	0	0	0	0	0	0	0	0	0	0	0
00.000,00.000	39.1	0	-200	0	4.5	2791.29	2138.78	460.27	107.906	55.5326	24.2004	4.60463	0	0	0	0	0	0	0	0	0	0	0	0	0	0
00.000,00.000	39.2	0	-200	0	4.5	2798.44	2144.77	460.627	107.921	55.7655	24.6913	4.67108	0	0	0	0	0	0	0	0	0	0	0	0	0	0
00.000,00.000	39.3	0	-200	0	4.5	2805.4	2150.56	460.972	107.933	55.9983	25.1914	4.73999	0	0	0	0	0	0	0	0	0	0	0	0	0	0
00.000,00.000	39.4	0	-200	0	4.5	2811.99	2156	461.311	107.942	56.2274	25.7011	4.81124	0	0	0	0	0	0	0	0	0	0	0	0	0	0
00.000,00.000	39.5	0	-200	0	4.5	2818.25	2161.11	461.642	107.948	56.4517	26.219	4.88475	0	0	0	0	0	0	0	0	0	0	0	0	0	0
00.000,00.000	39.6	0	-200	0	4.5	2824.16	2165.85	461.966	107.952	56.6729	26.7502	4.96149	0	0	0	0	0	0	0	0	0	0	0	0	0	0
00.000,00.000	39.7	0	-200	0	4.5	2835.97	2175.31	462.615	107.954	57.1123	27.8498	5.1233	0	0	0	0	0	0	0	0	0	0	0	0	0	0
00.000,00.000	39.8	0	-200	0	4.5	2838.27	2177.15	462.748	107.954	57.1912	28.0657	5.15532	0	0	0	0	0	0	0	0	0	0	0	0	0	0
00.000,00.000	39.9	0	-200	0	4.5	2845.69	2183.06	463.168	107.954	57.4414	28.7925	5.26628	0	0	0	0	0	0	0	0	0	0	0	0	0	0
00.000,00.000	40	0	-200	0	4.5	2852.37	2188.37	463.558	107.954	57.6502	29.4674	5.37102	0	0	0	0	0	0	0	0	0	0	0	0	0	0
00.000,00.000	40.1	0	-200	0	4.5	2857.75	2192.61	463.874	107.954	57.8201	30.0309	5.46041	0	0	0	0	0	0	0	0	0	0	0	0	0	0
00.000,00.000	40.2	0	-200	0	4.5	2862.87	2196.62	464.179	107.954	57.9806	30.5851	5.55042	0	0	0	0	0	0	0	0	0	0	0	0	0	0
00.000,00.000	40.3	0	-200	0	4.5	2867.79	2200.47	464.48	107.954	58.1346	31.1076	5.643	0	0	0	0	0	0	0	0	0	0	0	0	0	0
00.000,00.000	40.4	0	-200	0	4.5	2872.77	2204.16	464.777	107.954	58.2824	31.8553	5.73843	0	0	0	0	0	0	0	0	0	0	0	0	0	0
00.000,00.000	40.5	0	-200	0	4.5	2877.58	2207.69	465.071	107.954	58.4239	32.6037	5.8367	0	0	0	0	0	0	0	0	0	0	0	0	0	0
00.000,00.000	40.6	0	-200	0	4.5	2884.06	2212.37	465.476	107.954	58.6144	33.662	5.97963	0	0	0	0	0	0	0	0	0	0	0	0	0	0
00.000,00.000	40.7	0	-200	0	4.5	2889.23	2216.12	465.776	107.954	58.7631	34.5228	6.09996	0	0	0	0	0	0	0	0	0	0	0	0	0	0
00.000,00.000	40.8	0	-200	0	4.5	2891.13	2217.57	465.765	107.954	58.8202	34.8691	6.14976	0	0	0	0	0	0	0	0	0	0	0	0	0	0
00.000,00.000	40.9	0	-200	0	4.5	2893.43	2219.31	465.768	107.954	58.8872	35.2975	6.21371	0	0	0	0	0	0	0	0	0	0	0	0	0	0
00.000,00.000	41	0	-200	0	4.5	2898.23	2222.91	465.77	107.954	59.0245	36.2205	6.35566	0	0	0	0	0	0	0	0	0	0	0	0	0	0
00.000,00.000	41.1	0	-200	0	4.5	2902.27	2225.9	465.771	107.954	59.1382	37.0241	6.48286	0	0	0	0	0	0	0	0	0	0	0	0	0	0
00.000,00.000	41.2	0	-200	0	4.5	2905.81	2228.49	465.772	107.954	59.2359	37.7529	6.60224	0	0	0	0	0	0	0	0	0	0	0	0	0	0
00.000,00.000	41.3	0	-200	0	4.5	2909.21	2230.96	465.772	107.954	59.3275	38.4765	6.72491	0	0	0	0	0	0	0	0	0	0	0	0	0	0
00.000,00.000	41.4	0	-200	0	4.5	2912.49	2233.28	465.772	107.976	59.4132	39.1943	6.85096	0	0	0	0	0	0	0	0	0	0	0	0	0	0
00.000,00.000	41.5	0	-200	0	4.5	2915.63	2235.46	465.772	108.017	59.4928	39.9058	6.97938	0	0	0	0	0	0	0	0	0	0	0	0	0	0
00.000,00.000	41.6	0	-200	0	4.5	2918.57	2237.46	465.772	108.056	59.5672	40.618	7.1009	0	0	0	0	0	0	0	0	0	0	0	0	0	0
00.000,00.000	41.7	0	-200	0	4.5	2922.83	2240.3	465.772	108.111	59.6709	41.6889	7.29201	0	0	0	0	0	0	0	0	0	0	0	0	0	0
00.000,00.000	41.8	0	-200	0	4.5	2923.69	2240.86	465.772	108.129	59.691	41.9121	7.32882	0	0	0	0	0	0	0	0	0	0	0	0	0	0
00.000,00.000	41.9	0	-200	0	4.5	2926.7	2242.81	465.772	108.167	59.757	42.7113	7.48351	0	0	0	0	0	0	0	0	0	0	0	0	0	0
00.000,00.000	42	0	-200	0	4.5	2929.42	2244.55	465.772	108.207	59.8146	43.455	7.6283	0	0	0	0	0	0	0	0	0	0	0	0	0	0