
label	time(d)	x	depth	z	radius	total	0-10	10-20	20-30	30-40	40-50	50-60	60-70	70-80	80-90	90-100	100-110	110-120	120-130	130-140	140-150	150-160	160-170	170-180	180-190	190-200
05.500,00.000	0	5.5	-200	0	4.5	0	0	0	0	0	0	0	0	0	0	0	0	0	0	0	0	0	0	0	0	0
05.500,00.000	0.1	5.5	-200	0	4.5	0	0	0	0	0	0	0	0	0	0	0	0	0	0	0	0	0	0	0	0	0
05.500,00.000	0.2	5.5	-200	0	4.5	0	0	0	0	0	0	0	0	0	0	0	0	0	0	0	0	0	0	0	0	0
05.500,00.000	0.3	5.5	-200	0	4.5	0	0	0	0	0	0	0	0	0	0	0	0	0	0	0	0	0	0	0	0	0
05.500,00.000	0.4	5.5	-200	0	4.5	0	0	0	0	0	0	0	0	0	0	0	0	0	0	0	0	0	0	0	0	0
05.500,00.000	0.5	5.5	-200	0	4.5	0	0	0	0	0	0	0	0	0	0	0	0	0	0	0	0	0	0	0	0	0
05.500,00.000	0.6	5.5	-200	0	4.5	0	0	0	0	0	0	0	0	0	0	0	0	0	0	0	0	0	0	0	0	0
05.500,00.000	0.7	5.5	-200	0	4.5	0	0	0	0	0	0	0	0	0	0	0	0	0	0	0	0	0	0	0	0	0
05.500,00.000	0.8	5.5	-200	0	4.5	0	0	0	0	0	0	0	0	0	0	0	0	0	0	0	0	0	0	0	0	0
05.500,00.000	0.9	5.5	-200	0	4.5	0	0	0	0	0	0	0	0	0	0	0	0	0	0	0	0	0	0	0	0	0
05.500,00.000	1	5.5	-200	0	4.5	0	0	0	0	0	0	0	0	0	0	0	0	0	0	0	0	0	0	0	0	0
05.500,00.000	1.1	5.5	-200	0	4.5	0	0	0	0	0	0	0	0	0	0	0	0	0	0	0	0	0	0	0	0	0
05.500,00.000	1.2	5.5	-200	0	4.5	0	0	0	0	0	0	0	0	0	0	0	0	0	0	0	0	0	0	0	0	0
05.500,00.000	1.3	5.5	-200	0	4.5	0	0	0	0	0	0	0	0	0	0	0	0	0	0	0	0	0	0	0	0	0
05.500,00.000	1.4	5.5	-200	0	4.5	0	0	0	0	0	0	0	0	0	0	0	0	0	0	0	0	0	0	0	0	0
05.500,00.000	1.5	5.5	-200	0	4.5	0	0	0	0	0	0	0	0	0	0	0	0	0	0	0	0	0	0	0	0	0
05.500,00.000	1.6	5.5	-200	0	4.5	0	0	0	0	0	0	0	0	0	0	0	0	0	0	0	0	0	0	0	0	0
05.500,00.000	1.7	5.5	-200	0	4.5	0	0	0	0	0	0	0	0	0	0	0	0	0	0	0	0	0	0	0	0	0
05.500,00.000	1.8	5.5	-200	0	4.5	0	0	0	0	0	0	0	0	0	0	0	0	0	0	0	0	0	0	0	0	0
05.500,00.000	1.9	5.5	-200	0	4.5	0	0	0	0	0	0	0	0	0	0	0	0	0	0	0	0	0	0	0	0	0
05.500,00.000	2	5.5	-200	0	4.5	0	0	0	0	0	0	0	0	0	0	0	0	0	0	0	0	0	0	0	0	0
05.500,00.000	2.1	5.5	-200	0	4.5	0	0	0	0	0	0	0	0	0	0	0	0	0	0	0	0	0	0	0	0	0
05.500,00.000	2.2	5.5	-200	0	4.5	0	0	0	0	0	0	0	0	0	0	0	0	0	0	0	0	0	0	0	0	0
05.500,00.000	2.3	5.5	-200	0	4.5	0	0	0	0	0	0	0	0	0	0	0	0	0	0	0	0	0	0	0	0	0
05.500,00.000	2.4	5.5	-200	0	4.5	0	0	0	0	0	0	0	0	0	0	0	0	0	0	0	0	0	0	0	0	0
05.500,00.000	2.5	5.5	-200	0	4.5	0	0	0	0	0	0	0	0	0	0	0	0	0	0	0	0	0	0	0	0	0
05.500,00.000	2.6	5.5	-200	0	4.5	0	0	0	0	0	0	0	0	0	0	0	0	0	0	0	0	0	0	0	0	0
05.500,00.000	2.7	5.5	-200	0	4.5	0	0	0	0	0	0	0	0	0	0	0	0	0	0	0	0	0	0	0	0	0
05.500,00.000	2.8	5.5	-200	0	4.5	0.0492907	0.0492907	0	0	0	0	0	0	0	0	0	0	0	0	0	0	0	0	0	0	0
05.500,00.000	2.9	5.5	-200	0	4.5	0.26644	0.26644	0	0	0	0	0	0	0	0	0	0	0	0	0	0	0	0	0	0	0
05.500,00.000	3	5.5	-200	0	4.5	0.507713	0.507713	0	0	0	0	0	0	0	0	0	0	0	0	0	0	0	0	0	0	0
05.500,00.000	3.1	5.5	-200	0	4.5	0.760753	0.760753	0	0	0	0	0	0	0	0	0	0	0	0	0	0	0	0	0	0	0
05.500,00.000	3.2	5.5	-200	0	4.5	1.01519	1.01519	0	0	0	0	0	0	0	0	0	0	0	0	0	0	0	0	0	0	0
05.500,00.000	3.3	5.5	-200	0	4.5	1.27089	1.27089	0	0	0	0	0	0	0	0	0	0	0	0	0	0	0	0	0	0	0
05.500,00.000	3.4	5.5	-200	0	4.5	1.68751	1.68751	0	0	0	0	0	0	0	0	0	0	0	0	0	0	0	0	0	0	0
05.500,00.000	3.5	5.5	-200	0	4.5	2.14554	2.14554	0	0	0	0	0	0	0	0	0	0	0	0	0	0	0	0	0	0	0
05.500,00.000	3.6	5.5	-200	0	4.5	2.59589	2.59589	0	0	0	0	0	0	0	0	0	0	0	0	0	0	0	0	0	0	0
05.500,00.000	3.7	5.5	-200	0	4.5	3.05234	3.05234	0	0	0	0	0	0	0	0	0	0	0	0	0	0	0	0	0	0	0
05.500,00.000	3.8	5.5	-200	0	4.5	3.51391	3.51391	0	0	0	0	0	0	0	0	0	0	0	0	0	0	0	0	0	0	0
05.500,00.000	3.9	5.5	-200	0	4.5	3.97639	3.97639	0	0	0	0	0	0	0	0	0	0	0	0	0	0	0	0	0	0	0
05.500,00.000	4	5.5	-200	0	4.5	4.44074	4.44074	0	0	0	0	0	0	0	0	0	0	0	0	0	0	0	0	0	0	0
05.500,00.000	4.1	5.5	-200	0	4.5	4.90704	4.90704	0	0	0	0	0	0	0	0	0	0	0	0	0	0	0	0	0	0	0
05.500,00.000	4.2	5.5	-200	0	4.5	5.37526	5.37526	0	0	0	0	0	0	0	0	0	0	0	0	0	0	0	0	0	0	0
05.500,00.000	4.3	5.5	-200	0	4.5	5.84441	5.84441	0	0	0	0	0	0	0	0	0	0	0	0	0	0	0	0	0	0	0
05.500,00.000	4.4	5.5	-200	0	4.5	6.31443	6.31443	0	0	0	0	0	0	0	0	0	0	0	0	0	0	0	0	0	0	0
05.500,00.000	4.5	5.5	-200	0	4.5	6.78321	6.78321	0	0	0	0	0	0	0	0	0	0	0	0	0	0	0	0	0	0	0
05.500,00.000	4.6	5.5	-200	0	4.5	7.25001	7.25001	0	0	0	0	0	0	0	0	0	0	0	0	0	0	0	0	0	0	0
05.500,00.000	4.7	5.5	-200	0	4.5	7.71481	7.71481	0	0	0	0	0	0	0	0	0	0	0	0	0	0	0	0	0	0	0
05.500,00.000	4.8	5.5	-200	0	4.5	8.17815	8.17815	0	0	0	0	0	0	0	0	0	0	0	0	0	0	0	0	0	0	0
05.500,00.000	4.9	5.5	-200	0	4.5	8.64111	8.64111	0	0	0	0	0	0	0	0	0	0	0	0	0	0	0	0	0	0	0
05.500,00.000	5	5.5	-200	0	4.5	9.10407	9.10407	0	0	0	0	0	0	0	0	0	0	0	0	0	0	0	0	0	0	0
05.500,00.000	5.1	5.5	-200	0	4.5	9.56656	9.56656	0	0	0	0	0	0	0	0	0	0	0	0	0	0	0	0	0	0	0
05.500,00.000	5.2	5.5	-200	0	4.5	10.0286	10.0286	0	0	0	0	0	0	0	0	0	0	0	0	0	0	0	0	0	0	0
05.500,00.000	5.3	5.5	-200	0	4.5	10.4914	10.4914	0	0	0	0	0	0	0	0	0	0	0	0	0	0	0	0	0	0	0
05.500,00.000	5.4	5.5	-200	0	4.5	10.9536	10.9536	0	0	0	0	0	0	0	0	0	0	0	0	0	0	0	0	0	0	0
05.500,00.000	5.5	5.5	-200	0	4.5	11.4138	11.4138	0	0	0	0	0	0	0	0	0	0	0	0	0	0	0	0	0	0	0
05.500,00.000	5.6	5.5	-200	0	4.5	11.8749	11.8749	0	0	0	0	0	0	0	0	0	0	0	0	0	0	0	0	0	0	0
05.500,00.000	5.7	5.5	-200	0	4.5	12.3353	12.3353	0	0	0	0	0	0	0	0	0	0	0	0	0	0	0	0	0	0	0
05.500,00.000	5.8	5.5	-200	0	4.5	12.7955	12.7955	0	0	0	0	0	0	0	0	0	0	0	0	0	0	0	0	0	0	0
05.500,00.000	5.9	5.5	-200	0	4.5	13.2553	13.2553	0	0	0	0	0	0	0	0	0	0	0	0	0	0	0	0	0	0	0
05.500,00.000	6	5.5	-200	0	4.5	13.7139	13.7139	0	0	0	0	0	0	0	0	0	0	0	0	0	0	0	0	0	0	0
05.500,00.000	6.1	5.5	-200	0	4.5	14.1725	14.1725	0	0	0	0	0	0	0	0	0	0	0	0	0	0	0	0	0	0	0
05.500,00.000	6.2	5.5	-200	0	4.5	14.5279	14.5279	0	0	0	0	0	0	0	0	0	0	0	0	0	0	0	0	0	0	0
05.500,00.000	6.3	5.5	-200	0	4.5	14.7842	14.7842	0	0	0	0	0	0	0	0	0	0	0	0	0	0	0	0	0	0	0
05.500,00.000	6.4	5.5	-200	0	4.5	15.1404	14.9649	0.175475	0	0	0	0	0	0	0	0	0	0	0	0	0	0	0	0	0	0
05.500,00.000	6.5	5.5	-200	0	4.5	15.3899	14.9581	0.43178	0	0	0	0	0	0	0	0	0	0	0	0	0	0	0	0	0	0
05.500,00.000	6.6	5.5	-200	0	4.5	15.6437	14.9581	0.685653	0	0	0	0	0	0	0	0	0	0	0	0	0	0	0	0	0	0
05.500,00.000	6.7	5.5	-200	0	4.5	15.898	14.9581	0.939861	0	0	0	0	0	0	0	0	0	0	0	0	0	0	0	0	0	0
05.500,00.000	6.8	5.5	-200	0	4.5	16.1522	14.9581	1.19415	0	0	0	0	0	0	0	0	0	0	0	0	0	0	0	0	0	0
05.500,00.000	6.9	5.5	-200	0	4.5	16.4068	14.9581	1.4487	0	0	0	0	0	0	0	0	0	0	0	0	0	0	0	0	0	0
05.500,00.000	7	5.5	-200	0	4.5	16.6614	14.9581	1.70331	0	0	0	0	0	0	0	0	0	0	0	0	0	0	0	0	0	0
05.500,00.000	7.1	5.5	-200	0	4.5	16.9158	14.9581	1.95772	0	0	0	0	0	0	0	0	0	0	0	0	0	0	0	0	0	0
05.500,00.000	7.2	5.5	-200	0	4.5	17.1707	14.9583	2.21232	0	0	0	0	0	0	0	0	0	0	0	0	0	0	0	0	0	0
05.500,00.000	7.3	5.5	-200	0	4.5	17.4144	14.9598	2.45463	0	0	0	0	0	0	0	0	0	0	0	0	0	0	0	0	0	0
05.500,00.000	7.4	5.5	-200	0	4.5	17.4198	14.9627	2.45713	0	0	0	0	0	0	0	0	0	0	0	0	0	0	0	0	0	0
05.500,00.000	7.5	5.5	-200	0	4.5	17.4257	14.9677	2.45797	0	0	0	0	0	0	0	0	0	0	0	0	0	0	0	0	0	0
05.500,00.000	7.6	5.5	-200	0	4.5	17.4348	14.9762	2.4586	0	0	0	0	0	0	0	0	0	0	0	0	0	0	0	0	0	0
05.500,00.000	7.7	5.5	-200	0	4.5	17.4471	14.9885	2.4586	0	0	0	0	0	0	0	0	0	0	0	0	0	0	0	0	0	0
05.500,00.000	7.8	5.5	-200	0	4.5	17.4639	15.0053	2.4586	0	0	0	0	0	0	0	0	0	0	0	0	0	0	0	0	0	0
05.500,00.000	7.9	5.5	-200	0	4.5	17.4859	15.0273	2.4586	0	0	0	0	0	0	0	0	0	0	0	0	0	0	0	0	0	0
05.500,00.000	8	5.5	-200	0	4.5	17.5131	15.0545	2.4586	0	0	0	0	0	0	0	0	0	0	0	0	0	0	0	0	0	0
05.500,00.000	8.1	5.5	-200	0	4.5	17.5467	15.0881	2.4586	0	0	0	0	0	0	0	0	0	0	0	0	0	0	0	0	0	0
05.500,00.000	8.2	5.5	-200	0	4.5	17.588	15.1294	2.4586	0	0	0	0	0	0	0	0	0	0	0	0	0	0	0	0	0	0
05.500,00.000	8.3	5.5	-200	0	4.5	17.6381	15.1795	2.4586	0	0	0	0	0	0	0	0	0	0	0	0	0	0	0	0	0	0
05.500,00.000	8.4	5.5	-200	0	4.5	17.6958	15.2372	2.4586	0	0	0	0	0	0	0	0	0	0	0	0	0	0	0	0	0	0
05.500,00.000	8.5	5.5	-200	0	4.5	17.7616	15.303	2.4586	0	0	0	0	0	0	0	0	0	0	0	0	0	0	0	0	0	0
05.500,00.000	8.6	5.5	-200	0	4.5	17.8338	15.3752	2.4586	0	0	0	0	0	0	0	0	0	0	0	0	0	0	0	0	0	0
05.500,00.000	8.7	5.5	-200	0	4.5	17.9147	15.4561	2.4586	0	0	0	0	0	0	0	0	0	0	0	0	0	0	0	0	0	0
05.500,00.000	8.8	5.5	-200	0	4.5	18.0025	15.5439	2.4586	0	0	0	0	0	0	0	0	0	0	0	0	0	0	0	0	0	0
05.500,00.000	8.9	5.5	-200	0	4.5	18.1029	15.6443	2.4586	0	0	0	0	0	0	0	0	0	0	0	0	0	0	0	0	0	0
05.500,00.000	9	5.5	-200	0	4.5	18.2139	15.7553	2.4586	0	0	0	0	0	0	0	0	0	0	0	0	0	0	0	0	0	0
05.500,00.000	9.1	5.5	-200	0	4.5	18.3371	15.8785	2.4586	0	0	0	0	0	0	0	0	0	0	0	0	0	0	0	0	0	0
05.500,00.000	9.2	5.5	-200	0	4.5	18.4741	16.0155	2.4586	0	0	0	0	0	0	0	0	0	0	0	0	0	0	0	0	0	0
05.500,00.000	9.3	5.5	-200	0	4.5	18.6243	16.1657	2.4586	0	0	0	0	0	0	0	0	0	0	0	0	0	0	0	0	0	0
05.500,00.000	9.4	5.5	-200	0	4.5	18.7897	16.3311	2.4586	0	0	0	0	0	0	0	0	0	0	0	0	0	0	0	0	0	0
05.500,00.000	9.5	5.5	-200	0	4.5	18.9681	16.5095	2.4586	0	0	0	0	0	0	0	0	0	0	0	0	0	0	0	0	0	0
05.500,00.000	9.6	5.5	-200	0	4.5	19.1587	16.7001	2.4586	0	0	0	0	0	0	0	0	0	0	0	0	0	0	0	0	0	0
05.500,00.000	9.7	5.5	-200	0	4.5	19.3641	16.9055	2.4586	0	0	0	0	0	0	0	0	0	0	0	0	0	0	0	0	0	0
05.500,00.000	9.8	5.5	-200	0	4.5	19.5846	17.126	2.4586	0	0	0	0	0	0	0	0	0	0	0	0	0	0	0	0	0	0
05.500,00.000	9.9	5.5	-200	0	4.5	19.8277	17.3691	2.4586	0	0	0	0	0	0	0	0	0	0	0	0	0	0	0	0	0	0
05.500,00.000	10	5.5	-200	0	4.5	20.0892	17.6306	2.4586	0	0	0	0	0	0	0	0	0	0	0	0	0	0	0	0	0	0
05.500,00.000	10.1	5.5	-200	0	4.5	20.3725	17.9139	2.4586	0	0	0	0	0	0	0	0	0	0	0	0	0	0	0	0	0	0
05.500,00.000	10.2	5.5	-200	0	4.5	20.6795	18.2209	2.4586	0	0	0	0	0	0	0	0	0	0	0	0	0	0	0	0	0	0
05.500,00.000	10.3	5.5	-200	0	4.5	21.0098	18.5512	2.4586	0	0	0	0	0	0	0	0	0	0	0	0	0	0	0	0	0	0
05.500,00.000	10.4	5.5	-200	0	4.5	21.366	18.9074	2.4586	0	0	0	0	0	0	0	0	0	0	0	0	0	0	0	0	0	0
05.500,00.000	10.5	5.5	-200	0	4.5	21.7435	19.2848	2.4586	0	0	0	0	0	0	0	0	0	0	0	0	0	0	0	0	0	0
05.500,00.000	10.6	5.5	-200	0	4.5	22.1326	19.674	2.4586	0	0	0	0	0	0	0	0	0	0	0	0	0	0	0	0	0	0
05.500,00.000	10.7	5.5	-200	0	4.5	22.5424	20.0838	2.4586	0	0	0	0	0	0	0	0	0	0	0	0	0	0	0	0	0	0
05.500,00.000	10.8	5.5	-200	0	4.5	22.975	20.5164	2.4586	0	0	0	0	0	0	0	0	0	0	0	0	0	0	0	0	0	0
05.500,00.000	10.9	5.5	-200	0	4.5	23.438	20.9793	2.45865	0	0	0	0	0	0	0	0	0	0	0	0	0	0	0	0	0	0
05.500,00.000	11	5.5	-200	0	4.5	23.9314	21.4713	2.46007	0	0	0	0	0	0	0	0	0	0	0	0	0	0	0	0	0	0
05.500,00.000	11.1	5.5	-200	0	4.5	24.4541	21.9913	2.46283	0	0	0	0	0	0	0	0	0	0	0	0	0	0	0	0	0	0
05.500,00.000	11.2	5.5	-200	0	4.5	25.0133	22.5466	2.46665	0	0	0	0	0	0	0	0	0	0	0	0	0	0	0	0	0	0
05.500,00.000	11.3	5.5	-200	0	4.5	25.6392	23.1658	2.47346	0	0	0	0	0	0	0	0	0	0	0	0	0	0	0	0	0	0
05.500,00.000	11.4	5.5	-200	0	4.5	26.3281	23.8433	2.48473	0	0	0	0	0	0	0	0	0	0	0	0	0	0	0	0	0	0
05.500,00.000	11.5	5.5	-200	0	4.5	27.0634	24.564	2.49942	0	0	0	0	0	0	0	0	0	0	0	0	0	0	0	0	0	0
05.500,00.000	11.6	5.5	-200	0	4.5	27.8364	25.3091	2.5273	0	0	0	0	0	0	0	0	0	0	0	0	0	0	0	0	0	0
05.500,00.000	11.7	5.5	-200	0	4.5	28.6397	26.0747	2.56502	0	0	0	0	0	0	0	0	0	0	0	0	0	0	0	0	0	0
05.500,00.000	11.8	5.5	-200	0	4.5	29.473	26.8644	2.60862	0	0	0	0	0	0	0	0	0	0	0	0	0	0	0	0	0	0
05.500,00.000	11.9	5.5	-200	0	4.5	30.3495	27.6904	2.65913	0	0	0	0	0	0	0	0	0	0	0	0	0	0	0	0	0	0
05.500,00.000	12	5.5	-200	0	4.5	31.2698	28.5519	2.71791	0	0	0	0	0	0	0	0	0	0	0	0	0	0	0	0	0	0
05.500,00.000	12.1	5.5	-200	0	4.5	32.2383	29.4546	2.78374	0	0	0	0	0	0	0	0	0	0	0	0	0	0	0	0	0	0
05.500,00.000	12.2	5.5	-200	0	4.5	33.2377	30.382	2.85567	0	0	0	0	0	0	0	0	0	0	0	0	0	0	0	0	0	0
05.500,00.000	12.3	5.5	-200	0	4.5	34.2707	31.3373	2.93338	0	0	0	0	0	0	0	0	0	0	0	0	0	0	0	0	0	0
05.500,00.000	12.4	5.5	-200	0	4.5	35.3379	32.3212	3.01668	0	0	0	0	0	0	0	0	0	0	0	0	0	0	0	0	0	0
05.500,00.000	12.5	5.5	-200	0	4.5	36.4287	33.3239	3.10474	0	0	0	0	0	0	0	0	0	0	0	0	0	0	0	0	0	0
05.500,00.000	12.6	5.5	-200	0	4.5	37.7091	34.4979	3.21126	0	0	0	0	0	0	0	0	0	0	0	0	0	0	0	0	0	0
05.500,00.000	12.7	5.5	-200	0	4.5	38.8641	35.5561	3.30806	0	0	0	0	0	0	0	0	0	0	0	0	0	0	0	0	0	0
05.500,00.000	12.8	5.5	-200	0	4.5	39.8808	36.4867	3.39415	0	0	0	0	0	0	0	0	0	0	0	0	0	0	0	0	0	0
05.500,00.000	12.9	5.5	-200	0	4.5	41.11	37.6097	3.50024	0	0	0	0	0	0	0	0	0	0	0	0	0	0	0	0	0	0
05.500,00.000	13	5.5	-200	0	4.5	42.3502	38.7403	3.60985	0	0	0	0	0	0	0	0	0	0	0	0	0	0	0	0	0	0
05.500,00.000	13.1	5.5	-200	0	4.5	43.5903	39.8697	3.7206	0	0	0	0	0	0	0	0	0	0	0	0	0	0	0	0	0	0
05.500,00.000	13.2	5.5	-200	0	4.5	44.8682	41.033	3.83527	0	0	0	0	0	0	0	0	0	0	0	0	0	0	0	0	0	0
05.500,00.000	13.3	5.5	-200	0	4.5	46.2458	42.214	4.03174	0	0	0	0	0	0	0	0	0	0	0	0	0	0	0	0	0	0
05.500,00.000	13.4	5.5	-200	0	4.5	47.8381	43.4277	4.41041	0	0	0	0	0	0	0	0	0	0	0	0	0	0	0	0	0	0
05.500,00.000	13.5	5.5	-200	0	4.5	49.5775	44.7399	4.8376	0	0	0	0	0	0	0	0	0	0	0	0	0	0	0	0	0	0
05.500,00.000	13.6	5.5	-200	0	4.5	51.6096	46.2481	5.36154	0	0	0	0	0	0	0	0	0	0	0	0	0	0	0	0	0	0
05.500,00.000	13.7	5.5	-200	0	4.5	53.3389	47.5118	5.82706	0	0	0	0	0	0	0	0	0	0	0	0	0	0	0	0	0	0
05.500,00.000	13.8	5.5	-200	0	4.5	54.7288	48.5217	6.2071	0	0	0	0	0	0	0	0	0	0	0	0	0	0	0	0	0	0
05.500,00.000	13.9	5.5	-200	0	4.5	56.3977	49.7381	6.6596	0	0	0	0	0	0	0	0	0	0	0	0	0	0	0	0	0	0
05.500,00.000	14	5.5	-200	0	4.5	58.3089	51.1381	7.17087	0	0	0	0	0	0	0	0	0	0	0	0	0	0	0	0	0	0
05.500,00.000	14.1	5.5	-200	0	4.5	60.1627	52.5002	7.66253	0	0	0	0	0	0	0	0	0	0	0	0	0	0	0	0	0	0
05.500,00.000	14.2	5.5	-200	0	4.5	62.0074	53.8573	8.15005	0	0	0	0	0	0	0	0	0	0	0	0	0	0	0	0	0	0
05.500,00.000	14.3	5.5	-200	0	4.5	63.8794	55.236	8.64339	0	0	0	0	0	0	0	0	0	0	0	0	0	0	0	0	0	0
05.500,00.000	14.4	5.5	-200	0	4.5	65.7729	56.6306	9.1423	0	0	0	0	0	0	0	0	0	0	0	0	0	0	0	0	0	0
05.500,00.000	14.5	5.5	-200	0	4.5	68.2389	58.419	9.8199	0	0	0	0	0	0	0	0	0	0	0	0	0	0	0	0	0	0
05.500,00.000	14.6	5.5	-200	0	4.5	70.4623	60.0169	10.4454	0	0	0	0	0	0	0	0	0	0	0	0	0	0	0	0	0	0
05.500,00.000	14.7	5.5	-200	0	4.5	72.4467	61.439	11.0078	0	0	0	0	0	0	0	0	0	0	0	0	0	0	0	0	0	0
05.500,00.000	14.8	5.5	-200	0	4.5	74.3176	62.7829	11.5347	0	0	0	0	0	0	0	0	0	0	0	0	0	0	0	0	0	0
05.500,00.000	14.9	5.5	-200	0	4.5	75.51	63.6465	11.8635	0	0	0	0	0	0	0	0	0	0	0	0	0	0	0	0	0	0
05.500,00.000	15	5.5	-200	0	4.5	77.7837	65.2968	12.4869	0	0	0	0	0	0	0	0	0	0	0	0	0	0	0	0	0	0
05.500,00.000	15.1	5.5	-200	0	4.5	79.852	66.7941	13.0579	0	0	0	0	0	0	0	0	0	0	0	0	0	0	0	0	0	0
05.500,00.000	15.2	5.5	-200	0	4.5	81.773	68.1912	13.5818	0	0	0	0	0	0	0	0	0	0	0	0	0	0	0	0	0	0
05.500,00.000	15.3	5.5	-200	0	4.5	83.7042	69.5966	14.1076	0	0	0	0	0	0	0	0	0	0	0	0	0	0	0	0	0	0
05.500,00.000	15.4	5.5	-200	0	4.5	85.6521	71.0124	14.6397	0	0	0	0	0	0	0	0	0	0	0	0	0	0	0	0	0	0
05.500,00.000	15.5	5.5	-200	0	4.5	89.7069	73.9593	15.7476	0	0	0	0	0	0	0	0	0	0	0	0	0	0	0	0	0	0
05.500,00.000	15.6	5.5	-200	0	4.5	90.5082	74.5468	15.9614	0	0	0	0	0	0	0	0	0	0	0	0	0	0	0	0	0	0
05.500,00.000	15.7	5.5	-200	0	4.5	92.3609	75.891	16.4698	0	0	0	0	0	0	0	0	0	0	0	0	0	0	0	0	0	0
05.500,00.000	15.8	5.5	-200	0	4.5	92.7822	76.1972	16.585	0	0	0	0	0	0	0	0	0	0	0	0	0	0	0	0	0	0
05.500,00.000	15.9	5.5	-200	0	4.5	93.816	76.9442	16.8718	0	0	0	0	0	0	0	0	0	0	0	0	0	0	0	0	0	0
05.500,00.000	16	5.5	-200	0	4.5	96.5159	78.8969	17.619	0	0	0	0	0	0	0	0	0	0	0	0	0	0	0	0	0	0
05.500,00.000	16.1	5.5	-200	0	4.5	98.693	80.4712	18.2219	0	0	0	0	0	0	0	0	0	0	0	0	0	0	0	0	0	0
05.500,00.000	16.2	5.5	-200	0	4.5	100.613	81.8595	18.7533	0	0	0	0	0	0	0	0	0	0	0	0	0	0	0	0	0	0
05.500,00.000	16.3	5.5	-200	0	4.5	102.528	83.2431	19.2851	0	0	0	0	0	0	0	0	0	0	0	0	0	0	0	0	0	0
05.500,00.000	16.4	5.5	-200	0	4.5	104.457	84.6171	19.8397	0	0	0	0	0	0	0	0	0	0	0	0	0	0	0	0	0	0
05.500,00.000	16.5	5.5	-200	0	4.5	110.058	88.5675	21.4307	0.0599154	0	0	0	0	0	0	0	0	0	0	0	0	0	0	0	0	0
05.500,00.000	16.6	5.5	-200	0	4.5	111.184	89.3559	21.5428	0.285403	0	0	0	0	0	0	0	0	0	0	0	0	0	0	0	0	0
05.500,00.000	16.7	5.5	-200	0	4.5	119.661	95.2228	23.1304	1.30761	0	0	0	0	0	0	0	0	0	0	0	0	0	0	0	0	0
05.500,00.000	16.8	5.5	-200	0	4.5	121.66	96.61	23.4856	1.56433	0	0	0	0	0	0	0	0	0	0	0	0	0	0	0	0	0
05.500,00.000	16.9	5.5	-200	0	4.5	126.745	100.097	24.4176	2.2303	0	0	0	0	0	0	0	0	0	0	0	0	0	0	0	0	0
05.500,00.000	17	5.5	-200	0	4.5	129.746	102.12	25.0122	2.614	0	0	0	0	0	0	0	0	0	0	0	0	0	0	0	0	0
05.500,00.000	17.1	5.5	-200	0	4.5	131.587	103.341	25.3934	2.85306	0	0	0	0	0	0	0	0	0	0	0	0	0	0	0	0	0
05.500,00.000	17.2	5.5	-200	0	4.5	133.406	104.506	25.8091	3.09143	0	0	0	0	0	0	0	0	0	0	0	0	0	0	0	0	0
05.500,00.000	17.3	5.5	-200	0	4.5	135.194	105.607	26.2588	3.32838	0	0	0	0	0	0	0	0	0	0	0	0	0	0	0	0	0
05.500,00.000	17.4	5.5	-200	0	4.5	136.989	106.713	26.7105	3.565	0	0	0	0	0	0	0	0	0	0	0	0	0	0	0	0	0
05.500,00.000	17.5	5.5	-200	0	4.5	143.142	110.459	28.2909	4.3927	0	0	0	0	0	0	0	0	0	0	0	0	0	0	0	0	0
05.500,00.000	17.6	5.5	-200	0	4.5	144.354	111.179	28.6168	4.55742	0	0	0	0	0	0	0	0	0	0	0	0	0	0	0	0	0
05.500,00.000	17.7	5.5	-200	0	4.5	151.276	114.981	30.7512	5.54423	0	0	0	0	0	0	0	0	0	0	0	0	0	0	0	0	0
05.500,00.000	17.8	5.5	-200	0	4.5	152.884	115.777	31.3381	5.76921	0	0	0	0	0	0	0	0	0	0	0	0	0	0	0	0	0
05.500,00.000	17.9	5.5	-200	0	4.5	157.346	118.06	32.8701	6.41643	0	0	0	0	0	0	0	0	0	0	0	0	0	0	0	0	0
05.500,00.000	18	5.5	-200	0	4.5	160.189	119.579	33.8032	6.80654	0	0	0	0	0	0	0	0	0	0	0	0	0	0	0	0	0
05.500,00.000	18.1	5.5	-200	0	4.5	162.315	120.751	34.4772	7.08684	0	0	0	0	0	0	0	0	0	0	0	0	0	0	0	0	0
05.500,00.000	18.2	5.5	-200	0	4.5	164.033	121.691	35.0281	7.31397	0	0	0	0	0	0	0	0	0	0	0	0	0	0	0	0	0
05.500,00.000	18.3	5.5	-200	0	4.5	165.662	122.561	35.5662	7.53482	0	0	0	0	0	0	0	0	0	0	0	0	0	0	0	0	0
05.500,00.000	18.4	5.5	-200	0	4.5	167.315	123.419	36.1364	7.75952	0	0	0	0	0	0	0	0	0	0	0	0	0	0	0	0	0
05.500,00.000	18.5	5.5	-200	0	4.5	175.998	127.901	39.1428	8.95408	0	0	0	0	0	0	0	0	0	0	0	0	0	0	0	0	0
05.500,00.000	18.6	5.5	-200	0	4.5	177.641	128.759	39.6935	9.18891	0	0	0	0	0	0	0	0	0	0	0	0	0	0	0	0	0
05.500,00.000	18.7	5.5	-200	0	4.5	194.021	136.932	45.3343	9.86205	1.89248	0	0	0	0	0	0	0	0	0	0	0	0	0	0	0	0
05.500,00.000	18.8	5.5	-200	0	4.5	197.879	138.33	47.0903	9.98546	2.47329	0	0	0	0	0	0	0	0	0	0	0	0	0	0	0	0
05.500,00.000	18.9	5.5	-200	0	4.5	204.296	140.4	50.2799	10.2156	3.401	0	0	0	0	0	0	0	0	0	0	0	0	0	0	0	0
05.500,00.000	19	5.5	-200	0	4.5	207.979	141.528	52.1796	10.3448	3.92631	0	0	0	0	0	0	0	0	0	0	0	0	0	0	0	0
05.500,00.000	19.1	5.5	-200	0	4.5	209.614	142.019	53.0357	10.4053	4.15417	0	0	0	0	0	0	0	0	0	0	0	0	0	0	0	0
05.500,00.000	19.2	5.5	-200	0	4.5	211.124	142.47	53.828	10.4633	4.36256	0	0	0	0	0	0	0	0	0	0	0	0	0	0	0	0
05.500,00.000	19.3	5.5	-200	0	4.5	212.664	142.928	54.6381	10.5251	4.57273	0	0	0	0	0	0	0	0	0	0	0	0	0	0	0	0
05.500,00.000	19.4	5.5	-200	0	4.5	214.196	143.383	55.4441	10.5893	4.77896	0	0	0	0	0	0	0	0	0	0	0	0	0	0	0	0
05.500,00.000	19.5	5.5	-200	0	4.5	215.824	143.88	56.2903	10.6598	4.99414	0	0	0	0	0	0	0	0	0	0	0	0	0	0	0	0
05.500,00.000	19.6	5.5	-200	0	4.5	217.36	144.359	57.0773	10.7294	5.19408	0	0	0	0	0	0	0	0	0	0	0	0	0	0	0	0
05.500,00.000	19.7	5.5	-200	0	4.5	218.9	144.831	57.8715	10.8028	5.39451	0	0	0	0	0	0	0	0	0	0	0	0	0	0	0	0
05.500,00.000	19.8	5.5	-200	0	4.5	227.841	147.447	62.5258	11.2677	6.60031	0	0	0	0	0	0	0	0	0	0	0	0	0	0	0	0
05.500,00.000	19.9	5.5	-200	0	4.5	229.676	148.025	63.4421	11.365	6.84377	0	0	0	0	0	0	0	0	0	0	0	0	0	0	0	0
05.500,00.000	20	5.5	-200	0	4.5	229.726	148.041	63.4676	11.3678	6.85017	0	0	0	0	0	0	0	0	0	0	0	0	0	0	0	0
05.500,00.000	20.1	5.5	-200	0	4.5	236.96	150.267	67.1257	11.7921	7.77534	0	0	0	0	0	0	0	0	0	0	0	0	0	0	0	0
05.500,00.000	20.2	5.5	-200	0	4.5	240.409	151.421	68.7764	12.0006	8.21127	0	0	0	0	0	0	0	0	0	0	0	0	0	0	0	0
05.500,00.000	20.3	5.5	-200	0	4.5	242.027	151.979	69.5423	12.1005	8.40543	0	0	0	0	0	0	0	0	0	0	0	0	0	0	0	0
05.500,00.000	20.4	5.5	-200	0	4.5	243.683	152.557	70.3163	12.2068	8.60283	0	0	0	0	0	0	0	0	0	0	0	0	0	0	0	0
05.500,00.000	20.5	5.5	-200	0	4.5	245.348	153.143	71.0875	12.318	8.77968	0.0199726	0	0	0	0	0	0	0	0	0	0	0	0	0	0	0
05.500,00.000	20.6	5.5	-200	0	4.5	247.022	153.732	71.8593	12.4351	8.77985	0.215772	0	0	0	0	0	0	0	0	0	0	0	0	0	0	0
05.500,00.000	20.7	5.5	-200	0	4.5	257.458	157.466	76.3348	13.455	8.82468	1.37736	0	0	0	0	0	0	0	0	0	0	0	0	0	0	0
05.500,00.000	20.8	5.5	-200	0	4.5	259.509	158.307	76.8457	13.9135	8.82468	1.618	0	0	0	0	0	0	0	0	0	0	0	0	0	0	0
05.500,00.000	20.9	5.5	-200	0	4.5	259.575	158.332	76.8655	13.9275	8.82472	1.62505	0	0	0	0	0	0	0	0	0	0	0	0	0	0	0
05.500,00.000	21	5.5	-200	0	4.5	260.065	158.536	76.9927	14.0338	8.82501	1.67731	0	0	0	0	0	0	0	0	0	0	0	0	0	0	0
05.500,00.000	21.1	5.5	-200	0	4.5	265.042	160.501	78.4361	15.0892	8.82862	2.18768	0	0	0	0	0	0	0	0	0	0	0	0	0	0	0
05.500,00.000	21.2	5.5	-200	0	4.5	268.086	161.676	79.4008	15.6994	8.83132	2.47797	0	0	0	0	0	0	0	0	0	0	0	0	0	0	0
05.500,00.000	21.3	5.5	-200	0	4.5	270.094	162.454	80.0334	16.1053	8.83442	2.66649	0	0	0	0	0	0	0	0	0	0	0	0	0	0	0
05.500,00.000	21.4	5.5	-200	0	4.5	274.564	164.196	81.4267	17.0171	8.84275	3.08135	0	0	0	0	0	0	0	0	0	0	0	0	0	0	0
05.500,00.000	21.5	5.5	-200	0	4.5	275.542	164.575	81.7279	17.2211	8.84512	3.17307	0	0	0	0	0	0	0	0	0	0	0	0	0	0	0
05.500,00.000	21.6	5.5	-200	0	4.5	278.727	165.812	82.7058	17.8875	8.8568	3.46481	0	0	0	0	0	0	0	0	0	0	0	0	0	0	0
05.500,00.000	21.7	5.5	-200	0	4.5	290.063	170.447	86.0292	20.2087	8.90508	4.47214	0	0	0	0	0	0	0	0	0	0	0	0	0	0	0
05.500,00.000	21.8	5.5	-200	0	4.5	297.977	173.878	88.2905	21.7346	8.95444	5.11892	0	0	0	0	0	0	0	0	0	0	0	0	0	0	0
05.500,00.000	21.9	5.5	-200	0	4.5	298.417	174.069	88.4151	21.8201	8.95767	5.15477	0	0	0	0	0	0	0	0	0	0	0	0	0	0	0
05.500,00.000	22	5.5	-200	0	4.5	299.401	174.51	88.6802	22.0109	8.96859	5.23192	0	0	0	0	0	0	0	0	0	0	0	0	0	0	0
05.500,00.000	22.1	5.5	-200	0	4.5	306.661	177.734	90.6444	23.4268	9.05985	5.79645	0	0	0	0	0	0	0	0	0	0	0	0	0	0	0
05.500,00.000	22.2	5.5	-200	0	4.5	310.627	179.572	91.6796	24.1724	9.11482	6.08895	0	0	0	0	0	0	0	0	0	0	0	0	0	0	0
05.500,00.000	22.3	5.5	-200	0	4.5	313.166	180.78	92.3287	24.6351	9.156	6.26658	0	0	0	0	0	0	0	0	0	0	0	0	0	0	0
05.500,00.000	22.4	5.5	-200	0	4.5	318.24	183.219	93.6111	25.5509	9.24798	6.6113	0	0	0	0	0	0	0	0	0	0	0	0	0	0	0
05.500,00.000	22.5	5.5	-200	0	4.5	319.377	183.776	93.8807	25.7606	9.27058	6.68944	0	0	0	0	0	0	0	0	0	0	0	0	0	0	0
05.500,00.000	22.6	5.5	-200	0	4.5	323.173	185.598	94.825	26.4516	9.35745	6.94115	0	0	0	0	0	0	0	0	0	0	0	0	0	0	0
05.500,00.000	22.7	5.5	-200	0	4.5	326.365	187.161	95.594	27.0284	9.43466	7.14751	0	0	0	0	0	0	0	0	0	0	0	0	0	0	0
05.500,00.000	22.8	5.5	-200	0	4.5	329.174	188.518	96.282	27.5387	9.50802	7.32706	0	0	0	0	0	0	0	0	0	0	0	0	0	0	0
05.500,00.000	22.9	5.5	-200	0	4.5	351.614	199.143	101.846	31.7087	10.152	8.76476	0	0	0	0	0	0	0	0	0	0	0	0	0	0	0
05.500,00.000	23	5.5	-200	0	4.5	355.674	200.873	102.927	32.3183	10.5082	9.04737	0	0	0	0	0	0	0	0	0	0	0	0	0	0	0
05.500,00.000	23.1	5.5	-200	0	4.5	368.589	205.375	107.401	33.9357	11.9757	9.64662	0.25514	0	0	0	0	0	0	0	0	0	0	0	0	0	0
05.500,00.000	23.2	5.5	-200	0	4.5	374.684	207.228	109.772	34.6661	12.7164	9.60975	0.69166	0	0	0	0	0	0	0	0	0	0	0	0	0	0
05.500,00.000	23.3	5.5	-200	0	4.5	377.36	208.046	110.804	34.9922	13.0452	9.60975	0.861941	0	0	0	0	0	0	0	0	0	0	0	0	0	0
05.500,00.000	23.4	5.5	-200	0	4.5	380.111	208.885	111.861	35.3332	13.3877	9.60975	1.03458	0	0	0	0	0	0	0	0	0	0	0	0	0	0
05.500,00.000	23.5	5.5	-200	0	4.5	382.881	209.719	112.919	35.6855	13.7404	9.60975	1.20729	0	0	0	0	0	0	0	0	0	0	0	0	0	0
05.500,00.000	23.6	5.5	-200	0	4.5	390.91	212.303	115.438	36.8589	14.9257	9.61011	1.77485	0	0	0	0	0	0	0	0	0	0	0	0	0	0
05.500,00.000	23.7	5.5	-200	0	4.5	392.63	212.877	115.953	37.1145	15.1805	9.61049	1.89458	0	0	0	0	0	0	0	0	0	0	0	0	0	0
05.500,00.000	23.8	5.5	-200	0	4.5	397.515	214.442	117.464	37.8556	15.914	9.61466	2.22518	0	0	0	0	0	0	0	0	0	0	0	0	0	0
05.500,00.000	23.9	5.5	-200	0	4.5	401.381	215.678	118.66	38.4427	16.4983	9.61847	2.4832	0	0	0	0	0	0	0	0	0	0	0	0	0	0
05.500,00.000	24	5.5	-200	0	4.5	402.056	215.906	118.863	38.5435	16.598	9.61936	2.52636	0	0	0	0	0	0	0	0	0	0	0	0	0	0
05.500,00.000	24.1	5.5	-200	0	4.5	407.41	217.679	120.524	39.3417	17.381	9.62988	2.8546	0	0	0	0	0	0	0	0	0	0	0	0	0	0
05.500,00.000	24.2	5.5	-200	0	4.5	411.231	218.957	121.728	39.8825	17.9388	9.63886	3.08517	0	0	0	0	0	0	0	0	0	0	0	0	0	0
05.500,00.000	24.3	5.5	-200	0	4.5	414.148	219.933	122.64	40.3085	18.3619	9.64825	3.25638	0	0	0	0	0	0	0	0	0	0	0	0	0	0
05.500,00.000	24.4	5.5	-200	0	4.5	417.107	220.91	123.569	40.747	18.7937	9.65918	3.428	0	0	0	0	0	0	0	0	0	0	0	0	0	0
05.500,00.000	24.5	5.5	-200	0	4.5	420.116	221.904	124.508	41.1996	19.233	9.67217	3.59955	0	0	0	0	0	0	0	0	0	0	0	0	0	0
05.500,00.000	24.6	5.5	-200	0	4.5	423.177	222.896	125.475	41.6665	19.6805	9.68785	3.77176	0	0	0	0	0	0	0	0	0	0	0	0	0	0
05.500,00.000	24.7	5.5	-200	0	4.5	426.292	223.906	126.467	42.1431	20.1306	9.70515	3.94145	0	0	0	0	0	0	0	0	0	0	0	0	0	0
05.500,00.000	24.8	5.5	-200	0	4.5	429.434	224.943	127.444	42.6375	20.5733	9.72466	4.11219	0	0	0	0	0	0	0	0	0	0	0	0	0	0
05.500,00.000	24.9	5.5	-200	0	4.5	439.144	228.499	130.504	44.2859	21.407	9.80027	4.64826	0	0	0	0	0	0	0	0	0	0	0	0	0	0
05.500,00.000	25	5.5	-200	0	4.5	441.321	229.322	131.137	44.7008	21.5842	9.81697	4.75978	0	0	0	0	0	0	0	0	0	0	0	0	0	0
05.500,00.000	25.1	5.5	-200	0	4.5	448.728	232.394	133.187	45.9761	22.1754	9.88279	5.11256	0	0	0	0	0	0	0	0	0	0	0	0	0	0
05.500,00.000	25.2	5.5	-200	0	4.5	453.989	234.611	134.611	46.8976	22.5864	9.93173	5.3518	0	0	0	0	0	0	0	0	0	0	0	0	0	0
05.500,00.000	25.3	5.5	-200	0	4.5	457.782	236.209	135.64	47.5507	22.8895	9.97106	5.52178	0	0	0	0	0	0	0	0	0	0	0	0	0	0
05.500,00.000	25.4	5.5	-200	0	4.5	475.997	244.026	140.543	50.5938	24.3484	10.1755	6.31036	0	0	0	0	0	0	0	0	0	0	0	0	0	0
05.500,00.000	25.5	5.5	-200	0	4.5	481.648	246.508	142.084	51.4891	24.7789	10.2403	6.54857	0	0	0	0	0	0	0	0	0	0	0	0	0	0
05.500,00.000	25.6	5.5	-200	0	4.5	481.671	246.518	142.09	51.4928	24.7806	10.2406	6.54949	0	0	0	0	0	0	0	0	0	0	0	0	0	0
05.500,00.000	25.7	5.5	-200	0	4.5	481.898	246.618	142.148	51.5308	24.7989	10.2438	6.55872	0	0	0	0	0	0	0	0	0	0	0	0	0	0
05.500,00.000	25.8	5.5	-200	0	4.5	498.505	254.074	146.275	54.2856	26.1574	10.4939	7.21953	0	0	0	0	0	0	0	0	0	0	0	0	0	0
05.500,00.000	25.9	5.5	-200	0	4.5	505.862	257.275	148.116	55.5581	26.78	10.6126	7.52039	0	0	0	0	0	0	0	0	0	0	0	0	0	0
05.500,00.000	26	5.5	-200	0	4.5	506.186	257.415	148.198	55.6122	26.8088	10.6183	7.53347	0	0	0	0	0	0	0	0	0	0	0	0	0	0
05.500,00.000	26.1	5.5	-200	0	4.5	508.896	258.586	148.881	56.0639	27.0546	10.6695	7.64156	0	0	0	0	0	0	0	0	0	0	0	0	0	0
05.500,00.000	26.2	5.5	-200	0	4.5	510.138	259.117	149.201	56.2654	27.1703	10.6937	7.69111	0	0	0	0	0	0	0	0	0	0	0	0	0	0
05.500,00.000	26.3	5.5	-200	0	4.5	510.52	259.284	149.295	56.3276	27.2063	10.7015	7.70583	0	0	0	0	0	0	0	0	0	0	0	0	0	0
05.500,00.000	26.4	5.5	-200	0	4.5	510.582	259.311	149.311	56.3377	27.2119	10.7028	7.70823	0	0	0	0	0	0	0	0	0	0	0	0	0	0
05.500,00.000	26.5	5.5	-200	0	4.5	510.886	259.445	149.384	56.3872	27.2409	10.7094	7.71956	0	0	0	0	0	0	0	0	0	0	0	0	0	0
05.500,00.000	26.6	5.5	-200	0	4.5	511.315	259.631	149.488	56.4591	27.2813	10.7192	7.73573	0	0	0	0	0	0	0	0	0	0	0	0	0	0
05.500,00.000	26.7	5.5	-200	0	4.5	523.279	264.874	152.344	58.5168	28.3653	11.0017	8.17696	0	0	0	0	0	0	0	0	0	0	0	0	0	0
05.500,00.000	26.8	5.5	-200	0	4.5	531.666	268.597	154.321	59.9863	29.0779	11.2032	8.48164	0	0	0	0	0	0	0	0	0	0	0	0	0	0
05.500,00.000	26.9	5.5	-200	0	4.5	541.63	273.009	156.624	61.715	29.9912	11.4538	8.83769	0	0	0	0	0	0	0	0	0	0	0	0	0	0
05.500,00.000	27	5.5	-200	0	4.5	543.786	273.952	157.134	62.1232	30.1554	11.5082	8.91282	0	0	0	0	0	0	0	0	0	0	0	0	0	0
05.500,00.000	27.1	5.5	-200	0	4.5	551.983	277.597	159.011	63.5594	30.8955	11.7265	9.02516	0.168401	0	0	0	0	0	0	0	0	0	0	0	0	0
05.500,00.000	27.2	5.5	-200	0	4.5	558.352	280.464	160.46	64.6088	31.5127	11.8995	9.01619	0.390995	0	0	0	0	0	0	0	0	0	0	0	0	0
05.500,00.000	27.3	5.5	-200	0	4.5	563.377	282.711	161.6	65.4273	32.02	12.0441	9.02246	0.552612	0	0	0	0	0	0	0	0	0	0	0	0	0
05.500,00.000	27.4	5.5	-200	0	4.5	564.225	283.09	161.795	65.5725	32.0962	12.0688	9.01603	0.58705	0	0	0	0	0	0	0	0	0	0	0	0	0
05.500,00.000	27.5	5.5	-200	0	4.5	598.172	298.322	169.468	70.8182	35.6857	13.147	9.05757	1.67419	0	0	0	0	0	0	0	0	0	0	0	0	0
05.500,00.000	27.6	5.5	-200	0	4.5	608.602	302.678	171.955	72.755	36.6091	13.5057	9.05772	2.0416	0	0	0	0	0	0	0	0	0	0	0	0	0
05.500,00.000	27.7	5.5	-200	0	4.5	613.453	304.677	173.103	73.5432	37.1703	13.6878	9.06104	2.21097	0	0	0	0	0	0	0	0	0	0	0	0	0
05.500,00.000	27.8	5.5	-200	0	4.5	620.737	307.642	174.752	74.7097	37.9993	14.1073	9.06617	2.46054	0	0	0	0	0	0	0	0	0	0	0	0	0
05.500,00.000	27.9	5.5	-200	0	4.5	622.42	308.319	175.123	74.9675	38.186	14.2404	9.06759	2.51691	0	0	0	0	0	0	0	0	0	0	0	0	0
05.500,00.000	28	5.5	-200	0	4.5	622.831	308.483	175.215	75.0282	38.2336	14.2727	9.06809	2.5304	0	0	0	0	0	0	0	0	0	0	0	0	0
05.500,00.000	28.1	5.5	-200	0	4.5	623.285	308.664	175.317	75.094	38.2871	14.3089	9.06874	2.54516	0	0	0	0	0	0	0	0	0	0	0	0	0
05.500,00.000	28.2	5.5	-200	0	4.5	623.684	308.823	175.406	75.1509	38.335	14.3413	9.06941	2.55807	0	0	0	0	0	0	0	0	0	0	0	0	0
05.500,00.000	28.3	5.5	-200	0	4.5	624.034	308.963	175.484	75.1998	38.3778	14.3702	9.07008	2.5693	0	0	0	0	0	0	0	0	0	0	0	0	0
05.500,00.000	28.4	5.5	-200	0	4.5	624.089	308.985	175.497	75.2073	38.3844	14.3748	9.0702	2.57106	0	0	0	0	0	0	0	0	0	0	0	0	0
05.500,00.000	28.5	5.5	-200	0	4.5	657.122	322.091	182.752	79.7046	42.61	17.1905	9.15219	3.62144	0	0	0	0	0	0	0	0	0	0	0	0	0
05.500,00.000	28.6	5.5	-200	0	4.5	671.065	327.372	185.875	81.7529	44.3296	18.4502	9.19325	4.09195	0	0	0	0	0	0	0	0	0	0	0	0	0
05.500,00.000	28.7	5.5	-200	0	4.5	699.503	338.833	191.813	85.6955	47.8516	20.9895	9.29563	5.02433	0	0	0	0	0	0	0	0	0	0	0	0	0
05.500,00.000	28.8	5.5	-200	0	4.5	705.091	341.12	192.965	86.4639	48.5249	21.4931	9.3169	5.20687	0	0	0	0	0	0	0	0	0	0	0	0	0
05.500,00.000	28.9	5.5	-200	0	4.5	705.291	341.207	193.003	86.4897	48.5493	21.5108	9.31787	5.21311	0	0	0	0	0	0	0	0	0	0	0	0	0
05.500,00.000	29	5.5	-200	0	4.5	705.721	341.395	193.083	86.5443	48.6022	21.5493	9.32014	5.22638	0	0	0	0	0	0	0	0	0	0	0	0	0
05.500,00.000	29.1	5.5	-200	0	4.5	719.16	347.263	195.648	88.225	50.2211	22.7649	9.40017	5.63821	0	0	0	0	0	0	0	0	0	0	0	0	0
05.500,00.000	29.2	5.5	-200	0	4.5	727.471	351.11	197.106	89.246	51.1541	23.5137	9.45309	5.88894	0	0	0	0	0	0	0	0	0	0	0	0	0
05.500,00.000	29.3	5.5	-200	0	4.5	733.077	353.734	198.074	89.9104	51.7972	23.8913	9.61692	6.05375	0	0	0	0	0	0	0	0	0	0	0	0	0
05.500,00.000	29.4	5.5	-200	0	4.5	746.47	360.001	200.402	91.4662	53.3398	24.6992	10.1185	6.44223	0	0	0	0	0	0	0	0	0	0	0	0	0
05.500,00.000	29.5	5.5	-200	0	4.5	754.778	363.882	201.867	92.4218	54.292	25.1797	10.4555	6.68047	0	0	0	0	0	0	0	0	0	0	0	0	0
05.500,00.000	29.6	5.5	-200	0	4.5	760.517	366.534	202.86	93.0938	54.9669	25.5209	10.6953	6.84573	0	0	0	0	0	0	0	0	0	0	0	0	0
05.500,00.000	29.7	5.5	-200	0	4.5	782.667	376.09	206.85	95.7819	57.77	26.9458	11.6993	7.53004	0	0	0	0	0	0	0	0	0	0	0	0	0
05.500,00.000	29.8	5.5	-200	0	4.5	803.221	385.116	210.3	98.8486	60.1337	28.1716	12.5526	8.09841	0	0	0	0	0	0	0	0	0	0	0	0	0
05.500,00.000	29.9	5.5	-200	0	4.5	804.932	385.86	210.58	99.1158	60.3309	28.2754	12.6245	8.14561	0	0	0	0	0	0	0	0	0	0	0	0	0
05.500,00.000	30	5.5	-200	0	4.5	833.7	398.44	215.444	103.319	63.6871	30.0491	13.8427	8.91796	0	0	0	0	0	0	0	0	0	0	0	0	0
05.500,00.000	30.1	5.5	-200	0	4.5	847.305	404.413	217.794	105.154	65.3123	30.9106	14.434	8.93436	0.352946	0	0	0	0	0	0	0	0	0	0	0	0
05.500,00.000	30.2	5.5	-200	0	4.5	853.361	407.043	218.846	106.002	66.0206	31.299	14.7012	8.93436	0.514461	0	0	0	0	0	0	0	0	0	0	0	0
05.500,00.000	30.3	5.5	-200	0	4.5	859.469	409.693	219.902	106.852	66.7325	31.6995	14.9768	8.93436	0.67712	0	0	0	0	0	0	0	0	0	0	0	0
05.500,00.000	30.4	5.5	-200	0	4.5	865.576	412.334	220.962	107.696	67.4425	32.1087	15.2584	8.93436	0.839465	0	0	0	0	0	0	0	0	0	0	0	0
05.500,00.000	30.5	5.5	-200	0	4.5	871.684	414.983	222.003	108.538	68.1502	32.5273	15.5462	8.93436	1.00192	0	0	0	0	0	0	0	0	0	0	0	0
05.500,00.000	30.6	5.5	-200	0	4.5	877.73	417.58	223.051	109.382	68.8183	32.9565	15.8418	8.93436	1.16586	0	0	0	0	0	0	0	0	0	0	0	0
05.500,00.000	30.7	5.5	-200	0	4.5	883.513	419.921	224.085	110.225	69.477	33.3944	16.1456	8.93436	1.33147	0	0	0	0	0	0	0	0	0	0	0	0
05.500,00.000	30.8	5.5	-200	0	4.5	928.945	439.41	232.464	115.917	74.4207	36.761	18.4768	8.93613	2.5599	0	0	0	0	0	0	0	0	0	0	0	0
05.500,00.000	30.9	5.5	-200	0	4.5	937.081	442.877	234.044	116.712	75.3627	37.4169	18.9328	8.93769	2.79845	0	0	0	0	0	0	0	0	0	0	0	0
05.500,00.000	31	5.5	-200	0	4.5	947.93	447.466	236.134	117.75	76.628	38.3412	19.555	8.94609	3.11077	0	0	0	0	0	0	0	0	0	0	0	0
05.500,00.000	31.1	5.5	-200	0	4.5	963.464	453.853	239.022	119.169	78.3465	40.1521	20.4216	8.9614	3.53895	0	0	0	0	0	0	0	0	0	0	0	0
05.500,00.000	31.2	5.5	-200	0	4.5	971.155	457.029	240.494	119.873	79.1784	41.0766	20.7776	8.97167	3.75557	0	0	0	0	0	0	0	0	0	0	0	0
05.500,00.000	31.3	5.5	-200	0	4.5	976.759	459.367	241.596	120.369	79.8029	41.7676	20.9575	8.98239	3.91565	0	0	0	0	0	0	0	0	0	0	0	0
05.500,00.000	31.4	5.5	-200	0	4.5	1001.06	469.75	246.403	122.432	82.4158	44.7156	21.7096	9.04016	4.59148	0	0	0	0	0	0	0	0	0	0	0	0
05.500,00.000	31.5	5.5	-200	0	4.5	1012.46	474.838	248.777	123.317	83.6406	45.8408	22.0566	9.07295	4.92247	0	0	0	0	0	0	0	0	0	0	0	0
05.500,00.000	31.6	5.5	-200	0	4.5	1017.99	477.168	249.969	123.774	84.2948	46.3589	22.2369	9.09534	5.08884	0	0	0	0	0	0	0	0	0	0	0	0
05.500,00.000	31.7	5.5	-200	0	4.5	1023.21	479.404	251.118	124.183	84.8974	46.8385	22.4079	9.11986	5.23974	0	0	0	0	0	0	0	0	0	0	0	0
05.500,00.000	31.8	5.5	-200	0	4.5	1031.49	482.903	252.954	124.828	85.864	47.6114	22.6883	9.16544	5.48001	0	0	0	0	0	0	0	0	0	0	0	0
05.500,00.000	31.9	5.5	-200	0	4.5	1033.49	483.74	253.404	124.971	86.0989	47.8061	22.7587	9.17763	5.53877	0	0	0	0	0	0	0	0	0	0	0	0
05.500,00.000	32	5.5	-200	0	4.5	1039.67	486.359	254.763	125.429	86.8152	48.3882	22.9793	9.2206	5.71386	0	0	0	0	0	0	0	0	0	0	0	0
05.500,00.000	32.1	5.5	-200	0	4.5	1045.86	489.019	256.114	125.865	87.5321	48.9706	23.2057	9.26735	5.88904	0	0	0	0	0	0	0	0	0	0	0	0
05.500,00.000	32.2	5.5	-200	0	4.5	1051.5	491.43	257.354	126.24	88.1881	49.5051	23.4189	9.31454	6.04849	0	0	0	0	0	0	0	0	0	0	0	0
05.500,00.000	32.3	5.5	-200	0	4.5	1057.18	493.886	258.598	126.609	88.8414	50.0401	23.6371	9.36552	6.2069	0	0	0	0	0	0	0	0	0	0	0	0
05.500,00.000	32.4	5.5	-200	0	4.5	1091.24	508.738	266.069	128.755	92.6373	53.2324	24.9725	9.69561	7.14346	0	0	0	0	0	0	0	0	0	0	0	0
05.500,00.000	32.5	5.5	-200	0	4.5	1106.32	515.055	269.719	129.6	94.2861	54.6681	25.5787	9.85211	7.56171	0	0	0	0	0	0	0	0	0	0	0	0
05.500,00.000	32.6	5.5	-200	0	4.5	1111.97	517.482	271.023	129.915	94.8897	55.2067	25.8142	9.91682	7.71768	0	0	0	0	0	0	0	0	0	0	0	0
05.500,00.000	32.7	5.5	-200	0	4.5	1117.69	520.004	272.321	130.217	95.4845	55.7475	26.0579	9.98658	7.87265	0	0	0	0	0	0	0	0	0	0	0	0
05.500,00.000	32.8	5.5	-200	0	4.5	1144.67	531.6	278.436	131.636	98.3466	58.3933	27.2748	10.3493	8.63293	0	0	0	0	0	0	0	0	0	0	0	0
05.500,00.000	32.9	5.5	-200	0	4.5	1149.97	533.928	279.651	131.876	98.8557	58.9221	27.5262	10.4252	8.78477	0	0	0	0	0	0	0	0	0	0	0	0
05.500,00.000	33	5.5	-200	0	4.5	1150.3	534.075	279.722	131.893	98.8881	58.9533	27.5416	10.4301	8.79353	0	0	0	0	0	0	0	0	0	0	0	0
05.500,00.000	33.1	5.5	-200	0	4.5	1165.54	540.961	282.956	132.682	100.371	60.4124	28.2846	10.6715	9.06865	0.13162	0	0	0	0	0	0	0	0	0	0	0
05.500,00.000	33.2	5.5	-200	0	4.5	1174.82	545.241	284.894	133.15	101.231	61.2916	28.7444	10.8231	9.05782	0.387898	0	0	0	0	0	0	0	0	0	0	0
05.500,00.000	33.3	5.5	-200	0	4.5	1180.86	548.068	286.125	133.449	101.792	61.8512	29.0486	10.9261	9.06331	0.538158	0	0	0	0	0	0	0	0	0	0	0
05.500,00.000	33.4	5.5	-200	0	4.5	1193.64	554.099	288.679	134.083	102.959	63.0311	29.71	11.154	9.06967	0.857606	0	0	0	0	0	0	0	0	0	0	0
05.500,00.000	33.5	5.5	-200	0	4.5	1202.01	558.072	290.351	134.489	103.704	63.7976	30.1519	11.3081	9.06967	1.06981	0	0	0	0	0	0	0	0	0	0	0
05.500,00.000	33.6	5.5	-200	0	4.5	1208.23	561.001	291.596	134.781	104.255	64.3758	30.493	11.4289	9.06967	1.23067	0	0	0	0	0	0	0	0	0	0	0
05.500,00.000	33.7	5.5	-200	0	4.5	1226.39	569.634	295.18	135.645	105.793	66.0497	31.5182	11.7994	9.06967	1.69698	0	0	0	0	0	0	0	0	0	0	0
05.500,00.000	33.8	5.5	-200	0	4.5	1231.02	571.838	296.134	135.863	106.173	66.4374	31.7882	11.8975	9.06967	1.81662	0	0	0	0	0	0	0	0	0	0	0
05.500,00.000	33.9	5.5	-200	0	4.5	1231.36	572.003	296.2	135.879	106.2	66.4669	31.8084	11.905	9.06967	1.82515	0	0	0	0	0	0	0	0	0	0	0
05.500,00.000	34	5.5	-200	0	4.5	1243.27	577.853	298.455	136.432	107.12	67.4917	32.5414	12.179	9.06972	2.12273	0	0	0	0	0	0	0	0	0	0	0
05.500,00.000	34.1	5.5	-200	0	4.5	1252.69	582.48	300.341	136.861	107.795	68.2697	33.1241	12.3984	9.07017	2.35345	0	0	0	0	0	0	0	0	0	0	0
05.500,00.000	34.2	5.5	-200	0	4.5	1259.5	586.021	301.643	137.151	108.235	68.7933	33.5275	12.5516	9.07068	2.50768	0	0	0	0	0	0	0	0	0	0	0
05.500,00.000	34.3	5.5	-200	0	4.5	1266.69	589.771	303.049	137.458	108.677	69.3273	33.9544	12.7152	9.07149	2.66587	0	0	0	0	0	0	0	0	0	0	0
05.500,00.000	34.4	5.5	-200	0	4.5	1273.96	593.625	304.434	137.789	109.104	69.848	34.3878	12.8822	9.07334	2.8215	0	0	0	0	0	0	0	0	0	0	0
05.500,00.000	34.5	5.5	-200	0	4.5	1281.56	597.763	305.808	138.152	109.531	70.3651	34.8349	13.0559	9.07594	2.9775	0	0	0	0	0	0	0	0	0	0	0
05.500,00.000	34.6	5.5	-200	0	4.5	1289.32	601.943	307.23	138.533	109.983	70.8806	35.2965	13.2367	9.0802	3.13636	0	0	0	0	0	0	0	0	0	0	0
05.500,00.000	34.7	5.5	-200	0	4.5	1301.18	608.381	309.353	139.111	110.721	71.6359	36.0002	13.5163	9.08896	3.3727	0	0	0	0	0	0	0	0	0	0	0
05.500,00.000	34.8	5.5	-200	0	4.5	1305.9	610.973	310.189	139.337	111.012	71.9222	36.2784	13.6278	9.09335	3.46416	0	0	0	0	0	0	0	0	0	0	0
05.500,00.000	34.9	5.5	-200	0	4.5	1311.21	613.89	311.084	139.607	111.364	72.2477	36.5979	13.7573	9.09993	3.56583	0	0	0	0	0	0	0	0	0	0	0
05.500,00.000	35	5.5	-200	0	4.5	1320.76	619.131	312.643	140.093	111.988	72.8816	37.1728	13.992	9.11381	3.74471	0	0	0	0	0	0	0	0	0	0	0
05.500,00.000	35.1	5.5	-200	0	4.5	1329.75	623.966	314.16	140.54	112.553	73.5745	37.7125	14.2105	9.12863	3.90654	0	0	0	0	0	0	0	0	0	0	0
05.500,00.000	35.2	5.5	-200	0	4.5	1338.34	628.532	315.508	140.966	113.087	74.2764	38.322	14.4372	9.14593	4.0693	0	0	0	0	0	0	0	0	0	0	0
05.500,00.000	35.3	5.5	-200	0	4.5	1346.27	632.771	316.699	141.361	113.565	74.8989	38.936	14.654	9.16413	4.22051	0	0	0	0	0	0	0	0	0	0	0
05.500,00.000	35.4	5.5	-200	0	4.5	1354.17	637.008	317.838	141.761	114.025	75.5085	39.5923	14.8802	9.18509	4.37263	0	0	0	0	0	0	0	0	0	0	0
05.500,00.000	35.5	5.5	-200	0	4.5	1362.15	641.318	318.934	142.168	114.475	76.117	40.2831	15.1196	9.20871	4.52698	0	0	0	0	0	0	0	0	0	0	0
05.500,00.000	35.6	5.5	-200	0	4.5	1370.02	645.534	320.019	142.575	114.904	76.7088	40.9933	15.3708	9.23452	4.68169	0	0	0	0	0	0	0	0	0	0	0
05.500,00.000	35.7	5.5	-200	0	4.5	1380.88	651.293	321.543	143.147	115.474	77.5004	42.0053	15.7411	9.27395	4.89827	0	0	0	0	0	0	0	0	0	0	0
05.500,00.000	35.8	5.5	-200	0	4.5	1389.4	655.85	322.702	143.601	115.903	78.1063	42.8145	16.0463	9.30777	5.06897	0	0	0	0	0	0	0	0	0	0	0
05.500,00.000	35.9	5.5	-200	0	4.5	1390.79	656.587	322.897	143.676	115.971	78.1996	42.9507	16.0981	9.31364	5.09706	0	0	0	0	0	0	0	0	0	0	0
05.500,00.000	36	5.5	-200	0	4.5	1400.14	661.697	324.055	144.196	116.397	78.8248	43.8626	16.4662	9.35759	5.28587	0	0	0	0	0	0	0	0	0	0	0
05.500,00.000	36.1	5.5	-200	0	4.5	1408.68	666.405	325.099	144.667	116.77	79.3632	44.7077	16.813	9.40048	5.45859	0	0	0	0	0	0	0	0	0	0	0
05.500,00.000	36.2	5.5	-200	0	4.5	1416.18	670.552	325.993	145.082	117.081	79.8326	45.4579	17.1292	9.44191	5.61067	0	0	0	0	0	0	0	0	0	0	0
05.500,00.000	36.3	5.5	-200	0	4.5	1423.64	674.68	326.879	145.49	117.376	80.2942	46.2149	17.4563	9.48674	5.7632	0	0	0	0	0	0	0	0	0	0	0
05.500,00.000	36.4	5.5	-200	0	4.5	1431.2	678.886	327.714	145.905	117.725	80.7469	46.9775	17.7934	9.53525	5.91584	0	0	0	0	0	0	0	0	0	0	0
05.500,00.000	36.5	5.5	-200	0	4.5	1438.73	683.097	328.524	146.325	118.057	81.191	47.7431	18.1397	9.58725	6.0684	0	0	0	0	0	0	0	0	0	0	0
05.500,00.000	36.6	5.5	-200	0	4.5	1446.39	687.326	329.355	146.754	118.376	81.6909	48.5222	18.4999	9.64396	6.22332	0	0	0	0	0	0	0	0	0	0	0
05.500,00.000	36.7	5.5	-200	0	4.5	1456.68	693.031	330.446	147.34	118.779	82.3634	49.57	18.9976	9.72578	6.43159	0	0	0	0	0	0	0	0	0	0	0
05.500,00.000	36.8	5.5	-200	0	4.5	1467.16	698.823	331.562	147.92	119.17	83.0508	50.6471	19.5213	9.81511	6.64556	0	0	0	0	0	0	0	0	0	0	0
05.500,00.000	36.9	5.5	-200	0	4.5	1468.89	699.752	331.783	148.005	119.233	83.1609	50.8309	19.6107	9.83071	6.68152	0	0	0	0	0	0	0	0	0	0	0
05.500,00.000	37	5.5	-200	0	4.5	1479.17	705.421	332.821	148.588	119.675	83.8192	51.8793	20.1501	9.92994	6.89092	0	0	0	0	0	0	0	0	0	0	0
05.500,00.000	37.1	5.5	-200	0	4.5	1488.19	710.24	333.725	149.066	120.264	84.4089	52.7783	20.6206	10.0187	7.06947	0	0	0	0	0	0	0	0	0	0	0
05.500,00.000	37.2	5.5	-200	0	4.5	1495.87	714.454	334.448	149.462	120.72	84.923	53.5233	21.0229	10.0974	7.217	0	0	0	0	0	0	0	0	0	0	0
05.500,00.000	37.3	5.5	-200	0	4.5	1503.77	718.83	335.17	149.878	121.178	85.4411	54.2822	21.444	10.1823	7.36656	0	0	0	0	0	0	0	0	0	0	0
05.500,00.000	37.4	5.5	-200	0	4.5	1511.7	723.268	335.874	150.302	121.624	85.9419	55.035	21.8725	10.2714	7.51416	0	0	0	0	0	0	0	0	0	0	0
05.500,00.000	37.5	5.5	-200	0	4.5	1519.66	727.766	336.554	150.734	122.058	86.4378	55.7823	22.3086	10.3647	7.65985	0	0	0	0	0	0	0	0	0	0	0
05.500,00.000	37.6	5.5	-200	0	4.5	1527.7	732.322	337.217	151.177	122.486	86.9403	56.5259	22.7592	10.4639	7.80615	0	0	0	0	0	0	0	0	0	0	0
05.500,00.000	37.7	5.5	-200	0	4.5	1538.04	738.19	338.095	151.762	123.023	87.5784	57.4482	23.3532	10.5984	7.99305	0	0	0	0	0	0	0	0	0	0	0
05.500,00.000	37.8	5.5	-200	0	4.5	1546.39	742.948	338.815	152.238	123.444	88.0716	58.1851	23.8393	10.7113	8.14164	0	0	0	0	0	0	0	0	0	0	0
05.500,00.000	37.9	5.5	-200	0	4.5	1549.48	744.718	339.08	152.414	123.597	88.2488	58.4538	24.0213	10.7548	8.19592	0	0	0	0	0	0	0	0	0	0	0
05.500,00.000	38	5.5	-200	0	4.5	1558.71	750.041	339.811	152.968	124.039	88.7765	59.2548	24.5709	10.8919	8.35534	0	0	0	0	0	0	0	0	0	0	0
05.500,00.000	38.1	5.5	-200	0	4.5	1567.54	755.167	340.508	153.494	124.453	89.268	60.011	25.1016	11.0282	8.50617	0	0	0	0	0	0	0	0	0	0	0
05.500,00.000	38.2	5.5	-200	0	4.5	1575.54	759.779	341.11	153.989	124.828	89.7296	60.6997	25.6028	11.1611	8.64513	0	0	0	0	0	0	0	0	0	0	0
05.500,00.000	38.3	5.5	-200	0	4.5	1583.21	764.2	341.675	154.47	125.18	90.1745	61.3453	26.0949	11.2964	8.77849	0	0	0	0	0	0	0	0	0	0	0
05.500,00.000	38.4	5.5	-200	0	4.5	1590.82	768.581	342.222	154.954	125.522	90.6106	61.9876	26.5936	11.4385	8.91086	0	0	0	0	0	0	0	0	0	0	0
05.500,00.000	38.5	5.5	-200	0	4.5	1598.34	772.89	342.757	155.442	125.856	91.0398	62.6263	27.0993	11.5882	9.043	0	0	0	0	0	0	0	0	0	0	0
05.500,00.000	38.6	5.5	-200	0	4.5	1605.73	777.083	343.295	155.929	126.182	91.4574	63.2567	27.6061	11.745	9.17418	0	0	0	0	0	0	0	0	0	0	0
05.500,00.000	38.7	5.5	-200	0	4.5	1620.57	785.54	344.351	156.875	126.813	92.3036	64.5354	28.635	12.0791	9.43839	0	0	0	0	0	0	0	0	0	0	0
05.500,00.000	38.8	5.5	-200	0	4.5	1623.39	787.189	344.568	157.031	126.837	92.5643	64.7282	28.8346	12.1453	9.48946	0	0	0	0	0	0	0	0	0	0	0
05.500,00.000	38.9	5.5	-200	0	4.5	1633.2	792.882	345.294	157.578	126.907	93.4439	65.5247	29.5191	12.3896	9.66292	0	0	0	0	0	0	0	0	0	0	0
05.500,00.000	39	5.5	-200	0	4.5	1641.88	797.94	346.01	157.981	126.964	94.2116	66.2186	30.1223	12.6134	9.69134	0.124057	0	0	0	0	0	0	0	0	0	0
05.500,00.000	39.1	5.5	-200	0	4.5	1649	802.08	346.58	158.36	127.005	94.8337	66.7723	30.6167	12.8062	9.69829	0.241641	0	0	0	0	0	0	0	0	0	0
05.500,00.000	39.2	5.5	-200	0	4.5	1655.92	806.112	347.129	158.724	127.041	95.437	67.313	31.1012	13.0047	9.70386	0.357881	0	0	0	0	0	0	0	0	0	0
05.500,00.000	39.3	5.5	-200	0	4.5	1662.72	810.078	347.662	159.076	127.071	96.0272	67.834	31.581	13.2109	9.70792	0.474368	0	0	0	0	0	0	0	0	0	0
05.500,00.000	39.4	5.5	-200	0	4.5	1669.51	813.858	348.39	159.426	127.096	96.6179	68.3397	32.0556	13.4248	9.70792	0.593577	0	0	0	0	0	0	0	0	0	0
05.500,00.000	39.5	5.5	-200	0	4.5	1676.26	817.556	349.183	159.776	127.115	97.2091	68.836	32.5226	13.6463	9.70792	0.711451	0	0	0	0	0	0	0	0	0	0
05.500,00.000	39.6	5.5	-200	0	4.5	1682.92	821.17	349.958	160.137	127.132	97.7953	69.3282	32.987	13.8793	9.70792	0.829981	0	0	0	0	0	0	0	0	0	0
05.500,00.000	39.7	5.5	-200	0	4.5	1696.27	828.092	351.793	160.87	127.161	98.9646	70.3229	33.9164	14.3733	9.70792	1.06974	0	0	0	0	0	0	0	0	0	0
05.500,00.000	39.8	5.5	-200	0	4.5	1698.83	829.375	352.202	160.998	127.167	99.1946	70.5005	34.0958	14.4713	9.70792	1.11622	0	0	0	0	0	0	0	0	0	0
05.500,00.000	39.9	5.5	-200	0	4.5	1707.23	833.333	353.759	161.452	127.18	99.9319	71.1181	34.6674	14.8147	9.70792	1.26702	0	0	0	0	0	0	0	0	0	0
05.500,00.000	40	5.5	-200	0	4.5	1714.86	836.816	355.277	161.862	127.204	100.602	71.6674	35.1831	15.1397	9.70792	1.40449	0	0	0	0	0	0	0	0	0	0
05.500,00.000	40.1	5.5	-200	0	4.5	1721.1	839.403	356.767	162.191	127.258	101.128	72.1153	35.5974	15.4177	9.70803	1.51669	0	0	0	0	0	0	0	0	0	0
05.500,00.000	40.2	5.5	-200	0	4.5	1727.01	841.803	358.205	162.505	127.306	101.631	72.5413	35.9904	15.6978	9.70876	1.62484	0	0	0	0	0	0	0	0	0	0
05.500,00.000	40.3	5.5	-200	0	4.5	1732.76	844.109	359.622	162.808	127.35	102.121	72.9554	36.3707	15.9856	9.70982	1.73129	0	0	0	0	0	0	0	0	0	0
05.500,00.000	40.4	5.5	-200	0	4.5	1738.38	846.333	361.022	163.103	127.39	102.6	73.3608	36.739	16.2817	9.71129	1.83626	0	0	0	0	0	0	0	0	0	0
05.500,00.000	40.5	5.5	-200	0	4.5	1743.83	848.46	362.4	163.387	127.426	103.068	73.7573	37.0949	16.5861	9.7136	1.93971	0	0	0	0	0	0	0	0	0	0
05.500,00.000	40.6	5.5	-200	0	4.5	1751.26	851.296	364.29	163.771	127.473	103.711	74.3048	37.5796	17.0291	9.71805	2.08411	0	0	0	0	0	0	0	0	0	0
05.500,00.000	40.7	5.5	-200	0	4.5	1757.18	853.547	365.798	164.075	127.509	104.225	74.741	37.9622	17.4013	9.72256	2.2009	0	0	0	0	0	0	0	0	0	0
05.500,00.000	40.8	5.5	-200	0	4.5	1759.39	854.429	366.263	164.193	127.523	104.428	74.9128	38.1101	17.5548	9.72472	2.24731	0	0	0	0	0	0	0	0	0	0
05.500,00.000	40.9	5.5	-200	0	4.5	1762.07	855.489	366.849	164.333	127.538	104.673	75.1192	38.2832	17.7507	9.72796	2.30377	0	0	0	0	0	0	0	0	0	0
05.500,00.000	41	5.5	-200	0	4.5	1767.72	857.686	368.092	164.65	127.569	105.19	75.553	38.6392	18.1831	9.73598	2.42389	0	0	0	0	0	0	0	0	0	0
05.500,00.000	41.1	5.5	-200	0	4.5	1772.54	859.528	369.151	164.938	127.594	105.632	75.9227	38.9358	18.5683	9.74401	2.5273	0	0	0	0	0	0	0	0	0	0
05.500,00.000	41.2	5.5	-200	0	4.5	1776.59	861.135	369.882	165.19	127.616	106.027	76.2506	39.1911	18.9272	9.75224	2.61995	0	0	0	0	0	0	0	0	0	0
05.500,00.000	41.3	5.5	-200	0	4.5	1780.51	862.666	370.595	165.432	127.637	106.414	76.5685	39.4318	19.2932	9.76166	2.71103	0	0	0	0	0	0	0	0	0	0
05.500,00.000	41.4	5.5	-200	0	4.5	1784.3	864.12	371.296	165.664	127.657	106.792	76.8768	39.6579	19.6659	9.77214	2.80053	0	0	0	0	0	0	0	0	0	0
05.500,00.000	41.5	5.5	-200	0	4.5	1787.94	865.492	371.987	165.885	127.679	107.162	77.1746	39.8637	20.0291	9.78368	2.88845	0	0	0	0	0	0	0	0	0	0
05.500,00.000	41.6	5.5	-200	0	4.5	1791.39	866.773	372.626	166.096	127.701	107.526	77.4649	40.0448	20.3853	9.79695	2.97615	0	0	0	0	0	0	0	0	0	0
05.500,00.000	41.7	5.5	-200	0	4.5	1796.16	868.613	373.293	166.4	127.738	108.066	77.8906	40.3012	20.9341	9.81921	3.10726	0	0	0	0	0	0	0	0	0	0
05.500,00.000	41.8	5.5	-200	0	4.5	1797.14	868.988	373.429	166.462	127.747	108.179	77.9791	40.3477	21.0482	9.82412	3.13449	0	0	0	0	0	0	0	0	0	0
05.500,00.000	41.9	5.5	-200	0	4.5	1800.54	870.265	373.906	166.67	127.78	108.575	78.2814	40.5142	21.4755	9.84451	3.23091	0	0	0	0	0	0	0	0	0	0
05.500,00.000	42	5.5	-200	0	4.5	1803.65	871.417	374.347	166.857	127.813	108.942	78.5584	40.6571	21.8763	9.86564	3.32019	0	0	0	0	0	0	0	0	0	0