
label	time(d)	x	depth	z	radius	total	0-10	10-20	20-30	30-40	40-50	50-60	60-70	70-80	80-90	90-100	100-110	110-120	120-130	130-140	140-150	150-160	160-170	170-180	180-190	190-200
00.000,00.000	0	0	-200	0	4.5	0	0	0	0	0	0	0	0	0	0	0	0	0	0	0	0	0	0	0	0	0
00.000,00.000	0.1	0	-200	0	4.5	0.372517	0.372517	0	0	0	0	0	0	0	0	0	0	0	0	0	0	0	0	0	0	0
00.000,00.000	0.2	0	-200	0	4.5	0.749708	0.749708	0	0	0	0	0	0	0	0	0	0	0	0	0	0	0	0	0	0	0
00.000,00.000	0.3	0	-200	0	4.5	1.13179	1.13179	0	0	0	0	0	0	0	0	0	0	0	0	0	0	0	0	0	0	0
00.000,00.000	0.4	0	-200	0	4.5	1.51819	1.51819	0	0	0	0	0	0	0	0	0	0	0	0	0	0	0	0	0	0	0
00.000,00.000	0.5	0	-200	0	4.5	1.90744	1.90744	0	0	0	0	0	0	0	0	0	0	0	0	0	0	0	0	0	0	0
00.000,00.000	0.6	0	-200	0	4.5	2.29789	2.29789	0	0	0	0	0	0	0	0	0	0	0	0	0	0	0	0	0	0	0
00.000,00.000	0.7	0	-200	0	4.5	2.68996	2.68996	0	0	0	0	0	0	0	0	0	0	0	0	0	0	0	0	0	0	0
00.000,00.000	0.8	0	-200	0	4.5	3.08467	3.08467	0	0	0	0	0	0	0	0	0	0	0	0	0	0	0	0	0	0	0
00.000,00.000	0.9	0	-200	0	4.5	3.48286	3.48286	0	0	0	0	0	0	0	0	0	0	0	0	0	0	0	0	0	0	0
00.000,00.000	1	0	-200	0	4.5	3.88502	3.88502	0	0	0	0	0	0	0	0	0	0	0	0	0	0	0	0	0	0	0
00.000,00.000	1.1	0	-200	0	4.5	4.29906	4.29906	0	0	0	0	0	0	0	0	0	0	0	0	0	0	0	0	0	0	0
00.000,00.000	1.2	0	-200	0	4.5	4.72651	4.72651	0	0	0	0	0	0	0	0	0	0	0	0	0	0	0	0	0	0	0
00.000,00.000	1.3	0	-200	0	4.5	5.16704	5.16704	0	0	0	0	0	0	0	0	0	0	0	0	0	0	0	0	0	0	0
00.000,00.000	1.4	0	-200	0	4.5	5.62006	5.62006	0	0	0	0	0	0	0	0	0	0	0	0	0	0	0	0	0	0	0
00.000,00.000	1.5	0	-200	0	4.5	6.08476	6.08476	0	0	0	0	0	0	0	0	0	0	0	0	0	0	0	0	0	0	0
00.000,00.000	1.6	0	-200	0	4.5	6.56029	6.56029	0	0	0	0	0	0	0	0	0	0	0	0	0	0	0	0	0	0	0
00.000,00.000	1.7	0	-200	0	4.5	7.05362	7.05362	0	0	0	0	0	0	0	0	0	0	0	0	0	0	0	0	0	0	0
00.000,00.000	1.8	0	-200	0	4.5	7.5635	7.5245	0.0390066	0	0	0	0	0	0	0	0	0	0	0	0	0	0	0	0	0	0
00.000,00.000	1.9	0	-200	0	4.5	8.08959	7.78627	0.303313	0	0	0	0	0	0	0	0	0	0	0	0	0	0	0	0	0	0
00.000,00.000	2	0	-200	0	4.5	8.63366	8.06576	0.567898	0	0	0	0	0	0	0	0	0	0	0	0	0	0	0	0	0	0
00.000,00.000	2.1	0	-200	0	4.5	9.25053	8.41767	0.832864	0	0	0	0	0	0	0	0	0	0	0	0	0	0	0	0	0	0
00.000,00.000	2.2	0	-200	0	4.5	10.0148	8.912	1.10283	0	0	0	0	0	0	0	0	0	0	0	0	0	0	0	0	0	0
00.000,00.000	2.3	0	-200	0	4.5	10.919	9.54191	1.37708	0	0	0	0	0	0	0	0	0	0	0	0	0	0	0	0	0	0
00.000,00.000	2.4	0	-200	0	4.5	11.9563	10.3036	1.65266	0	0	0	0	0	0	0	0	0	0	0	0	0	0	0	0	0	0
00.000,00.000	2.5	0	-200	0	4.5	13.1232	11.1956	1.92758	0	0	0	0	0	0	0	0	0	0	0	0	0	0	0	0	0	0
00.000,00.000	2.6	0	-200	0	4.5	14.4187	12.2173	2.20133	0	0	0	0	0	0	0	0	0	0	0	0	0	0	0	0	0	0
00.000,00.000	2.7	0	-200	0	4.5	15.8441	13.3699	2.47427	0	0	0	0	0	0	0	0	0	0	0	0	0	0	0	0	0	0
00.000,00.000	2.8	0	-200	0	4.5	17.402	14.6552	2.74679	0	0	0	0	0	0	0	0	0	0	0	0	0	0	0	0	0	0
00.000,00.000	2.9	0	-200	0	4.5	19.0972	16.0777	3.01954	0	0	0	0	0	0	0	0	0	0	0	0	0	0	0	0	0	0
00.000,00.000	3	0	-200	0	4.5	20.931	17.6377	3.29332	0	0	0	0	0	0	0	0	0	0	0	0	0	0	0	0	0	0
00.000,00.000	3.1	0	-200	0	4.5	22.8324	19.2642	3.56817	0	0	0	0	0	0	0	0	0	0	0	0	0	0	0	0	0	0
00.000,00.000	3.2	0	-200	0	4.5	24.7242	20.8816	3.84262	0	0	0	0	0	0	0	0	0	0	0	0	0	0	0	0	0	0
00.000,00.000	3.3	0	-200	0	4.5	26.6092	22.4925	4.11669	0	0	0	0	0	0	0	0	0	0	0	0	0	0	0	0	0	0
00.000,00.000	3.4	0	-200	0	4.5	28.4819	24.0918	4.3901	0	0	0	0	0	0	0	0	0	0	0	0	0	0	0	0	0	0
00.000,00.000	3.5	0	-200	0	4.5	30.3382	25.6761	4.66206	0	0	0	0	0	0	0	0	0	0	0	0	0	0	0	0	0	0
00.000,00.000	3.6	0	-200	0	4.5	32.1771	27.2452	4.93193	0	0	0	0	0	0	0	0	0	0	0	0	0	0	0	0	0	0
00.000,00.000	3.7	0	-200	0	4.5	34.0015	28.8014	5.20007	0	0	0	0	0	0	0	0	0	0	0	0	0	0	0	0	0	0
00.000,00.000	3.8	0	-200	0	4.5	35.8157	30.3484	5.46729	0	0	0	0	0	0	0	0	0	0	0	0	0	0	0	0	0	0
00.000,00.000	3.9	0	-200	0	4.5	37.625	31.8907	5.73422	0	0	0	0	0	0	0	0	0	0	0	0	0	0	0	0	0	0
00.000,00.000	4	0	-200	0	4.5	39.4302	33.4288	6.00141	0	0	0	0	0	0	0	0	0	0	0	0	0	0	0	0	0	0
00.000,00.000	4.1	0	-200	0	4.5	41.2298	34.961	6.26875	0	0	0	0	0	0	0	0	0	0	0	0	0	0	0	0	0	0
00.000,00.000	4.2	0	-200	0	4.5	43.0137	36.4788	6.53485	0	0	0	0	0	0	0	0	0	0	0	0	0	0	0	0	0	0
00.000,00.000	4.3	0	-200	0	4.5	44.7858	37.6738	7.11193	0	0	0	0	0	0	0	0	0	0	0	0	0	0	0	0	0	0
00.000,00.000	4.4	0	-200	0	4.5	46.5372	38.8181	7.71915	0	0	0	0	0	0	0	0	0	0	0	0	0	0	0	0	0	0
00.000,00.000	4.5	0	-200	0	4.5	47.9775	39.4949	8.4827	0	0	0	0	0	0	0	0	0	0	0	0	0	0	0	0	0	0
00.000,00.000	4.6	0	-200	0	4.5	49.0877	40.0331	9.05462	0	0	0	0	0	0	0	0	0	0	0	0	0	0	0	0	0	0
00.000,00.000	4.7	0	-200	0	4.5	50.1581	40.561	9.5971	0	0	0	0	0	0	0	0	0	0	0	0	0	0	0	0	0	0
00.000,00.000	4.8	0	-200	0	4.5	51.2159	41.0803	10.1356	0	0	0	0	0	0	0	0	0	0	0	0	0	0	0	0	0	0
00.000,00.000	4.9	0	-200	0	4.5	52.0287	41.3584	10.6703	0	0	0	0	0	0	0	0	0	0	0	0	0	0	0	0	0	0
00.000,00.000	5	0	-200	0	4.5	52.8036	41.6016	11.202	0	0	0	0	0	0	0	0	0	0	0	0	0	0	0	0	0	0
00.000,00.000	5.1	0	-200	0	4.5	53.5752	41.7341	11.8411	0	0	0	0	0	0	0	0	0	0	0	0	0	0	0	0	0	0
00.000,00.000	5.2	0	-200	0	4.5	54.1801	41.7424	12.4378	0	0	0	0	0	0	0	0	0	0	0	0	0	0	0	0	0	0
00.000,00.000	5.3	0	-200	0	4.5	54.675	41.7541	12.9209	0	0	0	0	0	0	0	0	0	0	0	0	0	0	0	0	0	0
00.000,00.000	5.4	0	-200	0	4.5	55.1663	41.7697	13.3966	0	0	0	0	0	0	0	0	0	0	0	0	0	0	0	0	0	0
00.000,00.000	5.5	0	-200	0	4.5	55.6567	41.7872	13.8695	0	0	0	0	0	0	0	0	0	0	0	0	0	0	0	0	0	0
00.000,00.000	5.6	0	-200	0	4.5	56.0431	41.8079	14.2113	0.0240036	0	0	0	0	0	0	0	0	0	0	0	0	0	0	0	0	0
00.000,00.000	5.7	0	-200	0	4.5	56.3062	41.831	14.2113	0.263869	0	0	0	0	0	0	0	0	0	0	0	0	0	0	0	0	0
00.000,00.000	5.8	0	-200	0	4.5	56.5717	41.8588	14.2111	0.50193	0	0	0	0	0	0	0	0	0	0	0	0	0	0	0	0	0
00.000,00.000	5.9	0	-200	0	4.5	56.8413	41.8925	14.2109	0.737831	0	0	0	0	0	0	0	0	0	0	0	0	0	0	0	0	0
00.000,00.000	6	0	-200	0	4.5	57.1135	41.9308	14.2109	0.971838	0	0	0	0	0	0	0	0	0	0	0	0	0	0	0	0	0
00.000,00.000	6.1	0	-200	0	4.5	57.3913	41.9759	14.2109	1.20444	0	0	0	0	0	0	0	0	0	0	0	0	0	0	0	0	0
00.000,00.000	6.2	0	-200	0	4.5	57.6759	42.0287	14.2112	1.43607	0	0	0	0	0	0	0	0	0	0	0	0	0	0	0	0	0
00.000,00.000	6.3	0	-200	0	4.5	57.9715	42.0914	14.2128	1.66732	0	0	0	0	0	0	0	0	0	0	0	0	0	0	0	0	0
00.000,00.000	6.4	0	-200	0	4.5	58.2774	42.164	14.2148	1.89861	0	0	0	0	0	0	0	0	0	0	0	0	0	0	0	0	0
00.000,00.000	6.5	0	-200	0	4.5	58.5989	42.2513	14.2184	2.12918	0	0	0	0	0	0	0	0	0	0	0	0	0	0	0	0	0
00.000,00.000	6.6	0	-200	0	4.5	58.9359	42.3543	14.223	2.35862	0	0	0	0	0	0	0	0	0	0	0	0	0	0	0	0	0
00.000,00.000	6.7	0	-200	0	4.5	59.2899	42.4737	14.2291	2.58708	0	0	0	0	0	0	0	0	0	0	0	0	0	0	0	0	0
00.000,00.000	6.8	0	-200	0	4.5	59.6632	42.6105	14.2383	2.8144	0	0	0	0	0	0	0	0	0	0	0	0	0	0	0	0	0
00.000,00.000	6.9	0	-200	0	4.5	60.0594	42.7693	14.2491	3.04099	0	0	0	0	0	0	0	0	0	0	0	0	0	0	0	0	0
00.000,00.000	7	0	-200	0	4.5	60.4803	42.9505	14.2622	3.26764	0	0	0	0	0	0	0	0	0	0	0	0	0	0	0	0	0
00.000,00.000	7.1	0	-200	0	4.5	60.935	43.161	14.2794	3.49458	0	0	0	0	0	0	0	0	0	0	0	0	0	0	0	0	0
00.000,00.000	7.2	0	-200	0	4.5	61.4175	43.3981	14.2992	3.72017	0	0	0	0	0	0	0	0	0	0	0	0	0	0	0	0	0
00.000,00.000	7.3	0	-200	0	4.5	61.9326	43.6665	14.322	3.94405	0	0	0	0	0	0	0	0	0	0	0	0	0	0	0	0	0
00.000,00.000	7.4	0	-200	0	4.5	62.4837	43.9691	14.3483	4.16626	0	0	0	0	0	0	0	0	0	0	0	0	0	0	0	0	0
00.000,00.000	7.5	0	-200	0	4.5	63.0701	44.3063	14.3774	4.38641	0	0	0	0	0	0	0	0	0	0	0	0	0	0	0	0	0
00.000,00.000	7.6	0	-200	0	4.5	63.6922	44.6784	14.4095	4.60427	0	0	0	0	0	0	0	0	0	0	0	0	0	0	0	0	0
00.000,00.000	7.7	0	-200	0	4.5	64.3558	45.0905	14.4454	4.81985	0	0	0	0	0	0	0	0	0	0	0	0	0	0	0	0	0
00.000,00.000	7.8	0	-200	0	4.5	65.0631	45.544	14.4857	5.03341	0	0	0	0	0	0	0	0	0	0	0	0	0	0	0	0	0
00.000,00.000	7.9	0	-200	0	4.5	65.8139	46.0388	14.5303	5.24476	0	0	0	0	0	0	0	0	0	0	0	0	0	0	0	0	0
00.000,00.000	8	0	-200	0	4.5	66.6203	46.5833	14.583	5.454	0	0	0	0	0	0	0	0	0	0	0	0	0	0	0	0	0
00.000,00.000	8.1	0	-200	0	4.5	67.4783	47.1734	14.6433	5.66159	0	0	0	0	0	0	0	0	0	0	0	0	0	0	0	0	0
00.000,00.000	8.2	0	-200	0	4.5	68.3881	47.8107	14.7097	5.86777	0	0	0	0	0	0	0	0	0	0	0	0	0	0	0	0	0
00.000,00.000	8.3	0	-200	0	4.5	69.3536	48.4969	14.7841	6.07266	0	0	0	0	0	0	0	0	0	0	0	0	0	0	0	0	0
00.000,00.000	8.4	0	-200	0	4.5	70.3716	49.2302	14.8653	6.27611	0	0	0	0	0	0	0	0	0	0	0	0	0	0	0	0	0
00.000,00.000	8.5	0	-200	0	4.5	71.4408	50.0094	14.9535	6.47792	0	0	0	0	0	0	0	0	0	0	0	0	0	0	0	0	0
00.000,00.000	8.6	0	-200	0	4.5	72.5614	50.8347	15.0487	6.67804	0	0	0	0	0	0	0	0	0	0	0	0	0	0	0	0	0
00.000,00.000	8.7	0	-200	0	4.5	73.731	51.7061	15.1484	6.87655	0	0	0	0	0	0	0	0	0	0	0	0	0	0	0	0	0
00.000,00.000	8.8	0	-200	0	4.5	74.9526	52.6271	15.252	7.07349	0	0	0	0	0	0	0	0	0	0	0	0	0	0	0	0	0
00.000,00.000	8.9	0	-200	0	4.5	76.2325	53.6004	15.3633	7.26882	0	0	0	0	0	0	0	0	0	0	0	0	0	0	0	0	0
00.000,00.000	9	0	-200	0	4.5	77.5759	54.6294	15.4837	7.46282	0	0	0	0	0	0	0	0	0	0	0	0	0	0	0	0	0
00.000,00.000	9.1	0	-200	0	4.5	78.9875	55.72	15.6119	7.65564	0	0	0	0	0	0	0	0	0	0	0	0	0	0	0	0	0
00.000,00.000	9.2	0	-200	0	4.5	80.5096	56.9071	15.7549	7.8476	0	0	0	0	0	0	0	0	0	0	0	0	0	0	0	0	0
00.000,00.000	9.3	0	-200	0	4.5	82.1307	58.1778	15.9133	8.03958	0	0	0	0	0	0	0	0	0	0	0	0	0	0	0	0	0
00.000,00.000	9.4	0	-200	0	4.5	83.8453	59.526	16.087	8.23231	0	0	0	0	0	0	0	0	0	0	0	0	0	0	0	0	0
00.000,00.000	9.5	0	-200	0	4.5	85.6493	60.9499	16.2734	8.42608	0	0	0	0	0	0	0	0	0	0	0	0	0	0	0	0	0
00.000,00.000	9.6	0	-200	0	4.5	87.5395	62.445	16.4738	8.62076	0	0	0	0	0	0	0	0	0	0	0	0	0	0	0	0	0
00.000,00.000	9.7	0	-200	0	4.5	89.5276	64.0243	16.6872	8.81612	0	0	0	0	0	0	0	0	0	0	0	0	0	0	0	0	0
00.000,00.000	9.8	0	-200	0	4.5	91.6097	65.6805	16.9168	9.01234	0	0	0	0	0	0	0	0	0	0	0	0	0	0	0	0	0
00.000,00.000	9.9	0	-200	0	4.5	93.806	67.4333	17.1624	9.21032	0	0	0	0	0	0	0	0	0	0	0	0	0	0	0	0	0
00.000,00.000	10	0	-200	0	4.5	96.1301	69.2932	17.4258	9.41111	0	0	0	0	0	0	0	0	0	0	0	0	0	0	0	0	0
00.000,00.000	10.1	0	-200	0	4.5	98.5798	71.2585	17.706	9.61531	0	0	0	0	0	0	0	0	0	0	0	0	0	0	0	0	0
00.000,00.000	10.2	0	-200	0	4.5	101.086	73.2738	17.9938	9.81886	0	0	0	0	0	0	0	0	0	0	0	0	0	0	0	0	0
00.000,00.000	10.3	0	-200	0	4.5	103.69	75.375	18.2932	10.0213	0	0	0	0	0	0	0	0	0	0	0	0	0	0	0	0	0
00.000,00.000	10.4	0	-200	0	4.5	106.384	77.5588	18.6029	10.0814	0.140735	0	0	0	0	0	0	0	0	0	0	0	0	0	0	0	0
00.000,00.000	10.5	0	-200	0	4.5	109.158	79.8111	18.9258	10.0813	0.339438	0	0	0	0	0	0	0	0	0	0	0	0	0	0	0	0
00.000,00.000	10.6	0	-200	0	4.5	112.006	82.1298	19.2595	10.0816	0.535264	0	0	0	0	0	0	0	0	0	0	0	0	0	0	0	0
00.000,00.000	10.7	0	-200	0	4.5	114.938	84.5203	19.6072	10.0816	0.72875	0	0	0	0	0	0	0	0	0	0	0	0	0	0	0	0
00.000,00.000	10.8	0	-200	0	4.5	117.966	86.995	19.9691	10.0816	0.919878	0	0	0	0	0	0	0	0	0	0	0	0	0	0	0	0
00.000,00.000	10.9	0	-200	0	4.5	121.103	89.5651	20.3472	10.0816	1.10902	0	0	0	0	0	0	0	0	0	0	0	0	0	0	0	0
00.000,00.000	11	0	-200	0	4.5	124.355	92.234	20.7427	10.0816	1.29681	0	0	0	0	0	0	0	0	0	0	0	0	0	0	0	0
00.000,00.000	11.1	0	-200	0	4.5	127.725	95.0039	21.1542	10.083	1.48356	0	0	0	0	0	0	0	0	0	0	0	0	0	0	0	0
00.000,00.000	11.2	0	-200	0	4.5	131.196	97.8606	21.5815	10.0848	1.66888	0	0	0	0	0	0	0	0	0	0	0	0	0	0	0	0
00.000,00.000	11.3	0	-200	0	4.5	134.773	100.808	22.0251	10.0876	1.85282	0	0	0	0	0	0	0	0	0	0	0	0	0	0	0	0
00.000,00.000	11.4	0	-200	0	4.5	138.446	103.807	22.5121	10.0915	2.03526	0	0	0	0	0	0	0	0	0	0	0	0	0	0	0	0
00.000,00.000	11.5	0	-200	0	4.5	142.2	106.861	23.0247	10.0979	2.21615	0	0	0	0	0	0	0	0	0	0	0	0	0	0	0	0
00.000,00.000	11.6	0	-200	0	4.5	146.034	109.984	23.5492	10.1053	2.39535	0	0	0	0	0	0	0	0	0	0	0	0	0	0	0	0
00.000,00.000	11.7	0	-200	0	4.5	149.95	113.182	24.0813	10.1143	2.57247	0	0	0	0	0	0	0	0	0	0	0	0	0	0	0	0
00.000,00.000	11.8	0	-200	0	4.5	153.96	116.464	24.6235	10.1252	2.74753	0	0	0	0	0	0	0	0	0	0	0	0	0	0	0	0
00.000,00.000	11.9	0	-200	0	4.5	158.064	119.835	25.1683	10.1393	2.92099	0	0	0	0	0	0	0	0	0	0	0	0	0	0	0	0
00.000,00.000	12	0	-200	0	4.5	162.285	123.299	25.7387	10.1551	3.09298	0	0	0	0	0	0	0	0	0	0	0	0	0	0	0	0
00.000,00.000	12.1	0	-200	0	4.5	166.617	126.842	26.3383	10.173	3.26373	0	0	0	0	0	0	0	0	0	0	0	0	0	0	0	0
00.000,00.000	12.2	0	-200	0	4.5	171.043	130.457	26.9594	10.1931	3.43307	0	0	0	0	0	0	0	0	0	0	0	0	0	0	0	0
00.000,00.000	12.3	0	-200	0	4.5	175.545	134.129	27.5982	10.216	3.60107	0	0	0	0	0	0	0	0	0	0	0	0	0	0	0	0
00.000,00.000	12.4	0	-200	0	4.5	180.104	137.853	28.2422	10.2409	3.76814	0	0	0	0	0	0	0	0	0	0	0	0	0	0	0	0
00.000,00.000	12.5	0	-200	0	4.5	184.707	141.614	28.8905	10.2678	3.93421	0	0	0	0	0	0	0	0	0	0	0	0	0	0	0	0
00.000,00.000	12.6	0	-200	0	4.5	189.36	145.412	29.5526	10.2969	4.0992	0	0	0	0	0	0	0	0	0	0	0	0	0	0	0	0
00.000,00.000	12.7	0	-200	0	4.5	194.039	149.035	30.4133	10.3281	4.26276	0	0	0	0	0	0	0	0	0	0	0	0	0	0	0	0
00.000,00.000	12.8	0	-200	0	4.5	198.765	152.582	31.3968	10.3612	4.42489	0	0	0	0	0	0	0	0	0	0	0	0	0	0	0	0
00.000,00.000	12.9	0	-200	0	4.5	203.518	156.17	32.3678	10.3959	4.5851	0	0	0	0	0	0	0	0	0	0	0	0	0	0	0	0
00.000,00.000	13	0	-200	0	4.5	208.36	159.815	33.3662	10.4329	4.74509	0	0	0	0	0	0	0	0	0	0	0	0	0	0	0	0
00.000,00.000	13.1	0	-200	0	4.5	213.278	163.073	34.8273	10.4728	4.90444	0	0	0	0	0	0	0	0	0	0	0	0	0	0	0	0
00.000,00.000	13.2	0	-200	0	4.5	218.272	166.386	36.3097	10.5147	5.06186	0	0	0	0	0	0	0	0	0	0	0	0	0	0	0	0
00.000,00.000	13.3	0	-200	0	4.5	223.377	169.773	37.8254	10.5595	5.21977	0	0	0	0	0	0	0	0	0	0	0	0	0	0	0	0
00.000,00.000	13.4	0	-200	0	4.5	228.532	173.168	39.3791	10.607	5.37774	0	0	0	0	0	0	0	0	0	0	0	0	0	0	0	0
00.000,00.000	13.5	0	-200	0	4.5	233.733	176.576	40.9646	10.6569	5.53563	0	0	0	0	0	0	0	0	0	0	0	0	0	0	0	0
00.000,00.000	13.6	0	-200	0	4.5	239.02	180.006	42.6113	10.7093	5.69314	0	0	0	0	0	0	0	0	0	0	0	0	0	0	0	0
00.000,00.000	13.7	0	-200	0	4.5	244.342	183.457	44.2701	10.7652	5.85007	0	0	0	0	0	0	0	0	0	0	0	0	0	0	0	0
00.000,00.000	13.8	0	-200	0	4.5	249.7	186.92	45.9495	10.8236	6.00717	0	0	0	0	0	0	0	0	0	0	0	0	0	0	0	0
00.000,00.000	13.9	0	-200	0	4.5	255.088	190.386	47.6525	10.8852	6.16417	0	0	0	0	0	0	0	0	0	0	0	0	0	0	0	0
00.000,00.000	14	0	-200	0	4.5	260.46	193.82	49.3695	10.9498	6.32041	0	0	0	0	0	0	0	0	0	0	0	0	0	0	0	0
00.000,00.000	14.1	0	-200	0	4.5	265.89	197.273	51.1198	11.0189	6.478	0	0	0	0	0	0	0	0	0	0	0	0	0	0	0	0
00.000,00.000	14.2	0	-200	0	4.5	271.348	200.727	52.8918	11.0917	6.63779	0	0	0	0	0	0	0	0	0	0	0	0	0	0	0	0
00.000,00.000	14.3	0	-200	0	4.5	276.745	204.129	54.6532	11.1668	6.79583	0	0	0	0	0	0	0	0	0	0	0	0	0	0	0	0
00.000,00.000	14.4	0	-200	0	4.5	282.096	207.489	56.4095	11.2447	6.95295	0	0	0	0	0	0	0	0	0	0	0	0	0	0	0	0
00.000,00.000	14.5	0	-200	0	4.5	287.434	210.81	58.1889	11.3254	7.10942	0	0	0	0	0	0	0	0	0	0	0	0	0	0	0	0
00.000,00.000	14.6	0	-200	0	4.5	294.531	215.134	60.6412	11.4381	7.31795	0	0	0	0	0	0	0	0	0	0	0	0	0	0	0	0
00.000,00.000	14.7	0	-200	0	4.5	300.6	218.773	62.7919	11.5382	7.49647	0	0	0	0	0	0	0	0	0	0	0	0	0	0	0	0
00.000,00.000	14.8	0	-200	0	4.5	303.98	220.789	63.998	11.5964	7.59615	0	0	0	0	0	0	0	0	0	0	0	0	0	0	0	0
00.000,00.000	14.9	0	-200	0	4.5	309.789	224.249	66.07	11.7022	7.76756	0	0	0	0	0	0	0	0	0	0	0	0	0	0	0	0
00.000,00.000	15	0	-200	0	4.5	315.221	227.462	68.023	11.8088	7.92756	0	0	0	0	0	0	0	0	0	0	0	0	0	0	0	0
00.000,00.000	15.1	0	-200	0	4.5	320.25	230.41	69.8516	11.9124	8.0763	0	0	0	0	0	0	0	0	0	0	0	0	0	0	0	0
00.000,00.000	15.2	0	-200	0	4.5	325.207	233.284	71.6781	12.0206	8.2239	0	0	0	0	0	0	0	0	0	0	0	0	0	0	0	0
00.000,00.000	15.3	0	-200	0	4.5	330.034	236	73.5292	12.1336	8.37059	0	0	0	0	0	0	0	0	0	0	0	0	0	0	0	0
00.000,00.000	15.4	0	-200	0	4.5	334.764	238.598	75.3978	12.2514	8.51651	0	0	0	0	0	0	0	0	0	0	0	0	0	0	0	0
00.000,00.000	15.5	0	-200	0	4.5	339.433	241.128	77.2666	12.3757	8.66285	0	0	0	0	0	0	0	0	0	0	0	0	0	0	0	0
00.000,00.000	15.6	0	-200	0	4.5	346.99	245.136	80.3643	12.5879	8.90173	0	0	0	0	0	0	0	0	0	0	0	0	0	0	0	0
00.000,00.000	15.7	0	-200	0	4.5	352.166	247.826	82.5283	12.7425	9.06885	0	0	0	0	0	0	0	0	0	0	0	0	0	0	0	0
00.000,00.000	15.8	0	-200	0	4.5	353.709	248.623	83.172	12.7926	9.12091	0	0	0	0	0	0	0	0	0	0	0	0	0	0	0	0
00.000,00.000	15.9	0	-200	0	4.5	358.995	251.35	85.3848	12.971	9.28947	0	0	0	0	0	0	0	0	0	0	0	0	0	0	0	0
00.000,00.000	16	0	-200	0	4.5	363.613	253.684	87.348	13.1345	9.44582	0	0	0	0	0	0	0	0	0	0	0	0	0	0	0	0
00.000,00.000	16.1	0	-200	0	4.5	367.649	255.727	89.0565	13.2838	9.58199	0	0	0	0	0	0	0	0	0	0	0	0	0	0	0	0
00.000,00.000	16.2	0	-200	0	4.5	371.713	257.765	90.7888	13.4401	9.71859	0	0	0	0	0	0	0	0	0	0	0	0	0	0	0	0
00.000,00.000	16.3	0	-200	0	4.5	375.771	259.708	92.3564	13.852	9.85455	0	0	0	0	0	0	0	0	0	0	0	0	0	0	0	0
00.000,00.000	16.4	0	-200	0	4.5	379.781	261.631	93.8936	14.267	9.98962	0	0	0	0	0	0	0	0	0	0	0	0	0	0	0	0
00.000,00.000	16.5	0	-200	0	4.5	387.583	265.329	96.928	15.0842	10.165	0.0761649	0	0	0	0	0	0	0	0	0	0	0	0	0	0	0
00.000,00.000	16.6	0	-200	0	4.5	393.367	268.017	99.1978	15.712	10.1657	0.275206	0	0	0	0	0	0	0	0	0	0	0	0	0	0	0
00.000,00.000	16.7	0	-200	0	4.5	394.123	268.349	99.5076	15.7985	10.1631	0.305007	0	0	0	0	0	0	0	0	0	0	0	0	0	0	0
00.000,00.000	16.8	0	-200	0	4.5	394.428	268.489	99.6265	15.834	10.1629	0.316122	0	0	0	0	0	0	0	0	0	0	0	0	0	0	0
00.000,00.000	16.9	0	-200	0	4.5	397.507	269.921	100.8	16.1964	10.1641	0.425188	0	0	0	0	0	0	0	0	0	0	0	0	0	0	0
00.000,00.000	17	0	-200	0	4.5	402.643	272.31	102.744	16.8142	10.1642	0.610006	0	0	0	0	0	0	0	0	0	0	0	0	0	0	0
00.000,00.000	17.1	0	-200	0	4.5	406.588	274.145	104.228	17.2972	10.1638	0.753083	0	0	0	0	0	0	0	0	0	0	0	0	0	0	0
00.000,00.000	17.2	0	-200	0	4.5	410.12	275.801	105.389	17.8856	10.164	0.880229	0	0	0	0	0	0	0	0	0	0	0	0	0	0	0
00.000,00.000	17.3	0	-200	0	4.5	413.644	277.466	106.274	18.733	10.164	1.00765	0	0	0	0	0	0	0	0	0	0	0	0	0	0	0
00.000,00.000	17.4	0	-200	0	4.5	417.144	279.132	107.121	19.5918	10.1641	1.13439	0	0	0	0	0	0	0	0	0	0	0	0	0	0	0
00.000,00.000	17.5	0	-200	0	4.5	426.737	283.743	109.364	21.9825	10.1658	1.48181	0	0	0	0	0	0	0	0	0	0	0	0	0	0	0
00.000,00.000	17.6	0	-200	0	4.5	430.668	285.643	110.268	22.9661	10.1665	1.62433	0	0	0	0	0	0	0	0	0	0	0	0	0	0	0
00.000,00.000	17.7	0	-200	0	4.5	430.867	285.74	110.313	23.0163	10.1665	1.63155	0	0	0	0	0	0	0	0	0	0	0	0	0	0	0
00.000,00.000	17.8	0	-200	0	4.5	431.206	285.907	110.385	23.103	10.1666	1.64394	0	0	0	0	0	0	0	0	0	0	0	0	0	0	0
00.000,00.000	17.9	0	-200	0	4.5	432.182	286.395	110.588	23.3526	10.167	1.67933	0	0	0	0	0	0	0	0	0	0	0	0	0	0	0
00.000,00.000	18	0	-200	0	4.5	437.818	289.24	111.748	24.783	10.1695	1.87794	0	0	0	0	0	0	0	0	0	0	0	0	0	0	0
00.000,00.000	18.1	0	-200	0	4.5	442.027	291.386	112.595	25.8473	10.1718	2.02682	0	0	0	0	0	0	0	0	0	0	0	0	0	0	0
00.000,00.000	18.2	0	-200	0	4.5	445.488	293.165	113.286	26.7141	10.1745	2.14747	0	0	0	0	0	0	0	0	0	0	0	0	0	0	0
00.000,00.000	18.3	0	-200	0	4.5	449.015	294.993	113.997	27.5806	10.1775	2.26717	0	0	0	0	0	0	0	0	0	0	0	0	0	0	0
00.000,00.000	18.4	0	-200	0	4.5	452.559	296.873	114.67	28.448	10.1809	2.38647	0	0	0	0	0	0	0	0	0	0	0	0	0	0	0
00.000,00.000	18.5	0	-200	0	4.5	465.521	303.749	117.194	31.5961	10.195	2.78731	0	0	0	0	0	0	0	0	0	0	0	0	0	0	0
00.000,00.000	18.6	0	-200	0	4.5	469.031	305.593	117.91	32.428	10.1992	2.90139	0	0	0	0	0	0	0	0	0	0	0	0	0	0	0
00.000,00.000	18.7	0	-200	0	4.5	469.255	305.713	117.953	32.4807	10.1995	2.90859	0	0	0	0	0	0	0	0	0	0	0	0	0	0	0
00.000,00.000	18.8	0	-200	0	4.5	469.539	305.867	118.007	32.5475	10.1999	2.9177	0	0	0	0	0	0	0	0	0	0	0	0	0	0	0
00.000,00.000	18.9	0	-200	0	4.5	470.037	306.142	118.098	32.6624	10.2007	2.93332	0	0	0	0	0	0	0	0	0	0	0	0	0	0	0
00.000,00.000	19	0	-200	0	4.5	477.322	310.209	119.431	34.3121	10.2138	3.15689	0	0	0	0	0	0	0	0	0	0	0	0	0	0	0
00.000,00.000	19.1	0	-200	0	4.5	482.477	313.089	120.389	35.4629	10.2235	3.31265	0	0	0	0	0	0	0	0	0	0	0	0	0	0	0
00.000,00.000	19.2	0	-200	0	4.5	486.302	315.224	121.112	36.3074	10.2312	3.42668	0	0	0	0	0	0	0	0	0	0	0	0	0	0	0
00.000,00.000	19.3	0	-200	0	4.5	490.117	317.366	121.825	37.1465	10.2393	3.53979	0	0	0	0	0	0	0	0	0	0	0	0	0	0	0
00.000,00.000	19.4	0	-200	0	4.5	493.936	319.519	122.532	37.9834	10.2486	3.65257	0	0	0	0	0	0	0	0	0	0	0	0	0	0	0
00.000,00.000	19.5	0	-200	0	4.5	498.65	322.183	123.393	39.0201	10.2606	3.79247	0	0	0	0	0	0	0	0	0	0	0	0	0	0	0
00.000,00.000	19.6	0	-200	0	4.5	512.138	329.755	125.971	41.9229	10.2977	4.19171	0	0	0	0	0	0	0	0	0	0	0	0	0	0	0
00.000,00.000	19.7	0	-200	0	4.5	515.722	331.244	127.211	42.6619	10.3081	4.29659	0	0	0	0	0	0	0	0	0	0	0	0	0	0	0
00.000,00.000	19.8	0	-200	0	4.5	517.195	331.827	127.74	42.9761	10.3129	4.33974	0	0	0	0	0	0	0	0	0	0	0	0	0	0	0
00.000,00.000	19.9	0	-200	0	4.5	517.595	331.976	127.893	43.0597	10.3143	4.35129	0	0	0	0	0	0	0	0	0	0	0	0	0	0	0
00.000,00.000	20	0	-200	0	4.5	521.233	333.142	129.495	43.8124	10.3276	4.45529	0	0	0	0	0	0	0	0	0	0	0	0	0	0	0
00.000,00.000	20.1	0	-200	0	4.5	529.412	335.656	133.225	45.4855	10.359	4.68614	0	0	0	0	0	0	0	0	0	0	0	0	0	0	0
00.000,00.000	20.2	0	-200	0	4.5	534.408	337.217	135.5	46.487	10.3789	4.82453	0	0	0	0	0	0	0	0	0	0	0	0	0	0	0
00.000,00.000	20.3	0	-200	0	4.5	538.382	338.507	137.277	47.2699	10.3956	4.93216	0	0	0	0	0	0	0	0	0	0	0	0	0	0	0
00.000,00.000	20.4	0	-200	0	4.5	542.404	339.837	139.067	48.0465	10.414	5.03916	0	0	0	0	0	0	0	0	0	0	0	0	0	0	0
00.000,00.000	20.5	0	-200	0	4.5	554.455	343.927	144.342	49.9536	10.8724	5.35895	0	0	0	0	0	0	0	0	0	0	0	0	0	0	0
00.000,00.000	20.6	0	-200	0	4.5	569.418	349.299	151.076	52.1958	11.0812	5.76634	0	0	0	0	0	0	0	0	0	0	0	0	0	0	0
00.000,00.000	20.7	0	-200	0	4.5	571.642	350.092	152.104	52.5248	11.0935	5.82687	0	0	0	0	0	0	0	0	0	0	0	0	0	0	0
00.000,00.000	20.8	0	-200	0	4.5	593.429	358.63	161.903	55.2367	11.2299	6.42909	0	0	0	0	0	0	0	0	0	0	0	0	0	0	0
00.000,00.000	20.9	0	-200	0	4.5	598.51	360.758	164.085	55.8235	11.265	6.57831	0	0	0	0	0	0	0	0	0	0	0	0	0	0	0
00.000,00.000	21	0	-200	0	4.5	598.947	360.951	164.265	55.8726	11.2682	6.59058	0	0	0	0	0	0	0	0	0	0	0	0	0	0	0
00.000,00.000	21.1	0	-200	0	4.5	612.133	366.884	169.62	57.3095	11.3694	6.94977	0	0	0	0	0	0	0	0	0	0	0	0	0	0	0
00.000,00.000	21.2	0	-200	0	4.5	619.321	370.118	172.56	58.016	11.4847	7.1423	0	0	0	0	0	0	0	0	0	0	0	0	0	0	0
00.000,00.000	21.3	0	-200	0	4.5	623.188	372.047	173.944	58.3155	11.6334	7.24819	0	0	0	0	0	0	0	0	0	0	0	0	0	0	0
00.000,00.000	21.4	0	-200	0	4.5	627.165	374.095	175.351	58.5692	11.7946	7.3551	0	0	0	0	0	0	0	0	0	0	0	0	0	0	0
00.000,00.000	21.5	0	-200	0	4.5	648.331	385.157	182.72	59.8741	12.6638	7.91523	0	0	0	0	0	0	0	0	0	0	0	0	0	0	0
00.000,00.000	21.6	0	-200	0	4.5	674.524	399.622	190.433	61.9999	13.8513	8.61821	0	0	0	0	0	0	0	0	0	0	0	0	0	0	0
00.000,00.000	21.7	0	-200	0	4.5	677.717	401.3	191.362	62.359	13.9938	8.70246	0	0	0	0	0	0	0	0	0	0	0	0	0	0	0
00.000,00.000	21.8	0	-200	0	4.5	689.353	407.858	194.37	63.6341	14.4947	8.99551	0	0	0	0	0	0	0	0	0	0	0	0	0	0	0
00.000,00.000	21.9	0	-200	0	4.5	693.178	409.952	195.437	64.0443	14.6547	9.08902	0	0	0	0	0	0	0	0	0	0	0	0	0	0	0
00.000,00.000	22	0	-200	0	4.5	693.706	410.254	195.574	64.1003	14.676	9.10121	0	0	0	0	0	0	0	0	0	0	0	0	0	0	0
00.000,00.000	22.1	0	-200	0	4.5	709.839	419.512	199.769	65.7861	15.3111	9.46101	0	0	0	0	0	0	0	0	0	0	0	0	0	0	0
00.000,00.000	22.2	0	-200	0	4.5	718.689	424.574	202.106	66.7023	15.6524	9.65466	0	0	0	0	0	0	0	0	0	0	0	0	0	0	0
00.000,00.000	22.3	0	-200	0	4.5	723.74	427.499	203.406	67.2308	15.842	9.76106	0	0	0	0	0	0	0	0	0	0	0	0	0	0	0
00.000,00.000	22.4	0	-200	0	4.5	728.986	430.542	204.763	67.7766	16.0355	9.78404	0.0843691	0	0	0	0	0	0	0	0	0	0	0	0	0	0
00.000,00.000	22.5	0	-200	0	4.5	750.292	442.899	210.236	70.0328	16.8224	9.85239	0.449819	0	0	0	0	0	0	0	0	0	0	0	0	0	0
00.000,00.000	22.6	0	-200	0	4.5	761.337	449.181	213.216	71.199	17.2203	9.85239	0.668729	0	0	0	0	0	0	0	0	0	0	0	0	0	0
00.000,00.000	22.7	0	-200	0	4.5	765.791	451.634	214.493	71.6771	17.3792	9.85239	0.755111	0	0	0	0	0	0	0	0	0	0	0	0	0	0
00.000,00.000	22.8	0	-200	0	4.5	766.201	451.85	214.621	71.721	17.3936	9.85239	0.762829	0	0	0	0	0	0	0	0	0	0	0	0	0	0
00.000,00.000	22.9	0	-200	0	4.5	766.692	452.109	214.775	71.774	17.4107	9.85239	0.77185	0	0	0	0	0	0	0	0	0	0	0	0	0	0
00.000,00.000	23	0	-200	0	4.5	767.413	452.487	215.002	71.8512	17.4353	9.85239	0.784627	0	0	0	0	0	0	0	0	0	0	0	0	0	0
00.000,00.000	23.1	0	-200	0	4.5	785.554	461.432	221.327	73.7963	18.0477	9.85239	1.09899	0	0	0	0	0	0	0	0	0	0	0	0	0	0
00.000,00.000	23.2	0	-200	0	4.5	795.94	465.85	225.646	74.9173	18.3964	9.85245	1.27803	0	0	0	0	0	0	0	0	0	0	0	0	0	0
00.000,00.000	23.3	0	-200	0	4.5	802.276	468.541	228.288	75.6031	18.6064	9.85294	1.38446	0	0	0	0	0	0	0	0	0	0	0	0	0	0
00.000,00.000	23.4	0	-200	0	4.5	808.774	471.303	230.999	76.3071	18.8203	9.85344	1.49172	0	0	0	0	0	0	0	0	0	0	0	0	0	0
00.000,00.000	23.5	0	-200	0	4.5	829.43	479.517	239.911	78.7334	19.5549	9.8558	1.85792	0	0	0	0	0	0	0	0	0	0	0	0	0	0
00.000,00.000	23.6	0	-200	0	4.5	848.671	486.844	248.465	81.0533	20.2477	9.8586	2.20289	0	0	0	0	0	0	0	0	0	0	0	0	0	0
00.000,00.000	23.7	0	-200	0	4.5	850.972	487.692	249.515	81.3323	20.3307	9.85908	2.24393	0	0	0	0	0	0	0	0	0	0	0	0	0	0
00.000,00.000	23.8	0	-200	0	4.5	851.436	487.867	249.723	81.3878	20.347	9.85921	2.25187	0	0	0	0	0	0	0	0	0	0	0	0	0	0
00.000,00.000	23.9	0	-200	0	4.5	852.031	488.094	249.989	81.4591	20.3678	9.85943	2.26187	0	0	0	0	0	0	0	0	0	0	0	0	0	0
00.000,00.000	24	0	-200	0	4.5	852.809	488.409	250.321	81.551	20.3944	9.85975	2.27448	0	0	0	0	0	0	0	0	0	0	0	0	0	0
00.000,00.000	24.1	0	-200	0	4.5	871.019	495.689	258.203	83.689	21.0077	9.86838	2.56186	0	0	0	0	0	0	0	0	0	0	0	0	0	0
00.000,00.000	24.2	0	-200	0	4.5	881.904	499.999	262.958	84.9693	21.3719	9.87394	2.73213	0	0	0	0	0	0	0	0	0	0	0	0	0	0
00.000,00.000	24.3	0	-200	0	4.5	888.947	502.801	266.034	85.7931	21.6028	9.87786	2.83881	0	0	0	0	0	0	0	0	0	0	0	0	0	0
00.000,00.000	24.4	0	-200	0	4.5	896.186	505.707	269.179	86.6344	21.8374	9.88215	2.94613	0	0	0	0	0	0	0	0	0	0	0	0	0	0
00.000,00.000	24.5	0	-200	0	4.5	914.211	512.985	276.936	88.7529	22.4276	9.89387	3.21507	0	0	0	0	0	0	0	0	0	0	0	0	0	0
00.000,00.000	24.6	0	-200	0	4.5	920.694	515.629	279.723	89.4998	22.6344	9.89835	3.30888	0	0	0	0	0	0	0	0	0	0	0	0	0	0
00.000,00.000	24.7	0	-200	0	4.5	921.556	515.986	280.09	89.5991	22.6613	9.89898	3.32092	0	0	0	0	0	0	0	0	0	0	0	0	0	0
00.000,00.000	24.8	0	-200	0	4.5	936.276	522.137	286.273	91.3103	23.1211	9.91038	3.52461	0	0	0	0	0	0	0	0	0	0	0	0	0	0
00.000,00.000	24.9	0	-200	0	4.5	958.639	531.793	295.492	93.8174	23.956	9.92887	3.6513	0	0	0	0	0	0	0	0	0	0	0	0	0	0
00.000,00.000	25	0	-200	0	4.5	963.066	533.723	297.325	94.1955	24.2385	9.93273	3.6513	0	0	0	0	0	0	0	0	0	0	0	0	0	0
00.000,00.000	25.1	0	-200	0	4.5	977.294	540.089	303.078	95.6025	24.9268	9.94593	3.6513	0	0	0	0	0	0	0	0	0	0	0	0	0	0
00.000,00.000	25.2	0	-200	0	4.5	987.961	544.887	307.358	96.6508	25.4573	9.95627	3.6513	0	0	0	0	0	0	0	0	0	0	0	0	0	0
00.000,00.000	25.3	0	-200	0	4.5	996.208	548.733	310.499	97.4893	25.8701	9.96491	3.6513	0	0	0	0	0	0	0	0	0	0	0	0	0	0
00.000,00.000	25.4	0	-200	0	4.5	1004.61	552.662	313.447	98.591	26.2852	9.97414	3.6513	0	0	0	0	0	0	0	0	0	0	0	0	0	0
00.000,00.000	25.5	0	-200	0	4.5	1013.63	556.93	316.507	99.8196	26.7388	9.98551	3.6513	0	0	0	0	0	0	0	0	0	0	0	0	0	0
00.000,00.000	25.6	0	-200	0	4.5	1043.65	571.489	326.251	103.983	28.2538	10.026	3.6513	0	0	0	0	0	0	0	0	0	0	0	0	0	0
00.000,00.000	25.7	0	-200	0	4.5	1050.08	574.621	328.346	104.851	28.5714	10.035	3.6513	0	0	0	0	0	0	0	0	0	0	0	0	0	0
00.000,00.000	25.8	0	-200	0	4.5	1052.29	575.719	329.05	105.158	28.6784	10.0384	3.6513	0	0	0	0	0	0	0	0	0	0	0	0	0	0
00.000,00.000	25.9	0	-200	0	4.5	1053.16	576.151	329.321	105.275	28.7188	10.0398	3.6513	0	0	0	0	0	0	0	0	0	0	0	0	0	0
00.000,00.000	26	0	-200	0	4.5	1067.92	583.619	333.929	107.268	29.3927	10.0652	3.6513	0	0	0	0	0	0	0	0	0	0	0	0	0	0
00.000,00.000	26.1	0	-200	0	4.5	1083.48	591.451	338.827	109.363	30.0958	10.0931	3.6513	0	0	0	0	0	0	0	0	0	0	0	0	0	0
00.000,00.000	26.2	0	-200	0	4.5	1093.88	596.634	342.144	110.773	30.5608	10.1127	3.6513	0	0	0	0	0	0	0	0	0	0	0	0	0	0
00.000,00.000	26.3	0	-200	0	4.5	1103.31	601.344	345.171	112.029	30.979	10.1316	3.6513	0	0	0	0	0	0	0	0	0	0	0	0	0	0
00.000,00.000	26.4	0	-200	0	4.5	1112.83	606.108	348.228	113.292	31.3985	10.1521	3.6513	0	0	0	0	0	0	0	0	0	0	0	0	0	0
00.000,00.000	26.5	0	-200	0	4.5	1127.69	613.438	353.027	115.318	31.984	10.2702	3.6513	0	0	0	0	0	0	0	0	0	0	0	0	0	0
00.000,00.000	26.6	0	-200	0	4.5	1157.09	628.082	362.487	119.256	32.9542	10.6593	3.6513	0	0	0	0	0	0	0	0	0	0	0	0	0	0
00.000,00.000	26.7	0	-200	0	4.5	1162.7	630.664	364.557	119.953	33.1383	10.7345	3.6513	0	0	0	0	0	0	0	0	0	0	0	0	0	0
00.000,00.000	26.8	0	-200	0	4.5	1192.09	643.223	375.858	124.085	34.1349	11.1402	3.6513	0	0	0	0	0	0	0	0	0	0	0	0	0	0
00.000,00.000	26.9	0	-200	0	4.5	1207.3	649.533	382.122	125.967	34.6708	11.3601	3.6513	0	0	0	0	0	0	0	0	0	0	0	0	0	0
00.000,00.000	27	0	-200	0	4.5	1209.21	650.304	382.942	126.193	34.7362	11.3873	3.6513	0	0	0	0	0	0	0	0	0	0	0	0	0	0
00.000,00.000	27.1	0	-200	0	4.5	1229.01	658.157	391.506	128.63	35.3995	11.6641	3.6513	0	0	0	0	0	0	0	0	0	0	0	0	0	0
00.000,00.000	27.2	0	-200	0	4.5	1242.01	662.98	397.52	130.174	35.8339	11.8474	3.6513	0	0	0	0	0	0	0	0	0	0	0	0	0	0
00.000,00.000	27.3	0	-200	0	4.5	1251.31	666.485	401.758	131.301	36.1399	11.9772	3.6513	0	0	0	0	0	0	0	0	0	0	0	0	0	0
00.000,00.000	27.4	0	-200	0	4.5	1260.8	670.09	406.043	132.459	36.4475	12.1092	3.6513	0	0	0	0	0	0	0	0	0	0	0	0	0	0
00.000,00.000	27.5	0	-200	0	4.5	1278.92	677.07	413.946	134.808	37.0699	12.378	3.6513	0	0	0	0	0	0	0	0	0	0	0	0	0	0
00.000,00.000	27.6	0	-200	0	4.5	1307.67	688.581	426.057	138.567	38.0226	12.7948	3.6513	0	0	0	0	0	0	0	0	0	0	0	0	0	0
00.000,00.000	27.7	0	-200	0	4.5	1312.71	690.636	428.151	139.211	38.1926	12.8684	3.6513	0	0	0	0	0	0	0	0	0	0	0	0	0	0
00.000,00.000	27.8	0	-200	0	4.5	1342.5	702.855	440.412	143.078	39.2025	13.3015	3.6513	0	0	0	0	0	0	0	0	0	0	0	0	0	0
00.000,00.000	27.9	0	-200	0	4.5	1350.28	706.326	443.321	144.068	39.4922	13.4203	3.6513	0	0	0	0	0	0	0	0	0	0	0	0	0	0
00.000,00.000	28	0	-200	0	4.5	1352.75	707.433	444.25	144.385	39.5771	13.4567	3.6513	0	0	0	0	0	0	0	0	0	0	0	0	0	0
00.000,00.000	28.1	0	-200	0	4.5	1370.15	715.273	450.727	146.63	40.1576	13.7125	3.6513	0	0	0	0	0	0	0	0	0	0	0	0	0	0
00.000,00.000	28.2	0	-200	0	4.5	1382.22	720.916	455.045	148.15	40.5681	13.893	3.6513	0	0	0	0	0	0	0	0	0	0	0	0	0	0
00.000,00.000	28.3	0	-200	0	4.5	1391.83	725.48	458.424	149.362	40.8862	14.0294	3.6513	0	0	0	0	0	0	0	0	0	0	0	0	0	0
00.000,00.000	28.4	0	-200	0	4.5	1401.55	730.187	461.817	150.584	41.2047	14.1069	3.6513	0	0	0	0	0	0	0	0	0	0	0	0	0	0
00.000,00.000	28.5	0	-200	0	4.5	1411.49	734.992	465.269	151.857	41.5361	14.1843	3.6513	0	0	0	0	0	0	0	0	0	0	0	0	0	0
00.000,00.000	28.6	0	-200	0	4.5	1447.96	752.623	477.964	156.515	42.7434	14.4647	3.6513	0	0	0	0	0	0	0	0	0	0	0	0	0	0
00.000,00.000	28.7	0	-200	0	4.5	1457.72	757.635	481.129	157.693	43.0805	14.5259	3.6513	0	0	0	0	0	0	0	0	0	0	0	0	0	0
00.000,00.000	28.8	0	-200	0	4.5	1458.53	758.051	481.397	157.794	43.1071	14.5311	3.6513	0	0	0	0	0	0	0	0	0	0	0	0	0	0
00.000,00.000	28.9	0	-200	0	4.5	1459.54	758.57	481.724	157.915	43.1386	14.5375	3.6513	0	0	0	0	0	0	0	0	0	0	0	0	0	0
00.000,00.000	29	0	-200	0	4.5	1479.45	768.963	488.118	160.305	43.7494	14.6664	3.6513	0	0	0	0	0	0	0	0	0	0	0	0	0	0
00.000,00.000	29.1	0	-200	0	4.5	1495.57	777.567	493.113	162.216	44.2496	14.7744	3.6513	0	0	0	0	0	0	0	0	0	0	0	0	0	0
00.000,00.000	29.2	0	-200	0	4.5	1506.36	783.349	496.44	163.503	44.5731	14.8478	3.6513	0	0	0	0	0	0	0	0	0	0	0	0	0	0
00.000,00.000	29.3	0	-200	0	4.5	1516.62	788.84	499.617	164.718	44.8747	14.9187	3.6513	0	0	0	0	0	0	0	0	0	0	0	0	0	0
00.000,00.000	29.4	0	-200	0	4.5	1526.97	794.44	502.803	165.909	45.1747	14.9919	3.6513	0	0	0	0	0	0	0	0	0	0	0	0	0	0
00.000,00.000	29.5	0	-200	0	4.5	1537.48	800.155	505.98	167.138	45.485	15.0704	3.6513	0	0	0	0	0	0	0	0	0	0	0	0	0	0
00.000,00.000	29.6	0	-200	0	4.5	1576.06	821.188	517.453	171.761	46.6331	15.3731	3.6513	0	0	0	0	0	0	0	0	0	0	0	0	0	0
00.000,00.000	29.7	0	-200	0	4.5	1606.3	837.95	526.3	175.273	47.362	15.7618	3.6513	0	0	0	0	0	0	0	0	0	0	0	0	0	0
00.000,00.000	29.8	0	-200	0	4.5	1608.94	839.423	527.083	175.559	47.3883	15.8344	3.6513	0	0	0	0	0	0	0	0	0	0	0	0	0	0
00.000,00.000	29.9	0	-200	0	4.5	1631.15	851.894	533.481	178.093	47.7623	16.2647	3.6513	0	0	0	0	0	0	0	0	0	0	0	0	0	0
00.000,00.000	30	0	-200	0	4.5	1655.76	865.761	540.577	180.857	48.1825	16.7262	3.65134	0	0	0	0	0	0	0	0	0	0	0	0	0	0
00.000,00.000	30.1	0	-200	0	4.5	1669.86	873.77	544.576	182.459	48.4183	16.9907	3.65154	0	0	0	0	0	0	0	0	0	0	0	0	0	0
00.000,00.000	30.2	0	-200	0	4.5	1681.07	880.13	547.745	183.741	48.6004	17.2005	3.65171	0	0	0	0	0	0	0	0	0	0	0	0	0	0
00.000,00.000	30.3	0	-200	0	4.5	1692.16	886.469	550.847	185.002	48.7624	17.4268	3.65195	0	0	0	0	0	0	0	0	0	0	0	0	0	0
00.000,00.000	30.4	0	-200	0	4.5	1703.34	892.891	553.945	186.264	48.9268	17.6558	3.65225	0	0	0	0	0	0	0	0	0	0	0	0	0	0
00.000,00.000	30.5	0	-200	0	4.5	1714.65	899.36	557.063	187.576	49.0996	17.8955	3.65263	0	0	0	0	0	0	0	0	0	0	0	0	0	0
00.000,00.000	30.6	0	-200	0	4.5	1748.28	918.172	566.54	191.644	49.6529	18.6191	3.65421	0	0	0	0	0	0	0	0	0	0	0	0	0	0
00.000,00.000	30.7	0	-200	0	4.5	1771.19	930.648	573.174	194.519	50.0601	19.1317	3.65633	0	0	0	0	0	0	0	0	0	0	0	0	0	0
00.000,00.000	30.8	0	-200	0	4.5	1773.26	931.762	573.787	194.776	50.1007	19.1791	3.65653	0	0	0	0	0	0	0	0	0	0	0	0	0	0
00.000,00.000	30.9	0	-200	0	4.5	1774.11	932.226	574.034	194.881	50.1159	19.198	3.65665	0	0	0	0	0	0	0	0	0	0	0	0	0	0
00.000,00.000	31	0	-200	0	4.5	1792.06	942.1	579.221	197.056	50.4339	19.5867	3.65943	0	0	0	0	0	0	0	0	0	0	0	0	0	0
00.000,00.000	31.1	0	-200	0	4.5	1811.59	952.724	584.98	199.42	50.7917	20.0104	3.66281	0	0	0	0	0	0	0	0	0	0	0	0	0	0
00.000,00.000	31.2	0	-200	0	4.5	1823.76	959.258	588.699	200.858	51.0105	20.2673	3.66535	0	0	0	0	0	0	0	0	0	0	0	0	0	0
00.000,00.000	31.3	0	-200	0	4.5	1834.82	965.276	592.052	202.121	51.2057	20.4956	3.66807	0	0	0	0	0	0	0	0	0	0	0	0	0	0
00.000,00.000	31.4	0	-200	0	4.5	1846.07	971.402	595.484	203.382	51.4037	20.7241	3.67121	0	0	0	0	0	0	0	0	0	0	0	0	0	0
00.000,00.000	31.5	0	-200	0	4.5	1865.37	982.029	601.265	205.527	51.7487	21.1212	3.67744	0	0	0	0	0	0	0	0	0	0	0	0	0	0
00.000,00.000	31.6	0	-200	0	4.5	1906.67	1004.89	613.559	210.02	52.5533	21.959	3.69213	0	0	0	0	0	0	0	0	0	0	0	0	0	0
00.000,00.000	31.7	0	-200	0	4.5	1914.24	1008.89	615.995	210.833	52.7183	22.1103	3.6949	0	0	0	0	0	0	0	0	0	0	0	0	0	0
00.000,00.000	31.8	0	-200	0	4.5	1926.62	1015.55	619.917	212.146	52.9592	22.3504	3.69986	0	0	0	0	0	0	0	0	0	0	0	0	0	0
00.000,00.000	31.9	0	-200	0	4.5	1930.15	1017.38	621.091	212.518	53.0332	22.4182	3.70133	0	0	0	0	0	0	0	0	0	0	0	0	0	0
00.000,00.000	32	0	-200	0	4.5	1964.12	1035.5	632.005	216.131	53.7084	23.0589	3.71996	0	0	0	0	0	0	0	0	0	0	0	0	0	0
00.000,00.000	32.1	0	-200	0	4.5	1983.57	1046.16	637.822	218.299	54.1259	23.4359	3.73101	0	0	0	0	0	0	0	0	0	0	0	0	0	0
00.000,00.000	32.2	0	-200	0	4.5	1995.42	1052.63	641.351	219.655	54.3809	23.6651	3.73856	0	0	0	0	0	0	0	0	0	0	0	0	0	0
00.000,00.000	32.3	0	-200	0	4.5	2007.23	1059.1	644.811	221.016	54.6557	23.8954	3.74679	0	0	0	0	0	0	0	0	0	0	0	0	0	0
00.000,00.000	32.4	0	-200	0	4.5	2019.05	1065.64	648.202	222.379	54.9509	24.1265	3.75568	0	0	0	0	0	0	0	0	0	0	0	0	0	0
00.000,00.000	32.5	0	-200	0	4.5	2030.95	1072.23	651.588	223.745	55.2574	24.3623	3.76543	0	0	0	0	0	0	0	0	0	0	0	0	0	0
00.000,00.000	32.6	0	-200	0	4.5	2072.33	1095.22	663.372	228.371	56.3904	25.1828	3.80196	0	0	0	0	0	0	0	0	0	0	0	0	0	0
00.000,00.000	32.7	0	-200	0	4.5	2101.35	1111.46	671.442	231.708	57.1521	25.7623	3.82937	0	0	0	0	0	0	0	0	0	0	0	0	0	0
00.000,00.000	32.8	0	-200	0	4.5	2103.58	1112.7	672.055	231.97	57.2095	25.8065	3.83162	0	0	0	0	0	0	0	0	0	0	0	0	0	0
00.000,00.000	32.9	0	-200	0	4.5	2119.43	1121.69	676.364	233.772	57.6439	26.1181	3.84934	0	0	0	0	0	0	0	0	0	0	0	0	0	0
00.000,00.000	33	0	-200	0	4.5	2144.69	1136.01	683.207	236.639	58.3463	26.6122	3.87872	0	0	0	0	0	0	0	0	0	0	0	0	0	0
00.000,00.000	33.1	0	-200	0	4.5	2160.21	1144.82	687.389	238.395	58.7882	26.9152	3.89767	0	0	0	0	0	0	0	0	0	0	0	0	0	0
00.000,00.000	33.2	0	-200	0	4.5	2172.25	1151.72	690.6	239.732	59.1368	27.1475	3.91305	0	0	0	0	0	0	0	0	0	0	0	0	0	0
00.000,00.000	33.3	0	-200	0	4.5	2184.16	1158.54	693.787	241.041	59.4866	27.3753	3.92892	0	0	0	0	0	0	0	0	0	0	0	0	0	0
00.000,00.000	33.4	0	-200	0	4.5	2196.15	1165.45	696.961	242.347	59.8428	27.6025	3.94556	0	0	0	0	0	0	0	0	0	0	0	0	0	0
00.000,00.000	33.5	0	-200	0	4.5	2208.23	1172.47	700.091	243.661	60.2119	27.834	3.96336	0	0	0	0	0	0	0	0	0	0	0	0	0	0
00.000,00.000	33.6	0	-200	0	4.5	2252.1	1198.05	711.258	248.428	61.6583	28.6725	4.03131	0	0	0	0	0	0	0	0	0	0	0	0	0	0
00.000,00.000	33.7	0	-200	0	4.5	2267.38	1207.02	715.036	250.073	62.2291	28.9692	4.05613	0	0	0	0	0	0	0	0	0	0	0	0	0	0
00.000,00.000	33.8	0	-200	0	4.5	2267.97	1207.37	715.181	250.135	62.2511	28.9804	4.05711	0	0	0	0	0	0	0	0	0	0	0	0	0	0
00.000,00.000	33.9	0	-200	0	4.5	2268.74	1207.82	715.37	250.215	62.2799	28.9945	4.05842	0	0	0	0	0	0	0	0	0	0	0	0	0	0
00.000,00.000	34	0	-200	0	4.5	2296.91	1224.71	722.124	253.076	63.3851	29.5057	4.10753	0	0	0	0	0	0	0	0	0	0	0	0	0	0
00.000,00.000	34.1	0	-200	0	4.5	2317.87	1237.21	727.143	255.24	64.244	29.8858	4.14504	0	0	0	0	0	0	0	0	0	0	0	0	0	0
00.000,00.000	34.2	0	-200	0	4.5	2330.97	1245.14	730.241	256.541	64.7739	30.114	4.16852	0	0	0	0	0	0	0	0	0	0	0	0	0	0
00.000,00.000	34.3	0	-200	0	4.5	2343.61	1252.76	733.249	257.778	65.2918	30.331	4.19176	0	0	0	0	0	0	0	0	0	0	0	0	0	0
00.000,00.000	34.4	0	-200	0	4.5	2356.28	1260.46	736.268	258.974	65.8177	30.5459	4.21567	0	0	0	0	0	0	0	0	0	0	0	0	0	0
00.000,00.000	34.5	0	-200	0	4.5	2369.15	1268.34	739.302	260.15	66.3545	30.7613	4.24058	0	0	0	0	0	0	0	0	0	0	0	0	0	0
00.000,00.000	34.6	0	-200	0	4.5	2412.84	1295.19	749.647	264.017	68.1799	31.4796	4.32711	0	0	0	0	0	0	0	0	0	0	0	0	0	0
00.000,00.000	34.7	0	-200	0	4.5	2421.56	1300.56	751.743	264.732	68.5531	31.6245	4.34488	0	0	0	0	0	0	0	0	0	0	0	0	0	0
00.000,00.000	34.8	0	-200	0	4.5	2422.36	1301.06	751.931	264.801	68.5871	31.6373	4.34653	0	0	0	0	0	0	0	0	0	0	0	0	0	0
00.000,00.000	34.9	0	-200	0	4.5	2430.73	1306.27	753.881	265.502	68.9464	31.7683	4.36426	0	0	0	0	0	0	0	0	0	0	0	0	0	0
00.000,00.000	35	0	-200	0	4.5	2452.89	1320.12	758.998	267.335	69.9071	32.1105	4.41218	0	0	0	0	0	0	0	0	0	0	0	0	0	0
00.000,00.000	35.1	0	-200	0	4.5	2468.41	1329.84	762.544	268.638	70.5954	32.3499	4.44687	0	0	0	0	0	0	0	0	0	0	0	0	0	0
00.000,00.000	35.2	0	-200	0	4.5	2481.48	1338.02	765.509	269.734	71.1858	32.5504	4.4771	0	0	0	0	0	0	0	0	0	0	0	0	0	0
00.000,00.000	35.3	0	-200	0	4.5	2494.49	1346.23	768.427	270.799	71.7833	32.749	4.50819	0	0	0	0	0	0	0	0	0	0	0	0	0	0
00.000,00.000	35.4	0	-200	0	4.5	2507.45	1354.41	771.333	271.831	72.3873	32.9466	4.54016	0	0	0	0	0	0	0	0	0	0	0	0	0	0
00.000,00.000	35.5	0	-200	0	4.5	2520.44	1362.67	774.18	272.844	73.0213	33.1449	4.57341	0	0	0	0	0	0	0	0	0	0	0	0	0	0
00.000,00.000	35.6	0	-200	0	4.5	2540.53	1375.58	778.488	274.38	74.0049	33.449	4.62625	0	0	0	0	0	0	0	0	0	0	0	0	0	0
00.000,00.000	35.7	0	-200	0	4.5	2564.98	1391.27	783.8	276.2	75.2023	33.8161	4.69216	0	0	0	0	0	0	0	0	0	0	0	0	0	0
00.000,00.000	35.8	0	-200	0	4.5	2569.04	1393.9	784.666	276.49	75.4062	33.878	4.70353	0	0	0	0	0	0	0	0	0	0	0	0	0	0
00.000,00.000	35.9	0	-200	0	4.5	2584.87	1404.17	788.02	277.627	76.1926	34.1132	4.74896	0	0	0	0	0	0	0	0	0	0	0	0	0	0
00.000,00.000	36	0	-200	0	4.5	2602.39	1415.52	791.771	278.854	77.0702	34.3731	4.8006	0	0	0	0	0	0	0	0	0	0	0	0	0	0
00.000,00.000	36.1	0	-200	0	4.5	2616.04	1424.37	794.73	279.774	77.7557	34.5639	4.84187	0	0	0	0	0	0	0	0	0	0	0	0	0	0
00.000,00.000	36.2	0	-200	0	4.5	2628.82	1432.76	797.467	280.596	78.3852	34.7321	4.88172	0	0	0	0	0	0	0	0	0	0	0	0	0	0
00.000,00.000	36.3	0	-200	0	4.5	2641.59	1441.2	800.17	281.394	79.0029	34.8984	4.92261	0	0	0	0	0	0	0	0	0	0	0	0	0	0
00.000,00.000	36.4	0	-200	0	4.5	2654.43	1449.68	802.935	282.17	79.6234	35.0627	4.96452	0	0	0	0	0	0	0	0	0	0	0	0	0	0
00.000,00.000	36.5	0	-200	0	4.5	2667.42	1458.27	805.732	282.919	80.2591	35.2264	5.00774	0	0	0	0	0	0	0	0	0	0	0	0	0	0
00.000,00.000	36.6	0	-200	0	4.5	2686.97	1471.27	809.912	284.001	81.2378	35.3604	5.18732	0	0	0	0	0	0	0	0	0	0	0	0	0	0
00.000,00.000	36.7	0	-200	0	4.5	2700.52	1480.31	812.824	284.714	81.9153	35.4097	5.35297	0	0	0	0	0	0	0	0	0	0	0	0	0	0
00.000,00.000	36.8	0	-200	0	4.5	2702.58	1481.67	813.285	284.812	82.0171	35.4061	5.38697	0	0	0	0	0	0	0	0	0	0	0	0	0	0
00.000,00.000	36.9	0	-200	0	4.5	2719.14	1492.78	816.81	285.645	82.8478	35.489	5.57098	0	0	0	0	0	0	0	0	0	0	0	0	0	0
00.000,00.000	37	0	-200	0	4.5	2733.81	1502.62	819.961	286.362	83.5798	35.5477	5.74659	0	0	0	0	0	0	0	0	0	0	0	0	0	0
00.000,00.000	37.1	0	-200	0	4.5	2746.59	1511.26	822.646	286.969	84.2191	35.5979	5.90104	0	0	0	0	0	0	0	0	0	0	0	0	0	0
00.000,00.000	37.2	0	-200	0	4.5	2759.28	1519.97	825.223	287.549	84.8313	35.6475	6.05592	0	0	0	0	0	0	0	0	0	0	0	0	0	0
00.000,00.000	37.3	0	-200	0	4.5	2772.03	1528.78	827.788	288.109	85.4442	35.6967	6.21255	0	0	0	0	0	0	0	0	0	0	0	0	0	0
00.000,00.000	37.4	0	-200	0	4.5	2784.83	1537.66	830.345	288.65	86.0572	35.7455	6.37036	0	0	0	0	0	0	0	0	0	0	0	0	0	0
00.000,00.000	37.5	0	-200	0	4.5	2797.68	1546.64	832.886	289.17	86.6705	35.7942	6.51657	0	0	0	0	0	0	0	0	0	0	0	0	0	0
00.000,00.000	37.6	0	-200	0	4.5	2810.44	1555.61	835.387	289.668	87.2763	35.8433	6.65928	0	0	0	0	0	0	0	0	0	0	0	0	0	0
00.000,00.000	37.7	0	-200	0	4.5	2828.88	1568.59	838.986	290.364	88.152	35.9141	6.86925	0	0	0	0	0	0	0	0	0	0	0	0	0	0
00.000,00.000	37.8	0	-200	0	4.5	2833.81	1572.06	839.959	290.545	88.3843	35.9334	6.92295	0	0	0	0	0	0	0	0	0	0	0	0	0	0
00.000,00.000	37.9	0	-200	0	4.5	2847.82	1582.04	842.627	291.031	89.0506	35.9886	7.08606	0	0	0	0	0	0	0	0	0	0	0	0	0	0
00.000,00.000	38	0	-200	0	4.5	2861.55	1591.86	845.223	291.48	89.7014	36.0439	7.24091	0	0	0	0	0	0	0	0	0	0	0	0	0	0
00.000,00.000	38.1	0	-200	0	4.5	2874.27	1601	847.591	291.883	90.3055	36.096	7.39195	0	0	0	0	0	0	0	0	0	0	0	0	0	0
00.000,00.000	38.2	0	-200	0	4.5	2886.89	1610.1	849.916	292.268	90.9069	36.1491	7.54426	0	0	0	0	0	0	0	0	0	0	0	0	0	0
00.000,00.000	38.3	0	-200	0	4.5	2899.39	1619.14	852.203	292.635	91.5039	36.2031	7.69907	0	0	0	0	0	0	0	0	0	0	0	0	0	0
00.000,00.000	38.4	0	-200	0	4.5	2911.78	1628.14	854.447	292.985	92.0967	36.2584	7.85421	0	0	0	0	0	0	0	0	0	0	0	0	0	0
00.000,00.000	38.5	0	-200	0	4.5	2924.19	1637.21	856.651	293.317	92.6863	36.3154	8.01073	0	0	0	0	0	0	0	0	0	0	0	0	0	0
00.000,00.000	38.6	0	-200	0	4.5	2938.04	1647.27	859.043	293.665	93.5002	36.3798	8.18555	0	0	0	0	0	0	0	0	0	0	0	0	0	0
00.000,00.000	38.7	0	-200	0	4.5	2956.97	1661.13	862.234	294.117	94.5988	36.4705	8.42635	0	0	0	0	0	0	0	0	0	0	0	0	0	0
00.000,00.000	38.8	0	-200	0	4.5	2960.51	1663.72	862.821	294.206	94.8043	36.4883	8.47228	0	0	0	0	0	0	0	0	0	0	0	0	0	0
00.000,00.000	38.9	0	-200	0	4.5	2975.2	1674.5	865.242	294.569	95.6596	36.5652	8.6647	0	0	0	0	0	0	0	0	0	0	0	0	0	0
00.000,00.000	39	0	-200	0	4.5	2989.05	1684.67	867.523	294.905	96.4628	36.6409	8.84651	0	0	0	0	0	0	0	0	0	0	0	0	0	0
00.000,00.000	39.1	0	-200	0	4.5	3001.14	1693.57	869.504	295.183	97.1651	36.7102	9.00568	0	0	0	0	0	0	0	0	0	0	0	0	0	0
00.000,00.000	39.2	0	-200	0	4.5	3013.09	1702.18	871.664	295.443	97.8577	36.7818	9.16536	0	0	0	0	0	0	0	0	0	0	0	0	0	0
00.000,00.000	39.3	0	-200	0	4.5	3024.92	1710.38	874.123	295.685	98.5445	36.856	9.32309	0	0	0	0	0	0	0	0	0	0	0	0	0	0
00.000,00.000	39.4	0	-200	0	4.5	3036.64	1718.05	877.042	295.91	99.2256	36.9331	9.47982	0	0	0	0	0	0	0	0	0	0	0	0	0	0
00.000,00.000	39.5	0	-200	0	4.5	3048.33	1725.47	880.188	296.119	99.9019	37.0133	9.63674	0	0	0	0	0	0	0	0	0	0	0	0	0	0
00.000,00.000	39.6	0	-200	0	4.5	3060.76	1733.36	883.55	296.325	100.616	37.1019	9.80716	0	0	0	0	0	0	0	0	0	0	0	0	0	0
00.000,00.000	39.7	0	-200	0	4.5	3074.51	1742.07	887.299	296.538	101.403	37.2044	9.99651	0	0	0	0	0	0	0	0	0	0	0	0	0	0
00.000,00.000	39.8	0	-200	0	4.5	3080.71	1745.98	889.009	296.629	101.761	37.2528	10.0839	0	0	0	0	0	0	0	0	0	0	0	0	0	0
00.000,00.000	39.9	0	-200	0	4.5	3092.76	1753.56	892.347	296.792	102.451	37.3516	10.2537	0	0	0	0	0	0	0	0	0	0	0	0	0	0
00.000,00.000	40	0	-200	0	4.5	3104.46	1760.75	895.778	296.939	103.124	37.452	10.421	0	0	0	0	0	0	0	0	0	0	0	0	0	0
00.000,00.000	40.1	0	-200	0	4.5	3115.45	1767.38	899.073	297.113	103.75	37.5504	10.5779	0	0	0	0	0	0	0	0	0	0	0	0	0	0
00.000,00.000	40.2	0	-200	0	4.5	3125.97	1773.43	902.512	297.282	104.364	37.6464	10.7328	0	0	0	0	0	0	0	0	0	0	0	0	0	0
00.000,00.000	40.3	0	-200	0	4.5	3136.05	1778.94	906.073	297.439	104.967	37.7444	10.8853	0	0	0	0	0	0	0	0	0	0	0	0	0	0
00.000,00.000	40.4	0	-200	0	4.5	3145.71	1784.01	909.678	297.583	105.557	37.8456	11.0355	0	0	0	0	0	0	0	0	0	0	0	0	0	0
00.000,00.000	40.5	0	-200	0	4.5	3155.17	1788.82	913.346	297.716	106.164	37.9405	11.1854	0	0	0	0	0	0	0	0	0	0	0	0	0	0
00.000,00.000	40.6	0	-200	0	4.5	3164.32	1793.25	917.087	297.837	106.778	38.0339	11.3324	0	0	0	0	0	0	0	0	0	0	0	0	0	0
00.000,00.000	40.7	0	-200	0	4.5	3176.02	1798.81	921.987	297.981	107.558	38.1612	11.5219	0	0	0	0	0	0	0	0	0	0	0	0	0	0
00.000,00.000	40.8	0	-200	0	4.5	3180.85	1801.07	924.037	298.042	107.884	38.2134	11.6028	0	0	0	0	0	0	0	0	0	0	0	0	0	0
00.000,00.000	40.9	0	-200	0	4.5	3189.68	1805.27	927.697	298.14	108.494	38.3262	11.7531	0	0	0	0	0	0	0	0	0	0	0	0	0	0
00.000,00.000	41	0	-200	0	4.5	3197.98	1809.27	931.037	298.234	109.094	38.4386	11.9021	0	0	0	0	0	0	0	0	0	0	0	0	0	0
00.000,00.000	41.1	0	-200	0	4.5	3205.57	1812.91	934.11	298.316	109.645	38.5485	12.0403	0	0	0	0	0	0	0	0	0	0	0	0	0	0
00.000,00.000	41.2	0	-200	0	4.5	3212.97	1816.41	937.147	298.391	110.184	38.6618	12.176	0	0	0	0	0	0	0	0	0	0	0	0	0	0
00.000,00.000	41.3	0	-200	0	4.5	3220.2	1819.79	940.152	298.46	110.71	38.7783	12.3096	0	0	0	0	0	0	0	0	0	0	0	0	0	0
00.000,00.000	41.4	0	-200	0	4.5	3227.24	1823.07	943.103	298.523	111.225	38.8755	12.4416	0	0	0	0	0	0	0	0	0	0	0	0	0	0
00.000,00.000	41.5	0	-200	0	4.5	3234.14	1826.28	945.996	298.581	111.729	38.9726	12.5735	0	0	0	0	0	0	0	0	0	0	0	0	0	0
00.000,00.000	41.6	0	-200	0	4.5	3244.43	1831.09	950.284	298.661	112.487	39.1318	12.7752	0	0	0	0	0	0	0	0	0	0	0	0	0	0
00.000,00.000	41.7	0	-200	0	4.5	3256.79	1836.95	955.291	298.756	113.426	39.3409	13.0304	0	0	0	0	0	0	0	0	0	0	0	0	0	0
00.000,00.000	41.8	0	-200	0	4.5	3258.83	1837.9	956.136	298.771	113.581	39.3688	13.073	0	0	0	0	0	0	0	0	0	0	0	0	0	0
00.000,00.000	41.9	0	-200	0	4.5	3264.55	1840.52	958.529	298.81	113.895	39.6003	13.1952	0	0	0	0	0	0	0	0	0	0	0	0	0	0
00.000,00.000	42	0	-200	0	4.5	3273.11	1844.34	962.175	298.897	114.352	39.9691	13.3819	0	0	0	0	0	0	0	0	0	0	0	0	0	0