
label	time(d)	x	depth	z	radius	total	0-10	10-20	20-30	30-40	40-50	50-60	60-70	70-80	80-90	90-100	100-110	110-120	120-130	130-140	140-150	150-160	160-170	170-180	180-190	190-200
05.500,00.000	0	5.5	-200	0	4.5	0	0	0	0	0	0	0	0	0	0	0	0	0	0	0	0	0	0	0	0	0
05.500,00.000	0.1	5.5	-200	0	4.5	0	0	0	0	0	0	0	0	0	0	0	0	0	0	0	0	0	0	0	0	0
05.500,00.000	0.2	5.5	-200	0	4.5	0	0	0	0	0	0	0	0	0	0	0	0	0	0	0	0	0	0	0	0	0
05.500,00.000	0.3	5.5	-200	0	4.5	0	0	0	0	0	0	0	0	0	0	0	0	0	0	0	0	0	0	0	0	0
05.500,00.000	0.4	5.5	-200	0	4.5	0	0	0	0	0	0	0	0	0	0	0	0	0	0	0	0	0	0	0	0	0
05.500,00.000	0.5	5.5	-200	0	4.5	0	0	0	0	0	0	0	0	0	0	0	0	0	0	0	0	0	0	0	0	0
05.500,00.000	0.6	5.5	-200	0	4.5	0	0	0	0	0	0	0	0	0	0	0	0	0	0	0	0	0	0	0	0	0
05.500,00.000	0.7	5.5	-200	0	4.5	0	0	0	0	0	0	0	0	0	0	0	0	0	0	0	0	0	0	0	0	0
05.500,00.000	0.8	5.5	-200	0	4.5	0	0	0	0	0	0	0	0	0	0	0	0	0	0	0	0	0	0	0	0	0
05.500,00.000	0.9	5.5	-200	0	4.5	0	0	0	0	0	0	0	0	0	0	0	0	0	0	0	0	0	0	0	0	0
05.500,00.000	1	5.5	-200	0	4.5	0	0	0	0	0	0	0	0	0	0	0	0	0	0	0	0	0	0	0	0	0
05.500,00.000	1.1	5.5	-200	0	4.5	0	0	0	0	0	0	0	0	0	0	0	0	0	0	0	0	0	0	0	0	0
05.500,00.000	1.2	5.5	-200	0	4.5	0	0	0	0	0	0	0	0	0	0	0	0	0	0	0	0	0	0	0	0	0
05.500,00.000	1.3	5.5	-200	0	4.5	0	0	0	0	0	0	0	0	0	0	0	0	0	0	0	0	0	0	0	0	0
05.500,00.000	1.4	5.5	-200	0	4.5	0	0	0	0	0	0	0	0	0	0	0	0	0	0	0	0	0	0	0	0	0
05.500,00.000	1.5	5.5	-200	0	4.5	0	0	0	0	0	0	0	0	0	0	0	0	0	0	0	0	0	0	0	0	0
05.500,00.000	1.6	5.5	-200	0	4.5	0	0	0	0	0	0	0	0	0	0	0	0	0	0	0	0	0	0	0	0	0
05.500,00.000	1.7	5.5	-200	0	4.5	0	0	0	0	0	0	0	0	0	0	0	0	0	0	0	0	0	0	0	0	0
05.500,00.000	1.8	5.5	-200	0	4.5	0	0	0	0	0	0	0	0	0	0	0	0	0	0	0	0	0	0	0	0	0
05.500,00.000	1.9	5.5	-200	0	4.5	0	0	0	0	0	0	0	0	0	0	0	0	0	0	0	0	0	0	0	0	0
05.500,00.000	2	5.5	-200	0	4.5	0	0	0	0	0	0	0	0	0	0	0	0	0	0	0	0	0	0	0	0	0
05.500,00.000	2.1	5.5	-200	0	4.5	0	0	0	0	0	0	0	0	0	0	0	0	0	0	0	0	0	0	0	0	0
05.500,00.000	2.2	5.5	-200	0	4.5	0	0	0	0	0	0	0	0	0	0	0	0	0	0	0	0	0	0	0	0	0
05.500,00.000	2.3	5.5	-200	0	4.5	0	0	0	0	0	0	0	0	0	0	0	0	0	0	0	0	0	0	0	0	0
05.500,00.000	2.4	5.5	-200	0	4.5	0	0	0	0	0	0	0	0	0	0	0	0	0	0	0	0	0	0	0	0	0
05.500,00.000	2.5	5.5	-200	0	4.5	0	0	0	0	0	0	0	0	0	0	0	0	0	0	0	0	0	0	0	0	0
05.500,00.000	2.6	5.5	-200	0	4.5	0	0	0	0	0	0	0	0	0	0	0	0	0	0	0	0	0	0	0	0	0
05.500,00.000	2.7	5.5	-200	0	4.5	0	0	0	0	0	0	0	0	0	0	0	0	0	0	0	0	0	0	0	0	0
05.500,00.000	2.8	5.5	-200	0	4.5	0.0492907	0.0492907	0	0	0	0	0	0	0	0	0	0	0	0	0	0	0	0	0	0	0
05.500,00.000	2.9	5.5	-200	0	4.5	0.26644	0.26644	0	0	0	0	0	0	0	0	0	0	0	0	0	0	0	0	0	0	0
05.500,00.000	3	5.5	-200	0	4.5	0.507713	0.507713	0	0	0	0	0	0	0	0	0	0	0	0	0	0	0	0	0	0	0
05.500,00.000	3.1	5.5	-200	0	4.5	0.760753	0.760753	0	0	0	0	0	0	0	0	0	0	0	0	0	0	0	0	0	0	0
05.500,00.000	3.2	5.5	-200	0	4.5	1.01519	1.01519	0	0	0	0	0	0	0	0	0	0	0	0	0	0	0	0	0	0	0
05.500,00.000	3.3	5.5	-200	0	4.5	1.27089	1.27089	0	0	0	0	0	0	0	0	0	0	0	0	0	0	0	0	0	0	0
05.500,00.000	3.4	5.5	-200	0	4.5	1.68751	1.68751	0	0	0	0	0	0	0	0	0	0	0	0	0	0	0	0	0	0	0
05.500,00.000	3.5	5.5	-200	0	4.5	2.14554	2.14554	0	0	0	0	0	0	0	0	0	0	0	0	0	0	0	0	0	0	0
05.500,00.000	3.6	5.5	-200	0	4.5	2.59589	2.59589	0	0	0	0	0	0	0	0	0	0	0	0	0	0	0	0	0	0	0
05.500,00.000	3.7	5.5	-200	0	4.5	3.05234	3.05234	0	0	0	0	0	0	0	0	0	0	0	0	0	0	0	0	0	0	0
05.500,00.000	3.8	5.5	-200	0	4.5	3.51391	3.51391	0	0	0	0	0	0	0	0	0	0	0	0	0	0	0	0	0	0	0
05.500,00.000	3.9	5.5	-200	0	4.5	3.97639	3.97639	0	0	0	0	0	0	0	0	0	0	0	0	0	0	0	0	0	0	0
05.500,00.000	4	5.5	-200	0	4.5	4.44074	4.44074	0	0	0	0	0	0	0	0	0	0	0	0	0	0	0	0	0	0	0
05.500,00.000	4.1	5.5	-200	0	4.5	4.90704	4.90704	0	0	0	0	0	0	0	0	0	0	0	0	0	0	0	0	0	0	0
05.500,00.000	4.2	5.5	-200	0	4.5	5.37526	5.37526	0	0	0	0	0	0	0	0	0	0	0	0	0	0	0	0	0	0	0
05.500,00.000	4.3	5.5	-200	0	4.5	5.84441	5.84441	0	0	0	0	0	0	0	0	0	0	0	0	0	0	0	0	0	0	0
05.500,00.000	4.4	5.5	-200	0	4.5	6.31443	6.31443	0	0	0	0	0	0	0	0	0	0	0	0	0	0	0	0	0	0	0
05.500,00.000	4.5	5.5	-200	0	4.5	6.78321	6.78321	0	0	0	0	0	0	0	0	0	0	0	0	0	0	0	0	0	0	0
05.500,00.000	4.6	5.5	-200	0	4.5	7.25001	7.25001	0	0	0	0	0	0	0	0	0	0	0	0	0	0	0	0	0	0	0
05.500,00.000	4.7	5.5	-200	0	4.5	7.71481	7.71481	0	0	0	0	0	0	0	0	0	0	0	0	0	0	0	0	0	0	0
05.500,00.000	4.8	5.5	-200	0	4.5	8.17815	8.17815	0	0	0	0	0	0	0	0	0	0	0	0	0	0	0	0	0	0	0
05.500,00.000	4.9	5.5	-200	0	4.5	8.64111	8.64111	0	0	0	0	0	0	0	0	0	0	0	0	0	0	0	0	0	0	0
05.500,00.000	5	5.5	-200	0	4.5	9.10407	9.10407	0	0	0	0	0	0	0	0	0	0	0	0	0	0	0	0	0	0	0
05.500,00.000	5.1	5.5	-200	0	4.5	9.56656	9.56656	0	0	0	0	0	0	0	0	0	0	0	0	0	0	0	0	0	0	0
05.500,00.000	5.2	5.5	-200	0	4.5	10.0286	10.0286	0	0	0	0	0	0	0	0	0	0	0	0	0	0	0	0	0	0	0
05.500,00.000	5.3	5.5	-200	0	4.5	10.4914	10.4914	0	0	0	0	0	0	0	0	0	0	0	0	0	0	0	0	0	0	0
05.500,00.000	5.4	5.5	-200	0	4.5	10.9536	10.9536	0	0	0	0	0	0	0	0	0	0	0	0	0	0	0	0	0	0	0
05.500,00.000	5.5	5.5	-200	0	4.5	11.4138	11.4138	0	0	0	0	0	0	0	0	0	0	0	0	0	0	0	0	0	0	0
05.500,00.000	5.6	5.5	-200	0	4.5	11.8749	11.8749	0	0	0	0	0	0	0	0	0	0	0	0	0	0	0	0	0	0	0
05.500,00.000	5.7	5.5	-200	0	4.5	12.3353	12.3353	0	0	0	0	0	0	0	0	0	0	0	0	0	0	0	0	0	0	0
05.500,00.000	5.8	5.5	-200	0	4.5	12.7955	12.7955	0	0	0	0	0	0	0	0	0	0	0	0	0	0	0	0	0	0	0
05.500,00.000	5.9	5.5	-200	0	4.5	13.2553	13.2553	0	0	0	0	0	0	0	0	0	0	0	0	0	0	0	0	0	0	0
05.500,00.000	6	5.5	-200	0	4.5	13.7139	13.7139	0	0	0	0	0	0	0	0	0	0	0	0	0	0	0	0	0	0	0
05.500,00.000	6.1	5.5	-200	0	4.5	14.1725	14.1725	0	0	0	0	0	0	0	0	0	0	0	0	0	0	0	0	0	0	0
05.500,00.000	6.2	5.5	-200	0	4.5	14.5279	14.5279	0	0	0	0	0	0	0	0	0	0	0	0	0	0	0	0	0	0	0
05.500,00.000	6.3	5.5	-200	0	4.5	14.7842	14.7842	0	0	0	0	0	0	0	0	0	0	0	0	0	0	0	0	0	0	0
05.500,00.000	6.4	5.5	-200	0	4.5	15.1404	14.9649	0.175475	0	0	0	0	0	0	0	0	0	0	0	0	0	0	0	0	0	0
05.500,00.000	6.5	5.5	-200	0	4.5	15.3899	14.9581	0.43178	0	0	0	0	0	0	0	0	0	0	0	0	0	0	0	0	0	0
05.500,00.000	6.6	5.5	-200	0	4.5	15.6437	14.9581	0.685653	0	0	0	0	0	0	0	0	0	0	0	0	0	0	0	0	0	0
05.500,00.000	6.7	5.5	-200	0	4.5	15.898	14.9581	0.939861	0	0	0	0	0	0	0	0	0	0	0	0	0	0	0	0	0	0
05.500,00.000	6.8	5.5	-200	0	4.5	16.1522	14.9581	1.19415	0	0	0	0	0	0	0	0	0	0	0	0	0	0	0	0	0	0
05.500,00.000	6.9	5.5	-200	0	4.5	16.4068	14.9581	1.4487	0	0	0	0	0	0	0	0	0	0	0	0	0	0	0	0	0	0
05.500,00.000	7	5.5	-200	0	4.5	16.6614	14.9581	1.70331	0	0	0	0	0	0	0	0	0	0	0	0	0	0	0	0	0	0
05.500,00.000	7.1	5.5	-200	0	4.5	16.9158	14.9581	1.95772	0	0	0	0	0	0	0	0	0	0	0	0	0	0	0	0	0	0
05.500,00.000	7.2	5.5	-200	0	4.5	17.1707	14.9583	2.21232	0	0	0	0	0	0	0	0	0	0	0	0	0	0	0	0	0	0
05.500,00.000	7.3	5.5	-200	0	4.5	17.4144	14.9598	2.45463	0	0	0	0	0	0	0	0	0	0	0	0	0	0	0	0	0	0
05.500,00.000	7.4	5.5	-200	0	4.5	17.4198	14.9627	2.45713	0	0	0	0	0	0	0	0	0	0	0	0	0	0	0	0	0	0
05.500,00.000	7.5	5.5	-200	0	4.5	17.4257	14.9677	2.45797	0	0	0	0	0	0	0	0	0	0	0	0	0	0	0	0	0	0
05.500,00.000	7.6	5.5	-200	0	4.5	17.4348	14.9762	2.4586	0	0	0	0	0	0	0	0	0	0	0	0	0	0	0	0	0	0
05.500,00.000	7.7	5.5	-200	0	4.5	17.4471	14.9885	2.4586	0	0	0	0	0	0	0	0	0	0	0	0	0	0	0	0	0	0
05.500,00.000	7.8	5.5	-200	0	4.5	17.4639	15.0053	2.4586	0	0	0	0	0	0	0	0	0	0	0	0	0	0	0	0	0	0
05.500,00.000	7.9	5.5	-200	0	4.5	17.4859	15.0273	2.4586	0	0	0	0	0	0	0	0	0	0	0	0	0	0	0	0	0	0
05.500,00.000	8	5.5	-200	0	4.5	17.5131	15.0545	2.4586	0	0	0	0	0	0	0	0	0	0	0	0	0	0	0	0	0	0
05.500,00.000	8.1	5.5	-200	0	4.5	17.5467	15.0881	2.4586	0	0	0	0	0	0	0	0	0	0	0	0	0	0	0	0	0	0
05.500,00.000	8.2	5.5	-200	0	4.5	17.588	15.1294	2.4586	0	0	0	0	0	0	0	0	0	0	0	0	0	0	0	0	0	0
05.500,00.000	8.3	5.5	-200	0	4.5	17.6381	15.1795	2.4586	0	0	0	0	0	0	0	0	0	0	0	0	0	0	0	0	0	0
05.500,00.000	8.4	5.5	-200	0	4.5	17.6958	15.2372	2.4586	0	0	0	0	0	0	0	0	0	0	0	0	0	0	0	0	0	0
05.500,00.000	8.5	5.5	-200	0	4.5	17.7616	15.303	2.4586	0	0	0	0	0	0	0	0	0	0	0	0	0	0	0	0	0	0
05.500,00.000	8.6	5.5	-200	0	4.5	17.8338	15.3752	2.4586	0	0	0	0	0	0	0	0	0	0	0	0	0	0	0	0	0	0
05.500,00.000	8.7	5.5	-200	0	4.5	17.9147	15.4561	2.4586	0	0	0	0	0	0	0	0	0	0	0	0	0	0	0	0	0	0
05.500,00.000	8.8	5.5	-200	0	4.5	18.0025	15.5439	2.4586	0	0	0	0	0	0	0	0	0	0	0	0	0	0	0	0	0	0
05.500,00.000	8.9	5.5	-200	0	4.5	18.1029	15.6443	2.4586	0	0	0	0	0	0	0	0	0	0	0	0	0	0	0	0	0	0
05.500,00.000	9	5.5	-200	0	4.5	18.2139	15.7553	2.4586	0	0	0	0	0	0	0	0	0	0	0	0	0	0	0	0	0	0
05.500,00.000	9.1	5.5	-200	0	4.5	18.3371	15.8785	2.4586	0	0	0	0	0	0	0	0	0	0	0	0	0	0	0	0	0	0
05.500,00.000	9.2	5.5	-200	0	4.5	18.4741	16.0155	2.4586	0	0	0	0	0	0	0	0	0	0	0	0	0	0	0	0	0	0
05.500,00.000	9.3	5.5	-200	0	4.5	18.6243	16.1657	2.4586	0	0	0	0	0	0	0	0	0	0	0	0	0	0	0	0	0	0
05.500,00.000	9.4	5.5	-200	0	4.5	18.7897	16.3311	2.4586	0	0	0	0	0	0	0	0	0	0	0	0	0	0	0	0	0	0
05.500,00.000	9.5	5.5	-200	0	4.5	18.9681	16.5095	2.4586	0	0	0	0	0	0	0	0	0	0	0	0	0	0	0	0	0	0
05.500,00.000	9.6	5.5	-200	0	4.5	19.1587	16.7001	2.4586	0	0	0	0	0	0	0	0	0	0	0	0	0	0	0	0	0	0
05.500,00.000	9.7	5.5	-200	0	4.5	19.3641	16.9055	2.4586	0	0	0	0	0	0	0	0	0	0	0	0	0	0	0	0	0	0
05.500,00.000	9.8	5.5	-200	0	4.5	19.5846	17.126	2.4586	0	0	0	0	0	0	0	0	0	0	0	0	0	0	0	0	0	0
05.500,00.000	9.9	5.5	-200	0	4.5	19.8277	17.3691	2.4586	0	0	0	0	0	0	0	0	0	0	0	0	0	0	0	0	0	0
05.500,00.000	10	5.5	-200	0	4.5	20.0892	17.6306	2.4586	0	0	0	0	0	0	0	0	0	0	0	0	0	0	0	0	0	0
05.500,00.000	10.1	5.5	-200	0	4.5	20.3725	17.9139	2.4586	0	0	0	0	0	0	0	0	0	0	0	0	0	0	0	0	0	0
05.500,00.000	10.2	5.5	-200	0	4.5	20.6795	18.2209	2.4586	0	0	0	0	0	0	0	0	0	0	0	0	0	0	0	0	0	0
05.500,00.000	10.3	5.5	-200	0	4.5	21.0098	18.5512	2.4586	0	0	0	0	0	0	0	0	0	0	0	0	0	0	0	0	0	0
05.500,00.000	10.4	5.5	-200	0	4.5	21.366	18.9074	2.4586	0	0	0	0	0	0	0	0	0	0	0	0	0	0	0	0	0	0
05.500,00.000	10.5	5.5	-200	0	4.5	21.7434	19.2848	2.4586	0	0	0	0	0	0	0	0	0	0	0	0	0	0	0	0	0	0
05.500,00.000	10.6	5.5	-200	0	4.5	22.1326	19.674	2.4586	0	0	0	0	0	0	0	0	0	0	0	0	0	0	0	0	0	0
05.500,00.000	10.7	5.5	-200	0	4.5	22.5424	20.0838	2.4586	0	0	0	0	0	0	0	0	0	0	0	0	0	0	0	0	0	0
05.500,00.000	10.8	5.5	-200	0	4.5	22.975	20.5164	2.4586	0	0	0	0	0	0	0	0	0	0	0	0	0	0	0	0	0	0
05.500,00.000	10.9	5.5	-200	0	4.5	23.438	20.9793	2.45865	0	0	0	0	0	0	0	0	0	0	0	0	0	0	0	0	0	0
05.500,00.000	11	5.5	-200	0	4.5	23.9314	21.4713	2.46007	0	0	0	0	0	0	0	0	0	0	0	0	0	0	0	0	0	0
05.500,00.000	11.1	5.5	-200	0	4.5	24.4541	21.9912	2.46283	0	0	0	0	0	0	0	0	0	0	0	0	0	0	0	0	0	0
05.500,00.000	11.2	5.5	-200	0	4.5	25.0133	22.5466	2.46665	0	0	0	0	0	0	0	0	0	0	0	0	0	0	0	0	0	0
05.500,00.000	11.3	5.5	-200	0	4.5	25.6392	23.1658	2.47346	0	0	0	0	0	0	0	0	0	0	0	0	0	0	0	0	0	0
05.500,00.000	11.4	5.5	-200	0	4.5	26.3281	23.8433	2.48473	0	0	0	0	0	0	0	0	0	0	0	0	0	0	0	0	0	0
05.500,00.000	11.5	5.5	-200	0	4.5	27.0634	24.564	2.49942	0	0	0	0	0	0	0	0	0	0	0	0	0	0	0	0	0	0
05.500,00.000	11.6	5.5	-200	0	4.5	27.8364	25.3091	2.5273	0	0	0	0	0	0	0	0	0	0	0	0	0	0	0	0	0	0
05.500,00.000	11.7	5.5	-200	0	4.5	28.6397	26.0746	2.56502	0	0	0	0	0	0	0	0	0	0	0	0	0	0	0	0	0	0
05.500,00.000	11.8	5.5	-200	0	4.5	29.473	26.8644	2.60862	0	0	0	0	0	0	0	0	0	0	0	0	0	0	0	0	0	0
05.500,00.000	11.9	5.5	-200	0	4.5	30.3495	27.6903	2.65913	0	0	0	0	0	0	0	0	0	0	0	0	0	0	0	0	0	0
05.500,00.000	12	5.5	-200	0	4.5	31.2698	28.5519	2.71791	0	0	0	0	0	0	0	0	0	0	0	0	0	0	0	0	0	0
05.500,00.000	12.1	5.5	-200	0	4.5	32.2383	29.4546	2.78374	0	0	0	0	0	0	0	0	0	0	0	0	0	0	0	0	0	0
05.500,00.000	12.2	5.5	-200	0	4.5	33.2377	30.382	2.85567	0	0	0	0	0	0	0	0	0	0	0	0	0	0	0	0	0	0
05.500,00.000	12.3	5.5	-200	0	4.5	34.2707	31.3373	2.93338	0	0	0	0	0	0	0	0	0	0	0	0	0	0	0	0	0	0
05.500,00.000	12.4	5.5	-200	0	4.5	35.3379	32.3212	3.01668	0	0	0	0	0	0	0	0	0	0	0	0	0	0	0	0	0	0
05.500,00.000	12.5	5.5	-200	0	4.5	36.4287	33.3239	3.10474	0	0	0	0	0	0	0	0	0	0	0	0	0	0	0	0	0	0
05.500,00.000	12.6	5.5	-200	0	4.5	37.7092	34.4979	3.21127	0	0	0	0	0	0	0	0	0	0	0	0	0	0	0	0	0	0
05.500,00.000	12.7	5.5	-200	0	4.5	38.8642	35.5561	3.30806	0	0	0	0	0	0	0	0	0	0	0	0	0	0	0	0	0	0
05.500,00.000	12.8	5.5	-200	0	4.5	39.8809	36.4867	3.39415	0	0	0	0	0	0	0	0	0	0	0	0	0	0	0	0	0	0
05.500,00.000	12.9	5.5	-200	0	4.5	41.11	37.6097	3.50024	0	0	0	0	0	0	0	0	0	0	0	0	0	0	0	0	0	0
05.500,00.000	13	5.5	-200	0	4.5	42.3502	38.7404	3.60985	0	0	0	0	0	0	0	0	0	0	0	0	0	0	0	0	0	0
05.500,00.000	13.1	5.5	-200	0	4.5	43.5903	39.8697	3.7206	0	0	0	0	0	0	0	0	0	0	0	0	0	0	0	0	0	0
05.500,00.000	13.2	5.5	-200	0	4.5	44.8683	41.033	3.83527	0	0	0	0	0	0	0	0	0	0	0	0	0	0	0	0	0	0
05.500,00.000	13.3	5.5	-200	0	4.5	46.2458	42.2141	4.03177	0	0	0	0	0	0	0	0	0	0	0	0	0	0	0	0	0	0
05.500,00.000	13.4	5.5	-200	0	4.5	47.8381	43.4277	4.41044	0	0	0	0	0	0	0	0	0	0	0	0	0	0	0	0	0	0
05.500,00.000	13.5	5.5	-200	0	4.5	49.5777	44.74	4.83767	0	0	0	0	0	0	0	0	0	0	0	0	0	0	0	0	0	0
05.500,00.000	13.6	5.5	-200	0	4.5	51.6097	46.2481	5.36159	0	0	0	0	0	0	0	0	0	0	0	0	0	0	0	0	0	0
05.500,00.000	13.7	5.5	-200	0	4.5	53.3389	47.5118	5.8271	0	0	0	0	0	0	0	0	0	0	0	0	0	0	0	0	0	0
05.500,00.000	13.8	5.5	-200	0	4.5	54.7289	48.5217	6.20712	0	0	0	0	0	0	0	0	0	0	0	0	0	0	0	0	0	0
05.500,00.000	13.9	5.5	-200	0	4.5	56.3976	49.738	6.65957	0	0	0	0	0	0	0	0	0	0	0	0	0	0	0	0	0	0
05.500,00.000	14	5.5	-200	0	4.5	58.3088	51.138	7.17087	0	0	0	0	0	0	0	0	0	0	0	0	0	0	0	0	0	0
05.500,00.000	14.1	5.5	-200	0	4.5	60.1627	52.5002	7.66253	0	0	0	0	0	0	0	0	0	0	0	0	0	0	0	0	0	0
05.500,00.000	14.2	5.5	-200	0	4.5	62.0073	53.8573	8.15005	0	0	0	0	0	0	0	0	0	0	0	0	0	0	0	0	0	0
05.500,00.000	14.3	5.5	-200	0	4.5	63.8793	55.2359	8.64339	0	0	0	0	0	0	0	0	0	0	0	0	0	0	0	0	0	0
05.500,00.000	14.4	5.5	-200	0	4.5	65.7728	56.6305	9.1423	0	0	0	0	0	0	0	0	0	0	0	0	0	0	0	0	0	0
05.500,00.000	14.5	5.5	-200	0	4.5	68.2391	58.4191	9.81995	0	0	0	0	0	0	0	0	0	0	0	0	0	0	0	0	0	0
05.500,00.000	14.6	5.5	-200	0	4.5	70.4622	60.0169	10.4454	0	0	0	0	0	0	0	0	0	0	0	0	0	0	0	0	0	0
05.500,00.000	14.7	5.5	-200	0	4.5	72.4552	61.445	11.0102	0	0	0	0	0	0	0	0	0	0	0	0	0	0	0	0	0	0
05.500,00.000	14.8	5.5	-200	0	4.5	74.3586	62.8124	11.5462	0	0	0	0	0	0	0	0	0	0	0	0	0	0	0	0	0	0
05.500,00.000	14.9	5.5	-200	0	4.5	75.54	63.6679	11.8721	0	0	0	0	0	0	0	0	0	0	0	0	0	0	0	0	0	0
05.500,00.000	15	5.5	-200	0	4.5	77.8117	65.3167	12.495	0	0	0	0	0	0	0	0	0	0	0	0	0	0	0	0	0	0
05.500,00.000	15.1	5.5	-200	0	4.5	79.8811	66.8148	13.0663	0	0	0	0	0	0	0	0	0	0	0	0	0	0	0	0	0	0
05.500,00.000	15.2	5.5	-200	0	4.5	81.802	68.2119	13.5901	0	0	0	0	0	0	0	0	0	0	0	0	0	0	0	0	0	0
05.500,00.000	15.3	5.5	-200	0	4.5	83.7332	69.6173	14.1159	0	0	0	0	0	0	0	0	0	0	0	0	0	0	0	0	0	0
05.500,00.000	15.4	5.5	-200	0	4.5	85.6811	71.0331	14.648	0	0	0	0	0	0	0	0	0	0	0	0	0	0	0	0	0	0
05.500,00.000	15.5	5.5	-200	0	4.5	89.7369	73.9809	15.756	0	0	0	0	0	0	0	0	0	0	0	0	0	0	0	0	0	0
05.500,00.000	15.6	5.5	-200	0	4.5	90.5418	74.5719	15.9698	0	0	0	0	0	0	0	0	0	0	0	0	0	0	0	0	0	0
05.500,00.000	15.7	5.5	-200	0	4.5	92.3969	75.9187	16.4782	0	0	0	0	0	0	0	0	0	0	0	0	0	0	0	0	0	0
05.500,00.000	15.8	5.5	-200	0	4.5	92.8185	76.2255	16.593	0	0	0	0	0	0	0	0	0	0	0	0	0	0	0	0	0	0
05.500,00.000	15.9	5.5	-200	0	4.5	94.1125	77.1611	16.9514	0	0	0	0	0	0	0	0	0	0	0	0	0	0	0	0	0	0
05.500,00.000	16	5.5	-200	0	4.5	96.7708	79.0918	17.679	0	0	0	0	0	0	0	0	0	0	0	0	0	0	0	0	0	0
05.500,00.000	16.1	5.5	-200	0	4.5	98.9093	80.6455	18.2637	0	0	0	0	0	0	0	0	0	0	0	0	0	0	0	0	0	0
05.500,00.000	16.2	5.5	-200	0	4.5	100.82	82.035	18.7852	0	0	0	0	0	0	0	0	0	0	0	0	0	0	0	0	0	0
05.500,00.000	16.3	5.5	-200	0	4.5	102.724	83.4184	19.3054	0	0	0	0	0	0	0	0	0	0	0	0	0	0	0	0	0	0
05.500,00.000	16.4	5.5	-200	0	4.5	104.631	84.7914	19.8401	0	0	0	0	0	0	0	0	0	0	0	0	0	0	0	0	0	0
05.500,00.000	16.5	5.5	-200	0	4.5	110.213	88.7459	21.3866	0.0808192	0	0	0	0	0	0	0	0	0	0	0	0	0	0	0	0	0
05.500,00.000	16.6	5.5	-200	0	4.5	111.34	89.5347	21.5045	0.301294	0	0	0	0	0	0	0	0	0	0	0	0	0	0	0	0	0
05.500,00.000	16.7	5.5	-200	0	4.5	119.857	95.4328	23.0912	1.33265	0	0	0	0	0	0	0	0	0	0	0	0	0	0	0	0	0
05.500,00.000	16.8	5.5	-200	0	4.5	121.785	96.8234	23.3713	1.59024	0	0	0	0	0	0	0	0	0	0	0	0	0	0	0	0	0
05.500,00.000	16.9	5.5	-200	0	4.5	126.771	100.328	24.1845	2.25799	0	0	0	0	0	0	0	0	0	0	0	0	0	0	0	0	0
05.500,00.000	17	5.5	-200	0	4.5	129.673	102.354	24.6765	2.64228	0	0	0	0	0	0	0	0	0	0	0	0	0	0	0	0	0
05.500,00.000	17.1	5.5	-200	0	4.5	131.468	103.572	25.0148	2.88131	0	0	0	0	0	0	0	0	0	0	0	0	0	0	0	0	0
05.500,00.000	17.2	5.5	-200	0	4.5	133.212	104.764	25.3283	3.11974	0	0	0	0	0	0	0	0	0	0	0	0	0	0	0	0	0
05.500,00.000	17.3	5.5	-200	0	4.5	134.944	105.929	25.6592	3.35662	0	0	0	0	0	0	0	0	0	0	0	0	0	0	0	0	0
05.500,00.000	17.4	5.5	-200	0	4.5	136.646	107.026	26.0271	3.59326	0	0	0	0	0	0	0	0	0	0	0	0	0	0	0	0	0
05.500,00.000	17.5	5.5	-200	0	4.5	142.556	110.714	27.4168	4.42481	0	0	0	0	0	0	0	0	0	0	0	0	0	0	0	0	0
05.500,00.000	17.6	5.5	-200	0	4.5	143.734	111.398	27.7464	4.59015	0	0	0	0	0	0	0	0	0	0	0	0	0	0	0	0	0
05.500,00.000	17.7	5.5	-200	0	4.5	150.536	115.398	29.5542	5.58335	0	0	0	0	0	0	0	0	0	0	0	0	0	0	0	0	0
05.500,00.000	17.8	5.5	-200	0	4.5	152.03	116.228	29.9928	5.80986	0	0	0	0	0	0	0	0	0	0	0	0	0	0	0	0	0
05.500,00.000	17.9	5.5	-200	0	4.5	156.285	118.523	31.3027	6.45965	0	0	0	0	0	0	0	0	0	0	0	0	0	0	0	0	0
05.500,00.000	18	5.5	-200	0	4.5	158.861	119.893	32.1167	6.85125	0	0	0	0	0	0	0	0	0	0	0	0	0	0	0	0	0
05.500,00.000	18.1	5.5	-200	0	4.5	160.684	120.845	32.7066	7.13245	0	0	0	0	0	0	0	0	0	0	0	0	0	0	0	0	0
05.500,00.000	18.2	5.5	-200	0	4.5	162.118	121.568	33.1906	7.35938	0	0	0	0	0	0	0	0	0	0	0	0	0	0	0	0	0
05.500,00.000	18.3	5.5	-200	0	4.5	163.556	122.301	33.6749	7.58017	0	0	0	0	0	0	0	0	0	0	0	0	0	0	0	0	0
05.500,00.000	18.4	5.5	-200	0	4.5	165.098	123.118	34.1748	7.80489	0	0	0	0	0	0	0	0	0	0	0	0	0	0	0	0	0
05.500,00.000	18.5	5.5	-200	0	4.5	172.984	127.258	36.715	9.01068	0	0	0	0	0	0	0	0	0	0	0	0	0	0	0	0	0
05.500,00.000	18.6	5.5	-200	0	4.5	174.522	128.04	37.2349	9.24781	0	0	0	0	0	0	0	0	0	0	0	0	0	0	0	0	0
05.500,00.000	18.7	5.5	-200	0	4.5	190.031	135.356	42.8187	9.93812	1.91846	0	0	0	0	0	0	0	0	0	0	0	0	0	0	0	0
05.500,00.000	18.8	5.5	-200	0	4.5	193.787	137.051	44.2198	10.0077	2.50882	0	0	0	0	0	0	0	0	0	0	0	0	0	0	0	0
05.500,00.000	18.9	5.5	-200	0	4.5	200.164	139.227	47.2322	10.2406	3.4646	0	0	0	0	0	0	0	0	0	0	0	0	0	0	0	0
05.500,00.000	19	5.5	-200	0	4.5	203.7	140.237	49.0867	10.3851	3.99175	0	0	0	0	0	0	0	0	0	0	0	0	0	0	0	0
05.500,00.000	19.1	5.5	-200	0	4.5	205.278	140.692	49.9172	10.4513	4.21798	0	0	0	0	0	0	0	0	0	0	0	0	0	0	0	0
05.500,00.000	19.2	5.5	-200	0	4.5	206.762	141.111	50.7065	10.5165	4.42723	0	0	0	0	0	0	0	0	0	0	0	0	0	0	0	0
05.500,00.000	19.3	5.5	-200	0	4.5	208.278	141.537	51.5161	10.5876	4.63745	0	0	0	0	0	0	0	0	0	0	0	0	0	0	0	0
05.500,00.000	19.4	5.5	-200	0	4.5	209.788	141.972	52.3105	10.6618	4.84355	0	0	0	0	0	0	0	0	0	0	0	0	0	0	0	0
05.500,00.000	19.5	5.5	-200	0	4.5	211.388	142.438	53.1452	10.7457	5.05889	0	0	0	0	0	0	0	0	0	0	0	0	0	0	0	0
05.500,00.000	19.6	5.5	-200	0	4.5	212.869	142.875	53.9058	10.8291	5.25872	0	0	0	0	0	0	0	0	0	0	0	0	0	0	0	0
05.500,00.000	19.7	5.5	-200	0	4.5	214.364	143.307	54.6774	10.9205	5.45928	0	0	0	0	0	0	0	0	0	0	0	0	0	0	0	0
05.500,00.000	19.8	5.5	-200	0	4.5	223.259	145.678	59.4029	11.5003	6.67812	0	0	0	0	0	0	0	0	0	0	0	0	0	0	0	0
05.500,00.000	19.9	5.5	-200	0	4.5	225.058	146.164	60.3422	11.6273	6.92376	0	0	0	0	0	0	0	0	0	0	0	0	0	0	0	0
05.500,00.000	20	5.5	-200	0	4.5	225.108	146.178	60.369	11.6308	6.93017	0	0	0	0	0	0	0	0	0	0	0	0	0	0	0	0
05.500,00.000	20.1	5.5	-200	0	4.5	232.524	148.122	64.3522	12.1834	7.86597	0	0	0	0	0	0	0	0	0	0	0	0	0	0	0	0
05.500,00.000	20.2	5.5	-200	0	4.5	236.045	149.052	66.2353	12.4527	8.30515	0	0	0	0	0	0	0	0	0	0	0	0	0	0	0	0
05.500,00.000	20.3	5.5	-200	0	4.5	237.67	149.488	67.0994	12.5841	8.49887	0	0	0	0	0	0	0	0	0	0	0	0	0	0	0	0
05.500,00.000	20.4	5.5	-200	0	4.5	239.352	149.939	67.9926	12.7242	8.69615	0	0	0	0	0	0	0	0	0	0	0	0	0	0	0	0
05.500,00.000	20.5	5.5	-200	0	4.5	241.058	150.395	68.8979	12.8724	8.80542	0.0876053	0	0	0	0	0	0	0	0	0	0	0	0	0	0	0
05.500,00.000	20.6	5.5	-200	0	4.5	242.783	150.859	69.8074	13.0271	8.80543	0.283631	0	0	0	0	0	0	0	0	0	0	0	0	0	0	0
05.500,00.000	20.7	5.5	-200	0	4.5	253.854	153.924	75.5805	14.0423	8.83319	1.47422	0	0	0	0	0	0	0	0	0	0	0	0	0	0	0
05.500,00.000	20.8	5.5	-200	0	4.5	256.273	154.618	76.8525	14.2523	8.83319	1.71704	0	0	0	0	0	0	0	0	0	0	0	0	0	0	0
05.500,00.000	20.9	5.5	-200	0	4.5	256.344	154.64	76.8883	14.2592	8.83319	1.72412	0	0	0	0	0	0	0	0	0	0	0	0	0	0	0
05.500,00.000	21	5.5	-200	0	4.5	256.888	154.807	77.1575	14.3134	8.83319	1.77639	0	0	0	0	0	0	0	0	0	0	0	0	0	0	0
05.500,00.000	21.1	5.5	-200	0	4.5	262.32	156.48	79.8391	14.8763	8.83319	2.29148	0	0	0	0	0	0	0	0	0	0	0	0	0	0	0
05.500,00.000	21.2	5.5	-200	0	4.5	265.479	157.427	81.278	15.3574	8.8338	2.58325	0	0	0	0	0	0	0	0	0	0	0	0	0	0	0
05.500,00.000	21.3	5.5	-200	0	4.5	267.544	158.057	82.0986	15.7806	8.83644	2.77171	0	0	0	0	0	0	0	0	0	0	0	0	0	0	0
05.500,00.000	21.4	5.5	-200	0	4.5	272.177	159.478	83.8841	16.78	8.84343	3.1912	0	0	0	0	0	0	0	0	0	0	0	0	0	0	0
05.500,00.000	21.5	5.5	-200	0	4.5	273.215	159.796	84.2783	17.0105	8.84605	3.28392	0	0	0	0	0	0	0	0	0	0	0	0	0	0	0
05.500,00.000	21.6	5.5	-200	0	4.5	276.521	160.824	85.4886	17.7683	8.86181	3.57812	0	0	0	0	0	0	0	0	0	0	0	0	0	0	0
05.500,00.000	21.7	5.5	-200	0	4.5	288.213	164.504	89.7644	20.4196	8.92911	4.59577	0	0	0	0	0	0	0	0	0	0	0	0	0	0	0
05.500,00.000	21.8	5.5	-200	0	4.5	296.856	167.84	92.5892	22.184	8.98933	5.25281	0	0	0	0	0	0	0	0	0	0	0	0	0	0	0
05.500,00.000	21.9	5.5	-200	0	4.5	297.356	168.043	92.7452	22.2844	8.99341	5.28965	0	0	0	0	0	0	0	0	0	0	0	0	0	0	0
05.500,00.000	22	5.5	-200	0	4.5	298.463	168.493	93.0888	22.5067	9.0066	5.36784	0	0	0	0	0	0	0	0	0	0	0	0	0	0	0
05.500,00.000	22.1	5.5	-200	0	4.5	306.503	171.756	95.539	24.1548	9.11559	5.93809	0	0	0	0	0	0	0	0	0	0	0	0	0	0	0
05.500,00.000	22.2	5.5	-200	0	4.5	310.644	173.416	96.7944	25.0206	9.18104	6.23206	0	0	0	0	0	0	0	0	0	0	0	0	0	0	0
05.500,00.000	22.3	5.5	-200	0	4.5	313.22	174.48	97.559	25.5422	9.23	6.40947	0	0	0	0	0	0	0	0	0	0	0	0	0	0	0
05.500,00.000	22.4	5.5	-200	0	4.5	318.317	176.622	99.0361	26.5642	9.33863	6.75615	0	0	0	0	0	0	0	0	0	0	0	0	0	0	0
05.500,00.000	22.5	5.5	-200	0	4.5	319.43	177.091	99.3513	26.7882	9.36531	6.83485	0	0	0	0	0	0	0	0	0	0	0	0	0	0	0
05.500,00.000	22.6	5.5	-200	0	4.5	323.168	178.65	100.404	27.5603	9.46627	7.08754	0	0	0	0	0	0	0	0	0	0	0	0	0	0	0
05.500,00.000	22.7	5.5	-200	0	4.5	326.252	179.955	101.251	28.1956	9.55638	7.29412	0	0	0	0	0	0	0	0	0	0	0	0	0	0	0
05.500,00.000	22.8	5.5	-200	0	4.5	328.963	181.095	101.992	28.7612	9.64222	7.4734	0	0	0	0	0	0	0	0	0	0	0	0	0	0	0
05.500,00.000	22.9	5.5	-200	0	4.5	349.711	190.223	108.19	33.0683	10.4084	7.82127	0	0	0	0	0	0	0	0	0	0	0	0	0	0	0
05.500,00.000	23	5.5	-200	0	4.5	353.405	191.836	109.579	33.6009	10.5673	7.82127	0	0	0	0	0	0	0	0	0	0	0	0	0	0	0
05.500,00.000	23.1	5.5	-200	0	4.5	364.382	196.284	113.742	35.3924	11.1427	7.82127	0	0	0	0	0	0	0	0	0	0	0	0	0	0	0
05.500,00.000	23.2	5.5	-200	0	4.5	369.185	197.767	115.938	36.2363	11.4227	7.82127	0	0	0	0	0	0	0	0	0	0	0	0	0	0	0
05.500,00.000	23.3	5.5	-200	0	4.5	371.334	198.357	116.991	36.6095	11.5554	7.82127	0	0	0	0	0	0	0	0	0	0	0	0	0	0	0
05.500,00.000	23.4	5.5	-200	0	4.5	373.548	198.957	118.072	36.9987	11.6994	7.82127	0	0	0	0	0	0	0	0	0	0	0	0	0	0	0
05.500,00.000	23.5	5.5	-200	0	4.5	375.788	199.548	119.166	37.3987	11.8535	7.82127	0	0	0	0	0	0	0	0	0	0	0	0	0	0	0
05.500,00.000	23.6	5.5	-200	0	4.5	383.164	201.363	122.842	38.7451	12.3912	7.8226	0	0	0	0	0	0	0	0	0	0	0	0	0	0	0
05.500,00.000	23.7	5.5	-200	0	4.5	384.759	201.75	123.641	39.0342	12.5101	7.82377	0	0	0	0	0	0	0	0	0	0	0	0	0	0	0
05.500,00.000	23.8	5.5	-200	0	4.5	389.216	202.762	125.883	39.8731	12.8663	7.8325	0	0	0	0	0	0	0	0	0	0	0	0	0	0	0
05.500,00.000	23.9	5.5	-200	0	4.5	392.703	203.531	127.635	40.5401	13.1554	7.84146	0	0	0	0	0	0	0	0	0	0	0	0	0	0	0
05.500,00.000	24	5.5	-200	0	4.5	393.291	203.657	127.93	40.6543	13.2056	7.84362	0	0	0	0	0	0	0	0	0	0	0	0	0	0	0
05.500,00.000	24.1	5.5	-200	0	4.5	397.946	204.653	130.242	41.5706	13.6122	7.86877	0	0	0	0	0	0	0	0	0	0	0	0	0	0	0
05.500,00.000	24.2	5.5	-200	0	4.5	401.162	205.323	131.823	42.223	13.904	7.88929	0	0	0	0	0	0	0	0	0	0	0	0	0	0	0
05.500,00.000	24.3	5.5	-200	0	4.5	403.57	205.817	132.991	42.7247	14.1285	7.90822	0	0	0	0	0	0	0	0	0	0	0	0	0	0	0
05.500,00.000	24.4	5.5	-200	0	4.5	405.913	206.305	134.072	43.2434	14.3614	7.93064	0	0	0	0	0	0	0	0	0	0	0	0	0	0	0
05.500,00.000	24.5	5.5	-200	0	4.5	408.106	206.782	134.985	43.7793	14.6021	7.95745	0	0	0	0	0	0	0	0	0	0	0	0	0	0	0
05.500,00.000	24.6	5.5	-200	0	4.5	410.358	207.312	135.878	44.3312	14.85	7.98755	0	0	0	0	0	0	0	0	0	0	0	0	0	0	0
05.500,00.000	24.7	5.5	-200	0	4.5	412.665	207.877	136.767	44.8959	15.1046	8.02081	0	0	0	0	0	0	0	0	0	0	0	0	0	0	0
05.500,00.000	24.8	5.5	-200	0	4.5	415.117	208.533	137.678	45.4799	15.3686	8.0578	0	0	0	0	0	0	0	0	0	0	0	0	0	0	0
05.500,00.000	24.9	5.5	-200	0	4.5	423.647	211.127	140.693	47.4024	16.2385	8.18666	0	0	0	0	0	0	0	0	0	0	0	0	0	0	0
05.500,00.000	25	5.5	-200	0	4.5	425.51	211.768	141.294	47.8095	16.4237	8.21499	0	0	0	0	0	0	0	0	0	0	0	0	0	0	0
05.500,00.000	25.1	5.5	-200	0	4.5	431.946	214.085	143.344	49.1597	17.0386	8.31898	0	0	0	0	0	0	0	0	0	0	0	0	0	0	0
05.500,00.000	25.2	5.5	-200	0	4.5	436.33	215.715	144.732	50.0278	17.4619	8.39311	0	0	0	0	0	0	0	0	0	0	0	0	0	0	0
05.500,00.000	25.3	5.5	-200	0	4.5	439.564	216.908	145.75	50.6809	17.7728	8.4528	0	0	0	0	0	0	0	0	0	0	0	0	0	0	0
05.500,00.000	25.4	5.5	-200	0	4.5	452.456	221.682	149.778	53.2671	19.0254	8.70399	0	0	0	0	0	0	0	0	0	0	0	0	0	0	0
05.500,00.000	25.5	5.5	-200	0	4.5	456.236	223.128	150.986	53.928	19.4104	8.78336	0	0	0	0	0	0	0	0	0	0	0	0	0	0	0
05.500,00.000	25.6	5.5	-200	0	4.5	456.282	223.145	151.001	53.9364	19.4151	8.78438	0	0	0	0	0	0	0	0	0	0	0	0	0	0	0
05.500,00.000	25.7	5.5	-200	0	4.5	456.529	223.237	151.076	53.9856	19.44	8.79024	0	0	0	0	0	0	0	0	0	0	0	0	0	0	0
05.500,00.000	25.8	5.5	-200	0	4.5	467.361	227.306	154.302	56.1493	20.5432	9.06093	0	0	0	0	0	0	0	0	0	0	0	0	0	0	0
05.500,00.000	25.9	5.5	-200	0	4.5	474.163	229.93	156.294	57.4479	21.253	9.23913	0	0	0	0	0	0	0	0	0	0	0	0	0	0	0
05.500,00.000	26	5.5	-200	0	4.5	474.732	230.114	156.473	57.5689	21.3194	9.2564	0	0	0	0	0	0	0	0	0	0	0	0	0	0	0
05.500,00.000	26.1	5.5	-200	0	4.5	478.385	231.373	157.562	58.3482	21.7334	9.368	0	0	0	0	0	0	0	0	0	0	0	0	0	0	0
05.500,00.000	26.2	5.5	-200	0	4.5	479.761	231.838	157.976	58.6398	21.8956	9.41217	0	0	0	0	0	0	0	0	0	0	0	0	0	0	0
05.500,00.000	26.3	5.5	-200	0	4.5	480.088	231.946	158.073	58.712	21.934	9.42286	0	0	0	0	0	0	0	0	0	0	0	0	0	0	0
05.500,00.000	26.4	5.5	-200	0	4.5	480.141	231.964	158.088	58.7233	21.9403	9.42464	0	0	0	0	0	0	0	0	0	0	0	0	0	0	0
05.500,00.000	26.5	5.5	-200	0	4.5	480.395	232.049	158.162	58.7804	21.9708	9.43335	0	0	0	0	0	0	0	0	0	0	0	0	0	0	0
05.500,00.000	26.6	5.5	-200	0	4.5	481.301	232.352	158.418	58.9823	22.0834	9.46576	0	0	0	0	0	0	0	0	0	0	0	0	0	0	0
05.500,00.000	26.7	5.5	-200	0	4.5	490.99	235.63	161.109	61.159	23.2777	9.81468	0	0	0	0	0	0	0	0	0	0	0	0	0	0	0
05.500,00.000	26.8	5.5	-200	0	4.5	496.699	237.541	162.694	62.4417	23.9959	10.0266	0	0	0	0	0	0	0	0	0	0	0	0	0	0	0
05.500,00.000	26.9	5.5	-200	0	4.5	506.329	240.796	165.314	64.6162	25.2103	10.3925	0	0	0	0	0	0	0	0	0	0	0	0	0	0	0
05.500,00.000	27	5.5	-200	0	4.5	508.45	241.506	165.89	65.0963	25.4822	10.4756	0	0	0	0	0	0	0	0	0	0	0	0	0	0	0
05.500,00.000	27.1	5.5	-200	0	4.5	515.408	243.868	167.813	66.6149	26.3599	10.7518	0	0	0	0	0	0	0	0	0	0	0	0	0	0	0
05.500,00.000	27.2	5.5	-200	0	4.5	520.659	245.645	169.265	67.757	27.0275	10.9647	0	0	0	0	0	0	0	0	0	0	0	0	0	0	0
05.500,00.000	27.3	5.5	-200	0	4.5	524.774	246.916	170.516	68.6476	27.5579	11.1372	0	0	0	0	0	0	0	0	0	0	0	0	0	0	0
05.500,00.000	27.4	5.5	-200	0	4.5	525.442	247.04	170.791	68.7963	27.6475	11.1665	0	0	0	0	0	0	0	0	0	0	0	0	0	0	0
05.500,00.000	27.5	5.5	-200	0	4.5	552.797	254.377	179.556	74.9492	31.4629	12.4508	0	0	0	0	0	0	0	0	0	0	0	0	0	0	0
05.500,00.000	27.6	5.5	-200	0	4.5	560.785	256.503	182.096	76.8903	32.5132	12.7826	0	0	0	0	0	0	0	0	0	0	0	0	0	0	0
05.500,00.000	27.7	5.5	-200	0	4.5	561.489	256.696	182.316	77.0546	32.6076	12.8146	0	0	0	0	0	0	0	0	0	0	0	0	0	0	0
05.500,00.000	27.8	5.5	-200	0	4.5	568.821	258.705	184.585	78.7412	33.6232	13.166	0	0	0	0	0	0	0	0	0	0	0	0	0	0	0
05.500,00.000	27.9	5.5	-200	0	4.5	570.837	259.251	185.225	79.2173	33.8852	13.2588	0	0	0	0	0	0	0	0	0	0	0	0	0	0	0
05.500,00.000	28	5.5	-200	0	4.5	571.182	259.349	185.331	79.2949	33.9317	13.2761	0	0	0	0	0	0	0	0	0	0	0	0	0	0	0
05.500,00.000	28.1	5.5	-200	0	4.5	571.558	259.456	185.446	79.3785	33.9823	13.2951	0	0	0	0	0	0	0	0	0	0	0	0	0	0	0
05.500,00.000	28.2	5.5	-200	0	4.5	571.891	259.551	185.548	79.4517	34.0273	13.3123	0	0	0	0	0	0	0	0	0	0	0	0	0	0	0
05.500,00.000	28.3	5.5	-200	0	4.5	572.185	259.636	185.638	79.5156	34.0674	13.3278	0	0	0	0	0	0	0	0	0	0	0	0	0	0	0
05.500,00.000	28.4	5.5	-200	0	4.5	572.229	259.649	185.651	79.5254	34.0729	13.3301	0	0	0	0	0	0	0	0	0	0	0	0	0	0	0
05.500,00.000	28.5	5.5	-200	0	4.5	599.287	267.578	194.059	85.1175	37.931	14.6016	0	0	0	0	0	0	0	0	0	0	0	0	0	0	0
05.500,00.000	28.6	5.5	-200	0	4.5	610.888	270.934	197.678	87.5633	39.589	15.1229	0	0	0	0	0	0	0	0	0	0	0	0	0	0	0
05.500,00.000	28.7	5.5	-200	0	4.5	634.86	278.142	205.124	92.2131	43.0588	16.3229	0	0	0	0	0	0	0	0	0	0	0	0	0	0	0
05.500,00.000	28.8	5.5	-200	0	4.5	639.567	279.66	206.612	93.0268	43.6964	16.5722	0	0	0	0	0	0	0	0	0	0	0	0	0	0	0
05.500,00.000	28.9	5.5	-200	0	4.5	639.736	279.719	206.662	93.0559	43.719	16.5807	0	0	0	0	0	0	0	0	0	0	0	0	0	0	0
05.500,00.000	29	5.5	-200	0	4.5	640.083	279.841	206.763	93.1141	43.765	16.5986	0	0	0	0	0	0	0	0	0	0	0	0	0	0	0
05.500,00.000	29.1	5.5	-200	0	4.5	652.036	284.092	210.263	95.0977	45.3504	17.2331	0	0	0	0	0	0	0	0	0	0	0	0	0	0	0
05.500,00.000	29.2	5.5	-200	0	4.5	659.28	286.701	212.452	96.2344	46.2749	17.6177	0	0	0	0	0	0	0	0	0	0	0	0	0	0	0
05.500,00.000	29.3	5.5	-200	0	4.5	663.957	288.446	213.829	96.9496	46.8668	17.8666	0	0	0	0	0	0	0	0	0	0	0	0	0	0	0
05.500,00.000	29.4	5.5	-200	0	4.5	674.402	292.376	216.885	98.5102	48.1887	18.4425	0	0	0	0	0	0	0	0	0	0	0	0	0	0	0
05.500,00.000	29.5	5.5	-200	0	4.5	680.878	294.835	218.784	99.4602	49.0133	18.7853	0	0	0	0	0	0	0	0	0	0	0	0	0	0	0
05.500,00.000	29.6	5.5	-200	0	4.5	685.482	296.584	220.119	100.138	49.6051	19.0357	0	0	0	0	0	0	0	0	0	0	0	0	0	0	0
05.500,00.000	29.7	5.5	-200	0	4.5	704.649	302.952	225.984	103.222	52.3181	20.1601	0.0125241	0	0	0	0	0	0	0	0	0	0	0	0	0	0
05.500,00.000	29.8	5.5	-200	0	4.5	711.777	305.582	227.934	104.198	53.197	20.5145	0.35266	0	0	0	0	0	0	0	0	0	0	0	0	0	0
05.500,00.000	29.9	5.5	-200	0	4.5	711.927	305.639	227.975	104.218	53.2153	20.5225	0.35764	0	0	0	0	0	0	0	0	0	0	0	0	0	0
05.500,00.000	30	5.5	-200	0	4.5	729.504	312.436	232.697	106.544	55.3509	21.4843	0.991849	0	0	0	0	0	0	0	0	0	0	0	0	0	0
05.500,00.000	30.1	5.5	-200	0	4.5	738.574	316.243	234.966	107.611	56.435	21.9702	1.34872	0	0	0	0	0	0	0	0	0	0	0	0	0	0
05.500,00.000	30.2	5.5	-200	0	4.5	743.176	318.187	236.117	108.172	56.9626	22.2099	1.52785	0	0	0	0	0	0	0	0	0	0	0	0	0	0
05.500,00.000	30.3	5.5	-200	0	4.5	747.848	320.194	237.269	108.739	57.4383	22.4978	1.71022	0	0	0	0	0	0	0	0	0	0	0	0	0	0
05.500,00.000	30.4	5.5	-200	0	4.5	761.336	326.093	240.535	110.365	58.6702	23.4368	2.23676	0	0	0	0	0	0	0	0	0	0	0	0	0	0
05.500,00.000	30.5	5.5	-200	0	4.5	768.79	329.465	242.268	111.25	59.3203	23.9525	2.53336	0	0	0	0	0	0	0	0	0	0	0	0	0	0
05.500,00.000	30.6	5.5	-200	0	4.5	773.266	331.436	243.302	111.809	59.7302	24.2719	2.71711	0	0	0	0	0	0	0	0	0	0	0	0	0	0
05.500,00.000	30.7	5.5	-200	0	4.5	777.409	333.129	244.287	112.367	60.1269	24.5947	2.9039	0	0	0	0	0	0	0	0	0	0	0	0	0	0
05.500,00.000	30.8	5.5	-200	0	4.5	816.627	350.957	253.023	117.155	63.5085	27.4501	4.53343	0	0	0	0	0	0	0	0	0	0	0	0	0	0
05.500,00.000	30.9	5.5	-200	0	4.5	823.707	354.111	254.69	118.009	64.1401	27.9103	4.84666	0	0	0	0	0	0	0	0	0	0	0	0	0	0
05.500,00.000	31	5.5	-200	0	4.5	826.731	355.362	255.433	118.398	64.4183	28.1315	4.98753	0	0	0	0	0	0	0	0	0	0	0	0	0	0
05.500,00.000	31.1	5.5	-200	0	4.5	839.504	360.934	258.442	120.008	65.512	29.046	5.5623	0	0	0	0	0	0	0	0	0	0	0	0	0	0
05.500,00.000	31.2	5.5	-200	0	4.5	845.846	363.79	259.934	120.776	65.9959	29.501	5.84857	0	0	0	0	0	0	0	0	0	0	0	0	0	0
05.500,00.000	31.3	5.5	-200	0	4.5	849.84	365.604	260.865	121.266	66.2889	29.7893	6.02735	0	0	0	0	0	0	0	0	0	0	0	0	0	0
05.500,00.000	31.4	5.5	-200	0	4.5	855.307	368.122	262.156	121.914	66.6586	30.1837	6.27155	0	0	0	0	0	0	0	0	0	0	0	0	0	0
05.500,00.000	31.5	5.5	-200	0	4.5	858.303	369.465	262.869	122.259	66.8418	30.3985	6.40493	0	0	0	0.0647798	0	0	0	0	0	0	0	0	0	0
05.500,00.000	31.6	5.5	-200	0	4.5	871.354	374.974	266.023	123.873	67.7443	31.3825	6.68631	0.325763	0	0	0.344519	0	0	0	0	0	0	0	0	0	0
05.500,00.000	31.7	5.5	-200	0	4.5	896.444	384.656	272.311	127.134	69.6295	33.4144	6.68631	1.59527	0	0	1.01687	0	0	0	0	0	0	0	0	0	0
05.500,00.000	31.8	5.5	-200	0	4.5	900.805	386.36	273.431	127.693	69.9253	33.7634	6.68631	1.81169	0	0	1.13399	0	0	0	0	0	0	0	0	0	0
05.500,00.000	31.9	5.5	-200	0	4.5	900.891	386.397	273.452	127.703	69.931	33.7699	6.68631	1.81569	0	0	1.1361	0	0	0	0	0	0	0	0	0	0
05.500,00.000	32	5.5	-200	0	4.5	913.865	391.979	276.621	129.189	70.7591	34.7592	6.68631	2.42179	0	0	1.4501	0	0	0	0	0	0	0	0	0	0
05.500,00.000	32.1	5.5	-200	0	4.5	922.992	395.961	278.808	130.152	71.3382	35.4717	6.72979	2.85811	0	0	1.6738	0	0	0	0	0	0	0	0	0	0
05.500,00.000	32.2	5.5	-200	0	4.5	927.012	397.742	279.777	130.562	71.5855	35.7809	6.74907	3.04685	0	0	1.76877	0	0	0	0	0	0	0	0	0	0
05.500,00.000	32.3	5.5	-200	0	4.5	931.185	399.583	280.798	130.986	71.8368	36.1025	6.76965	3.24252	0	0	1.86543	0	0	0	0	0	0	0	0	0	0
05.500,00.000	32.4	5.5	-200	0	4.5	936.532	402.024	282.078	131.508	72.1445	36.5076	6.7961	3.48861	0	0	1.9849	0	0	0	0	0	0	0	0	0	0
05.500,00.000	32.5	5.5	-200	0	4.5	941.482	404.217	283.201	132.155	72.4153	36.8723	6.82039	3.71026	0	0	2.09073	0	0	0	0	0	0	0	0	0	0
05.500,00.000	32.6	5.5	-200	0	4.5	973.961	417.42	290.519	136.976	74.3251	39.5198	7.00205	5.34331	0	0	2.85637	0	0	0	0	0	0	0	0	0	0
05.500,00.000	32.7	5.5	-200	0	4.5	980.666	420.425	291.873	137.905	74.7005	40.0531	7.04014	5.66405	0	0	3.00589	0	0	0	0	0	0	0	0	0	0
05.500,00.000	32.8	5.5	-200	0	4.5	980.683	420.432	291.877	137.907	74.7013	40.0543	7.04024	5.66479	0	0	3.00622	0	0	0	0	0	0	0	0	0	0
05.500,00.000	32.9	5.5	-200	0	4.5	989.217	424.357	293.581	138.886	75.3573	40.7052	7.1003	6.0525	0	0	3.17797	0	0	0	0	0	0	0	0	0	0
05.500,00.000	33	5.5	-200	0	4.5	991.9	425.622	294.116	139.126	75.5834	40.9202	7.12041	6.17829	0	0	3.23332	0	0	0	0	0	0	0	0	0	0
05.500,00.000	33.1	5.5	-200	0	4.5	1005.72	432.504	296.928	140.449	76.2779	41.9967	7.23616	6.81728	0	0	3.50565	0	0	0	0	0	0	0	0	0	0
05.500,00.000	33.2	5.5	-200	0	4.5	1012.91	436.147	298.364	141.13	76.605	42.5661	7.30101	7.15145	0	0	3.64652	0	0	0	0	0	0	0	0	0	0
05.500,00.000	33.3	5.5	-200	0	4.5	1016.74	438.123	299.126	141.49	76.7641	42.8573	7.33913	7.32407	0	0	3.71744	0	0	0	0	0	0	0	0	0	0
05.500,00.000	33.4	5.5	-200	0	4.5	1020.63	440.15	299.895	141.851	76.9162	43.1488	7.38093	7.49745	0	0	3.78715	0	0	0	0	0	0	0	0	0	0
05.500,00.000	33.5	5.5	-200	0	4.5	1024.57	442.233	300.667	142.213	77.0613	43.4405	7.42627	7.67064	0	0	3.85534	0	0	0	0	0	0	0	0	0	0
05.500,00.000	33.6	5.5	-200	0	4.5	1029.64	444.719	301.712	142.727	77.2546	43.8582	7.49589	7.922	0	0	3.95214	0	0	0	0	0	0	0	0	0	0
05.500,00.000	33.7	5.5	-200	0	4.5	1062.61	461.407	308.378	145.896	78.498	46.406	7.96794	9.506	0	0	4.54923	0	0	0	0	0	0	0	0	0	0
05.500,00.000	33.8	5.5	-200	0	4.5	1068.93	464.586	309.72	146.517	78.7629	46.8102	8.06449	9.64374	0.165245	0	4.66245	0	0	0	0	0	0	0	0	0	0
05.500,00.000	33.9	5.5	-200	0	4.5	1098.1	479.929	315.369	149.279	79.8754	48.675	8.68048	9.77587	1.37095	0	5.1435	0	0	0	0	0	0	0	0	0	0
05.500,00.000	34	5.5	-200	0	4.5	1105.78	484.094	316.722	149.978	80.1771	49.0712	8.94504	9.77612	1.73838	0	5.27463	0	0	0	0	0	0	0	0	0	0
05.500,00.000	34.1	5.5	-200	0	4.5	1117.69	490.732	318.878	151.099	80.6179	49.7688	9.29826	9.78263	2.04639	0	5.46434	0	0	0	0	0	0	0	0	0	0
05.500,00.000	34.2	5.5	-200	0	4.5	1124.04	494.437	320.024	151.677	80.8589	50.1297	9.51611	9.78745	2.04639	0	5.56754	0	0	0	0	0	0	0	0	0	0
05.500,00.000	34.3	5.5	-200	0	4.5	1127.63	496.53	320.664	152.013	80.9903	50.3335	9.64207	9.79145	2.04639	0	5.62311	0	0	0	0	0	0	0	0	0	0
05.500,00.000	34.4	5.5	-200	0	4.5	1134.19	500.392	321.794	152.629	81.2322	50.6875	9.88398	9.80078	2.04639	0	5.72057	0	0	0	0	0	0	0	0	0	0
05.500,00.000	34.5	5.5	-200	0	4.5	1135.62	501.242	322.034	152.757	81.287	50.7619	9.95043	9.80319	2.04639	0	5.74185	0	0	0	0	0	0	0	0	0	0
05.500,00.000	34.6	5.5	-200	0	4.5	1142.92	505.448	323.26	153.481	81.5605	51.1604	10.289	9.82079	2.04639	0	5.85318	0	0	0	0	0	0	0	0	0	0
05.500,00.000	34.7	5.5	-200	0	4.5	1171.15	522.276	327.761	156.175	82.5597	52.5841	11.5888	9.90338	2.04639	0	6.25866	0	0	0	0	0	0	0	0	0	0
05.500,00.000	34.8	5.5	-200	0	4.5	1176.34	525.38	328.661	156.647	82.7477	52.8325	11.7676	9.92174	2.04639	0	6.33076	0	0	0	0	0	0	0	0	0	0
05.500,00.000	34.9	5.5	-200	0	4.5	1200.34	539.938	332.464	158.951	83.5459	53.9128	12.7969	10.051	2.04639	0	6.63298	0	0	0	0	0	0	0	0	0	0
05.500,00.000	35	5.5	-200	0	4.5	1207.22	544.049	333.638	159.557	83.7885	54.158	13.1742	10.0913	2.04639	0	6.71656	0	0	0	0	0	0	0	0	0	0
05.500,00.000	35.1	5.5	-200	0	4.5	1218.78	551.11	335.403	160.675	84.1856	54.5893	13.7392	10.1848	2.04639	0	6.84774	0	0	0	0	0	0	0	0	0	0
05.500,00.000	35.2	5.5	-200	0	4.5	1225.41	555.143	336.433	161.305	84.4196	54.8166	14.0784	10.2442	2.04639	0	6.92092	0	0	0	0	0	0	0	0	0	0
05.500,00.000	35.3	5.5	-200	0	4.5	1229.27	557.519	337.021	161.677	84.5444	54.949	14.2674	10.2851	2.04639	0	6.96098	0	0	0	0	0	0	0	0	0	0
05.500,00.000	35.4	5.5	-200	0	4.5	1235.36	561.309	337.92	162.261	84.731	55.1486	14.5633	10.3576	2.04639	0	7.02069	0	0	0	0	0	0	0	0	0	0
05.500,00.000	35.5	5.5	-200	0	4.5	1236.72	562.144	338.137	162.389	84.7745	55.1883	14.6331	10.3749	2.04639	0	7.0337	0	0	0	0	0	0	0	0	0	0
05.500,00.000	35.6	5.5	-200	0	4.5	1242.45	565.798	338.922	162.935	84.9328	55.3578	14.9152	10.4601	2.04639	0	7.08529	0	0	0	0	0	0	0	0	0	0
05.500,00.000	35.7	5.5	-200	0	4.5	1255.84	574.228	340.77	164.212	85.3488	55.7432	15.6024	10.6867	2.04639	0	7.2069	0	0	0	0	0	0	0	0	0	0
05.500,00.000	35.8	5.5	-200	0	4.5	1271.61	584.147	342.983	165.698	85.8596	56.1652	16.4138	10.9623	2.04639	0	7.33527	0	0	0	0	0	0	0	0	0	0
05.500,00.000	35.9	5.5	-200	0	4.5	1273.48	585.319	343.25	165.867	85.9215	56.2088	16.5182	10.9964	2.04639	0	7.34998	0	0	0	0	0	0	0	0	0	0
05.500,00.000	36	5.5	-200	0	4.5	1274.51	585.976	343.392	165.958	85.9527	56.2324	16.5765	11.0181	2.04639	0	7.35737	0	0	0	0	0	0	0	0	0	0
05.500,00.000	36.1	5.5	-200	0	4.5	1286.24	593.504	344.97	166.982	86.2881	56.5118	17.2217	11.2744	2.04639	0	7.4382	0	0	0	0	0	0	0	0	0	0
05.500,00.000	36.2	5.5	-200	0	4.5	1292.77	597.71	345.873	167.497	86.4804	56.6612	17.593	11.4262	2.04639	0	7.48202	0	0	0	0	0	0	0	0	0	0
05.500,00.000	36.3	5.5	-200	0	4.5	1296.85	600.364	346.418	167.815	86.5901	56.755	17.8257	11.5294	2.04639	0	7.50765	0	0	0	0	0	0	0	0	0	0
05.500,00.000	36.4	5.5	-200	0	4.5	1304.53	605.38	347.391	168.404	86.7813	56.983	18.2599	11.7337	2.04639	0	7.55225	0	0	0	0	0	0	0	0	0	0
05.500,00.000	36.5	5.5	-200	0	4.5	1306.15	606.457	347.594	168.513	86.8232	57.0279	18.3539	11.778	2.04639	0	7.56133	0	0	0	0	0	0	0	0	0	0
05.500,00.000	36.6	5.5	-200	0	4.5	1315.11	612.47	348.577	169.122	87.0313	57.3101	18.8848	12.0597	2.04652	0	7.61002	0	0	0	0	0	0	0	0	0	0
05.500,00.000	36.7	5.5	-200	0	4.5	1330.87	623.023	350.335	170.164	87.4553	57.804	19.7785	12.5756	2.04916	0	7.68885	0	0	0	0	0	0	0	0	0	0
05.500,00.000	36.8	5.5	-200	0	4.5	1333.61	624.834	350.647	170.337	87.5442	57.8886	19.9305	12.6809	2.04995	0	7.70184	0	0	0	0	0	0	0	0	0	0
05.500,00.000	36.9	5.5	-200	0	4.5	1333.66	624.864	350.652	170.34	87.5452	57.89	19.9331	12.6825	2.04998	0	7.70202	0	0	0	0	0	0	0	0	0	0
05.500,00.000	37	5.5	-200	0	4.5	1343.01	631.136	351.645	170.95	87.758	58.1866	20.4879	13.047	2.05885	0	7.73711	0	0	0	0	0	0	0	0	0	0
05.500,00.000	37.1	5.5	-200	0	4.5	1349.09	635.176	352.295	171.331	87.9371	58.38	20.8463	13.2967	2.0658	0	7.75856	0	0	0	0	0	0	0	0	0	0
05.500,00.000	37.2	5.5	-200	0	4.5	1353.89	638.396	352.784	171.636	88.0617	58.5313	21.1372	13.4974	2.07329	0	7.77334	0	0	0	0	0	0	0	0	0	0
05.500,00.000	37.3	5.5	-200	0	4.5	1357.27	640.674	353.12	171.841	88.1464	58.6357	21.3424	13.6431	2.07957	0	7.78257	0	0	0	0	0	0	0	0	0	0
05.500,00.000	37.4	5.5	-200	0	4.5	1367.85	647.885	354.126	172.484	88.3861	58.9567	21.9899	14.1133	2.10341	0	7.80701	0	0	0	0	0	0	0	0	0	0
05.500,00.000	37.5	5.5	-200	0	4.5	1370.03	649.383	354.339	172.585	88.4422	59.023	22.121	14.2182	2.10897	0	7.81175	0	0	0	0	0	0	0	0	0	0
05.500,00.000	37.6	5.5	-200	0	4.5	1378.8	655.483	355.099	173.058	88.6155	59.2811	22.6648	14.6356	2.13736	0	7.82567	0	0	0	0	0	0	0	0	0	0
05.500,00.000	37.7	5.5	-200	0	4.5	1387.96	661.978	355.813	173.466	88.7982	59.5494	23.2464	15.1033	2.1717	0	7.8381	0	0	0	0	0	0	0	0	0	0
05.500,00.000	37.8	5.5	-200	0	4.5	1398.55	669.476	356.559	174.016	88.9896	59.8576	23.9219	15.6611	2.21522	0	7.84804	0	0	0	0	0	0	0	0	0	0
05.500,00.000	37.9	5.5	-200	0	4.5	1399.92	670.456	356.651	174.074	89.0179	59.8996	24.0089	15.7438	2.2214	0	7.84912	0	0	0	0	0	0	0	0	0	0
05.500,00.000	38	5.5	-200	0	4.5	1407.92	676.144	357.189	174.44	89.1461	60.1376	24.5465	16.2095	2.26118	0	7.85019	0	0	0	0	0	0	0	0	0	0
05.500,00.000	38.1	5.5	-200	0	4.5	1413.84	680.348	357.578	174.706	89.2406	60.2936	24.9581	16.5705	2.29236	0	7.85019	0	0	0	0	0	0	0	0	0	0
05.500,00.000	38.2	5.5	-200	0	4.5	1416.69	682.359	357.767	174.834	89.2825	60.3434	25.1941	16.7509	2.30876	0	7.85019	0	0	0	0	0	0	0	0	0	0
05.500,00.000	38.3	5.5	-200	0	4.5	1420.26	684.88	358.001	174.979	89.331	60.4157	25.4897	16.9873	2.33084	0	7.85019	0	0	0	0	0	0	0	0	0	0
05.500,00.000	38.4	5.5	-200	0	4.5	1428.68	690.759	358.553	175.336	89.4372	60.5801	26.2091	17.564	2.38646	0	7.85019	0	0	0	0	0	0	0	0	0	0
05.500,00.000	38.5	5.5	-200	0	4.5	1430.28	691.867	358.663	175.388	89.4591	60.6004	26.3632	17.686	2.3979	0	7.85019	0	0	0	0	0	0	0	0	0	0
05.500,00.000	38.6	5.5	-200	0	4.5	1436.97	696.53	359.088	175.651	89.532	60.7222	26.9671	18.186	2.44757	0	7.85019	0	0	0	0	0	0	0	0	0	0
05.500,00.000	38.7	5.5	-200	0	4.5	1446.71	703.363	359.682	176.013	89.6316	60.8855	27.8257	18.9363	2.52465	0	7.85019	0	0	0	0	0	0	0	0	0	0
05.500,00.000	38.8	5.5	-200	0	4.5	1450.54	706.06	359.906	176.141	89.6672	60.9454	28.1687	19.2339	2.56419	0	7.85019	0	0	0	0	0	0	0	0	0	0
05.500,00.000	38.9	5.5	-200	0	4.5	1451.65	706.839	359.968	176.183	89.6762	60.9655	28.2695	19.3241	2.57445	0	7.85019	0	0	0	0	0	0	0	0	0	0
05.500,00.000	39	5.5	-200	0	4.5	1451.7	706.877	359.972	176.185	89.6766	60.9664	28.2745	19.3287	2.57503	0	7.85019	0	0	0	0	0	0	0	0	0	0
05.500,00.000	39.1	5.5	-200	0	4.5	1459.93	712.518	360.493	176.467	89.7324	61.0936	29.0488	20.0564	2.67012	0	7.85019	0	0	0	0	0	0	0	0	0	0
05.500,00.000	39.2	5.5	-200	0	4.5	1465.59	716.325	360.92	176.645	89.7738	61.1701	29.597	20.569	2.74297	0	7.85019	0	0	0	0	0	0	0	0	0	0
05.500,00.000	39.3	5.5	-200	0	4.5	1467.75	717.778	361.072	176.713	89.7887	61.1996	29.8072	20.7711	2.77079	0	7.85019	0	0	0	0	0	0	0	0	0	0
05.500,00.000	39.4	5.5	-200	0	4.5	1473.05	721.334	361.422	176.886	89.819	61.2731	30.3317	21.2917	2.83999	0	7.85019	0	0	0	0	0	0	0	0	0	0
05.500,00.000	39.5	5.5	-200	0	4.5	1476.1	723.364	361.631	176.975	89.8363	61.3132	30.6377	21.6107	2.88331	0	7.85019	0	0	0	0	0	0	0	0	0	0
05.500,00.000	39.6	5.5	-200	0	4.5	1481.23	726.766	361.927	177.125	89.8583	61.3733	31.1675	22.2087	2.95802	0	7.85019	0	0	0	0	0	0	0	0	0	0
05.500,00.000	39.7	5.5	-200	0	4.5	1488.67	731.674	362.368	177.318	89.8867	61.4565	31.9335	23.1107	3.07275	0	7.85019	0	0	0	0	0	0	0	0	0	0
05.500,00.000	39.8	5.5	-200	0	4.5	1489.78	732.376	362.444	177.342	89.8926	61.4699	32.0502	23.2597	3.09295	0	7.85019	0	0	0	0	0	0	0	0	0	0
05.500,00.000	39.9	5.5	-200	0	4.5	1492.21	733.954	362.582	177.41	89.8994	61.4964	32.3085	23.5817	3.13152	0	7.85019	0	0	0	0	0	0	0	0	0	0
05.500,00.000	40	5.5	-200	0	4.5	1492.72	734.276	362.615	177.421	89.9017	61.5021	32.3635	23.6553	3.13921	0	7.85019	0	0	0	0	0	0	0	0	0	0
05.500,00.000	40.1	5.5	-200	0	4.5	1497.12	736.909	363.012	177.54	89.9122	61.55	32.8467	24.2826	3.21278	0	7.85019	0	0	0	0	0	0	0	0	0	0
05.500,00.000	40.2	5.5	-200	0	4.5	1500.76	738.941	363.473	177.631	89.9214	61.5896	33.2523	24.8293	3.27592	0	7.85019	0	0	0	0	0	0	0	0	0	0
05.500,00.000	40.3	5.5	-200	0	4.5	1503.1	740.248	363.749	177.69	89.9256	61.6122	33.5098	25.1914	3.31858	0	7.85019	0	0	0	0	0	0	0	0	0	0
05.500,00.000	40.4	5.5	-200	0	4.5	1507.5	742.698	364.269	177.81	89.932	61.6558	33.9901	25.8944	3.40366	0	7.85019	0	0	0	0	0	0	0	0	0	0
05.500,00.000	40.5	5.5	-200	0	4.5	1508.63	743.319	364.407	177.835	89.9344	61.667	34.1089	26.0843	3.42563	0	7.85019	0	0	0	0	0	0	0	0	0	0
05.500,00.000	40.6	5.5	-200	0	4.5	1516.94	747.883	365.351	178.041	89.9417	61.7298	34.9882	27.5446	3.60859	0	7.85019	0	0	0	0	0	0	0	0	0	0
05.500,00.000	40.7	5.5	-200	0	4.5	1518.68	748.79	365.609	178.073	89.9441	61.7453	35.1457	27.8744	3.64665	0	7.85019	0	0	0	0	0	0	0	0	0	0
05.500,00.000	40.8	5.5	-200	0	4.5	1520.57	749.781	365.843	178.124	89.9461	61.7594	35.3369	28.235	3.69314	0	7.85019	0	0	0	0	0	0	0	0	0	0
05.500,00.000	40.9	5.5	-200	0	4.5	1522.83	750.948	366.132	178.184	89.9466	61.778	35.5624	28.6773	3.75086	0	7.85019	0	0	0	0	0	0	0	0	0	0
05.500,00.000	41	5.5	-200	0	4.5	1523.9	751.496	366.275	178.212	89.9463	61.7864	35.668	28.8881	3.77987	0	7.85019	0	0	0	0	0	0	0	0	0	0
05.500,00.000	41.1	5.5	-200	0	4.5	1525.72	752.42	366.515	178.264	89.9463	61.7979	35.8447	29.2539	3.82896	0	7.85019	0	0	0	0	0	0	0	0	0	0
05.500,00.000	41.2	5.5	-200	0	4.5	1528.38	753.555	367.018	178.343	89.9484	61.8182	36.1208	29.8291	3.89542	0	7.85019	0	0	0	0	0	0	0	0	0	0
05.500,00.000	41.3	5.5	-200	0	4.5	1530.17	754.27	367.389	178.414	89.95	61.8315	36.3025	30.2237	3.94182	0	7.85019	0	0	0	0	0	0	0	0	0	0
05.500,00.000	41.4	5.5	-200	0	4.5	1532.35	755.098	367.841	178.504	89.9771	61.845	36.5168	30.7173	4.00461	0	7.85019	0	0	0	0	0	0	0	0	0	0
05.500,00.000	41.5	5.5	-200	0	4.5	1533.93	755.681	368.176	178.57	89.9973	61.8552	36.6708	31.0765	4.05029	0	7.85019	0	0	0	0	0	0	0	0	0	0
05.500,00.000	41.6	5.5	-200	0	4.5	1536.25	756.509	368.676	178.668	90.0291	61.8697	36.9024	31.6227	4.12661	0	7.85019	0	0	0	0	0	0	0	0	0	0
05.500,00.000	41.7	5.5	-200	0	4.5	1537.9	756.966	369.161	178.739	90.0528	61.8772	37.059	32.0136	4.18115	0	7.85019	0	0	0	0	0	0	0	0	0	0
05.500,00.000	41.8	5.5	-200	0	4.5	1539.2	757.29	369.551	178.796	90.0719	61.883	37.1838	32.3401	4.22798	0	7.85019	0	0	0	0	0	0	0	0	0	0
05.500,00.000	41.9	5.5	-200	0	4.5	1540.63	757.623	370.003	178.858	90.0932	61.8898	37.3202	32.7053	4.2832	0	7.85019	0	0	0	0	0	0	0	0	0	0
05.500,00.000	42	5.5	-200	0	4.5	1541.97	757.938	370.357	178.92	90.1249	61.8964	37.4555	33.0836	4.34233	0	7.85019	0	0	0	0	0	0	0	0	0	0