
label	time(d)	x	depth	z	radius	total	0-10	10-20	20-30	30-40	40-50	50-60	60-70	70-80	80-90	90-100	100-110	110-120	120-130	130-140	140-150	150-160	160-170	170-180	180-190	190-200
00.000,00.000	0	0	-200	0	4.5	0	0	0	0	0	0	0	0	0	0	0	0	0	0	0	0	0	0	0	0	0
00.000,00.000	0.1	0	-200	0	4.5	0.37949	0.37949	0	0	0	0	0	0	0	0	0	0	0	0	0	0	0	0	0	0	0
00.000,00.000	0.2	0	-200	0	4.5	0.761529	0.761529	0	0	0	0	0	0	0	0	0	0	0	0	0	0	0	0	0	0	0
00.000,00.000	0.3	0	-200	0	4.5	1.14632	1.14632	0	0	0	0	0	0	0	0	0	0	0	0	0	0	0	0	0	0	0
00.000,00.000	0.4	0	-200	0	4.5	1.53371	1.53371	0	0	0	0	0	0	0	0	0	0	0	0	0	0	0	0	0	0	0
00.000,00.000	0.5	0	-200	0	4.5	1.92307	1.92307	0	0	0	0	0	0	0	0	0	0	0	0	0	0	0	0	0	0	0
00.000,00.000	0.6	0	-200	0	4.5	2.31445	2.31445	0	0	0	0	0	0	0	0	0	0	0	0	0	0	0	0	0	0	0
00.000,00.000	0.7	0	-200	0	4.5	2.70815	2.70815	0	0	0	0	0	0	0	0	0	0	0	0	0	0	0	0	0	0	0
00.000,00.000	0.8	0	-200	0	4.5	3.10381	3.10381	0	0	0	0	0	0	0	0	0	0	0	0	0	0	0	0	0	0	0
00.000,00.000	0.9	0	-200	0	4.5	3.50171	3.50171	0	0	0	0	0	0	0	0	0	0	0	0	0	0	0	0	0	0	0
00.000,00.000	1	0	-200	0	4.5	3.90283	3.90283	0	0	0	0	0	0	0	0	0	0	0	0	0	0	0	0	0	0	0
00.000,00.000	1.1	0	-200	0	4.5	4.31434	4.31434	0	0	0	0	0	0	0	0	0	0	0	0	0	0	0	0	0	0	0
00.000,00.000	1.2	0	-200	0	4.5	4.73708	4.73708	0	0	0	0	0	0	0	0	0	0	0	0	0	0	0	0	0	0	0
00.000,00.000	1.3	0	-200	0	4.5	5.17098	5.17098	0	0	0	0	0	0	0	0	0	0	0	0	0	0	0	0	0	0	0
00.000,00.000	1.4	0	-200	0	4.5	5.61583	5.61583	0	0	0	0	0	0	0	0	0	0	0	0	0	0	0	0	0	0	0
00.000,00.000	1.5	0	-200	0	4.5	6.06993	6.06993	0	0	0	0	0	0	0	0	0	0	0	0	0	0	0	0	0	0	0
00.000,00.000	1.6	0	-200	0	4.5	6.53157	6.53157	0	0	0	0	0	0	0	0	0	0	0	0	0	0	0	0	0	0	0
00.000,00.000	1.7	0	-200	0	4.5	7.00424	7.00424	0	0	0	0	0	0	0	0	0	0	0	0	0	0	0	0	0	0	0
00.000,00.000	1.8	0	-200	0	4.5	7.49113	7.37119	0.119937	0	0	0	0	0	0	0	0	0	0	0	0	0	0	0	0	0	0
00.000,00.000	1.9	0	-200	0	4.5	7.99117	7.59823	0.392943	0	0	0	0	0	0	0	0	0	0	0	0	0	0	0	0	0	0
00.000,00.000	2	0	-200	0	4.5	8.50447	7.84005	0.664421	0	0	0	0	0	0	0	0	0	0	0	0	0	0	0	0	0	0
00.000,00.000	2.1	0	-200	0	4.5	9.0833	8.14737	0.935934	0	0	0	0	0	0	0	0	0	0	0	0	0	0	0	0	0	0
00.000,00.000	2.2	0	-200	0	4.5	9.77803	8.57025	1.20778	0	0	0	0	0	0	0	0	0	0	0	0	0	0	0	0	0	0
00.000,00.000	2.3	0	-200	0	4.5	10.587	9.10869	1.47835	0	0	0	0	0	0	0	0	0	0	0	0	0	0	0	0	0	0
00.000,00.000	2.4	0	-200	0	4.5	11.5104	9.7627	1.74773	0	0	0	0	0	0	0	0	0	0	0	0	0	0	0	0	0	0
00.000,00.000	2.5	0	-200	0	4.5	12.5487	10.5313	2.0174	0	0	0	0	0	0	0	0	0	0	0	0	0	0	0	0	0	0
00.000,00.000	2.6	0	-200	0	4.5	13.6987	11.412	2.28673	0	0	0	0	0	0	0	0	0	0	0	0	0	0	0	0	0	0
00.000,00.000	2.7	0	-200	0	4.5	14.9676	12.4124	2.55512	0	0	0	0	0	0	0	0	0	0	0	0	0	0	0	0	0	0
00.000,00.000	2.8	0	-200	0	4.5	16.3405	13.5177	2.82278	0	0	0	0	0	0	0	0	0	0	0	0	0	0	0	0	0	0
00.000,00.000	2.9	0	-200	0	4.5	17.839	14.7488	3.09022	0	0	0	0	0	0	0	0	0	0	0	0	0	0	0	0	0	0
00.000,00.000	3	0	-200	0	4.5	19.4583	16.1011	3.35724	0	0	0	0	0	0	0	0	0	0	0	0	0	0	0	0	0	0
00.000,00.000	3.1	0	-200	0	4.5	21.1338	17.5103	3.62349	0	0	0	0	0	0	0	0	0	0	0	0	0	0	0	0	0	0
00.000,00.000	3.2	0	-200	0	4.5	22.8085	18.9194	3.88914	0	0	0	0	0	0	0	0	0	0	0	0	0	0	0	0	0	0
00.000,00.000	3.3	0	-200	0	4.5	24.4801	20.3254	4.15475	0	0	0	0	0	0	0	0	0	0	0	0	0	0	0	0	0	0
00.000,00.000	3.4	0	-200	0	4.5	26.1525	21.7326	4.41984	0	0	0	0	0	0	0	0	0	0	0	0	0	0	0	0	0	0
00.000,00.000	3.5	0	-200	0	4.5	27.8168	23.133	4.68386	0	0	0	0	0	0	0	0	0	0	0	0	0	0	0	0	0	0
00.000,00.000	3.6	0	-200	0	4.5	29.4638	24.5169	4.94686	0	0	0	0	0	0	0	0	0	0	0	0	0	0	0	0	0	0
00.000,00.000	3.7	0	-200	0	4.5	31.1046	25.8947	5.20994	0	0	0	0	0	0	0	0	0	0	0	0	0	0	0	0	0	0
00.000,00.000	3.8	0	-200	0	4.5	32.7372	27.2648	5.47246	0	0	0	0	0	0	0	0	0	0	0	0	0	0	0	0	0	0
00.000,00.000	3.9	0	-200	0	4.5	34.3672	28.6331	5.73414	0	0	0	0	0	0	0	0	0	0	0	0	0	0	0	0	0	0
00.000,00.000	4	0	-200	0	4.5	35.9984	30.0029	5.99558	0	0	0	0	0	0	0	0	0	0	0	0	0	0	0	0	0	0
00.000,00.000	4.1	0	-200	0	4.5	37.6253	31.3688	6.25659	0	0	0	0	0	0	0	0	0	0	0	0	0	0	0	0	0	0
00.000,00.000	4.2	0	-200	0	4.5	39.2462	32.7293	6.51698	0	0	0	0	0	0	0	0	0	0	0	0	0	0	0	0	0	0
00.000,00.000	4.3	0	-200	0	4.5	40.8632	34.0865	6.77677	0	0	0	0	0	0	0	0	0	0	0	0	0	0	0	0	0	0
00.000,00.000	4.4	0	-200	0	4.5	42.4753	35.4392	7.03609	0	0	0	0	0	0	0	0	0	0	0	0	0	0	0	0	0	0
00.000,00.000	4.5	0	-200	0	4.5	43.9763	36.6815	7.29473	0	0	0	0	0	0	0	0	0	0	0	0	0	0	0	0	0	0
00.000,00.000	4.6	0	-200	0	4.5	45.2769	37.7242	7.5527	0	0	0	0	0	0	0	0	0	0	0	0	0	0	0	0	0	0
00.000,00.000	4.7	0	-200	0	4.5	46.5688	38.7587	7.81007	0	0	0	0	0	0	0	0	0	0	0	0	0	0	0	0	0	0
00.000,00.000	4.8	0	-200	0	4.5	47.7235	39.6565	8.06694	0	0	0	0	0	0	0	0	0	0	0	0	0	0	0	0	0	0
00.000,00.000	4.9	0	-200	0	4.5	48.7375	40.3556	8.38189	0	0	0	0	0	0	0	0	0	0	0	0	0	0	0	0	0	0
00.000,00.000	5	0	-200	0	4.5	49.7488	40.8188	8.92999	0	0	0	0	0	0	0	0	0	0	0	0	0	0	0	0	0	0
00.000,00.000	5.1	0	-200	0	4.5	50.7582	40.9641	9.79409	0	0	0	0	0	0	0	0	0	0	0	0	0	0	0	0	0	0
00.000,00.000	5.2	0	-200	0	4.5	51.7692	40.9806	10.7886	0	0	0	0	0	0	0	0	0	0	0	0	0	0	0	0	0	0
00.000,00.000	5.3	0	-200	0	4.5	52.7831	41.0007	11.7824	0	0	0	0	0	0	0	0	0	0	0	0	0	0	0	0	0	0
00.000,00.000	5.4	0	-200	0	4.5	53.6139	41.0269	12.5869	0	0	0	0	0	0	0	0	0	0	0	0	0	0	0	0	0	0
00.000,00.000	5.5	0	-200	0	4.5	54.3315	41.0555	13.276	0	0	0	0	0	0	0	0	0	0	0	0	0	0	0	0	0	0
00.000,00.000	5.6	0	-200	0	4.5	54.8526	41.0892	13.7634	0	0	0	0	0	0	0	0	0	0	0	0	0	0	0	0	0	0
00.000,00.000	5.7	0	-200	0	4.5	55.3249	41.1266	14.1984	0	0	0	0	0	0	0	0	0	0	0	0	0	0	0	0	0	0
00.000,00.000	5.8	0	-200	0	4.5	55.6177	41.1687	14.2114	0.237616	0	0	0	0	0	0	0	0	0	0	0	0	0	0	0	0	0
00.000,00.000	5.9	0	-200	0	4.5	55.9154	41.2159	14.2113	0.488211	0	0	0	0	0	0	0	0	0	0	0	0	0	0	0	0	0
00.000,00.000	6	0	-200	0	4.5	56.218	41.2677	14.2122	0.738054	0	0	0	0	0	0	0	0	0	0	0	0	0	0	0	0	0
00.000,00.000	6.1	0	-200	0	4.5	56.5236	41.3241	14.2122	0.987304	0	0	0	0	0	0	0	0	0	0	0	0	0	0	0	0	0
00.000,00.000	6.2	0	-200	0	4.5	56.8344	41.3849	14.2134	1.23606	0	0	0	0	0	0	0	0	0	0	0	0	0	0	0	0	0
00.000,00.000	6.3	0	-200	0	4.5	57.1505	41.4512	14.2149	1.48438	0	0	0	0	0	0	0	0	0	0	0	0	0	0	0	0	0
00.000,00.000	6.4	0	-200	0	4.5	57.4749	41.5259	14.2171	1.73191	0	0	0	0	0	0	0	0	0	0	0	0	0	0	0	0	0
00.000,00.000	6.5	0	-200	0	4.5	57.8022	41.6032	14.2205	1.97847	0	0	0	0	0	0	0	0	0	0	0	0	0	0	0	0	0
00.000,00.000	6.6	0	-200	0	4.5	58.1384	41.6888	14.2251	2.22455	0	0	0	0	0	0	0	0	0	0	0	0	0	0	0	0	0
00.000,00.000	6.7	0	-200	0	4.5	58.4823	41.7814	14.2309	2.47003	0	0	0	0	0	0	0	0	0	0	0	0	0	0	0	0	0
00.000,00.000	6.8	0	-200	0	4.5	58.8378	41.8845	14.2385	2.7148	0	0	0	0	0	0	0	0	0	0	0	0	0	0	0	0	0
00.000,00.000	6.9	0	-200	0	4.5	59.209	42.0018	14.248	2.95922	0	0	0	0	0	0	0	0	0	0	0	0	0	0	0	0	0
00.000,00.000	7	0	-200	0	4.5	59.5989	42.1363	14.2593	3.20329	0	0	0	0	0	0	0	0	0	0	0	0	0	0	0	0	0
00.000,00.000	7.1	0	-200	0	4.5	60.0098	42.2891	14.2741	3.44671	0	0	0	0	0	0	0	0	0	0	0	0	0	0	0	0	0
00.000,00.000	7.2	0	-200	0	4.5	60.4461	42.4659	14.2908	3.68941	0	0	0	0	0	0	0	0	0	0	0	0	0	0	0	0	0
00.000,00.000	7.3	0	-200	0	4.5	60.9099	42.668	14.3102	3.93167	0	0	0	0	0	0	0	0	0	0	0	0	0	0	0	0	0
00.000,00.000	7.4	0	-200	0	4.5	61.4062	42.8993	14.3336	4.17337	0	0	0	0	0	0	0	0	0	0	0	0	0	0	0	0	0
00.000,00.000	7.5	0	-200	0	4.5	61.9265	43.1535	14.359	4.41405	0	0	0	0	0	0	0	0	0	0	0	0	0	0	0	0	0
00.000,00.000	7.6	0	-200	0	4.5	62.4837	43.4413	14.388	4.65432	0	0	0	0	0	0	0	0	0	0	0	0	0	0	0	0	0
00.000,00.000	7.7	0	-200	0	4.5	63.0817	43.7663	14.4213	4.89401	0	0	0	0	0	0	0	0	0	0	0	0	0	0	0	0	0
00.000,00.000	7.8	0	-200	0	4.5	63.7223	44.1306	14.4584	5.13318	0	0	0	0	0	0	0	0	0	0	0	0	0	0	0	0	0
00.000,00.000	7.9	0	-200	0	4.5	64.4157	44.5429	14.5006	5.37214	0	0	0	0	0	0	0	0	0	0	0	0	0	0	0	0	0
00.000,00.000	8	0	-200	0	4.5	65.161	45.0038	14.5467	5.61051	0	0	0	0	0	0	0	0	0	0	0	0	0	0	0	0	0
00.000,00.000	8.1	0	-200	0	4.5	65.9597	45.5146	14.5969	5.84819	0	0	0	0	0	0	0	0	0	0	0	0	0	0	0	0	0
00.000,00.000	8.2	0	-200	0	4.5	66.5861	46.0785	14.6511	5.85652	0	0	0	0	0	0	0	0	0	0	0	0	0	0	0	0	0
00.000,00.000	8.3	0	-200	0	4.5	67.2567	46.695	14.7096	5.85219	0	0	0	0	0	0	0	0	0	0	0	0	0	0	0	0	0
00.000,00.000	8.4	0	-200	0	4.5	67.9879	47.3637	14.772	5.85219	0	0	0	0	0	0	0	0	0	0	0	0	0	0	0	0	0
00.000,00.000	8.5	0	-200	0	4.5	68.7504	48.061	14.8372	5.85219	0	0	0	0	0	0	0	0	0	0	0	0	0	0	0	0	0
00.000,00.000	8.6	0	-200	0	4.5	69.5688	48.8097	14.9069	5.85219	0	0	0	0	0	0	0	0	0	0	0	0	0	0	0	0	0
00.000,00.000	8.7	0	-200	0	4.5	70.4367	49.6041	14.9804	5.85219	0	0	0	0	0	0	0	0	0	0	0	0	0	0	0	0	0
00.000,00.000	8.8	0	-200	0	4.5	71.358	50.4468	15.0589	5.85219	0	0	0	0	0	0	0	0	0	0	0	0	0	0	0	0	0
00.000,00.000	8.9	0	-200	0	4.5	72.3453	51.3515	15.1416	5.85219	0	0	0	0	0	0	0	0	0	0	0	0	0	0	0	0	0
00.000,00.000	9	0	-200	0	4.5	73.389	52.3081	15.2287	5.85219	0	0	0	0	0	0	0	0	0	0	0	0	0	0	0	0	0
00.000,00.000	9.1	0	-200	0	4.5	74.5053	53.332	15.3211	5.85219	0	0	0	0	0	0	0	0	0	0	0	0	0	0	0	0	0
00.000,00.000	9.2	0	-200	0	4.5	75.7005	54.4297	15.4186	5.85219	0	0	0	0	0	0	0	0	0	0	0	0	0	0	0	0	0
00.000,00.000	9.3	0	-200	0	4.5	76.9793	55.6059	15.5212	5.85219	0	0	0	0	0	0	0	0	0	0	0	0	0	0	0	0	0
00.000,00.000	9.4	0	-200	0	4.5	78.3444	56.8618	15.6305	5.85219	0	0	0	0	0	0	0	0	0	0	0	0	0	0	0	0	0
00.000,00.000	9.5	0	-200	0	4.5	79.7494	58.1527	15.7445	5.85219	0	0	0	0	0	0	0	0	0	0	0	0	0	0	0	0	0
00.000,00.000	9.6	0	-200	0	4.5	81.2382	59.5208	15.8653	5.85219	0	0	0	0	0	0	0	0	0	0	0	0	0	0	0	0	0
00.000,00.000	9.7	0	-200	0	4.5	82.8021	60.9541	15.9958	5.85219	0	0	0	0	0	0	0	0	0	0	0	0	0	0	0	0	0
00.000,00.000	9.8	0	-200	0	4.5	84.4485	62.4597	16.1366	5.85219	0	0	0	0	0	0	0	0	0	0	0	0	0	0	0	0	0
00.000,00.000	9.9	0	-200	0	4.5	86.2012	64.0566	16.2924	5.85219	0	0	0	0	0	0	0	0	0	0	0	0	0	0	0	0	0
00.000,00.000	10	0	-200	0	4.5	88.0495	65.7352	16.4621	5.85219	0	0	0	0	0	0	0	0	0	0	0	0	0	0	0	0	0
00.000,00.000	10.1	0	-200	0	4.5	90.0038	67.505	16.6466	5.85219	0	0	0	0	0	0	0	0	0	0	0	0	0	0	0	0	0
00.000,00.000	10.2	0	-200	0	4.5	92.0717	69.3726	16.8469	5.85219	0	0	0	0	0	0	0	0	0	0	0	0	0	0	0	0	0
00.000,00.000	10.3	0	-200	0	4.5	94.2549	71.3389	17.0638	5.85219	0	0	0	0	0	0	0	0	0	0	0	0	0	0	0	0	0
00.000,00.000	10.4	0	-200	0	4.5	96.5517	73.4023	17.2972	5.85224	0	0	0	0	0	0	0	0	0	0	0	0	0	0	0	0	0
00.000,00.000	10.5	0	-200	0	4.5	98.89	75.4921	17.5443	5.85366	0	0	0	0	0	0	0	0	0	0	0	0	0	0	0	0	0
00.000,00.000	10.6	0	-200	0	4.5	101.335	77.6705	17.8091	5.85542	0	0	0	0	0	0	0	0	0	0	0	0	0	0	0	0	0
00.000,00.000	10.7	0	-200	0	4.5	103.872	79.9238	18.0898	5.85798	0	0	0	0	0	0	0	0	0	0	0	0	0	0	0	0	0
00.000,00.000	10.8	0	-200	0	4.5	106.513	82.2658	18.386	5.86161	0	0	0	0	0	0	0	0	0	0	0	0	0	0	0	0	0
00.000,00.000	10.9	0	-200	0	4.5	109.295	84.7297	18.6983	5.86693	0	0	0	0	0	0	0	0	0	0	0	0	0	0	0	0	0
00.000,00.000	11	0	-200	0	4.5	112.19	87.2922	19.0242	5.87365	0	0	0	0	0	0	0	0	0	0	0	0	0	0	0	0	0
00.000,00.000	11.1	0	-200	0	4.5	115.211	89.9652	19.3635	5.88204	0	0	0	0	0	0	0	0	0	0	0	0	0	0	0	0	0
00.000,00.000	11.2	0	-200	0	4.5	118.377	92.7791	19.7049	5.89263	0	0	0	0	0	0	0	0	0	0	0	0	0	0	0	0	0
00.000,00.000	11.3	0	-200	0	4.5	121.692	95.7447	20.0426	5.9052	0	0	0	0	0	0	0	0	0	0	0	0	0	0	0	0	0
00.000,00.000	11.4	0	-200	0	4.5	125.157	98.8391	20.3981	5.91985	0	0	0	0	0	0	0	0	0	0	0	0	0	0	0	0	0
00.000,00.000	11.5	0	-200	0	4.5	128.664	101.966	20.7616	5.93668	0	0	0	0	0	0	0	0	0	0	0	0	0	0	0	0	0
00.000,00.000	11.6	0	-200	0	4.5	132.284	105.19	21.1379	5.95553	0	0	0	0	0	0	0	0	0	0	0	0	0	0	0	0	0
00.000,00.000	11.7	0	-200	0	4.5	135.993	108.488	21.5289	5.97652	0	0	0	0	0	0	0	0	0	0	0	0	0	0	0	0	0
00.000,00.000	11.8	0	-200	0	4.5	139.803	111.877	21.9267	6.00004	0	0	0	0	0	0	0	0	0	0	0	0	0	0	0	0	0
00.000,00.000	11.9	0	-200	0	4.5	143.781	115.427	22.3289	6.02583	0	0	0	0	0	0	0	0	0	0	0	0	0	0	0	0	0
00.000,00.000	12	0	-200	0	4.5	147.926	119.13	22.742	6.05392	0	0	0	0	0	0	0	0	0	0	0	0	0	0	0	0	0
00.000,00.000	12.1	0	-200	0	4.5	152.213	122.959	23.1702	6.08435	0	0	0	0	0	0	0	0	0	0	0	0	0	0	0	0	0
00.000,00.000	12.2	0	-200	0	4.5	156.592	126.85	23.6253	6.11711	0	0	0	0	0	0	0	0	0	0	0	0	0	0	0	0	0
00.000,00.000	12.3	0	-200	0	4.5	161.062	130.81	24.1004	6.15226	0	0	0	0	0	0	0	0	0	0	0	0	0	0	0	0	0
00.000,00.000	12.4	0	-200	0	4.5	165.611	134.835	24.5841	6.19151	0	0	0	0	0	0	0	0	0	0	0	0	0	0	0	0	0
00.000,00.000	12.5	0	-200	0	4.5	170.239	138.919	25.0864	6.23379	0	0	0	0	0	0	0	0	0	0	0	0	0	0	0	0	0
00.000,00.000	12.6	0	-200	0	4.5	175.527	143.549	25.6928	6.28547	0	0	0	0	0	0	0	0	0	0	0	0	0	0	0	0	0
00.000,00.000	12.7	0	-200	0	4.5	180.208	147.329	26.5443	6.33499	0	0	0	0	0	0	0	0	0	0	0	0	0	0	0	0	0
00.000,00.000	12.8	0	-200	0	4.5	184.29	150.436	27.4735	6.38054	0	0	0	0	0	0	0	0	0	0	0	0	0	0	0	0	0
00.000,00.000	12.9	0	-200	0	4.5	189.141	154.071	28.633	6.43723	0	0	0	0	0	0	0	0	0	0	0	0	0	0	0	0	0
00.000,00.000	13	0	-200	0	4.5	194.193	157.592	30.1027	6.49883	0	0	0	0	0	0	0	0	0	0	0	0	0	0	0	0	0
00.000,00.000	13.1	0	-200	0	4.5	199.183	161.105	31.5149	6.56309	0	0	0	0	0	0	0	0	0	0	0	0	0	0	0	0	0
00.000,00.000	13.2	0	-200	0	4.5	204.216	164.682	32.9039	6.63048	0	0	0	0	0	0	0	0	0	0	0	0	0	0	0	0	0
00.000,00.000	13.3	0	-200	0	4.5	209.336	168.334	34.3001	6.70174	0	0	0	0	0	0	0	0	0	0	0	0	0	0	0	0	0
00.000,00.000	13.4	0	-200	0	4.5	214.551	172.034	35.7399	6.77674	0	0	0	0	0	0	0	0	0	0	0	0	0	0	0	0	0
00.000,00.000	13.5	0	-200	0	4.5	220.249	176.078	37.3103	6.86151	0	0	0	0	0	0	0	0	0	0	0	0	0	0	0	0	0
00.000,00.000	13.6	0	-200	0	4.5	226.583	180.583	39.0455	6.95428	0	0	0	0	0	0	0	0	0	0	0	0	0	0	0	0	0
00.000,00.000	13.7	0	-200	0	4.5	231.832	184.305	40.4918	7.03463	0	0	0	0	0	0	0	0	0	0	0	0	0	0	0	0	0
00.000,00.000	13.8	0	-200	0	4.5	236.175	187.376	41.6944	7.10397	0	0	0	0	0	0	0	0	0	0	0	0	0	0	0	0	0
00.000,00.000	13.9	0	-200	0	4.5	241.161	190.908	43.067	7.18534	0	0	0	0	0	0	0	0	0	0	0	0	0	0	0	0	0
00.000,00.000	14	0	-200	0	4.5	247.084	195.075	44.7269	7.28271	0	0	0	0	0	0	0	0	0	0	0	0	0	0	0	0	0
00.000,00.000	14.1	0	-200	0	4.5	252.756	199.019	46.3593	7.37789	0	0	0	0	0	0	0	0	0	0	0	0	0	0	0	0	0
00.000,00.000	14.2	0	-200	0	4.5	258.281	202.853	47.9539	7.47399	0	0	0	0	0	0	0	0	0	0	0	0	0	0	0	0	0
00.000,00.000	14.3	0	-200	0	4.5	263.823	206.72	49.5302	7.57323	0	0	0	0	0	0	0	0	0	0	0	0	0	0	0	0	0
00.000,00.000	14.4	0	-200	0	4.5	269.355	210.564	51.1158	7.67525	0	0	0	0	0	0	0	0	0	0	0	0	0	0	0	0	0
00.000,00.000	14.5	0	-200	0	4.5	276.839	215.723	53.2964	7.81977	0	0	0	0	0	0	0	0	0	0	0	0	0	0	0	0	0
00.000,00.000	14.6	0	-200	0	4.5	283.256	220.102	55.2108	7.94275	0	0	0	0	0	0	0	0	0	0	0	0	0	0	0	0	0
00.000,00.000	14.7	0	-200	0	4.5	288.802	223.846	56.9108	8.04471	0	0	0	0	0	0	0	0	0	0	0	0	0	0	0	0	0
00.000,00.000	14.8	0	-200	0	4.5	293.963	227.31	58.5026	8.1503	0	0	0	0	0	0	0	0	0	0	0	0	0	0	0	0	0
00.000,00.000	14.9	0	-200	0	4.5	297.034	229.365	59.4553	8.2142	0	0	0	0	0	0	0	0	0	0	0	0	0	0	0	0	0
00.000,00.000	15	0	-200	0	4.5	303.23	233.472	61.4039	8.35324	0	0	0	0	0	0	0	0	0	0	0	0	0	0	0	0	0
00.000,00.000	15.1	0	-200	0	4.5	308.727	237.083	63.1634	8.4803	0	0	0	0	0	0	0	0	0	0	0	0	0	0	0	0	0
00.000,00.000	15.2	0	-200	0	4.5	313.734	240.326	64.8111	8.597	0	0	0	0	0	0	0	0	0	0	0	0	0	0	0	0	0
00.000,00.000	15.3	0	-200	0	4.5	318.726	243.517	66.4922	8.71657	0	0	0	0	0	0	0	0	0	0	0	0	0	0	0	0	0
00.000,00.000	15.4	0	-200	0	4.5	323.628	246.631	68.1586	8.83864	0	0	0	0	0	0	0	0	0	0	0	0	0	0	0	0	0
00.000,00.000	15.5	0	-200	0	4.5	333.833	253.021	71.7055	9.10641	0	0	0	0	0	0	0	0	0	0	0	0	0	0	0	0	0
00.000,00.000	15.6	0	-200	0	4.5	335.815	254.22	72.4422	9.15273	0	0	0	0	0	0	0	0	0	0	0	0	0	0	0	0	0
00.000,00.000	15.7	0	-200	0	4.5	339.946	256.717	73.9644	9.2648	0	0	0	0	0	0	0	0	0	0	0	0	0	0	0	0	0
00.000,00.000	15.8	0	-200	0	4.5	340.866	257.26	74.3175	9.28854	0	0	0	0	0	0	0	0	0	0	0	0	0	0	0	0	0
00.000,00.000	15.9	0	-200	0	4.5	344.496	259.399	75.7088	9.38758	0	0	0	0	0	0	0	0	0	0	0	0	0	0	0	0	0
00.000,00.000	16	0	-200	0	4.5	350.635	262.988	78.0555	9.59143	0	0	0	0	0	0	0	0	0	0	0	0	0	0	0	0	0
00.000,00.000	16.1	0	-200	0	4.5	355.431	265.758	79.6602	10.0125	0	0	0	0	0	0	0	0	0	0	0	0	0	0	0	0	0
00.000,00.000	16.2	0	-200	0	4.5	359.752	268.225	81.1342	10.3932	0	0	0	0	0	0	0	0	0	0	0	0	0	0	0	0	0
00.000,00.000	16.3	0	-200	0	4.5	363.998	270.603	82.6145	10.7806	0	0	0	0	0	0	0	0	0	0	0	0	0	0	0	0	0
00.000,00.000	16.4	0	-200	0	4.5	368.187	272.932	83.9552	11.3001	0	0	0	0	0	0	0	0	0	0	0	0	0	0	0	0	0
00.000,00.000	16.5	0	-200	0	4.5	380.484	279.723	87.5662	13.1947	0	0	0	0	0	0	0	0	0	0	0	0	0	0	0	0	0
00.000,00.000	16.6	0	-200	0	4.5	382.841	280.934	88.3369	13.5703	0	0	0	0	0	0	0	0	0	0	0	0	0	0	0	0	0
00.000,00.000	16.7	0	-200	0	4.5	401.489	290.591	93.3107	17.5875	0	0	0	0	0	0	0	0	0	0	0	0	0	0	0	0	0
00.000,00.000	16.8	0	-200	0	4.5	405.685	292.612	94.5067	18.5666	0	0	0	0	0	0	0	0	0	0	0	0	0	0	0	0	0
00.000,00.000	16.9	0	-200	0	4.5	416.327	297.805	97.4023	21.1206	0	0	0	0	0	0	0	0	0	0	0	0	0	0	0	0	0
00.000,00.000	17	0	-200	0	4.5	422.604	301.044	99.0199	22.5407	0	0	0	0	0	0	0	0	0	0	0	0	0	0	0	0	0
00.000,00.000	17.1	0	-200	0	4.5	426.52	303.061	100.035	23.423	0	0	0	0	0	0	0	0	0	0	0	0	0	0	0	0	0
00.000,00.000	17.2	0	-200	0	4.5	430.451	305.058	101.097	24.2958	0	0	0	0	0	0	0	0	0	0	0	0	0	0	0	0	0
00.000,00.000	17.3	0	-200	0	4.5	434.382	307.064	102.152	25.1663	0	0	0	0	0	0	0	0	0	0	0	0	0	0	0	0	0
00.000,00.000	17.4	0	-200	0	4.5	438.349	309.093	103.217	26.0397	0	0	0	0	0	0	0	0	0	0	0	0	0	0	0	0	0
00.000,00.000	17.5	0	-200	0	4.5	452.461	316.265	107.037	29.1584	0	0	0	0	0	0	0	0	0	0	0	0	0	0	0	0	0
00.000,00.000	17.6	0	-200	0	4.5	455.251	317.693	107.787	29.7711	0	0	0	0	0	0	0	0	0	0	0	0	0	0	0	0	0
00.000,00.000	17.7	0	-200	0	4.5	472.817	325.691	113.015	34.1109	0	0	0	0	0	0	0	0	0	0	0	0	0	0	0	0	0
00.000,00.000	17.8	0	-200	0	4.5	477.098	327.831	114.206	35.0607	0	0	0	0	0	0	0	0	0	0	0	0	0	0	0	0	0
00.000,00.000	17.9	0	-200	0	4.5	490.771	333.695	118.589	38.4834	0.00290997	0	0	0	0	0	0	0	0	0	0	0	0	0	0	0	0
00.000,00.000	18	0	-200	0	4.5	497.255	336.541	120.694	39.5607	0.459531	0	0	0	0	0	0	0	0	0	0	0	0	0	0	0	0
00.000,00.000	18.1	0	-200	0	4.5	500.778	338.233	121.766	40.0968	0.682381	0	0	0	0	0	0	0	0	0	0	0	0	0	0	0	0
00.000,00.000	18.2	0	-200	0	4.5	504.611	340.277	122.851	40.5883	0.894077	0	0	0	0	0	0	0	0	0	0	0	0	0	0	0	0
00.000,00.000	18.3	0	-200	0	4.5	509.743	342.84	124.416	41.2909	1.19603	0	0	0	0	0	0	0	0	0	0	0	0	0	0	0	0
00.000,00.000	18.4	0	-200	0	4.5	513.828	344.875	125.674	41.8084	1.47043	0	0	0	0	0	0	0	0	0	0	0	0	0	0	0	0
00.000,00.000	18.5	0	-200	0	4.5	535.945	355.547	132.744	43.7652	3.88839	0	0	0	0	0	0	0	0	0	0	0	0	0	0	0	0
00.000,00.000	18.6	0	-200	0	4.5	540.403	357.76	134.085	44.1717	4.38755	0	0	0	0	0	0	0	0	0	0	0	0	0	0	0	0
00.000,00.000	18.7	0	-200	0	4.5	581.328	372.91	151.02	46.8234	10.5745	0	0	0	0	0	0	0	0	0	0	0	0	0	0	0	0
00.000,00.000	18.8	0	-200	0	4.5	592.38	375.697	157.73	47.0867	11.8657	0	0	0	0	0	0	0	0	0	0	0	0	0	0	0	0
00.000,00.000	18.9	0	-200	0	4.5	615.439	382.244	171.344	47.9401	13.9103	0	0	0	0	0	0	0	0	0	0	0	0	0	0	0	0
00.000,00.000	19	0	-200	0	4.5	623.802	384.244	176.48	48.3068	14.7713	0	0	0	0	0	0	0	0	0	0	0	0	0	0	0	0
00.000,00.000	19.1	0	-200	0	4.5	628.095	385.281	179.095	48.5312	15.1882	0	0	0	0	0	0	0	0	0	0	0	0	0	0	0	0
00.000,00.000	19.2	0	-200	0	4.5	632.602	386.376	181.82	48.7853	15.6205	0	0	0	0	0	0	0	0	0	0	0	0	0	0	0	0
00.000,00.000	19.3	0	-200	0	4.5	637.028	387.466	184.471	49.0531	16.0372	0	0	0	0	0	0	0	0	0	0	0	0	0	0	0	0
00.000,00.000	19.4	0	-200	0	4.5	641.576	388.582	187.194	49.3466	16.4531	0	0	0	0	0	0	0	0	0	0	0	0	0	0	0	0
00.000,00.000	19.5	0	-200	0	4.5	646.345	389.729	190.052	49.6751	16.7936	0.0944875	0	0	0	0	0	0	0	0	0	0	0	0	0	0	0
00.000,00.000	19.6	0	-200	0	4.5	650.702	390.756	192.658	49.997	16.9832	0.30863	0	0	0	0	0	0	0	0	0	0	0	0	0	0	0
00.000,00.000	19.7	0	-200	0	4.5	655.195	391.875	195.289	50.3386	17.1742	0.51846	0	0	0	0	0	0	0	0	0	0	0	0	0	0	0
00.000,00.000	19.8	0	-200	0	4.5	659.76	392.973	197.972	50.7093	17.3707	0.734244	0	0	0	0	0	0	0	0	0	0	0	0	0	0	0
00.000,00.000	19.9	0	-200	0	4.5	681.537	398.456	210.199	52.6826	18.368	1.83135	0	0	0	0	0	0	0	0	0	0	0	0	0	0	0
00.000,00.000	20	0	-200	0	4.5	686.178	399.761	212.689	53.1022	18.5716	2.05447	0	0	0	0	0	0	0	0	0	0	0	0	0	0	0
00.000,00.000	20.1	0	-200	0	4.5	701.121	404.229	220.425	54.521	19.2046	2.74187	0	0	0	0	0	0	0	0	0	0	0	0	0	0	0
00.000,00.000	20.2	0	-200	0	4.5	709.251	406.741	224.253	55.5963	19.5479	3.1126	0	0	0	0	0	0	0	0	0	0	0	0	0	0	0
00.000,00.000	20.3	0	-200	0	4.5	714.001	408.3	226.305	56.3376	19.7404	3.31794	0	0	0	0	0	0	0	0	0	0	0	0	0	0	0
00.000,00.000	20.4	0	-200	0	4.5	723.612	411.645	230.069	58.0034	20.1627	3.73178	0	0	0	0	0	0	0	0	0	0	0	0	0	0	0
00.000,00.000	20.5	0	-200	0	4.5	725.739	412.439	230.866	58.3413	20.2668	3.82627	0	0	0	0	0	0	0	0	0	0	0	0	0	0	0
00.000,00.000	20.6	0	-200	0	4.5	732.708	414.977	233.481	59.5258	20.601	4.12323	0	0	0	0	0	0	0	0	0	0	0	0	0	0	0
00.000,00.000	20.7	0	-200	0	4.5	738.611	417.2	235.653	60.5156	20.874	4.36849	0	0	0	0	0	0	0	0	0	0	0	0	0	0	0
00.000,00.000	20.8	0	-200	0	4.5	743.717	419.144	237.426	61.4613	20.9348	4.75121	0	0	0	0	0	0	0	0	0	0	0	0	0	0	0
00.000,00.000	20.9	0	-200	0	4.5	769.618	429.031	245.604	67.063	21.218	6.70228	0	0	0	0	0	0	0	0	0	0	0	0	0	0	0
00.000,00.000	21	0	-200	0	4.5	775.144	431.141	247.393	68.2316	21.2802	7.09809	0	0	0	0	0	0	0	0	0	0	0	0	0	0	0
00.000,00.000	21.1	0	-200	0	4.5	793.164	438.383	253.043	71.9249	21.5163	8.29707	0	0	0	0	0	0	0	0	0	0	0	0	0	0	0
00.000,00.000	21.2	0	-200	0	4.5	803.34	442.463	256.276	73.9873	21.6559	8.95825	0	0	0	0	0	0	0	0	0	0	0	0	0	0	0
00.000,00.000	21.3	0	-200	0	4.5	809.438	444.938	258.207	75.2051	21.7504	9.33721	0	0	0	0	0	0	0	0	0	0	0	0	0	0	0
00.000,00.000	21.4	0	-200	0	4.5	823.409	450.639	262.645	77.9684	21.9807	10.1761	0	0	0	0	0	0	0	0	0	0	0	0	0	0	0
00.000,00.000	21.5	0	-200	0	4.5	826.592	451.926	263.677	78.5901	22.0356	10.3636	0	0	0	0	0	0	0	0	0	0	0	0	0	0	0
00.000,00.000	21.6	0	-200	0	4.5	836.801	456.053	266.949	80.6046	22.2384	10.9553	0	0	0	0	0	0	0	0	0	0	0	0	0	0	0
00.000,00.000	21.7	0	-200	0	4.5	869.533	467.594	277.918	87.8661	23.023	13.1313	0	0	0	0	0	0	0	0	0	0	0	0	0	0	0
00.000,00.000	21.8	0	-200	0	4.5	880.64	472.08	281.394	90.1384	23.2713	13.7572	0	0	0	0	0	0	0	0	0	0	0	0	0	0	0
00.000,00.000	21.9	0	-200	0	4.5	880.926	472.186	281.489	90.1991	23.2787	13.7731	0	0	0	0	0	0	0	0	0	0	0	0	0	0	0
00.000,00.000	22	0	-200	0	4.5	883.041	473.059	282.156	90.6154	23.3327	13.8781	0	0	0	0	0	0	0	0	0	0	0	0	0	0	0
00.000,00.000	22.1	0	-200	0	4.5	902.333	481.084	288.407	94.119	23.8658	14.5781	0.279739	0	0	0	0	0	0	0	0	0	0	0	0	0	0
00.000,00.000	22.2	0	-200	0	4.5	913.3	485.49	292.141	96.0544	24.1921	14.8487	0.574549	0	0	0	0	0	0	0	0	0	0	0	0	0	0
00.000,00.000	22.3	0	-200	0	4.5	920.342	488.468	294.464	97.0329	24.6144	15.0112	0.752269	0	0	0	0	0	0	0	0	0	0	0	0	0	0
00.000,00.000	22.4	0	-200	0	4.5	943.372	498.215	302.078	100.173	26.0596	15.5287	1.31852	0	0	0	0	0	0	0	0	0	0	0	0	0	0
00.000,00.000	22.5	0	-200	0	4.5	949.092	500.607	303.987	100.961	26.4225	15.656	1.45829	0	0	0	0	0	0	0	0	0	0	0	0	0	0
00.000,00.000	22.6	0	-200	0	4.5	962.099	505.899	308.399	102.797	27.2789	15.946	1.77888	0	0	0	0	0	0	0	0	0	0	0	0	0	0
00.000,00.000	22.7	0	-200	0	4.5	1002.45	519.872	322.748	109.482	30.3996	17.0006	2.95232	0	0	0	0	0	0	0	0	0	0	0	0	0	0
00.000,00.000	22.8	0	-200	0	4.5	1045.15	537.799	336.789	115.654	33.0885	17.8876	3.9305	0	0	0	0	0	0	0	0	0	0	0	0	0	0
00.000,00.000	22.9	0	-200	0	4.5	1048.71	539.102	338.085	116.211	33.3334	17.9649	4.01528	0	0	0	0	0	0	0	0	0	0	0	0	0	0
00.000,00.000	23	0	-200	0	4.5	1104.72	556.474	361.718	124.949	37.1258	19.164	5.28435	0	0	0	0	0	0	0	0	0	0	0	0	0	0
00.000,00.000	23.1	0	-200	0	4.5	1129.1	563.07	373.025	128.736	38.7644	19.335	6.16988	0	0	0	0	0	0	0	0	0	0	0	0	0	0
00.000,00.000	23.2	0	-200	0	4.5	1137.78	565.389	377.074	130.116	39.3344	19.3747	6.49588	0	0	0	0	0	0	0	0	0	0	0	0	0	0
00.000,00.000	23.3	0	-200	0	4.5	1147.02	567.89	381.331	131.601	39.9436	19.4153	6.84011	0	0	0	0	0	0	0	0	0	0	0	0	0	0
00.000,00.000	23.4	0	-200	0	4.5	1163.48	572.617	388.646	134.235	41.0442	19.4861	7.4549	0	0	0	0	0	0	0	0	0	0	0	0	0	0
00.000,00.000	23.5	0	-200	0	4.5	1167.32	573.714	390.355	134.853	41.2958	19.5012	7.60073	0	0	0	0	0	0	0	0	0	0	0	0	0	0
00.000,00.000	23.6	0	-200	0	4.5	1201.37	582.804	405.436	140.688	43.7788	19.678	8.98866	0	0	0	0	0	0	0	0	0	0	0	0	0	0
00.000,00.000	23.7	0	-200	0	4.5	1210.07	585.322	409.23	142.115	44.3627	19.7237	9.31384	0	0	0	0	0	0	0	0	0	0	0	0	0	0
00.000,00.000	23.8	0	-200	0	4.5	1210.93	585.568	409.61	142.259	44.423	19.7293	9.3456	0	0	0	0	0	0	0	0	0	0	0	0	0	0
00.000,00.000	23.9	0	-200	0	4.5	1251.32	597.641	426.843	148.808	47.2493	20.0085	10.7666	0	0	0	0	0	0	0	0	0	0	0	0	0	0
00.000,00.000	24	0	-200	0	4.5	1261.57	600.773	431.09	150.506	47.7699	20.2983	11.1305	0	0	0	0	0	0	0	0	0	0	0	0	0	0
00.000,00.000	24.1	0	-200	0	4.5	1284.92	607.997	440.761	154.337	49.0287	20.8884	11.9085	0	0	0	0	0	0	0	0	0	0	0	0	0	0
00.000,00.000	24.2	0	-200	0	4.5	1299.82	612.73	446.662	156.858	49.8171	21.3354	12.4147	0	0	0	0	0	0	0	0	0	0	0	0	0	0
00.000,00.000	24.3	0	-200	0	4.5	1310.52	616.181	450.886	158.633	50.3978	21.6553	12.6379	0.126951	0	0	0	0	0	0	0	0	0	0	0	0	0
00.000,00.000	24.4	0	-200	0	4.5	1321.54	619.766	455.203	160.474	50.9937	21.984	12.8263	0.28997	0	0	0	0	0	0	0	0	0	0	0	0	0
00.000,00.000	24.5	0	-200	0	4.5	1332.66	623.449	459.455	162.363	51.6058	22.3208	12.9907	0.476646	0	0	0	0	0	0	0	0	0	0	0	0	0
00.000,00.000	24.6	0	-200	0	4.5	1343.76	627.186	463.568	164.286	52.2335	22.6671	13.1561	0.66446	0	0	0	0	0	0	0	0	0	0	0	0	0
00.000,00.000	24.7	0	-200	0	4.5	1354.94	631.025	467.681	166.184	52.8674	23.0153	13.3182	0.848623	0	0	0	0	0	0	0	0	0	0	0	0	0
00.000,00.000	24.8	0	-200	0	4.5	1366.4	635	471.858	168.125	53.5241	23.3758	13.4825	1.03526	0	0	0	0	0	0	0	0	0	0	0	0	0
00.000,00.000	24.9	0	-200	0	4.5	1406.08	649.065	485.978	174.856	55.8328	24.6421	14.0262	1.67659	0	0	0	0	0	0	0	0	0	0	0	0	0
00.000,00.000	25	0	-200	0	4.5	1414.44	652.113	488.962	176.254	56.3645	24.9095	14.0262	1.80982	0	0	0	0	0	0	0	0	0	0	0	0	0
00.000,00.000	25.1	0	-200	0	4.5	1441.71	662.246	498.194	181.123	58.1092	25.7799	14.0288	2.22567	0	0	0	0	0	0	0	0	0	0	0	0	0
00.000,00.000	25.2	0	-200	0	4.5	1459.47	668.931	503.943	184.42	59.2953	26.353	14.0312	2.49535	0	0	0	0	0	0	0	0	0	0	0	0	0
00.000,00.000	25.3	0	-200	0	4.5	1471.88	673.653	507.908	186.726	60.1248	26.7575	14.0345	2.67993	0	0	0	0	0	0	0	0	0	0	0	0	0
00.000,00.000	25.4	0	-200	0	4.5	1500.77	684.686	517.055	192.045	62.1235	27.7097	14.0449	3.10286	0	0	0	0	0	0	0	0	0	0	0	0	0
00.000,00.000	25.5	0	-200	0	4.5	1512.66	689.22	520.848	194.188	62.9746	28.1048	14.0498	3.27719	0	0	0	0	0	0	0	0	0	0	0	0	0
00.000,00.000	25.6	0	-200	0	4.5	1512.63	689.205	520.852	194.162	62.9785	28.1048	14.0498	3.27719	0	0	0	0	0	0	0	0	0	0	0	0	0
00.000,00.000	25.7	0	-200	0	4.5	1512.88	689.3	520.928	194.207	62.9966	28.1132	14.05	3.28068	0	0	0	0	0	0	0	0	0	0	0	0	0
00.000,00.000	25.8	0	-200	0	4.5	1588.83	718.858	544.252	207.945	68.5687	30.7389	14.1164	4.34867	0	0	0	0	0	0	0	0	0	0	0	0	0
00.000,00.000	25.9	0	-200	0	4.5	1614.1	728.798	551.788	212.451	70.5369	31.6599	14.1426	4.72136	0	0	0	0	0	0	0	0	0	0	0	0	0
00.000,00.000	26	0	-200	0	4.5	1615.18	729.234	552.11	212.639	70.6195	31.6985	14.1442	4.7363	0	0	0	0	0	0	0	0	0	0	0	0	0
00.000,00.000	26.1	0	-200	0	4.5	1617.66	730.236	552.842	213.061	70.8138	31.7891	14.1485	4.77031	0	0	0	0	0	0	0	0	0	0	0	0	0
00.000,00.000	26.2	0	-200	0	4.5	1620.07	731.195	553.569	213.465	71.0043	31.8778	14.1529	4.80313	0	0	0	0	0	0	0	0	0	0	0	0	0
00.000,00.000	26.3	0	-200	0	4.5	1621.3	731.677	553.955	213.669	71.1017	31.9231	14.1555	4.8194	0	0	0	0	0	0	0	0	0	0	0	0	0
00.000,00.000	26.4	0	-200	0	4.5	1621.5	731.751	554.019	213.7	71.1177	31.9306	14.1559	4.82205	0	0	0	0	0	0	0	0	0	0	0	0	0
00.000,00.000	26.5	0	-200	0	4.5	1622.42	732.116	554.307	213.851	71.1928	31.9655	14.1582	4.83396	0	0	0	0	0	0	0	0	0	0	0	0	0
00.000,00.000	26.6	0	-200	0	4.5	1623.84	732.662	554.75	214.082	71.3125	32.0215	14.1621	4.85283	0	0	0	0	0	0	0	0	0	0	0	0	0
00.000,00.000	26.7	0	-200	0	4.5	1664.19	748.528	567.26	220.453	74.6983	33.5995	14.2794	5.36773	0	0	0	0	0	0	0	0	0	0	0	0	0
00.000,00.000	26.8	0	-200	0	4.5	1686.98	757.544	574.059	224.082	76.7307	34.5418	14.3521	5.67202	0	0	0	0	0	0	0	0	0	0	0	0	0
00.000,00.000	26.9	0	-200	0	4.5	1723.9	770.974	586.183	229.945	80.0746	36.0837	14.4798	6.15754	0	0	0	0	0	0	0	0	0	0	0	0	0
00.000,00.000	27	0	-200	0	4.5	1732.02	773.731	589.054	231.202	80.834	36.4281	14.5088	6.26426	0	0	0	0	0	0	0	0	0	0	0	0	0
00.000,00.000	27.1	0	-200	0	4.5	1757.45	782.123	598.123	235.206	83.2655	37.5327	14.6087	6.59463	0	0	0	0	0	0	0	0	0	0	0	0	0
00.000,00.000	27.2	0	-200	0	4.5	1775.38	787.896	604.478	238.06	85.0775	38.3376	14.6933	6.83371	0	0	0	0	0	0	0	0	0	0	0	0	0
00.000,00.000	27.3	0	-200	0	4.5	1784.3	790.814	607.554	239.49	85.981	38.6578	14.8476	6.95349	0	0	0	0	0	0	0	0	0	0	0	0	0
00.000,00.000	27.4	0	-200	0	4.5	1785.36	791.17	607.893	239.665	86.068	38.7168	14.8775	6.96845	0	0	0	0	0	0	0	0	0	0	0	0	0
00.000,00.000	27.5	0	-200	0	4.5	1878.5	822.458	637.637	254.968	96.0505	42.4856	16.6476	8.25269	0	0	0	0	0	0	0	0	0	0	0	0	0
00.000,00.000	27.6	0	-200	0	4.5	1907.11	831.991	646.414	259.614	99.5512	43.6167	17.2606	8.56993	0.0960931	0	0	0	0	0	0	0	0	0	0	0	0
00.000,00.000	27.7	0	-200	0	4.5	1908.36	832.418	646.8	259.803	99.7047	43.666	17.2871	8.57783	0.105177	0	0	0	0	0	0	0	0	0	0	0	0
00.000,00.000	27.8	0	-200	0	4.5	1939.2	842.966	656.339	264.241	103.672	44.9219	17.96	8.7073	0.396039	0	0	0	0	0	0	0	0	0	0	0	0
00.000,00.000	27.9	0	-200	0	4.5	1948.51	846.172	659.193	265.485	104.95	45.3125	18.1689	8.7073	0.52524	0	0	0	0	0	0	0	0	0	0	0	0
00.000,00.000	28	0	-200	0	4.5	1949.74	846.603	659.573	265.647	105.11	45.3637	18.1959	8.7073	0.541305	0	0	0	0	0	0	0	0	0	0	0	0
00.000,00.000	28.1	0	-200	0	4.5	1951.09	847.08	659.988	265.822	105.284	45.4207	18.2257	8.7073	0.558638	0	0	0	0	0	0	0	0	0	0	0	0
00.000,00.000	28.2	0	-200	0	4.5	1952.28	847.507	660.354	265.975	105.438	45.472	18.2525	8.7073	0.573809	0	0	0	0	0	0	0	0	0	0	0	0
00.000,00.000	28.3	0	-200	0	4.5	1953.34	847.888	660.677	266.108	105.574	45.5182	18.2763	8.7073	0.587038	0	0	0	0	0	0	0	0	0	0	0	0
00.000,00.000	28.4	0	-200	0	4.5	1953.5	847.949	660.726	266.128	105.596	45.5255	18.2801	8.7073	0.589109	0	0	0	0	0	0	0	0	0	0	0	0
00.000,00.000	28.5	0	-200	0	4.5	2049.08	883.261	689.17	277.968	117.822	49.8763	20.5078	8.7073	1.76444	0	0	0	0	0	0	0	0	0	0	0	0
00.000,00.000	28.6	0	-200	0	4.5	2085.47	894.975	700.139	282.844	123.201	51.8024	21.5117	8.70748	2.2903	0	0	0	0	0	0	0	0	0	0	0	0
00.000,00.000	28.7	0	-200	0	4.5	2183.56	933.486	725.411	295.265	136.254	56.7378	24.0916	8.71344	3.60124	0	0	0	0	0	0	0	0	0	0	0	0
00.000,00.000	28.8	0	-200	0	4.5	2201.44	939.774	730.304	297.605	138.722	57.7263	24.6015	8.85456	3.85525	0	0	0	0	0	0	0	0	0	0	0	0
00.000,00.000	28.9	0	-200	0	4.5	2202.04	940.02	730.455	297.676	138.796	57.7566	24.6171	8.85971	3.86268	0	0	0	0	0	0	0	0	0	0	0	0
00.000,00.000	29	0	-200	0	4.5	2217.17	946.026	734.409	299.438	140.644	58.5518	25.0247	9.02117	4.05019	0	0	0	0	0	0	0	0	0	0	0	0
00.000,00.000	29.1	0	-200	0	4.5	2252.19	959.722	743.581	303.581	144.938	60.4577	25.9999	9.41754	4.48875	0	0	0	0	0	0	0	0	0	0	0	0
00.000,00.000	29.2	0	-200	0	4.5	2271.9	967.994	748.444	305.802	147.248	61.5105	26.5385	9.64191	4.72521	0	0	0	0	0	0	0	0	0	0	0	0
00.000,00.000	29.3	0	-200	0	4.5	2287.15	974.483	752.185	307.467	149.006	62.3291	26.9578	9.8141	4.90351	0	0	0	0	0	0	0	0	0	0	0	0
00.000,00.000	29.4	0	-200	0	4.5	2325.34	990.582	761.704	311.524	153.407	64.4652	28.0509	10.2566	5.35401	0	0	0	0	0	0	0	0	0	0	0	0
00.000,00.000	29.5	0	-200	0	4.5	2348.17	1000.53	767.229	313.872	155.957	65.7381	28.703	10.5196	5.61758	0	0	0	0	0	0	0	0	0	0	0	0
00.000,00.000	29.6	0	-200	0	4.5	2363.35	1006.9	770.954	315.494	157.699	66.6387	29.1649	10.7062	5.80009	0	0	0	0	0	0	0	0	0	0	0	0
00.000,00.000	29.7	0	-200	0	4.5	2440.02	1035.28	788.888	324.865	168.037	72.1678	31.3292	12.527	6.92714	0	0	0	0	0	0	0	0	0	0	0	0
00.000,00.000	29.8	0	-200	0	4.5	2457.4	1042.66	792.659	326.85	170.097	73.3216	31.6449	13.0144	7.15537	0	0	0	0	0	0	0	0	0	0	0	0
00.000,00.000	29.9	0	-200	0	4.5	2458.09	1042.96	792.814	326.923	170.173	73.3657	31.6578	13.0327	7.16375	0	0	0	0	0	0	0	0	0	0	0	0
00.000,00.000	30	0	-200	0	4.5	2462.32	1044.71	793.787	327.403	170.646	73.6582	31.7411	13.1118	7.25758	0	0	0	0	0	0	0	0	0	0	0	0
00.000,00.000	30.1	0	-200	0	4.5	2495.3	1059.05	801.477	330.916	174.124	75.8836	32.3856	13.5495	7.918	0	0	0	0	0	0	0	0	0	0	0	0
00.000,00.000	30.2	0	-200	0	4.5	2515.71	1068	806.298	333.105	175.996	77.5222	32.7893	13.6284	8.37421	0	0	0	0	0	0	0	0	0	0	0	0
00.000,00.000	30.3	0	-200	0	4.5	2530.17	1074	810.047	334.657	177.305	78.6842	33.0878	13.6848	8.70208	0	0	0	0	0	0	0	0	0	0	0	0
00.000,00.000	30.4	0	-200	0	4.5	2566.27	1088.39	820.093	338.501	180.494	81.5893	33.8532	13.8385	9.51541	0	0	0	0	0	0	0	0	0	0	0	0
00.000,00.000	30.5	0	-200	0	4.5	2576.37	1092.33	822.848	339.621	181.418	82.4441	34.0781	13.8855	9.75359	0	0	0	0	0	0	0	0	0	0	0	0
00.000,00.000	30.6	0	-200	0	4.5	2662.06	1118.71	847.425	350.5	190.83	91.267	36.5697	14.4509	11.2001	1.11379	0	0	0	0	0	0	0	0	0	0	0
00.000,00.000	30.7	0	-200	0	4.5	2679.88	1124.8	852.037	352.792	192.704	93.0482	37.0761	14.5751	11.4532	1.39787	0	0	0	0	0	0	0	0	0	0	0
00.000,00.000	30.8	0	-200	0	4.5	2680.07	1124.87	852.084	352.815	192.723	93.0667	37.0818	14.5765	11.4557	1.4007	0	0	0	0	0	0	0	0	0	0	0
00.000,00.000	30.9	0	-200	0	4.5	2705.42	1134.33	858.35	355.81	195.164	95.5533	37.854	14.7844	11.796	1.78202	0	0	0	0	0	0	0	0	0	0	0
00.000,00.000	31	0	-200	0	4.5	2712.27	1136.84	860.036	356.672	195.802	96.2391	38.0602	14.8441	11.8905	1.88783	0	0	0	0	0	0	0	0	0	0	0
00.000,00.000	31.1	0	-200	0	4.5	2765.12	1157.88	872.88	362.658	200.345	101.136	39.6924	15.3163	12.5653	2.64312	0	0	0	0	0	0	0	0	0	0	0
00.000,00.000	31.2	0	-200	0	4.5	2789.13	1167.06	878.735	365.486	202.455	103.481	40.4734	15.5509	12.8888	3.00404	0	0	0	0	0	0	0	0	0	0	0
00.000,00.000	31.3	0	-200	0	4.5	2800.97	1171.57	881.686	366.861	203.462	104.617	40.8759	15.6722	13.0456	3.17715	0	0	0	0	0	0	0	0	0	0	0
00.000,00.000	31.4	0	-200	0	4.5	2818.55	1178.78	885.871	368.82	204.836	106.226	41.4675	15.8537	13.2703	3.42325	0	0	0	0	0	0	0	0	0	0	0
00.000,00.000	31.5	0	-200	0	4.5	2823.43	1180.8	887.008	369.371	205.202	106.674	41.6387	15.9067	13.334	3.49274	0	0	0	0	0	0	0	0	0	0	0
00.000,00.000	31.6	0	-200	0	4.5	2906.34	1210.85	905.824	379.443	212.431	115.822	45.335	17.0465	14.659	4.92463	0	0	0	0	0	0	0	0	0	0	0
00.000,00.000	31.7	0	-200	0	4.5	2924.13	1217.72	909.75	381.563	213.835	117.701	46.1191	17.2883	14.9366	5.22133	0	0	0	0	0	0	0	0	0	0	0
00.000,00.000	31.8	0	-200	0	4.5	2924.24	1217.77	909.773	381.575	213.843	117.711	46.1238	17.2898	14.9382	5.22303	0	0	0	0	0	0	0	0	0	0	0
00.000,00.000	31.9	0	-200	0	4.5	2929.46	1219.97	910.87	382.135	214.224	118.22	46.357	17.3626	15.0179	5.30356	0	0	0	0	0	0	0	0	0	0	0
00.000,00.000	32	0	-200	0	4.5	2932.02	1221.04	911.398	382.42	214.41	118.473	46.4762	17.3997	15.058	5.34372	0	0	0	0	0	0	0	0	0	0	0
00.000,00.000	32.1	0	-200	0	4.5	2978.51	1242.31	920.673	387.098	217.5	122.62	48.5174	18.0416	15.7378	6.0048	0	0	0	0	0	0	0	0	0	0	0
00.000,00.000	32.2	0	-200	0	4.5	3001.92	1252.54	925.514	389.561	219.052	124.785	49.6196	18.3903	16.1033	6.35563	0	0	0	0	0	0	0	0	0	0	0
00.000,00.000	32.3	0	-200	0	4.5	3013.75	1257.66	928.014	390.802	219.834	125.862	50.1913	18.5719	16.2911	6.53105	0	0	0	0	0	0	0	0	0	0	0
00.000,00.000	32.4	0	-200	0	4.5	3038.51	1269.03	933.04	393.24	221.368	127.983	51.3523	18.944	16.6714	6.87919	0	0	0	0	0	0	0	0	0	0	0
00.000,00.000	32.5	0	-200	0	4.5	3043.58	1271.37	934.047	393.747	221.671	128.416	51.5983	19.0231	16.7518	6.95201	0	0	0	0	0	0	0	0	0	0	0
00.000,00.000	32.6	0	-200	0	4.5	3062.62	1279.93	937.905	395.627	222.853	130.085	52.5722	19.3422	17.0711	7.23351	0	0	0	0	0	0	0	0	0	0	0
00.000,00.000	32.7	0	-200	0	4.5	3128.58	1308.52	950.276	402.146	227.208	136.203	56.8523	20.6381	18.371	8.36497	0	0	0	0	0	0	0	0	0	0	0
00.000,00.000	32.8	0	-200	0	4.5	3153.02	1319.21	954.717	404.615	228.843	138.124	58.759	21.1306	18.8306	8.79454	0	0	0	0	0	0	0	0	0	0	0
00.000,00.000	32.9	0	-200	0	4.5	3152.9	1319.17	954.649	404.612	228.833	138.121	58.7604	21.1306	18.8306	8.79454	0	0	0	0	0	0	0	0	0	0	0
00.000,00.000	33	0	-200	0	4.5	3214.73	1347.17	965.502	410.648	232.871	142.795	63.415	22.4746	19.1826	10.2986	0.373258	0	0	0	0	0	0	0	0	0	0
00.000,00.000	33.1	0	-200	0	4.5	3241.81	1359.66	970.072	413.359	234.512	144.867	65.3605	23.1001	19.3581	10.6975	0.81753	0	0	0	0	0	0	0	0	0	0
00.000,00.000	33.2	0	-200	0	4.5	3252.32	1364.63	971.854	414.356	235.16	145.614	66.1102	23.3416	19.4307	10.8441	0.980718	0	0	0	0	0	0	0	0	0	0
00.000,00.000	33.3	0	-200	0	4.5	3263.3	1369.92	973.686	415.36	235.835	146.362	66.8816	23.6114	19.5007	10.9938	1.14718	0	0	0	0	0	0	0	0	0	0
00.000,00.000	33.4	0	-200	0	4.5	3301.83	1388.71	980.158	418.776	238.163	148.877	69.5702	24.5555	19.7918	11.5095	1.72063	0	0	0	0	0	0	0	0	0	0
00.000,00.000	33.5	0	-200	0	4.5	3309.57	1392.5	981.416	419.466	238.643	149.362	70.1207	24.7587	19.8549	11.6162	1.83876	0	0	0	0	0	0	0	0	0	0
00.000,00.000	33.6	0	-200	0	4.5	3340.97	1408.26	986.583	422.062	240.447	151.275	72.294	25.5896	20.1291	12.0346	2.29648	0	0	0	0	0	0	0	0	0	0
00.000,00.000	33.7	0	-200	0	4.5	3368.27	1421.3	991.101	424.309	242.072	153.06	74.3999	26.4349	20.4095	12.4447	2.74242	0	0	0	0	0	0	0	0	0	0
00.000,00.000	33.8	0	-200	0	4.5	3443.77	1458.18	1003.16	430.517	246.657	157.793	80.0433	28.7314	21.2251	13.5428	3.91727	0	0	0	0	0	0	0	0	0	0
00.000,00.000	33.9	0	-200	0	4.5	3456.62	1464.56	1005.01	431.572	247.443	158.605	81.0492	29.1581	21.3735	13.7359	4.12127	0	0	0	0	0	0	0	0	0	0
00.000,00.000	34	0	-200	0	4.5	3457.26	1464.87	1005.11	431.62	247.481	158.643	81.0959	29.1779	21.3812	13.7452	4.13063	0	0	0	0	0	0	0	0	0	0
00.000,00.000	34.1	0	-200	0	4.5	3502.21	1487.73	1011.91	435.041	250.175	161.256	84.3206	30.6081	21.9681	14.4126	4.78975	0	0	0	0	0	0	0	0	0	0
00.000,00.000	34.2	0	-200	0	4.5	3524.76	1499.09	1015.32	436.783	251.546	162.576	85.9253	31.3437	22.304	14.7555	5.12299	0	0	0	0	0	0	0	0	0	0
00.000,00.000	34.3	0	-200	0	4.5	3535.98	1504.83	1017	437.622	252.214	163.211	86.7163	31.6945	22.4887	14.9259	5.28285	0	0	0	0	0	0	0	0	0	0
00.000,00.000	34.4	0	-200	0	4.5	3573.47	1524.21	1022.54	440.35	254.412	165.296	89.3483	32.8932	23.116	15.5046	5.81056	0	0	0	0	0	0	0	0	0	0
00.000,00.000	34.5	0	-200	0	4.5	3581.05	1528.11	1023.61	440.925	254.863	165.721	89.8788	33.1407	23.2652	15.6252	5.91897	0	0	0	0	0	0	0	0	0	0
00.000,00.000	34.6	0	-200	0	4.5	3613.11	1544.97	1028.17	443.133	256.693	167.456	92.1243	34.1976	23.8632	16.1435	6.36727	0	0	0	0	0	0	0	0	0	0
00.000,00.000	34.7	0	-200	0	4.5	3645.46	1561.2	1032.81	445.41	258.599	169.317	94.5816	35.3856	24.5515	16.7313	6.86583	0	0	0	0	0	0	0	0	0	0
00.000,00.000	34.8	0	-200	0	4.5	3703.98	1590.87	1041.18	449.528	262.069	172.558	98.9151	37.5466	25.7954	17.7846	7.73181	0	0	0	0	0	0	0	0	0	0
00.000,00.000	34.9	0	-200	0	4.5	3712.95	1595.32	1042.49	450.199	262.612	173.032	99.5804	37.8916	26.0104	17.95	7.86583	0	0	0	0	0	0	0	0	0	0
00.000,00.000	35	0	-200	0	4.5	3713.63	1595.67	1042.59	450.246	262.651	173.068	99.6289	37.9174	26.0257	17.9624	7.87548	0	0	0	0	0	0	0	0	0	0
00.000,00.000	35.1	0	-200	0	4.5	3752.54	1616	1047.8	452.966	264.782	175.103	102.352	39.4845	26.9427	18.6886	8.42826	0	0	0	0	0	0	0	0	0	0
00.000,00.000	35.2	0	-200	0	4.5	3773.98	1627.32	1050.48	454.495	265.976	176.204	103.518	40.7036	27.4578	19.1004	8.73669	0	0	0	0	0	0	0	0	0	0
00.000,00.000	35.3	0	-200	0	4.5	3785.5	1633.49	1051.9	455.285	266.611	176.781	104.161	41.3133	27.7404	19.3219	8.89737	0	0	0	0	0	0	0	0	0	0
00.000,00.000	35.4	0	-200	0	4.5	3819.74	1652.01	1056.06	457.582	268.456	178.482	106.049	43.1317	28.6029	19.9862	9.28644	0.0819432	0	0	0	0	0	0	0	0	0
00.000,00.000	35.5	0	-200	0	4.5	3826.6	1655.7	1056.88	458.065	268.829	178.812	106.425	43.5213	28.7815	20.1227	9.24469	0.219298	0	0	0	0	0	0	0	0	0
00.000,00.000	35.6	0	-200	0	4.5	3908.19	1699.41	1066.68	463.43	273.015	182.916	110.923	48.2347	31.0746	21.2905	9.87838	1.34373	0	0	0	0	0	0	0	0	0
00.000,00.000	35.7	0	-200	0	4.5	3925.61	1708.58	1068.93	464.532	273.96	183.783	111.825	49.2675	31.5846	21.443	10.1098	1.60026	0	0	0	0	0	0	0	0	0
00.000,00.000	35.8	0	-200	0	4.5	3925.81	1708.69	1068.95	464.544	273.971	183.793	111.836	49.2779	31.5906	21.4448	10.1123	1.60309	0	0	0	0	0	0	0	0	0
00.000,00.000	35.9	0	-200	0	4.5	3956.32	1725.43	1072.76	466.362	275.554	185.257	113.411	50.7618	32.5198	21.7391	10.4995	2.02846	0	0	0	0	0	0	0	0	0
00.000,00.000	36	0	-200	0	4.5	3963.26	1729.22	1073.66	466.724	275.972	185.567	113.777	51.0542	32.7443	21.8106	10.5917	2.12952	0	0	0	0	0	0	0	0	0
00.000,00.000	36.1	0	-200	0	4.5	3994.16	1745.95	1077.59	468.497	277.689	187.035	115.365	52.5256	33.7889	22.1515	10.9988	2.57159	0	0	0	0	0	0	0	0	0
00.000,00.000	36.2	0	-200	0	4.5	4016.88	1758.23	1080.5	469.807	278.951	188.074	116.5	53.612	34.5845	22.4145	11.3033	2.90122	0	0	0	0	0	0	0	0	0
00.000,00.000	36.3	0	-200	0	4.5	4020.13	1759.96	1080.92	469.996	279.136	188.223	116.661	53.7742	34.704	22.4545	11.3484	2.94969	0	0	0	0	0	0	0	0	0
00.000,00.000	36.4	0	-200	0	4.5	4036.62	1768.82	1083.01	470.93	280.037	188.995	117.512	54.5707	35.3217	22.6654	11.572	3.18793	0	0	0	0	0	0	0	0	0
00.000,00.000	36.5	0	-200	0	4.5	4046.61	1774.17	1084.27	471.494	280.578	189.431	118.047	55.0652	35.7079	22.7986	11.7097	3.33394	0	0	0	0	0	0	0	0	0
00.000,00.000	36.6	0	-200	0	4.5	4059.56	1781.22	1085.85	472.201	281.255	189.991	118.742	55.6977	36.217	22.977	11.8878	3.52061	0	0	0	0	0	0	0	0	0
00.000,00.000	36.7	0	-200	0	4.5	4081.34	1793.37	1088.39	473.251	282.27	190.896	119.912	56.7916	37.1108	23.2956	12.2018	3.84806	0	0	0	0	0	0	0	0	0
00.000,00.000	36.8	0	-200	0	4.5	4114.01	1811.46	1092.19	474.791	283.905	192.321	121.652	58.4221	38.4802	23.7876	12.6682	4.32899	0	0	0	0	0	0	0	0	0
00.000,00.000	36.9	0	-200	0	4.5	4118.7	1814.03	1092.75	475.009	284.129	192.52	121.916	58.6599	38.6864	23.862	12.7376	4.40012	0	0	0	0	0	0	0	0	0
00.000,00.000	37	0	-200	0	4.5	4131.03	1820.95	1094.11	475.558	284.726	193.053	122.57	59.2681	39.2352	24.0636	12.9175	4.5798	0	0	0	0	0	0	0	0	0
00.000,00.000	37.1	0	-200	0	4.5	4140.99	1826.57	1095.19	475.994	285.2	193.475	123.097	59.7663	39.6759	24.2311	13.065	4.72572	0	0	0	0	0	0	0	0	0
00.000,00.000	37.2	0	-200	0	4.5	4154.51	1834.28	1096.61	476.571	285.823	194.049	123.8	60.4779	40.2473	24.4662	13.2639	4.91905	0	0	0	0	0	0	0	0	0
00.000,00.000	37.3	0	-200	0	4.5	4169.03	1842.6	1098.11	477.181	286.489	194.663	124.552	61.2571	40.8466	24.7273	13.4779	5.12434	0	0	0	0	0	0	0	0	0
00.000,00.000	37.4	0	-200	0	4.5	4182.59	1850.39	1099.51	477.737	287.104	195.225	125.248	61.9661	41.4358	24.9803	13.6795	5.31472	0	0	0	0	0	0	0	0	0
00.000,00.000	37.5	0	-200	0	4.5	4191.22	1855.38	1100.38	478.08	287.492	195.58	125.687	62.4146	41.8194	25.1466	13.809	5.43473	0	0	0	0	0	0	0	0	0
00.000,00.000	37.6	0	-200	0	4.5	4208.17	1865.26	1102.04	478.728	288.232	196.256	126.537	63.2685	42.6228	25.4868	14.0673	5.66944	0	0	0	0	0	0	0	0	0
00.000,00.000	37.7	0	-200	0	4.5	4233.44	1880.03	1104.5	479.631	289.338	197.268	127.792	64.5353	43.8508	26.0136	14.4577	6.01799	0	0	0	0	0	0	0	0	0
00.000,00.000	37.8	0	-200	0	4.5	4237.3	1882.28	1104.9	479.739	289.5	197.431	127.985	64.7305	44.0442	26.0985	14.52	6.073	0	0	0	0	0	0	0	0	0
00.000,00.000	37.9	0	-200	0	4.5	4245.65	1887.23	1105.68	480.001	289.854	197.76	128.387	65.1349	44.4749	26.2862	14.652	6.18663	0	0	0	0	0	0	0	0	0
00.000,00.000	38	0	-200	0	4.5	4247.33	1888.22	1105.84	480.045	289.924	197.832	128.469	65.2171	44.5634	26.3258	14.6795	6.21016	0	0	0	0	0	0	0	0	0
00.000,00.000	38.1	0	-200	0	4.5	4265.13	1898.83	1107.46	480.55	290.664	198.527	129.308	66.0639	45.5395	26.7608	14.9699	6.45149	0	0	0	0	0	0	0	0	0
00.000,00.000	38.2	0	-200	0	4.5	4275.72	1905.11	1108.42	480.831	291.097	198.949	129.804	66.5889	46.1349	27.0306	15.1476	6.59706	0	0	0	0	0	0	0	0	0
00.000,00.000	38.3	0	-200	0	4.5	4283	1909.42	1109.07	481.025	291.398	199.235	130.148	66.949	46.5619	27.2257	15.2733	6.69742	0	0	0	0	0	0	0	0	0
00.000,00.000	38.4	0	-200	0	4.5	4296.33	1917.25	1110.28	481.37	291.954	199.738	130.771	67.6094	47.3736	27.6009	15.5104	6.88269	0	0	0	0	0	0	0	0	0
00.000,00.000	38.5	0	-200	0	4.5	4301.64	1920.36	1110.76	481.498	292.172	199.94	131.019	67.8685	47.702	27.7551	15.6064	6.95666	0	0	0	0	0	0	0	0	0
00.000,00.000	38.6	0	-200	0	4.5	4315.12	1928.38	1111.96	481.804	292.695	200.429	131.624	68.4914	48.5679	28.1664	15.8586	7.14702	0	0	0	0	0	0	0	0	0
00.000,00.000	38.7	0	-200	0	4.5	4336.56	1941.11	1113.85	482.265	293.524	201.216	132.578	69.4648	49.9862	28.8519	16.2717	7.45226	0	0	0	0	0	0	0	0	0
00.000,00.000	38.8	0	-200	0	4.5	4340.44	1943.37	1114.21	482.341	293.677	201.367	132.759	69.6271	50.2486	28.9816	16.3491	7.50859	0	0	0	0	0	0	0	0	0
00.000,00.000	38.9	0	-200	0	4.5	4348.29	1948.02	1114.88	482.5	293.971	201.663	133.104	69.9662	50.7956	29.2548	16.5095	7.62095	0	0	0	0	0	0	0	0	0
00.000,00.000	39	0	-200	0	4.5	4351.47	1949.9	1115.16	482.56	294.086	201.788	133.246	70.0901	51.0237	29.371	16.5767	7.66703	0	0	0	0	0	0	0	0	0
00.000,00.000	39.1	0	-200	0	4.5	4360.92	1955.47	1115.94	482.734	294.426	202.187	133.662	70.4808	51.7073	29.7256	16.779	7.80186	0	0	0	0	0	0	0	0	0
00.000,00.000	39.2	0	-200	0	4.5	4370.3	1961.04	1116.69	482.898	294.766	202.574	134.067	70.8533	52.4013	30.0947	16.9862	7.93683	0	0	0	0	0	0	0	0	0
00.000,00.000	39.3	0	-200	0	4.5	4380.86	1967.31	1117.51	483.076	295.146	202.988	134.51	71.2756	53.2051	30.5278	17.2264	8.08915	0	0	0	0	0	0	0	0	0
00.000,00.000	39.4	0	-200	0	4.5	4390.24	1972.84	1118.23	483.227	295.481	203.4	134.906	71.6229	53.9324	30.9288	17.4469	8.22593	0	0	0	0	0	0	0	0	0
00.000,00.000	39.5	0	-200	0	4.5	4395.59	1976.01	1118.64	483.31	295.671	203.619	135.126	71.8072	54.3598	31.169	17.5774	8.30504	0	0	0	0	0	0	0	0	0
00.000,00.000	39.6	0	-200	0	4.5	4407.37	1983.01	1119.5	483.473	296.063	204.137	135.595	72.2164	55.3061	31.7173	17.8758	8.48141	0	0	0	0	0	0	0	0	0
00.000,00.000	39.7	0	-200	0	4.5	4413.48	1986.59	1119.97	483.555	296.271	204.397	135.842	72.4187	55.8093	32.013	18.0348	8.57311	0	0	0	0	0	0	0	0	0
00.000,00.000	39.8	0	-200	0	4.5	4420.1	1990.31	1120.61	483.639	296.495	204.688	136.11	72.6484	56.3676	32.3474	18.2124	8.67231	0	0	0	0	0	0	0	0	0
00.000,00.000	39.9	0	-200	0	4.5	4427.36	1994.26	1121.43	483.727	296.725	205.022	136.389	72.8919	56.985	32.7311	18.4143	8.78165	0	0	0	0	0	0	0	0	0
00.000,00.000	40	0	-200	0	4.5	4434.41	1998	1122.28	483.807	296.952	205.363	136.655	73.1256	57.6018	33.1225	18.6186	8.8892	0	0	0	0	0	0	0	0	0
00.000,00.000	40.1	0	-200	0	4.5	4439.11	2000.36	1122.94	483.859	297.102	205.583	136.841	73.2779	58.0233	33.3966	18.7616	8.96259	0	0	0	0	0	0	0	0	0
00.000,00.000	40.2	0	-200	0	4.5	4447.43	2004.27	1124.33	483.944	297.362	206.003	137.17	73.5434	58.7827	33.9055	19.0241	9.09247	0	0	0	0	0	0	0	0	0
00.000,00.000	40.3	0	-200	0	4.5	4451.44	2005.92	1125.24	483.983	297.484	206.198	137.316	73.6634	59.1562	34.1629	19.1561	9.15654	0	0	0	0	0	0	0	0	0
00.000,00.000	40.4	0	-200	0	4.5	4462.32	2010.39	1127.65	484.083	297.81	206.756	137.743	73.9849	60.1702	34.8848	19.5251	9.32915	0	0	0	0	0	0	0	0	0
00.000,00.000	40.5	0	-200	0	4.5	4464.77	2011.37	1128.22	484.104	297.881	206.88	137.832	74.047	60.4023	35.0545	19.6118	9.36909	0	0	0	0	0	0	0	0	0
00.000,00.000	40.6	0	-200	0	4.5	4474.87	2015.17	1130.83	484.186	298.146	207.392	138.172	74.322	61.3564	35.7746	19.9852	9.53524	0	0	0	0	0	0	0	0	0
00.000,00.000	40.7	0	-200	0	4.5	4479.95	2017.03	1132.17	484.226	298.284	207.655	138.362	74.4486	61.842	36.1472	20.1784	9.58214	0.0370561	0	0	0	0	0	0	0	0
00.000,00.000	40.8	0	-200	0	4.5	4485.03	2018.81	1133.51	484.264	298.418	207.936	138.557	74.5777	62.3386	36.5339	20.3789	9.59725	0.105659	0	0	0	0	0	0	0	0
00.000,00.000	40.9	0	-200	0	4.5	4490.66	2020.79	1135.03	484.303	298.56	208.243	138.745	74.7231	62.8794	36.9769	20.611	9.59978	0.197264	0	0	0	0	0	0	0	0
00.000,00.000	41	0	-200	0	4.5	4496.08	2022.64	1136.51	484.339	298.693	208.552	138.937	74.8584	63.4055	37.4187	20.8436	9.60124	0.286725	0	0	0	0	0	0	0	0
00.000,00.000	41.1	0	-200	0	4.5	4501.4	2024.31	1138.08	484.373	298.818	208.855	139.142	74.9905	63.9233	37.8545	21.079	9.60263	0.375202	0	0	0	0	0	0	0	0
00.000,00.000	41.2	0	-200	0	4.5	4506.6	2025.87	1139.66	484.404	298.933	209.162	139.337	75.1136	64.4278	38.2967	21.32	9.60357	0.46289	0	0	0	0	0	0	0	0
00.000,00.000	41.3	0	-200	0	4.5	4511.59	2027.34	1141.23	484.433	299.037	209.454	139.506	75.2236	64.9145	38.7397	21.5643	9.60392	0.549483	0	0	0	0	0	0	0	0
00.000,00.000	41.4	0	-200	0	4.5	4516.45	2028.72	1142.77	484.459	299.136	209.743	139.695	75.33	65.3859	39.1712	21.8092	9.60392	0.634372	0	0	0	0	0	0	0	0
00.000,00.000	41.5	0	-200	0	4.5	4521.19	2029.97	1144.35	484.483	299.227	210.015	139.881	75.4316	65.8508	39.6047	22.0592	9.60392	0.718231	0	0	0	0	0	0	0	0
00.000,00.000	41.6	0	-200	0	4.5	4525.77	2031.07	1146.01	484.506	299.308	210.278	140.037	75.5229	66.2847	40.0362	22.3135	9.60392	0.801231	0	0	0	0	0	0	0	0
00.000,00.000	41.7	0	-200	0	4.5	4530.15	2031.97	1147.74	484.527	299.381	210.525	140.198	75.6061	66.7001	40.4606	22.5681	9.60392	0.881407	0	0	0	0	0	0	0	0
00.000,00.000	41.8	0	-200	0	4.5	4534.45	2032.78	1149.48	484.547	299.451	210.755	140.375	75.6889	67.1101	40.8797	22.8268	9.60392	0.960424	0	0	0	0	0	0	0	0
00.000,00.000	41.9	0	-200	0	4.5	4538.58	2033.52	1151.13	484.566	299.515	210.983	140.535	75.7655	67.532	41.3001	23.0918	9.60392	1.03845	0	0	0	0	0	0	0	0
00.000,00.000	42	0	-200	0	4.5	4542.51	2034.13	1152.75	484.583	299.573	211.198	140.689	75.8379	67.9404	41.7225	23.3611	9.60392	1.11459	0	0	0	0	0	0	0	0