
label	time(d)	x	depth	z	radius	total	0-10	10-20	20-30	30-40	40-50	50-60	60-70	70-80	80-90	90-100	100-110	110-120	120-130	130-140	140-150	150-160	160-170	170-180	180-190	190-200
00.000,00.000	0	0	-200	0	4.5	0	0	0	0	0	0	0	0	0	0	0	0	0	0	0	0	0	0	0	0	0
00.000,00.000	0.1	0	-200	0	4.5	0.372517	0.372517	0	0	0	0	0	0	0	0	0	0	0	0	0	0	0	0	0	0	0
00.000,00.000	0.2	0	-200	0	4.5	0.749525	0.749525	0	0	0	0	0	0	0	0	0	0	0	0	0	0	0	0	0	0	0
00.000,00.000	0.3	0	-200	0	4.5	1.13144	1.13144	0	0	0	0	0	0	0	0	0	0	0	0	0	0	0	0	0	0	0
00.000,00.000	0.4	0	-200	0	4.5	1.51786	1.51786	0	0	0	0	0	0	0	0	0	0	0	0	0	0	0	0	0	0	0
00.000,00.000	0.5	0	-200	0	4.5	1.90713	1.90713	0	0	0	0	0	0	0	0	0	0	0	0	0	0	0	0	0	0	0
00.000,00.000	0.6	0	-200	0	4.5	2.29757	2.29757	0	0	0	0	0	0	0	0	0	0	0	0	0	0	0	0	0	0	0
00.000,00.000	0.7	0	-200	0	4.5	2.68965	2.68965	0	0	0	0	0	0	0	0	0	0	0	0	0	0	0	0	0	0	0
00.000,00.000	0.8	0	-200	0	4.5	3.08436	3.08436	0	0	0	0	0	0	0	0	0	0	0	0	0	0	0	0	0	0	0
00.000,00.000	0.9	0	-200	0	4.5	3.48254	3.48254	0	0	0	0	0	0	0	0	0	0	0	0	0	0	0	0	0	0	0
00.000,00.000	1	0	-200	0	4.5	3.88472	3.88472	0	0	0	0	0	0	0	0	0	0	0	0	0	0	0	0	0	0	0
00.000,00.000	1.1	0	-200	0	4.5	4.29447	4.29447	0	0	0	0	0	0	0	0	0	0	0	0	0	0	0	0	0	0	0
00.000,00.000	1.2	0	-200	0	4.5	4.71157	4.71157	0	0	0	0	0	0	0	0	0	0	0	0	0	0	0	0	0	0	0
00.000,00.000	1.3	0	-200	0	4.5	5.13571	5.13571	0	0	0	0	0	0	0	0	0	0	0	0	0	0	0	0	0	0	0
00.000,00.000	1.4	0	-200	0	4.5	5.56643	5.56643	0	0	0	0	0	0	0	0	0	0	0	0	0	0	0	0	0	0	0
00.000,00.000	1.5	0	-200	0	4.5	6.00299	6.00299	0	0	0	0	0	0	0	0	0	0	0	0	0	0	0	0	0	0	0
00.000,00.000	1.6	0	-200	0	4.5	6.4446	6.4446	0	0	0	0	0	0	0	0	0	0	0	0	0	0	0	0	0	0	0
00.000,00.000	1.7	0	-200	0	4.5	6.89756	6.89756	0	0	0	0	0	0	0	0	0	0	0	0	0	0	0	0	0	0	0
00.000,00.000	1.8	0	-200	0	4.5	7.36089	7.32553	0.0353595	0	0	0	0	0	0	0	0	0	0	0	0	0	0	0	0	0	0
00.000,00.000	1.9	0	-200	0	4.5	7.83442	7.53455	0.299875	0	0	0	0	0	0	0	0	0	0	0	0	0	0	0	0	0	0
00.000,00.000	2	0	-200	0	4.5	8.31936	7.75473	0.564632	0	0	0	0	0	0	0	0	0	0	0	0	0	0	0	0	0	0
00.000,00.000	2.1	0	-200	0	4.5	8.84841	8.01882	0.829586	0	0	0	0	0	0	0	0	0	0	0	0	0	0	0	0	0	0
00.000,00.000	2.2	0	-200	0	4.5	9.47001	8.37049	1.09952	0	0	0	0	0	0	0	0	0	0	0	0	0	0	0	0	0	0
00.000,00.000	2.3	0	-200	0	4.5	10.1779	8.80415	1.3738	0	0	0	0	0	0	0	0	0	0	0	0	0	0	0	0	0	0
00.000,00.000	2.4	0	-200	0	4.5	10.9665	9.31712	1.64942	0	0	0	0	0	0	0	0	0	0	0	0	0	0	0	0	0	0
00.000,00.000	2.5	0	-200	0	4.5	11.8331	9.90877	1.92434	0	0	0	0	0	0	0	0	0	0	0	0	0	0	0	0	0	0
00.000,00.000	2.6	0	-200	0	4.5	12.7767	10.5786	2.19806	0	0	0	0	0	0	0	0	0	0	0	0	0	0	0	0	0	0
00.000,00.000	2.7	0	-200	0	4.5	13.7983	11.3273	2.47101	0	0	0	0	0	0	0	0	0	0	0	0	0	0	0	0	0	0
00.000,00.000	2.8	0	-200	0	4.5	14.8999	12.1563	2.74357	0	0	0	0	0	0	0	0	0	0	0	0	0	0	0	0	0	0
00.000,00.000	2.9	0	-200	0	4.5	16.0851	13.0688	3.01631	0	0	0	0	0	0	0	0	0	0	0	0	0	0	0	0	0	0
00.000,00.000	3	0	-200	0	4.5	17.3545	14.0644	3.29003	0	0	0	0	0	0	0	0	0	0	0	0	0	0	0	0	0	0
00.000,00.000	3.1	0	-200	0	4.5	18.6638	15.0989	3.5649	0	0	0	0	0	0	0	0	0	0	0	0	0	0	0	0	0	0
00.000,00.000	3.2	0	-200	0	4.5	19.9645	16.1251	3.83939	0	0	0	0	0	0	0	0	0	0	0	0	0	0	0	0	0	0
00.000,00.000	3.3	0	-200	0	4.5	21.2585	17.1448	4.11363	0	0	0	0	0	0	0	0	0	0	0	0	0	0	0	0	0	0
00.000,00.000	3.4	0	-200	0	4.5	22.5423	18.1551	4.38723	0	0	0	0	0	0	0	0	0	0	0	0	0	0	0	0	0	0
00.000,00.000	3.5	0	-200	0	4.5	23.8129	19.1537	4.65921	0	0	0	0	0	0	0	0	0	0	0	0	0	0	0	0	0	0
00.000,00.000	3.6	0	-200	0	4.5	25.0696	20.1403	4.92927	0	0	0	0	0	0	0	0	0	0	0	0	0	0	0	0	0	0
00.000,00.000	3.7	0	-200	0	4.5	26.3141	21.1165	5.19758	0	0	0	0	0	0	0	0	0	0	0	0	0	0	0	0	0	0
00.000,00.000	3.8	0	-200	0	4.5	27.5495	22.0847	5.4648	0	0	0	0	0	0	0	0	0	0	0	0	0	0	0	0	0	0
00.000,00.000	3.9	0	-200	0	4.5	28.7795	23.0476	5.73193	0	0	0	0	0	0	0	0	0	0	0	0	0	0	0	0	0	0
00.000,00.000	4	0	-200	0	4.5	30.0044	24.0051	5.99929	0	0	0	0	0	0	0	0	0	0	0	0	0	0	0	0	0	0
00.000,00.000	4.1	0	-200	0	4.5	31.2233	24.9567	6.26664	0	0	0	0	0	0	0	0	0	0	0	0	0	0	0	0	0	0
00.000,00.000	4.2	0	-200	0	4.5	32.4313	25.8984	6.53289	0	0	0	0	0	0	0	0	0	0	0	0	0	0	0	0	0	0
00.000,00.000	4.3	0	-200	0	4.5	33.6185	26.8203	6.79824	0	0	0	0	0	0	0	0	0	0	0	0	0	0	0	0	0	0
00.000,00.000	4.4	0	-200	0	4.5	34.5149	27.4528	7.06209	0	0	0	0	0	0	0	0	0	0	0	0	0	0	0	0	0	0
00.000,00.000	4.5	0	-200	0	4.5	35.3958	27.8992	7.49662	0	0	0	0	0	0	0	0	0	0	0	0	0	0	0	0	0	0
00.000,00.000	4.6	0	-200	0	4.5	36.2651	28.1963	8.06879	0	0	0	0	0	0	0	0	0	0	0	0	0	0	0	0	0	0
00.000,00.000	4.7	0	-200	0	4.5	36.8436	28.4899	8.35368	0	0	0	0	0	0	0	0	0	0	0	0	0	0	0	0	0	0
00.000,00.000	4.8	0	-200	0	4.5	37.3872	28.769	8.6182	0	0	0	0	0	0	0	0	0	0	0	0	0	0	0	0	0	0
00.000,00.000	4.9	0	-200	0	4.5	37.9254	28.8029	9.12246	0	0	0	0	0	0	0	0	0	0	0	0	0	0	0	0	0	0
00.000,00.000	5	0	-200	0	4.5	38.4598	28.8383	9.62151	0	0	0	0	0	0	0	0	0	0	0	0	0	0	0	0	0	0
00.000,00.000	5.1	0	-200	0	4.5	38.9955	28.8759	10.1196	0	0	0	0	0	0	0	0	0	0	0	0	0	0	0	0	0	0
00.000,00.000	5.2	0	-200	0	4.5	39.5353	28.9195	10.6158	0	0	0	0	0	0	0	0	0	0	0	0	0	0	0	0	0	0
00.000,00.000	5.3	0	-200	0	4.5	40.0789	28.9686	11.1103	0	0	0	0	0	0	0	0	0	0	0	0	0	0	0	0	0	0
00.000,00.000	5.4	0	-200	0	4.5	40.4813	29.0243	11.4569	0	0	0	0	0	0	0	0	0	0	0	0	0	0	0	0	0	0
00.000,00.000	5.5	0	-200	0	4.5	40.7892	29.0864	11.7028	0	0	0	0	0	0	0	0	0	0	0	0	0	0	0	0	0	0
00.000,00.000	5.6	0	-200	0	4.5	41.0977	29.154	11.9437	0	0	0	0	0	0	0	0	0	0	0	0	0	0	0	0	0	0
00.000,00.000	5.7	0	-200	0	4.5	41.4127	29.2286	12.009	0.175117	0	0	0	0	0	0	0	0	0	0	0	0	0	0	0	0	0
00.000,00.000	5.8	0	-200	0	4.5	41.7322	29.31	12.0095	0.412772	0	0	0	0	0	0	0	0	0	0	0	0	0	0	0	0	0
00.000,00.000	5.9	0	-200	0	4.5	42.0568	29.3985	12.0097	0.648623	0	0	0	0	0	0	0	0	0	0	0	0	0	0	0	0	0
00.000,00.000	6	0	-200	0	4.5	42.3877	29.4946	12.0098	0.883277	0	0	0	0	0	0	0	0	0	0	0	0	0	0	0	0	0
00.000,00.000	6.1	0	-200	0	4.5	42.7296	29.602	12.0111	1.11653	0	0	0	0	0	0	0	0	0	0	0	0	0	0	0	0	0
00.000,00.000	6.2	0	-200	0	4.5	43.0852	29.7235	12.0129	1.3488	0	0	0	0	0	0	0	0	0	0	0	0	0	0	0	0	0
00.000,00.000	6.3	0	-200	0	4.5	43.4597	29.862	12.0169	1.58077	0	0	0	0	0	0	0	0	0	0	0	0	0	0	0	0	0
00.000,00.000	6.4	0	-200	0	4.5	43.8565	30.0198	12.024	1.81276	0	0	0	0	0	0	0	0	0	0	0	0	0	0	0	0	0
00.000,00.000	6.5	0	-200	0	4.5	44.2777	30.2	12.0333	2.04436	0	0	0	0	0	0	0	0	0	0	0	0	0	0	0	0	0
00.000,00.000	6.6	0	-200	0	4.5	44.729	30.4071	12.0471	2.27483	0	0	0	0	0	0	0	0	0	0	0	0	0	0	0	0	0
00.000,00.000	6.7	0	-200	0	4.5	45.2112	30.643	12.0642	2.50398	0	0	0	0	0	0	0	0	0	0	0	0	0	0	0	0	0
00.000,00.000	6.8	0	-200	0	4.5	45.728	30.9097	12.0861	2.73231	0	0	0	0	0	0	0	0	0	0	0	0	0	0	0	0	0
00.000,00.000	6.9	0	-200	0	4.5	46.2885	31.215	12.1132	2.96025	0	0	0	0	0	0	0	0	0	0	0	0	0	0	0	0	0
00.000,00.000	7	0	-200	0	4.5	46.8957	31.5612	12.1465	3.18794	0	0	0	0	0	0	0	0	0	0	0	0	0	0	0	0	0
00.000,00.000	7.1	0	-200	0	4.5	47.5516	31.9502	12.1859	3.41558	0	0	0	0	0	0	0	0	0	0	0	0	0	0	0	0	0
00.000,00.000	7.2	0	-200	0	4.5	48.2536	32.3811	12.2303	3.64223	0	0	0	0	0	0	0	0	0	0	0	0	0	0	0	0	0
00.000,00.000	7.3	0	-200	0	4.5	49.0053	32.8566	12.2812	3.86746	0	0	0	0	0	0	0	0	0	0	0	0	0	0	0	0	0
00.000,00.000	7.4	0	-200	0	4.5	49.8074	33.3789	12.3374	4.09098	0	0	0	0	0	0	0	0	0	0	0	0	0	0	0	0	0
00.000,00.000	7.5	0	-200	0	4.5	50.6618	33.9493	12.4001	4.31243	0	0	0	0	0	0	0	0	0	0	0	0	0	0	0	0	0
00.000,00.000	7.6	0	-200	0	4.5	51.5693	34.568	12.4697	4.53159	0	0	0	0	0	0	0	0	0	0	0	0	0	0	0	0	0
00.000,00.000	7.7	0	-200	0	4.5	52.5352	35.2419	12.5453	4.74811	0	0	0	0	0	0	0	0	0	0	0	0	0	0	0	0	0
00.000,00.000	7.8	0	-200	0	4.5	53.562	35.9708	12.629	4.96221	0	0	0	0	0	0	0	0	0	0	0	0	0	0	0	0	0
00.000,00.000	7.9	0	-200	0	4.5	54.657	36.7607	12.7219	5.17446	0	0	0	0	0	0	0	0	0	0	0	0	0	0	0	0	0
00.000,00.000	8	0	-200	0	4.5	55.8208	37.6133	12.8225	5.38498	0	0	0	0	0	0	0	0	0	0	0	0	0	0	0	0	0
00.000,00.000	8.1	0	-200	0	4.5	57.0576	38.5311	12.9327	5.59387	0	0	0	0	0	0	0	0	0	0	0	0	0	0	0	0	0
00.000,00.000	8.2	0	-200	0	4.5	58.3702	39.5168	13.0521	5.80127	0	0	0	0	0	0	0	0	0	0	0	0	0	0	0	0	0
00.000,00.000	8.3	0	-200	0	4.5	59.7579	40.5693	13.1813	6.00732	0	0	0	0	0	0	0	0	0	0	0	0	0	0	0	0	0
00.000,00.000	8.4	0	-200	0	4.5	61.2245	41.6886	13.3239	6.21198	0	0	0	0	0	0	0	0	0	0	0	0	0	0	0	0	0
00.000,00.000	8.5	0	-200	0	4.5	62.762	42.8683	13.4787	6.41506	0	0	0	0	0	0	0	0	0	0	0	0	0	0	0	0	0
00.000,00.000	8.6	0	-200	0	4.5	64.3704	44.1097	13.6442	6.61647	0	0	0	0	0	0	0	0	0	0	0	0	0	0	0	0	0
00.000,00.000	8.7	0	-200	0	4.5	66.0446	45.4073	13.8211	6.81613	0	0	0	0	0	0	0	0	0	0	0	0	0	0	0	0	0
00.000,00.000	8.8	0	-200	0	4.5	67.7917	46.7668	14.0108	7.01417	0	0	0	0	0	0	0	0	0	0	0	0	0	0	0	0	0
00.000,00.000	8.9	0	-200	0	4.5	69.6194	48.1955	14.2133	7.21066	0	0	0	0	0	0	0	0	0	0	0	0	0	0	0	0	0
00.000,00.000	9	0	-200	0	4.5	71.5295	49.694	14.4296	7.40594	0	0	0	0	0	0	0	0	0	0	0	0	0	0	0	0	0
00.000,00.000	9.1	0	-200	0	4.5	73.5292	51.2671	14.6621	7.59999	0	0	0	0	0	0	0	0	0	0	0	0	0	0	0	0	0
00.000,00.000	9.2	0	-200	0	4.5	75.6721	52.9658	14.9133	7.7931	0	0	0	0	0	0	0	0	0	0	0	0	0	0	0	0	0
00.000,00.000	9.3	0	-200	0	4.5	77.9373	54.7661	15.1849	7.98628	0	0	0	0	0	0	0	0	0	0	0	0	0	0	0	0	0
00.000,00.000	9.4	0	-200	0	4.5	80.3169	56.6546	15.482	8.18032	0	0	0	0	0	0	0	0	0	0	0	0	0	0	0	0	0
00.000,00.000	9.5	0	-200	0	4.5	82.8054	58.634	15.7961	8.37534	0	0	0	0	0	0	0	0	0	0	0	0	0	0	0	0	0
00.000,00.000	9.6	0	-200	0	4.5	85.4055	60.7045	16.1297	8.5713	0	0	0	0	0	0	0	0	0	0	0	0	0	0	0	0	0
00.000,00.000	9.7	0	-200	0	4.5	88.1226	62.8703	16.4843	8.76802	0	0	0	0	0	0	0	0	0	0	0	0	0	0	0	0	0
00.000,00.000	9.8	0	-200	0	4.5	90.972	65.1441	16.8622	8.96571	0	0	0	0	0	0	0	0	0	0	0	0	0	0	0	0	0
00.000,00.000	9.9	0	-200	0	4.5	93.9735	67.5397	17.2684	9.16535	0	0	0	0	0	0	0	0	0	0	0	0	0	0	0	0	0
00.000,00.000	10	0	-200	0	4.5	97.1378	70.0637	17.706	9.36804	0	0	0	0	0	0	0	0	0	0	0	0	0	0	0	0	0
00.000,00.000	10.1	0	-200	0	4.5	100.471	72.7188	18.1785	9.5742	0	0	0	0	0	0	0	0	0	0	0	0	0	0	0	0	0
00.000,00.000	10.2	0	-200	0	4.5	103.863	75.4202	18.6631	9.7797	0	0	0	0	0	0	0	0	0	0	0	0	0	0	0	0	0
00.000,00.000	10.3	0	-200	0	4.5	107.372	78.2409	19.147	9.98403	0	0	0	0	0	0	0	0	0	0	0	0	0	0	0	0	0
00.000,00.000	10.4	0	-200	0	4.5	110.986	81.1482	19.6513	10.1868	0	0	0	0	0	0	0	0	0	0	0	0	0	0	0	0	0
00.000,00.000	10.5	0	-200	0	4.5	114.69	84.1264	20.1768	10.3364	0.0508269	0	0	0	0	0	0	0	0	0	0	0	0	0	0	0	0
00.000,00.000	10.6	0	-200	0	4.5	118.483	87.1759	20.7221	10.3379	0.247226	0	0	0	0	0	0	0	0	0	0	0	0	0	0	0	0
00.000,00.000	10.7	0	-200	0	4.5	122.373	90.2994	21.2936	10.3382	0.442169	0	0	0	0	0	0	0	0	0	0	0	0	0	0	0	0
00.000,00.000	10.8	0	-200	0	4.5	126.378	93.515	21.8896	10.3382	0.635043	0	0	0	0	0	0	0	0	0	0	0	0	0	0	0	0
00.000,00.000	10.9	0	-200	0	4.5	130.513	96.8401	22.5087	10.3384	0.826207	0	0	0	0	0	0	0	0	0	0	0	0	0	0	0	0
00.000,00.000	11	0	-200	0	4.5	134.802	100.29	23.1564	10.3393	1.01607	0	0	0	0	0	0	0	0	0	0	0	0	0	0	0	0
00.000,00.000	11.1	0	-200	0	4.5	139.219	103.846	23.8278	10.3408	1.20454	0	0	0	0	0	0	0	0	0	0	0	0	0	0	0	0
00.000,00.000	11.2	0	-200	0	4.5	143.756	107.502	24.5181	10.3448	1.39161	0	0	0	0	0	0	0	0	0	0	0	0	0	0	0	0
00.000,00.000	11.3	0	-200	0	4.5	148.395	111.24	25.2274	10.3506	1.57727	0	0	0	0	0	0	0	0	0	0	0	0	0	0	0	0
00.000,00.000	11.4	0	-200	0	4.5	153.121	115.053	25.9474	10.3583	1.76169	0	0	0	0	0	0	0	0	0	0	0	0	0	0	0	0
00.000,00.000	11.5	0	-200	0	4.5	157.935	118.938	26.6841	10.3685	1.94458	0	0	0	0	0	0	0	0	0	0	0	0	0	0	0	0
00.000,00.000	11.6	0	-200	0	4.5	162.846	122.899	27.4408	10.3808	2.12547	0	0	0	0	0	0	0	0	0	0	0	0	0	0	0	0
00.000,00.000	11.7	0	-200	0	4.5	167.745	126.946	28.2213	10.3963	2.18132	0	0	0	0	0	0	0	0	0	0	0	0	0	0	0	0
00.000,00.000	11.8	0	-200	0	4.5	172.702	131.109	28.9992	10.4143	2.17965	0	0	0	0	0	0	0	0	0	0	0	0	0	0	0	0
00.000,00.000	11.9	0	-200	0	4.5	177.782	135.374	29.7931	10.4356	2.17911	0	0	0	0	0	0	0	0	0	0	0	0	0	0	0	0
00.000,00.000	12	0	-200	0	4.5	182.991	139.745	30.6071	10.4604	2.17889	0	0	0	0	0	0	0	0	0	0	0	0	0	0	0	0
00.000,00.000	12.1	0	-200	0	4.5	188.324	144.201	31.4565	10.4882	2.17879	0	0	0	0	0	0	0	0	0	0	0	0	0	0	0	0
00.000,00.000	12.2	0	-200	0	4.5	193.773	148.741	32.3333	10.5203	2.17879	0	0	0	0	0	0	0	0	0	0	0	0	0	0	0	0
00.000,00.000	12.3	0	-200	0	4.5	199.322	153.354	33.2333	10.5554	2.17879	0	0	0	0	0	0	0	0	0	0	0	0	0	0	0	0
00.000,00.000	12.4	0	-200	0	4.5	204.962	157.831	34.3586	10.594	2.17879	0	0	0	0	0	0	0	0	0	0	0	0	0	0	0	0
00.000,00.000	12.5	0	-200	0	4.5	210.678	162.217	35.6464	10.6366	2.17879	0	0	0	0	0	0	0	0	0	0	0	0	0	0	0	0
00.000,00.000	12.6	0	-200	0	4.5	216.649	166.807	36.9785	10.6847	2.17879	0	0	0	0	0	0	0	0	0	0	0	0	0	0	0	0
00.000,00.000	12.7	0	-200	0	4.5	222.561	171.232	38.4155	10.7351	2.17879	0	0	0	0	0	0	0	0	0	0	0	0	0	0	0	0
00.000,00.000	12.8	0	-200	0	4.5	228.497	175.518	40.0113	10.7886	2.17879	0	0	0	0	0	0	0	0	0	0	0	0	0	0	0	0
00.000,00.000	12.9	0	-200	0	4.5	234.53	179.876	41.6284	10.8463	2.17879	0	0	0	0	0	0	0	0	0	0	0	0	0	0	0	0
00.000,00.000	13	0	-200	0	4.5	240.666	184.309	43.2711	10.9075	2.17879	0	0	0	0	0	0	0	0	0	0	0	0	0	0	0	0
00.000,00.000	13.1	0	-200	0	4.5	246.905	188.8	44.9526	10.9731	2.17879	0	0	0	0	0	0	0	0	0	0	0	0	0	0	0	0
00.000,00.000	13.2	0	-200	0	4.5	253.218	193.34	46.6577	11.0424	2.17879	0	0	0	0	0	0	0	0	0	0	0	0	0	0	0	0
00.000,00.000	13.3	0	-200	0	4.5	259.675	197.974	48.4046	11.1182	2.17879	0	0	0	0	0	0	0	0	0	0	0	0	0	0	0	0
00.000,00.000	13.4	0	-200	0	4.5	266.25	202.715	50.1553	11.2004	2.17879	0	0	0	0	0	0	0	0	0	0	0	0	0	0	0	0
00.000,00.000	13.5	0	-200	0	4.5	272.883	207.493	51.9243	11.2876	2.17879	0	0	0	0	0	0	0	0	0	0	0	0	0	0	0	0
00.000,00.000	13.6	0	-200	0	4.5	279.525	212.262	53.7043	11.38	2.17879	0	0	0	0	0	0	0	0	0	0	0	0	0	0	0	0
00.000,00.000	13.7	0	-200	0	4.5	286.21	217.054	55.4991	11.4781	2.17879	0	0	0	0	0	0	0	0	0	0	0	0	0	0	0	0
00.000,00.000	13.8	0	-200	0	4.5	293.016	221.895	57.361	11.5817	2.17879	0	0	0	0	0	0	0	0	0	0	0	0	0	0	0	0
00.000,00.000	13.9	0	-200	0	4.5	299.93	226.768	59.2914	11.6919	2.17879	0	0	0	0	0	0	0	0	0	0	0	0	0	0	0	0
00.000,00.000	14	0	-200	0	4.5	306.875	231.592	61.2963	11.8081	2.17879	0	0	0	0	0	0	0	0	0	0	0	0	0	0	0	0
00.000,00.000	14.1	0	-200	0	4.5	313.923	236.438	63.3731	11.9327	2.17879	0	0	0	0	0	0	0	0	0	0	0	0	0	0	0	0
00.000,00.000	14.2	0	-200	0	4.5	321.027	241.288	65.4961	12.0649	2.17879	0	0	0	0	0	0	0	0	0	0	0	0	0	0	0	0
00.000,00.000	14.3	0	-200	0	4.5	328.009	246.05	67.5797	12.2011	2.17879	0	0	0	0	0	0	0	0	0	0	0	0	0	0	0	0
00.000,00.000	14.4	0	-200	0	4.5	334.839	250.673	69.6443	12.3434	2.17879	0	0	0	0	0	0	0	0	0	0	0	0	0	0	0	0
00.000,00.000	14.5	0	-200	0	4.5	343.529	256.538	72.2786	12.5336	2.17879	0	0	0	0	0	0	0	0	0	0	0	0	0	0	0	0
00.000,00.000	14.6	0	-200	0	4.5	352.749	262.708	75.1174	12.7449	2.17879	0	0	0	0	0	0	0	0	0	0	0	0	0	0	0	0
00.000,00.000	14.7	0	-200	0	4.5	360.32	267.72	77.496	12.9251	2.17879	0	0	0	0	0	0	0	0	0	0	0	0	0	0	0	0
00.000,00.000	14.8	0	-200	0	4.5	363.501	269.809	78.5094	13.0043	2.17879	0	0	0	0	0	0	0	0	0	0	0	0	0	0	0	0
00.000,00.000	14.9	0	-200	0	4.5	369.749	273.887	80.5148	13.1684	2.17879	0	0	0	0	0	0	0	0	0	0	0	0	0	0	0	0
00.000,00.000	15	0	-200	0	4.5	377.467	278.878	83.0298	13.3806	2.17879	0	0	0	0	0	0	0	0	0	0	0	0	0	0	0	0
00.000,00.000	15.1	0	-200	0	4.5	384.16	283.114	85.2942	13.5735	2.17879	0	0	0	0	0	0	0	0	0	0	0	0	0	0	0	0
00.000,00.000	15.2	0	-200	0	4.5	390.399	286.953	87.5026	13.7642	2.17879	0	0	0	0	0	0	0	0	0	0	0	0	0	0	0	0
00.000,00.000	15.3	0	-200	0	4.5	396.525	290.671	89.7119	13.9632	2.17879	0	0	0	0	0	0	0	0	0	0	0	0	0	0	0	0
00.000,00.000	15.4	0	-200	0	4.5	402.565	294.276	91.8042	14.3059	2.17879	0	0	0	0	0	0	0	0	0	0	0	0	0	0	0	0
00.000,00.000	15.5	0	-200	0	4.5	411.683	299.689	94.7365	15.0781	2.17879	0	0	0	0	0	0	0	0	0	0	0	0	0	0	0	0
00.000,00.000	15.6	0	-200	0	4.5	419.843	304.611	97.2378	15.8155	2.17879	0	0	0	0	0	0	0	0	0	0	0	0	0	0	0	0
00.000,00.000	15.7	0	-200	0	4.5	426.413	308.491	99.3159	16.4274	2.17879	0	0	0	0	0	0	0	0	0	0	0	0	0	0	0	0
00.000,00.000	15.8	0	-200	0	4.5	427.857	309.331	99.7783	16.5691	2.17879	0	0	0	0	0	0	0	0	0	0	0	0	0	0	0	0
00.000,00.000	15.9	0	-200	0	4.5	433.076	312.334	101.484	17.0785	2.17879	0	0	0	0	0	0	0	0	0	0	0	0	0	0	0	0
00.000,00.000	16	0	-200	0	4.5	439.943	316.213	103.785	17.7666	2.17879	0	0	0	0	0	0	0	0	0	0	0	0	0	0	0	0
00.000,00.000	16.1	0	-200	0	4.5	445.492	319.3	105.675	18.338	2.17879	0	0	0	0	0	0	0	0	0	0	0	0	0	0	0	0
00.000,00.000	16.2	0	-200	0	4.5	450.63	322.143	107.361	18.9475	2.17879	0	0	0	0	0	0	0	0	0	0	0	0	0	0	0	0
00.000,00.000	16.3	0	-200	0	4.5	455.657	324.886	108.851	19.7418	2.17879	0	0	0	0	0	0	0	0	0	0	0	0	0	0	0	0
00.000,00.000	16.4	0	-200	0	4.5	460.579	327.539	110.32	20.5408	2.17879	0	0	0	0	0	0	0	0	0	0	0	0	0	0	0	0
00.000,00.000	16.5	0	-200	0	4.5	473.707	334.515	114.306	22.7064	2.17879	0	0	0	0	0	0	0	0	0	0	0	0	0	0	0	0
00.000,00.000	16.6	0	-200	0	4.5	478.589	337.071	115.81	23.5291	2.17879	0	0	0	0	0	0	0	0	0	0	0	0	0	0	0	0
00.000,00.000	16.7	0	-200	0	4.5	478.923	337.246	115.912	23.5865	2.17879	0	0	0	0	0	0	0	0	0	0	0	0	0	0	0	0
00.000,00.000	16.8	0	-200	0	4.5	479.387	337.483	116.055	23.6695	2.17879	0	0	0	0	0	0	0	0	0	0	0	0	0	0	0	0
00.000,00.000	16.9	0	-200	0	4.5	480.902	338.258	116.521	23.9452	2.17879	0	0	0	0	0	0	0	0	0	0	0	0	0	0	0	0
00.000,00.000	17	0	-200	0	4.5	488.152	341.934	118.755	25.2843	2.17879	0	0	0	0	0	0	0	0	0	0	0	0	0	0	0	0
00.000,00.000	17.1	0	-200	0	4.5	493.495	344.594	120.438	26.2843	2.17879	0	0	0	0	0	0	0	0	0	0	0	0	0	0	0	0
00.000,00.000	17.2	0	-200	0	4.5	497.847	346.753	121.801	27.1152	2.17879	0	0	0	0	0	0	0	0	0	0	0	0	0	0	0	0
00.000,00.000	17.3	0	-200	0	4.5	502.17	348.882	123.156	27.9532	2.17887	0	0	0	0	0	0	0	0	0	0	0	0	0	0	0	0
00.000,00.000	17.4	0	-200	0	4.5	506.449	350.971	124.503	28.7964	2.17955	0	0	0	0	0	0	0	0	0	0	0	0	0	0	0	0
00.000,00.000	17.5	0	-200	0	4.5	521.903	358.509	129.299	31.9126	2.1826	0	0	0	0	0	0	0	0	0	0	0	0	0	0	0	0
00.000,00.000	17.6	0	-200	0	4.5	525.039	359.981	130.324	32.5506	2.18373	0	0	0	0	0	0	0	0	0	0	0	0	0	0	0	0
00.000,00.000	17.7	0	-200	0	4.5	526.318	360.602	130.717	32.8152	2.18464	0	0	0	0	0	0	0	0	0	0	0	0	0	0	0	0
00.000,00.000	17.8	0	-200	0	4.5	526.693	360.78	130.834	32.8936	2.18498	0	0	0	0	0	0	0	0	0	0	0	0	0	0	0	0
00.000,00.000	17.9	0	-200	0	4.5	527.333	361.087	131.031	33.0292	2.18576	0	0	0	0	0	0	0	0	0	0	0	0	0	0	0	0
00.000,00.000	18	0	-200	0	4.5	535.173	364.894	133.386	34.6954	2.19713	0	0	0	0	0	0	0	0	0	0	0	0	0	0	0	0
00.000,00.000	18.1	0	-200	0	4.5	540.626	367.489	135.075	35.8562	2.20675	0	0	0	0	0	0	0	0	0	0	0	0	0	0	0	0
00.000,00.000	18.2	0	-200	0	4.5	544.701	369.454	136.302	36.7287	2.21525	0	0	0	0	0	0	0	0	0	0	0	0	0	0	0	0
00.000,00.000	18.3	0	-200	0	4.5	548.8	371.437	137.534	37.6037	2.22605	0	0	0	0	0	0	0	0	0	0	0	0	0	0	0	0
00.000,00.000	18.4	0	-200	0	4.5	552.941	373.436	138.785	38.4819	2.23813	0	0	0	0	0	0	0	0	0	0	0	0	0	0	0	0
00.000,00.000	18.5	0	-200	0	4.5	572.829	383.102	144.717	42.7049	2.30521	0	0	0	0	0	0	0	0	0	0	0	0	0	0	0	0
00.000,00.000	18.6	0	-200	0	4.5	576.945	385.081	145.975	43.5688	2.32001	0	0	0	0	0	0	0	0	0	0	0	0	0	0	0	0
00.000,00.000	18.7	0	-200	0	4.5	577.693	385.449	146.196	43.7257	2.32315	0	0	0	0	0	0	0	0	0	0	0	0	0	0	0	0
00.000,00.000	18.8	0	-200	0	4.5	578.056	385.628	146.302	43.8015	2.32481	0	0	0	0	0	0	0	0	0	0	0	0	0	0	0	0
00.000,00.000	18.9	0	-200	0	4.5	578.552	385.876	146.445	43.904	2.32725	0	0	0	0	0	0	0	0	0	0	0	0	0	0	0	0
00.000,00.000	19	0	-200	0	4.5	588.527	390.905	149.316	45.6001	2.70563	0	0	0	0	0	0	0	0	0	0	0	0	0	0	0	0
00.000,00.000	19.1	0	-200	0	4.5	595.033	394.172	151.223	46.5894	3.04787	0	0	0	0	0	0	0	0	0	0	0	0	0	0	0	0
00.000,00.000	19.2	0	-200	0	4.5	599.425	396.391	152.504	47.2528	3.27735	0	0	0	0	0	0	0	0	0	0	0	0	0	0	0	0
00.000,00.000	19.3	0	-200	0	4.5	603.846	398.637	153.787	47.9153	3.50636	0	0	0	0	0	0	0	0	0	0	0	0	0	0	0	0
00.000,00.000	19.4	0	-200	0	4.5	608.303	400.91	155.08	48.578	3.73516	0	0	0	0	0	0	0	0	0	0	0	0	0	0	0	0
00.000,00.000	19.5	0	-200	0	4.5	615.408	404.544	157.133	49.6316	4.09949	0	0	0	0	0	0	0	0	0	0	0	0	0	0	0	0
00.000,00.000	19.6	0	-200	0	4.5	633.538	412.639	163.595	52.292	5.01215	0	0	0	0	0	0	0	0	0	0	0	0	0	0	0	0
00.000,00.000	19.7	0	-200	0	4.5	640.64	415.42	166.524	53.3334	5.36238	0	0	0	0	0	0	0	0	0	0	0	0	0	0	0	0
00.000,00.000	19.8	0	-200	0	4.5	641.078	415.594	166.703	53.3973	5.38375	0	0	0	0	0	0	0	0	0	0	0	0	0	0	0	0
00.000,00.000	19.9	0	-200	0	4.5	641.623	415.813	166.924	53.476	5.41013	0	0	0	0	0	0	0	0	0	0	0	0	0	0	0	0
00.000,00.000	20	0	-200	0	4.5	644.898	417.133	168.256	53.9429	5.56602	0	0	0	0	0	0	0	0	0	0	0	0	0	0	0	0
00.000,00.000	20.1	0	-200	0	4.5	656.694	421.952	173.022	55.6029	6.11747	0	0	0	0	0	0	0	0	0	0	0	0	0	0	0	0
00.000,00.000	20.2	0	-200	0	4.5	663.408	424.727	175.742	56.2548	6.68312	0	0	0	0	0	0	0	0	0	0	0	0	0	0	0	0
00.000,00.000	20.3	0	-200	0	4.5	668.289	426.776	177.705	56.7492	7.05923	0	0	0	0	0	0	0	0	0	0	0	0	0	0	0	0
00.000,00.000	20.4	0	-200	0	4.5	673.279	428.888	179.705	57.2433	7.44231	0	0	0	0	0	0	0	0	0	0	0	0	0	0	0	0
00.000,00.000	20.5	0	-200	0	4.5	702.487	441.34	191.354	60.1353	9.65889	0	0	0	0	0	0	0	0	0	0	0	0	0	0	0	0
00.000,00.000	20.6	0	-200	0	4.5	727.181	451.873	201.26	62.5429	11.5042	0	0	0	0	0	0	0	0	0	0	0	0	0	0	0	0
00.000,00.000	20.7	0	-200	0	4.5	729.267	452.754	202.109	62.7428	11.6608	0	0	0	0	0	0	0	0	0	0	0	0	0	0	0	0
00.000,00.000	20.8	0	-200	0	4.5	734.983	455.219	204.397	63.2919	12.0746	0	0	0	0	0	0	0	0	0	0	0	0	0	0	0	0
00.000,00.000	20.9	0	-200	0	4.5	757.877	465.185	213.493	65.5089	13.6904	0	0	0	0	0	0	0	0	0	0	0	0	0	0	0	0
00.000,00.000	21	0	-200	0	4.5	763.398	467.499	215.763	66.0526	14.0838	0	0	0	0	0	0	0	0	0	0	0	0	0	0	0	0
00.000,00.000	21.1	0	-200	0	4.5	785.316	476.962	224.572	68.2467	15.5352	0	0	0	0	0	0	0	0	0	0	0	0	0	0	0	0
00.000,00.000	21.2	0	-200	0	4.5	796.461	481.749	229.071	69.3696	16.2717	0	0	0	0	0	0	0	0	0	0	0	0	0	0	0	0
00.000,00.000	21.3	0	-200	0	4.5	802.179	484.28	231.321	69.9454	16.6331	0	0	0	0	0	0	0	0	0	0	0	0	0	0	0	0
00.000,00.000	21.4	0	-200	0	4.5	808.102	486.928	233.632	70.5415	17.0002	0	0	0	0	0	0	0	0	0	0	0	0	0	0	0	0
00.000,00.000	21.5	0	-200	0	4.5	848.11	504.448	248.049	76.1254	19.4884	0	0	0	0	0	0	0	0	0	0	0	0	0	0	0	0
00.000,00.000	21.6	0	-200	0	4.5	856.789	508.235	250.829	77.7095	19.9693	0.0464349	0	0	0	0	0	0	0	0	0	0	0	0	0	0	0
00.000,00.000	21.7	0	-200	0	4.5	918.797	535.606	270.567	88.9496	22.3268	1.34779	0	0	0	0	0	0	0	0	0	0	0	0	0	0	0
00.000,00.000	21.8	0	-200	0	4.5	945.476	547.17	279.284	93.8417	23.2218	1.95883	0	0	0	0	0	0	0	0	0	0	0	0	0	0	0
00.000,00.000	21.9	0	-200	0	4.5	945.88	547.351	279.414	93.9127	23.235	1.96742	0	0	0	0	0	0	0	0	0	0	0	0	0	0	0
00.000,00.000	22	0	-200	0	4.5	946.6	547.682	279.643	94.0357	23.2577	1.98203	0	0	0	0	0	0	0	0	0	0	0	0	0	0	0
00.000,00.000	22.1	0	-200	0	4.5	987.478	566.952	292.407	100.835	24.5131	2.77158	0	0	0	0	0	0	0	0	0	0	0	0	0	0	0
00.000,00.000	22.2	0	-200	0	4.5	1005.84	575.715	298.111	103.866	25.0337	3.11604	0	0	0	0	0	0	0	0	0	0	0	0	0	0	0
00.000,00.000	22.3	0	-200	0	4.5	1013.16	579.264	300.374	105.027	25.2491	3.24431	0	0	0	0	0	0	0	0	0	0	0	0	0	0	0
00.000,00.000	22.4	0	-200	0	4.5	1020.9	583.062	302.762	106.231	25.4723	3.37527	0	0	0	0	0	0	0	0	0	0	0	0	0	0	0
00.000,00.000	22.5	0	-200	0	4.5	1065.41	603.111	318.334	113.076	26.3136	4.57551	0	0	0	0	0	0	0	0	0	0	0	0	0	0	0
00.000,00.000	22.6	0	-200	0	4.5	1074.99	607.294	321.882	114.488	26.4441	4.88219	0	0	0	0	0	0	0	0	0	0	0	0	0	0	0
00.000,00.000	22.7	0	-200	0	4.5	1111.78	623.733	335.639	119.402	27.0031	6.00229	0	0	0	0	0	0	0	0	0	0	0	0	0	0	0
00.000,00.000	22.8	0	-200	0	4.5	1119.74	627.299	338.634	120.439	27.1223	6.24181	0	0	0	0	0	0	0	0	0	0	0	0	0	0	0
00.000,00.000	22.9	0	-200	0	4.5	1125.54	629.877	340.862	121.177	27.2201	6.40863	0	0	0	0	0	0	0	0	0	0	0	0	0	0	0
00.000,00.000	23	0	-200	0	4.5	1129.09	631.442	342.236	121.624	27.2801	6.50937	0	0	0	0	0	0	0	0	0	0	0	0	0	0	0
00.000,00.000	23.1	0	-200	0	4.5	1163.85	646.948	355.644	125.908	27.8946	7.45658	0	0	0	0	0	0	0	0	0	0	0	0	0	0	0
00.000,00.000	23.2	0	-200	0	4.5	1181.49	654.812	362.478	127.953	28.3129	7.93308	0	0	0	0	0	0	0	0	0	0	0	0	0	0	0
00.000,00.000	23.3	0	-200	0	4.5	1190.47	658.857	365.869	128.964	28.6096	8.17003	0	0	0	0	0	0	0	0	0	0	0	0	0	0	0
00.000,00.000	23.4	0	-200	0	4.5	1199.55	662.984	369.239	129.973	28.9432	8.40931	0	0	0	0	0	0	0	0	0	0	0	0	0	0	0
00.000,00.000	23.5	0	-200	0	4.5	1242.08	682.091	385.114	134.69	30.6415	9.53915	0	0	0	0	0	0	0	0	0	0	0	0	0	0	0
00.000,00.000	23.6	0	-200	0	4.5	1251.69	686.459	388.727	135.696	31.019	9.78892	0	0	0	0	0	0	0	0	0	0	0	0	0	0	0
00.000,00.000	23.7	0	-200	0	4.5	1279.95	699.283	399.264	138.73	32.1745	10.4957	0	0	0	0	0	0	0	0	0	0	0	0	0	0	0
00.000,00.000	23.8	0	-200	0	4.5	1346.98	729.282	424.104	146.255	35.0912	12.243	0	0	0	0	0	0	0	0	0	0	0	0	0	0	0
00.000,00.000	23.9	0	-200	0	4.5	1359.87	735.148	428.815	147.669	35.6624	12.5758	0	0	0	0	0	0	0	0	0	0	0	0	0	0	0
00.000,00.000	24	0	-200	0	4.5	1361.14	735.73	429.28	147.809	35.7187	12.6062	0	0	0	0	0	0	0	0	0	0	0	0	0	0	0
00.000,00.000	24.1	0	-200	0	4.5	1404.34	755.415	444.705	152.883	37.7277	13.6121	0	0	0	0	0	0	0	0	0	0	0	0	0	0	0
00.000,00.000	24.2	0	-200	0	4.5	1425.46	765.062	451.864	155.697	38.7405	13.9735	0.127986	0	0	0	0	0	0	0	0	0	0	0	0	0	0
00.000,00.000	24.3	0	-200	0	4.5	1435.69	769.817	455.341	157.06	39.1437	14.0977	0.232531	0	0	0	0	0	0	0	0	0	0	0	0	0	0
00.000,00.000	24.4	0	-200	0	4.5	1446.21	774.738	458.899	158.472	39.5382	14.2152	0.346596	0	0	0	0	0	0	0	0	0	0	0	0	0	0
00.000,00.000	24.5	0	-200	0	4.5	1483.25	791.906	471.311	163.508	41.1519	14.6114	0.767576	0	0	0	0	0	0	0	0	0	0	0	0	0	0
00.000,00.000	24.6	0	-200	0	4.5	1491.83	795.974	474.24	164.53	41.5136	14.6964	0.871765	0	0	0	0	0	0	0	0	0	0	0	0	0	0
00.000,00.000	24.7	0	-200	0	4.5	1493.73	796.881	474.886	164.759	41.6012	14.7144	0.893896	0	0	0	0	0	0	0	0	0	0	0	0	0	0
00.000,00.000	24.8	0	-200	0	4.5	1518.58	808.582	483.301	167.787	42.7817	14.9469	1.17915	0	0	0	0	0	0	0	0	0	0	0	0	0	0
00.000,00.000	24.9	0	-200	0	4.5	1562.7	829.28	498.043	173.235	45.0939	15.3595	1.68586	0	0	0	0	0	0	0	0	0	0	0	0	0	0
00.000,00.000	25	0	-200	0	4.5	1571.82	833.568	501.074	174.363	45.5823	15.4437	1.789	0	0	0	0	0	0	0	0	0	0	0	0	0	0
00.000,00.000	25.1	0	-200	0	4.5	1598.76	846.075	510.135	177.766	47.0144	15.6858	2.08237	0	0	0	0	0	0	0	0	0	0	0	0	0	0
00.000,00.000	25.2	0	-200	0	4.5	1615.96	854.037	515.884	179.982	47.9465	15.8408	2.26958	0	0	0	0	0	0	0	0	0	0	0	0	0	0
00.000,00.000	25.3	0	-200	0	4.5	1627.9	859.531	519.879	181.552	48.5989	15.9474	2.39693	0	0	0	0	0	0	0	0	0	0	0	0	0	0
00.000,00.000	25.4	0	-200	0	4.5	1640.05	865.086	523.931	183.187	49.2694	16.0552	2.52497	0	0	0	0	0	0	0	0	0	0	0	0	0	0
00.000,00.000	25.5	0	-200	0	4.5	1655.55	872.044	529.121	185.345	50.1507	16.1954	2.69004	0	0	0	0	0	0	0	0	0	0	0	0	0	0
00.000,00.000	25.6	0	-200	0	4.5	1718.06	899.91	549.943	194.313	53.7693	16.7725	3.35609	0	0	0	0	0	0	0	0	0	0	0	0	0	0
00.000,00.000	25.7	0	-200	0	4.5	1731.01	905.749	554.083	196.265	54.5277	16.8935	3.49453	0	0	0	0	0	0	0	0	0	0	0	0	0	0
00.000,00.000	25.8	0	-200	0	4.5	1733.12	906.674	554.784	196.583	54.6523	16.9134	3.51642	0	0	0	0	0	0	0	0	0	0	0	0	0	0
00.000,00.000	25.9	0	-200	0	4.5	1734.97	907.483	555.4	196.863	54.7615	16.9307	3.53515	0	0	0	0	0	0	0	0	0	0	0	0	0	0
00.000,00.000	26	0	-200	0	4.5	1759.12	917.901	563.508	200.577	56.2064	17.1582	3.77452	0	0	0	0	0	0	0	0	0	0	0	0	0	0
00.000,00.000	26.1	0	-200	0	4.5	1786.75	929.684	572.833	204.827	57.9407	17.4218	4.04753	0	0	0	0	0	0	0	0	0	0	0	0	0	0
00.000,00.000	26.2	0	-200	0	4.5	1802.56	936.163	578.411	207.269	58.9425	17.5749	4.20248	0	0	0	0	0	0	0	0	0	0	0	0	0	0
00.000,00.000	26.3	0	-200	0	4.5	1815.77	941.389	583.22	209.341	59.7806	17.7048	4.33055	0	0	0	0	0	0	0	0	0	0	0	0	0	0
00.000,00.000	26.4	0	-200	0	4.5	1829.13	946.606	588.119	211.469	60.6411	17.838	4.45899	0	0	0	0	0	0	0	0	0	0	0	0	0	0
00.000,00.000	26.5	0	-200	0	4.5	1856.02	956.733	598.053	215.951	62.4306	18.1206	4.72558	0	0	0	0	0	0	0	0	0	0	0	0	0	0
00.000,00.000	26.6	0	-200	0	4.5	1907.74	975.765	617.434	224.802	65.8249	18.6759	5.23672	0	0	0	0	0	0	0	0	0	0	0	0	0	0
00.000,00.000	26.7	0	-200	0	4.5	1917.59	979.404	621.126	226.494	66.4519	18.7832	5.33407	0	0	0	0	0	0	0	0	0	0	0	0	0	0
00.000,00.000	26.8	0	-200	0	4.5	1976.9	1000.66	643.385	237.086	70.1061	19.4256	6.23669	0	0	0	0	0	0	0	0	0	0	0	0	0	0
00.000,00.000	26.9	0	-200	0	4.5	2021.14	1016.32	659.623	245.368	72.7885	19.9822	7.06008	0	0	0	0	0	0	0	0	0	0	0	0	0	0
00.000,00.000	27	0	-200	0	4.5	2027.81	1018.71	662.05	246.615	73.1938	20.0658	7.1813	0	0	0	0	0	0	0	0	0	0	0	0	0	0
00.000,00.000	27.1	0	-200	0	4.5	2065.62	1032	675.989	253.734	75.5015	20.5464	7.85002	0	0	0	0	0	0	0	0	0	0	0	0	0	0
00.000,00.000	27.2	0	-200	0	4.5	2087.52	1039.68	684.06	257.886	76.8365	20.8265	8.23532	0	0	0	0	0	0	0	0	0	0	0	0	0	0
00.000,00.000	27.3	0	-200	0	4.5	2101.09	1044.39	689.091	260.466	77.6761	21.0019	8.46852	0	0	0	0	0	0	0	0	0	0	0	0	0	0
00.000,00.000	27.4	0	-200	0	4.5	2114.91	1049.16	694.217	263.101	78.5405	21.1831	8.70344	0	0	0	0	0	0	0	0	0	0	0	0	0	0
00.000,00.000	27.5	0	-200	0	4.5	2151.08	1061.4	707.536	270.198	80.919	21.683	9.33783	0	0	0	0	0	0	0	0	0	0	0	0	0	0
00.000,00.000	27.6	0	-200	0	4.5	2200.43	1078.33	725.668	279.713	84.1675	22.3681	10.182	0	0	0	0	0	0	0	0	0	0	0	0	0	0
00.000,00.000	27.7	0	-200	0	4.5	2208.66	1081.16	728.709	281.265	84.7113	22.486	10.3228	0	0	0	0	0	0	0	0	0	0	0	0	0	0
00.000,00.000	27.8	0	-200	0	4.5	2280.46	1105.67	754.918	295.188	89.6036	23.5412	11.532	0	0	0	0	0	0	0	0	0	0	0	0	0	0
00.000,00.000	27.9	0	-200	0	4.5	2300.67	1112.53	762.412	299.02	90.9845	23.8497	11.8731	0	0	0	0	0	0	0	0	0	0	0	0	0	0
00.000,00.000	28	0	-200	0	4.5	2303.37	1113.46	763.396	299.536	91.1718	23.8915	11.917	0	0	0	0	0	0	0	0	0	0	0	0	0	0
00.000,00.000	28.1	0	-200	0	4.5	2334.21	1124.07	774.582	305.424	93.3414	24.3795	12.4108	0.0030105	0	0	0	0	0	0	0	0	0	0	0	0	0
00.000,00.000	28.2	0	-200	0	4.5	2354.79	1131.22	781.938	309.367	94.8015	24.723	12.5595	0.185926	0	0	0	0	0	0	0	0	0	0	0	0	0
00.000,00.000	28.3	0	-200	0	4.5	2369.66	1136.42	787.214	312.206	95.8726	24.9736	12.665	0.31552	0	0	0	0	0	0	0	0	0	0	0	0	0
00.000,00.000	28.4	0	-200	0	4.5	2384.7	1141.69	792.527	315.066	96.9754	25.2292	12.7708	0.445306	0	0	0	0	0	0	0	0	0	0	0	0	0
00.000,00.000	28.5	0	-200	0	4.5	2400.26	1147.12	797.943	318.06	98.1592	25.508	12.8823	0.582269	0	0	0	0	0	0	0	0	0	0	0	0	0
00.000,00.000	28.6	0	-200	0	4.5	2476.44	1173.84	824.158	332.675	104.152	26.9223	13.4334	1.25848	0	0	0	0	0	0	0	0	0	0	0	0	0
00.000,00.000	28.7	0	-200	0	4.5	2492.41	1179.61	829.55	335.651	105.422	27.2287	13.5498	1.40099	0	0	0	0	0	0	0	0	0	0	0	0	0
00.000,00.000	28.8	0	-200	0	4.5	2494.14	1180.23	830.132	335.977	105.562	27.2625	13.5621	1.41605	0	0	0	0	0	0	0	0	0	0	0	0	0
00.000,00.000	28.9	0	-200	0	4.5	2496.22	1180.98	830.83	336.359	105.73	27.3036	13.5766	1.43372	0	0	0	0	0	0	0	0	0	0	0	0	0
00.000,00.000	29	0	-200	0	4.5	2531.83	1193.98	842.791	342.82	108.662	28.0227	13.8231	1.73316	0	0	0	0	0	0	0	0	0	0	0	0	0
00.000,00.000	29.1	0	-200	0	4.5	2561.04	1204.76	852.479	348.033	111.129	28.6292	14.0282	1.98145	0	0	0	0	0	0	0	0	0	0	0	0	0
00.000,00.000	29.2	0	-200	0	4.5	2578.16	1211.08	858.159	351.064	112.599	28.9863	14.1482	2.12562	0	0	0	0	0	0	0	0	0	0	0	0	0
00.000,00.000	29.3	0	-200	0	4.5	2593.58	1216.78	863.252	353.781	113.937	29.3164	14.2558	2.25462	0	0	0	0	0	0	0	0	0	0	0	0	0
00.000,00.000	29.4	0	-200	0	4.5	2609.11	1222.56	868.35	356.495	115.3	29.6554	14.3649	2.38375	0	0	0	0	0	0	0	0	0	0	0	0	0
00.000,00.000	29.5	0	-200	0	4.5	2625.06	1228.48	873.514	359.295	116.749	30.0198	14.4803	2.5198	0	0	0	0	0	0	0	0	0	0	0	0	0
00.000,00.000	29.6	0	-200	0	4.5	2701.32	1256.42	897.87	372.931	123.961	31.8954	15.0557	3.1888	0	0	0	0	0	0	0	0	0	0	0	0	0
00.000,00.000	29.7	0	-200	0	4.5	2755.35	1276.78	914.68	382.319	129.191	33.2409	15.4705	3.66141	0	0	0	0	0	0	0	0	0	0	0	0	0
00.000,00.000	29.8	0	-200	0	4.5	2758.88	1278.15	915.747	382.923	129.548	33.3262	15.4985	3.69276	0	0	0	0	0	0	0	0	0	0	0	0	0
00.000,00.000	29.9	0	-200	0	4.5	2760.5	1278.78	916.243	383.195	129.703	33.3669	15.511	3.70638	0	0	0	0	0	0	0	0	0	0	0	0	0
00.000,00.000	30	0	-200	0	4.5	2799.83	1294.05	928.348	389.732	133.46	34.3887	15.8203	4.03315	0	0	0	0	0	0	0	0	0	0	0	0	0
00.000,00.000	30.1	0	-200	0	4.5	2835.63	1308.03	939.242	395.634	136.902	35.3736	16.1124	4.33535	0	0	0	0	0	0	0	0	0	0	0	0	0
00.000,00.000	30.2	0	-200	0	4.5	2853.94	1315.18	944.778	398.7	138.643	35.8871	16.2661	4.49009	0	0	0	0	0	0	0	0	0	0	0	0	0
00.000,00.000	30.3	0	-200	0	4.5	2869	1320.98	949.367	401.202	140.11	36.3253	16.3972	4.61796	0	0	0	0	0	0	0	0	0	0	0	0	0
00.000,00.000	30.4	0	-200	0	4.5	2884.13	1326.84	953.939	403.714	141.585	36.7773	16.532	4.7462	0	0	0	0	0	0	0	0	0	0	0	0	0
00.000,00.000	30.5	0	-200	0	4.5	2899.52	1332.68	958.575	406.295	143.145	37.2652	16.6781	4.88165	0	0	0	0	0	0	0	0	0	0	0	0	0
00.000,00.000	30.6	0	-200	0	4.5	2961.24	1355.32	977.975	416.301	149.621	39.299	17.2854	5.42974	0	0	0	0	0	0	0	0	0	0	0	0	0
00.000,00.000	30.7	0	-200	0	4.5	2986.11	1363.89	986.42	420.214	152.249	40.1458	17.541	5.65467	0	0	0	0	0	0	0	0	0	0	0	0	0
00.000,00.000	30.8	0	-200	0	4.5	2987.59	1364.4	986.918	420.444	152.405	40.1978	17.5566	5.66794	0	0	0	0	0	0	0	0	0	0	0	0	0
00.000,00.000	30.9	0	-200	0	4.5	2989.25	1364.99	987.473	420.699	152.579	40.2566	17.5742	5.68255	0	0	0	0	0	0	0	0	0	0	0	0	0
00.000,00.000	31	0	-200	0	4.5	3011.27	1372.79	994.846	424.016	154.869	41.057	17.8127	5.87491	0	0	0	0	0	0	0	0	0	0	0	0	0
00.000,00.000	31.1	0	-200	0	4.5	3044.22	1384.42	1005.89	428.925	158.35	42.2906	18.1803	6.16556	0	0	0	0	0	0	0	0	0	0	0	0	0
00.000,00.000	31.2	0	-200	0	4.5	3062.67	1391.02	1012.04	431.624	160.277	42.9942	18.3898	6.32714	0	0	0	0	0	0	0	0	0	0	0	0	0
00.000,00.000	31.3	0	-200	0	4.5	3077.52	1396.44	1016.95	433.742	161.798	43.5698	18.5614	6.4554	0	0	0	0	0	0	0	0	0	0	0	0	0
00.000,00.000	31.4	0	-200	0	4.5	3092.45	1401.94	1021.91	435.841	163.285	44.1592	18.737	6.58332	0	0	0	0	0	0	0	0	0	0	0	0	0
00.000,00.000	31.5	0	-200	0	4.5	3123.89	1413.81	1031.96	440.198	166.463	45.4602	19.1275	6.86152	0	0	0	0	0	0	0	0	0	0	0	0	0
00.000,00.000	31.6	0	-200	0	4.5	3193.96	1441.15	1053.35	449.52	173.893	48.5081	20.042	7.49584	0	0	0	0	0	0	0	0	0	0	0	0	0
00.000,00.000	31.7	0	-200	0	4.5	3206.28	1445.96	1057.04	451.222	175.163	49.0781	20.2078	7.60874	0	0	0	0	0	0	0	0	0	0	0	0	0
00.000,00.000	31.8	0	-200	0	4.5	3226.19	1453.94	1063.02	453.854	177.131	49.9835	20.4513	7.81234	0	0	0	0	0	0	0	0	0	0	0	0	0
00.000,00.000	31.9	0	-200	0	4.5	3232.12	1456.29	1064.79	454.657	177.713	50.2636	20.4619	7.93702	0	0	0	0	0	0	0	0	0	0	0	0	0
00.000,00.000	32	0	-200	0	4.5	3267.55	1470.69	1075.36	459.282	181.086	51.9322	20.7217	8.47964	0	0	0	0	0	0	0	0	0	0	0	0	0
00.000,00.000	32.1	0	-200	0	4.5	3298.45	1483.42	1084.32	463.335	184.028	53.4317	20.9404	8.97611	0	0	0	0	0	0	0	0	0	0	0	0	0
00.000,00.000	32.2	0	-200	0	4.5	3315.45	1490.53	1089.17	465.548	185.616	54.1724	21.163	9.24786	0	0	0	0	0	0	0	0	0	0	0	0	0
00.000,00.000	32.3	0	-200	0	4.5	3330.14	1496.76	1093.31	467.432	186.973	54.8179	21.3668	9.48134	0	0	0	0	0	0	0	0	0	0	0	0	0
00.000,00.000	32.4	0	-200	0	4.5	3344.78	1503.09	1097.31	469.297	188.313	55.4709	21.5848	9.7147	0	0	0	0	0	0	0	0	0	0	0	0	0
00.000,00.000	32.5	0	-200	0	4.5	3359.64	1509.66	1101.23	471.16	189.663	56.1542	21.8153	9.95548	0	0	0	0	0	0	0	0	0	0	0	0	0
00.000,00.000	32.6	0	-200	0	4.5	3428.61	1540.83	1118.89	479.972	195.5	59.4151	22.9263	11.0842	0	0	0	0	0	0	0	0	0	0	0	0	0
00.000,00.000	32.7	0	-200	0	4.5	3474.12	1561.83	1130.1	485.438	199.6	61.6281	23.686	11.5097	0.32479	0	0	0	0	0	0	0	0	0	0	0	0
00.000,00.000	32.8	0	-200	0	4.5	3476.79	1563.08	1130.74	485.759	199.846	61.7545	23.7321	11.5299	0.348777	0	0	0	0	0	0	0	0	0	0	0	0
00.000,00.000	32.9	0	-200	0	4.5	3497.23	1572.85	1135.51	488.153	201.642	62.7533	24.0995	11.6829	0.529762	0	0	0	0	0	0	0	0	0	0	0	0
00.000,00.000	33	0	-200	0	4.5	3539.37	1593.19	1145.12	493.154	205.262	64.8731	24.8751	11.9967	0.899702	0	0	0	0	0	0	0	0	0	0	0	0
00.000,00.000	33.1	0	-200	0	4.5	3560.34	1603.48	1149.7	495.628	207.072	65.953	25.2746	12.1532	1.08388	0	0	0	0	0	0	0	0	0	0	0	0
00.000,00.000	33.2	0	-200	0	4.5	3574.69	1610.62	1152.79	497.263	208.301	66.7017	25.557	12.2594	1.20861	0	0	0	0	0	0	0	0	0	0	0	0
00.000,00.000	33.3	0	-200	0	4.5	3589.11	1617.89	1155.81	498.876	209.522	67.4626	25.8494	12.3658	1.33343	0	0	0	0	0	0	0	0	0	0	0	0
00.000,00.000	33.4	0	-200	0	4.5	3603.54	1625.27	1158.77	500.454	210.732	68.2363	26.1527	12.4722	1.45819	0	0	0	0	0	0	0	0	0	0	0	0
00.000,00.000	33.5	0	-200	0	4.5	3618.21	1632.87	1161.65	502.055	211.953	69.0395	26.4743	12.5822	1.58697	0	0	0	0	0	0	0	0	0	0	0	0
00.000,00.000	33.6	0	-200	0	4.5	3691.35	1671.37	1175.65	509.764	217.948	73.1093	28.1409	13.1337	2.22965	0	0	0	0	0	0	0	0	0	0	0	0
00.000,00.000	33.7	0	-200	0	4.5	3730.7	1692.35	1182.89	513.862	221.164	75.3459	29.0712	13.4378	2.57826	0	0	0	0	0	0	0	0	0	0	0	0
00.000,00.000	33.8	0	-200	0	4.5	3731.63	1692.85	1183.05	513.957	221.238	75.3994	29.0938	13.445	2.58644	0	0	0	0	0	0	0	0	0	0	0	0
00.000,00.000	33.9	0	-200	0	4.5	3737.38	1696.02	1184.03	514.527	221.694	75.7372	29.2409	13.4906	2.63739	0	0	0	0	0	0	0	0	0	0	0	0
00.000,00.000	34	0	-200	0	4.5	3777.26	1717.93	1191.09	518.357	224.772	78.0595	30.2666	13.8046	2.98385	0	0	0	0	0	0	0	0	0	0	0	0
00.000,00.000	34.1	0	-200	0	4.5	3801.54	1731.31	1195.34	520.668	226.632	79.4943	30.9003	14.0004	3.19642	0	0	0	0	0	0	0	0	0	0	0	0
00.000,00.000	34.2	0	-200	0	4.5	3816.34	1739.57	1197.91	522.036	227.723	80.3615	31.2918	14.1196	3.32324	0	0	0	0	0	0	0	0	0	0	0	0
00.000,00.000	34.3	0	-200	0	4.5	3830.83	1747.69	1200.44	523.344	228.768	81.211	31.6845	14.2375	3.44665	0	0	0	0	0	0	0	0	0	0	0	0
00.000,00.000	34.4	0	-200	0	4.5	3845.28	1755.82	1202.96	524.623	229.797	82.0636	32.0866	14.3577	3.5697	0	0	0	0	0	0	0	0	0	0	0	0
00.000,00.000	34.5	0	-200	0	4.5	3859.93	1764.15	1205.46	525.879	230.82	82.9347	32.5057	14.4827	3.69526	0	0	0	0	0	0	0	0	0	0	0	0
00.000,00.000	34.6	0	-200	0	4.5	3905.38	1790.2	1213.03	529.695	233.945	85.6855	33.8545	14.8816	4.08797	0	0	0	0	0	0	0	0	0	0	0	0
00.000,00.000	34.7	0	-200	0	4.5	3936.08	1807.77	1218.21	532.21	236.036	87.546	34.7876	15.1573	4.35376	0	0	0	0	0	0	0	0	0	0	0	0
00.000,00.000	34.8	0	-200	0	4.5	3938.99	1809.44	1218.7	532.448	236.235	87.7242	34.8775	15.1841	4.37919	0	0	0	0	0	0	0	0	0	0	0	0
00.000,00.000	34.9	0	-200	0	4.5	3954.73	1818.57	1221.33	533.625	237.285	88.6927	35.385	15.3321	4.51572	0	0	0	0	0	0	0	0	0	0	0	0
00.000,00.000	35	0	-200	0	4.5	3983.76	1835.38	1226.16	535.791	239.219	90.4859	36.3432	15.6101	4.76754	0	0	0	0	0	0	0	0	0	0	0	0
00.000,00.000	35.1	0	-200	0	4.5	4001.08	1845.39	1229.07	537.106	240.3	91.5753	36.9347	15.7815	4.91929	0	0	0	0	0	0	0	0	0	0	0	0
00.000,00.000	35.2	0	-200	0	4.5	4014.94	1853.43	1231.36	538.133	241.15	92.4712	37.4233	15.9221	5.04066	0	0	0	0	0	0	0	0	0	0	0	0
00.000,00.000	35.3	0	-200	0	4.5	4028.78	1861.5	1233.63	539.139	241.997	93.3633	37.924	16.0655	5.16179	0	0	0	0	0	0	0	0	0	0	0	0
00.000,00.000	35.4	0	-200	0	4.5	4042.53	1869.54	1235.85	540.117	242.834	94.2542	38.4373	16.2116	5.28263	0	0	0	0	0	0	0	0	0	0	0	0
00.000,00.000	35.5	0	-200	0	4.5	4056.38	1877.71	1238.06	541.046	243.67	95.155	38.9711	16.3634	5.40569	0	0	0	0	0	0	0	0	0	0	0	0
00.000,00.000	35.6	0	-200	0	4.5	4090.54	1898.07	1243.35	543.226	245.745	97.3666	40.3319	16.7488	5.71066	0	0	0	0	0	0	0	0	0	0	0	0
00.000,00.000	35.7	0	-200	0	4.5	4106.18	1907.42	1245.72	544.182	246.727	98.3825	40.9689	16.929	5.85079	0	0	0	0	0	0	0	0	0	0	0	0
00.000,00.000	35.8	0	-200	0	4.5	4107.48	1908.2	1245.92	544.258	246.807	98.4656	41.0232	16.9443	5.86234	0	0	0	0	0	0	0	0	0	0	0	0
00.000,00.000	35.9	0	-200	0	4.5	4125.55	1919.2	1248.57	545.275	247.896	99.6154	41.8064	17.1623	6.02347	0	0	0	0	0	0	0	0	0	0	0	0
00.000,00.000	36	0	-200	0	4.5	4145.72	1931.53	1251.49	546.381	249.106	100.898	42.6983	17.4112	6.20352	0	0	0	0	0	0	0	0	0	0	0	0
00.000,00.000	36.1	0	-200	0	4.5	4160.37	1940.56	1253.57	547.182	249.944	101.821	43.3635	17.5961	6.33426	0	0	0	0	0	0	0	0	0	0	0	0
00.000,00.000	36.2	0	-200	0	4.5	4173.75	1948.87	1255.43	547.878	250.702	102.661	43.9903	17.7695	6.4543	0	0	0	0	0	0	0	0	0	0	0	0
00.000,00.000	36.3	0	-200	0	4.5	4187	1957.12	1257.24	548.55	251.448	103.492	44.6319	17.947	6.57422	0	0	0	0	0	0	0	0	0	0	0	0
00.000,00.000	36.4	0	-200	0	4.5	4200.21	1965.36	1259.01	549.218	252.2	104.316	45.2878	18.1283	6.69401	0	0	0	0	0	0	0	0	0	0	0	0
00.000,00.000	36.5	0	-200	0	4.5	4213.53	1973.72	1260.76	549.861	252.947	105.138	45.9638	18.3162	6.8154	0	0	0	0	0	0	0	0	0	0	0	0
00.000,00.000	36.6	0	-200	0	4.5	4229.82	1984.05	1262.86	550.609	253.85	106.131	46.8104	18.5523	6.9644	0	0	0	0	0	0	0	0	0	0	0	0
00.000,00.000	36.7	0	-200	0	4.5	4253.19	1998.96	1265.84	551.618	255.119	107.534	48.0445	18.8988	7.178	0	0	0	0	0	0	0	0	0	0	0	0
00.000,00.000	36.8	0	-200	0	4.5	4257.92	2001.97	1266.45	551.829	255.369	107.821	48.2971	18.9703	7.22141	0	0	0	0	0	0	0	0	0	0	0	0
00.000,00.000	36.9	0	-200	0	4.5	4277.44	2014.52	1268.92	552.591	256.395	108.969	49.3631	19.2746	7.39978	0	0	0	0	0	0	0	0	0	0	0	0
00.000,00.000	37	0	-200	0	4.5	4293.11	2024.62	1270.91	553.191	257.201	109.888	50.23	19.5239	7.54327	0	0	0	0	0	0	0	0	0	0	0	0
00.000,00.000	37.1	0	-200	0	4.5	4306.04	2033.02	1272.52	553.652	257.857	110.636	50.9578	19.7345	7.6613	0	0	0	0	0	0	0	0	0	0	0	0
00.000,00.000	37.2	0	-200	0	4.5	4318.99	2041.51	1274.11	554.09	258.495	111.371	51.6926	19.9487	7.77783	0	0	0	0	0	0	0	0	0	0	0	0
00.000,00.000	37.3	0	-200	0	4.5	4332.04	2050.12	1275.69	554.507	259.127	112.099	52.4385	20.1677	7.89366	0	0	0	0	0	0	0	0	0	0	0	0
00.000,00.000	37.4	0	-200	0	4.5	4345.07	2058.74	1277.27	554.901	259.748	112.817	53.1932	20.3906	8.00841	0	0	0	0	0	0	0	0	0	0	0	0
00.000,00.000	37.5	0	-200	0	4.5	4358.04	2067.38	1278.83	555.265	260.355	113.523	53.9545	20.6175	8.1218	0	0	0	0	0	0	0	0	0	0	0	0
00.000,00.000	37.6	0	-200	0	4.5	4371.08	2076.13	1280.37	555.605	260.948	114.219	54.728	20.8508	8.23539	0	0	0	0	0	0	0	0	0	0	0	0
00.000,00.000	37.7	0	-200	0	4.5	4393.8	2091.51	1282.99	556.158	261.957	115.409	56.0859	21.265	8.43071	0	0	0	0	0	0	0	0	0	0	0	0
00.000,00.000	37.8	0	-200	0	4.5	4398.57	2094.71	1283.54	556.275	262.167	115.664	56.3779	21.3546	8.47226	0	0	0	0	0	0	0	0	0	0	0	0
00.000,00.000	37.9	0	-200	0	4.5	4415.09	2105.96	1285.44	556.634	262.879	116.511	57.3873	21.6696	8.61143	0	0	0	0	0	0	0	0	0	0	0	0
00.000,00.000	38	0	-200	0	4.5	4429.7	2115.95	1287.09	556.939	263.498	117.255	58.2857	21.9529	8.73338	0	0	0	0	0	0	0	0	0	0	0	0
00.000,00.000	38.1	0	-200	0	4.5	4442.66	2124.88	1288.53	557.186	264.016	117.92	59.0848	22.2081	8.83955	0	0	0	0	0	0	0	0	0	0	0	0
00.000,00.000	38.2	0	-200	0	4.5	4455.47	2133.73	1289.93	557.416	264.515	118.588	59.8887	22.4687	8.94437	0	0	0	0	0	0	0	0	0	0	0	0
00.000,00.000	38.3	0	-200	0	4.5	4468.25	2142.59	1291.31	557.627	264.997	119.254	60.6966	22.735	9.04773	0	0	0	0	0	0	0	0	0	0	0	0
00.000,00.000	38.4	0	-200	0	4.5	4481.04	2151.49	1292.65	557.83	265.496	119.913	61.5091	23.007	9.14977	0	0	0	0	0	0	0	0	0	0	0	0
00.000,00.000	38.5	0	-200	0	4.5	4493.83	2160.44	1293.93	558.016	266.012	120.565	62.3262	23.243	9.29273	0	0	0	0	0	0	0	0	0	0	0	0
00.000,00.000	38.6	0	-200	0	4.5	4506.64	2169.44	1295.21	558.185	266.52	121.207	63.1516	23.4391	9.48455	0	0	0	0	0	0	0	0	0	0	0	0
00.000,00.000	38.7	0	-200	0	4.5	4534.23	2188.75	1298.05	558.52	267.601	122.581	64.9567	23.8954	9.8841	0	0	0	0	0	0	0	0	0	0	0	0
00.000,00.000	38.8	0	-200	0	4.5	4539.89	2192.43	1298.85	558.589	267.842	122.877	65.3328	23.9694	9.98921	6.54034e-05	0	0	0	0	0	0	0	0	0	0	0
00.000,00.000	38.9	0	-200	0	4.5	4559.32	2205.35	1301.51	558.792	268.605	123.843	66.6311	24.3174	10.1372	0.130624	0	0	0	0	0	0	0	0	0	0	0
00.000,00.000	39	0	-200	0	4.5	4574.49	2215.1	1303.9	558.943	269.198	124.611	67.656	24.5851	10.2319	0.266804	0	0	0	0	0	0	0	0	0	0	0
00.000,00.000	39.1	0	-200	0	4.5	4586.77	2222.87	1305.99	559.053	269.646	125.224	68.4869	24.8163	10.3175	0.358805	0	0	0	0	0	0	0	0	0	0	0
00.000,00.000	39.2	0	-200	0	4.5	4599.04	2230.6	1308.14	559.153	270.083	125.834	69.3217	25.0561	10.4012	0.450985	0	0	0	0	0	0	0	0	0	0	0
00.000,00.000	39.3	0	-200	0	4.5	4611.29	2238.14	1310.48	559.244	270.504	126.444	70.1587	25.3041	10.4839	0.541959	0	0	0	0	0	0	0	0	0	0	0
00.000,00.000	39.4	0	-200	0	4.5	4623.47	2245.57	1312.86	559.324	270.911	127.052	70.9973	25.56	10.5655	0.631735	0	0	0	0	0	0	0	0	0	0	0
00.000,00.000	39.5	0	-200	0	4.5	4635.69	2253.01	1315.27	559.396	271.306	127.66	71.7501	25.9195	10.647	0.721307	0	0	0	0	0	0	0	0	0	0	0
00.000,00.000	39.6	0	-200	0	4.5	4648.28	2260.61	1317.82	559.462	271.705	128.295	72.5271	26.3219	10.7319	0.814507	0	0	0	0	0	0	0	0	0	0	0
00.000,00.000	39.7	0	-200	0	4.5	4666.66	2271.54	1321.64	559.55	272.281	129.233	73.6889	26.9292	10.8566	0.95154	0	0	0	0	0	0	0	0	0	0	0
00.000,00.000	39.8	0	-200	0	4.5	4670.5	2273.79	1322.44	559.568	272.403	129.434	73.917	27.0811	10.8831	0.980639	0	0	0	0	0	0	0	0	0	0	0
00.000,00.000	39.9	0	-200	0	4.5	4684.64	2281.99	1325.54	559.626	272.815	130.19	74.8344	27.5804	10.9792	1.08609	0	0	0	0	0	0	0	0	0	0	0
00.000,00.000	40	0	-200	0	4.5	4697.06	2289.1	1328.32	559.673	273.152	130.889	75.643	28.0479	11.0646	1.17973	0	0	0	0	0	0	0	0	0	0	0
00.000,00.000	40.1	0	-200	0	4.5	4707.73	2295.2	1330.64	559.711	273.434	131.506	76.3552	28.4739	11.1395	1.26181	0	0	0	0	0	0	0	0	0	0	0
00.000,00.000	40.2	0	-200	0	4.5	4718.1	2301.05	1332.97	559.746	273.697	132.118	77.0576	28.9081	11.2133	1.34245	0	0	0	0	0	0	0	0	0	0	0
00.000,00.000	40.3	0	-200	0	4.5	4728.24	2306.7	1335.29	559.777	273.946	132.723	77.7495	29.3503	11.2861	1.42166	0	0	0	0	0	0	0	0	0	0	0
00.000,00.000	40.4	0	-200	0	4.5	4738.22	2312.16	1337.63	559.805	274.209	133.324	78.4316	29.8016	11.3579	1.49962	0	0	0	0	0	0	0	0	0	0	0
00.000,00.000	40.5	0	-200	0	4.5	4748.06	2317.49	1339.98	559.83	274.456	133.924	79.1095	30.2669	11.4297	1.57734	0	0	0	0	0	0	0	0	0	0	0
00.000,00.000	40.6	0	-200	0	4.5	4757.59	2322.58	1342.3	559.852	274.686	134.514	79.7697	30.7363	11.5004	1.65325	0	0	0	0	0	0	0	0	0	0	0
00.000,00.000	40.7	0	-200	0	4.5	4775.79	2332.21	1346.78	559.889	275.118	135.653	81.0412	31.6715	11.6374	1.79958	0	0	0	0	0	0	0	0	0	0	0
00.000,00.000	40.8	0	-200	0	4.5	4779.72	2334.17	1347.84	559.897	275.207	135.909	81.3204	31.8802	11.6677	1.83166	0	0	0	0	0	0	0	0	0	0	0
00.000,00.000	40.9	0	-200	0	4.5	4792.68	2340.83	1351.18	559.92	275.478	136.737	82.2359	32.5955	11.7681	1.93642	0	0	0	0	0	0	0	0	0	0	0
00.000,00.000	41	0	-200	0	4.5	4803.09	2346.06	1353.96	559.938	275.681	137.413	82.9791	33.1892	11.8505	2.02128	0	0	0	0	0	0	0	0	0	0	0
00.000,00.000	41.1	0	-200	0	4.5	4811.56	2350.32	1356.23	559.951	275.837	137.936	83.5889	33.6912	11.9188	2.0908	0	0	0	0	0	0	0	0	0	0	0
00.000,00.000	41.2	0	-200	0	4.5	4819.84	2354.45	1358.46	559.963	275.984	138.441	84.1911	34.2006	11.9872	2.15938	0	0	0	0	0	0	0	0	0	0	0
00.000,00.000	41.3	0	-200	0	4.5	4827.91	2358.44	1360.66	559.973	276.119	138.938	84.7843	34.7157	12.0553	2.22681	0	0	0	0	0	0	0	0	0	0	0
00.000,00.000	41.4	0	-200	0	4.5	4835.75	2362.26	1362.82	559.983	276.244	139.431	85.3685	35.2357	12.1239	2.29305	0	0	0	0	0	0	0	0	0	0	0
00.000,00.000	41.5	0	-200	0	4.5	4843.41	2365.95	1364.94	559.991	276.36	139.909	85.9498	35.7674	12.1934	2.35914	0	0	0	0	0	0	0	0	0	0	0
00.000,00.000	41.6	0	-200	0	4.5	4865.26	2376.43	1370.97	560.012	276.668	141.265	87.6261	37.3458	12.3984	2.55021	0	0	0	0	0	0	0	0	0	0	0
00.000,00.000	41.7	0	-200	0	4.5	4870.7	2379.05	1372.4	560.017	276.746	141.595	88.0702	37.7698	12.4533	2.60068	0	0	0	0	0	0	0	0	0	0	0
00.000,00.000	41.8	0	-200	0	4.5	4871.34	2379.36	1372.56	560.018	276.755	141.637	88.1232	37.822	12.46	2.60669	0	0	0	0	0	0	0	0	0	0	0
00.000,00.000	41.9	0	-200	0	4.5	4872.78	2380.05	1372.92	560.019	276.773	141.734	88.2472	37.9475	12.4761	2.62068	0	0	0	0	0	0	0	0	0	0	0
00.000,00.000	42	0	-200	0	4.5	4884	2385.31	1375.78	560.027	276.899	142.534	89.1984	38.9282	12.6013	2.72778	0	0	0	0	0	0	0	0	0	0	0