
label	time(d)	x	depth	z	radius	total	0-10	10-20	20-30	30-40	40-50	50-60	60-70	70-80	80-90	90-100	100-110	110-120	120-130	130-140	140-150	150-160	160-170	170-180	180-190	190-200
00.000,00.000	0	0	-200	0	4.5	0	0	0	0	0	0	0	0	0	0	0	0	0	0	0	0	0	0	0	0	0
00.000,00.000	0.1	0	-200	0	4.5	0.372517	0.372517	0	0	0	0	0	0	0	0	0	0	0	0	0	0	0	0	0	0	0
00.000,00.000	0.2	0	-200	0	4.5	0.749708	0.749708	0	0	0	0	0	0	0	0	0	0	0	0	0	0	0	0	0	0	0
00.000,00.000	0.3	0	-200	0	4.5	1.1318	1.1318	0	0	0	0	0	0	0	0	0	0	0	0	0	0	0	0	0	0	0
00.000,00.000	0.4	0	-200	0	4.5	1.5182	1.5182	0	0	0	0	0	0	0	0	0	0	0	0	0	0	0	0	0	0	0
00.000,00.000	0.5	0	-200	0	4.5	1.90745	1.90745	0	0	0	0	0	0	0	0	0	0	0	0	0	0	0	0	0	0	0
00.000,00.000	0.6	0	-200	0	4.5	2.29789	2.29789	0	0	0	0	0	0	0	0	0	0	0	0	0	0	0	0	0	0	0
00.000,00.000	0.7	0	-200	0	4.5	2.68996	2.68996	0	0	0	0	0	0	0	0	0	0	0	0	0	0	0	0	0	0	0
00.000,00.000	0.8	0	-200	0	4.5	3.08468	3.08468	0	0	0	0	0	0	0	0	0	0	0	0	0	0	0	0	0	0	0
00.000,00.000	0.9	0	-200	0	4.5	3.48288	3.48288	0	0	0	0	0	0	0	0	0	0	0	0	0	0	0	0	0	0	0
00.000,00.000	1	0	-200	0	4.5	3.88503	3.88503	0	0	0	0	0	0	0	0	0	0	0	0	0	0	0	0	0	0	0
00.000,00.000	1.1	0	-200	0	4.5	4.29513	4.29513	0	0	0	0	0	0	0	0	0	0	0	0	0	0	0	0	0	0	0
00.000,00.000	1.2	0	-200	0	4.5	4.71302	4.71302	0	0	0	0	0	0	0	0	0	0	0	0	0	0	0	0	0	0	0
00.000,00.000	1.3	0	-200	0	4.5	5.13864	5.13864	0	0	0	0	0	0	0	0	0	0	0	0	0	0	0	0	0	0	0
00.000,00.000	1.4	0	-200	0	4.5	5.57119	5.57119	0	0	0	0	0	0	0	0	0	0	0	0	0	0	0	0	0	0	0
00.000,00.000	1.5	0	-200	0	4.5	6.00984	6.00984	0	0	0	0	0	0	0	0	0	0	0	0	0	0	0	0	0	0	0
00.000,00.000	1.6	0	-200	0	4.5	6.4545	6.4545	0	0	0	0	0	0	0	0	0	0	0	0	0	0	0	0	0	0	0
00.000,00.000	1.7	0	-200	0	4.5	6.91086	6.91086	0	0	0	0	0	0	0	0	0	0	0	0	0	0	0	0	0	0	0
00.000,00.000	1.8	0	-200	0	4.5	7.37769	7.37632	0.00137391	0	0	0	0	0	0	0	0	0	0	0	0	0	0	0	0	0	0
00.000,00.000	1.9	0	-200	0	4.5	7.85519	7.58939	0.265799	0	0	0	0	0	0	0	0	0	0	0	0	0	0	0	0	0	0
00.000,00.000	2	0	-200	0	4.5	8.3448	7.81437	0.530431	0	0	0	0	0	0	0	0	0	0	0	0	0	0	0	0	0	0
00.000,00.000	2.1	0	-200	0	4.5	8.88086	8.08532	0.795532	0	0	0	0	0	0	0	0	0	0	0	0	0	0	0	0	0	0
00.000,00.000	2.2	0	-200	0	4.5	9.51384	8.44804	1.06579	0	0	0	0	0	0	0	0	0	0	0	0	0	0	0	0	0	0
00.000,00.000	2.3	0	-200	0	4.5	10.237	8.89691	1.34011	0	0	0	0	0	0	0	0	0	0	0	0	0	0	0	0	0	0
00.000,00.000	2.4	0	-200	0	4.5	11.045	9.42916	1.61586	0	0	0	0	0	0	0	0	0	0	0	0	0	0	0	0	0	0
00.000,00.000	2.5	0	-200	0	4.5	11.9353	10.0441	1.89122	0	0	0	0	0	0	0	0	0	0	0	0	0	0	0	0	0	0
00.000,00.000	2.6	0	-200	0	4.5	12.9063	10.7411	2.16518	0	0	0	0	0	0	0	0	0	0	0	0	0	0	0	0	0	0
00.000,00.000	2.7	0	-200	0	4.5	13.9591	11.5209	2.43829	0	0	0	0	0	0	0	0	0	0	0	0	0	0	0	0	0	0
00.000,00.000	2.8	0	-200	0	4.5	15.0963	12.3851	2.71122	0	0	0	0	0	0	0	0	0	0	0	0	0	0	0	0	0	0
00.000,00.000	2.9	0	-200	0	4.5	16.3209	13.3364	2.9845	0	0	0	0	0	0	0	0	0	0	0	0	0	0	0	0	0	0
00.000,00.000	3	0	-200	0	4.5	17.6337	14.375	3.25865	0	0	0	0	0	0	0	0	0	0	0	0	0	0	0	0	0	0
00.000,00.000	3.1	0	-200	0	4.5	18.9886	15.4547	3.53384	0	0	0	0	0	0	0	0	0	0	0	0	0	0	0	0	0	0
00.000,00.000	3.2	0	-200	0	4.5	20.3348	16.5261	3.80873	0	0	0	0	0	0	0	0	0	0	0	0	0	0	0	0	0	0
00.000,00.000	3.3	0	-200	0	4.5	21.6749	17.5914	4.08347	0	0	0	0	0	0	0	0	0	0	0	0	0	0	0	0	0	0
00.000,00.000	3.4	0	-200	0	4.5	23.0047	18.6472	4.35745	0	0	0	0	0	0	0	0	0	0	0	0	0	0	0	0	0	0
00.000,00.000	3.5	0	-200	0	4.5	24.3201	19.6904	4.62974	0	0	0	0	0	0	0	0	0	0	0	0	0	0	0	0	0	0
00.000,00.000	3.6	0	-200	0	4.5	25.6214	20.7212	4.90021	0	0	0	0	0	0	0	0	0	0	0	0	0	0	0	0	0	0
00.000,00.000	3.7	0	-200	0	4.5	26.9103	21.7413	5.169	0	0	0	0	0	0	0	0	0	0	0	0	0	0	0	0	0	0
00.000,00.000	3.8	0	-200	0	4.5	28.1903	22.7535	5.4368	0	0	0	0	0	0	0	0	0	0	0	0	0	0	0	0	0	0
00.000,00.000	3.9	0	-200	0	4.5	29.4647	23.7602	5.70448	0	0	0	0	0	0	0	0	0	0	0	0	0	0	0	0	0	0
00.000,00.000	4	0	-200	0	4.5	30.734	24.7617	5.97236	0	0	0	0	0	0	0	0	0	0	0	0	0	0	0	0	0	0
00.000,00.000	4.1	0	-200	0	4.5	31.9973	25.757	6.24034	0	0	0	0	0	0	0	0	0	0	0	0	0	0	0	0	0	0
00.000,00.000	4.2	0	-200	0	4.5	33.2479	26.7407	6.5072	0	0	0	0	0	0	0	0	0	0	0	0	0	0	0	0	0	0
00.000,00.000	4.3	0	-200	0	4.5	34.2233	27.4503	6.77298	0	0	0	0	0	0	0	0	0	0	0	0	0	0	0	0	0	0
00.000,00.000	4.4	0	-200	0	4.5	35.131	28.0937	7.03733	0	0	0	0	0	0	0	0	0	0	0	0	0	0	0	0	0	0
00.000,00.000	4.5	0	-200	0	4.5	35.823	28.5238	7.29918	0	0	0	0	0	0	0	0	0	0	0	0	0	0	0	0	0	0
00.000,00.000	4.6	0	-200	0	4.5	36.5117	28.84	7.67174	0	0	0	0	0	0	0	0	0	0	0	0	0	0	0	0	0	0
00.000,00.000	4.7	0	-200	0	4.5	37.0772	29.1482	7.92901	0	0	0	0	0	0	0	0	0	0	0	0	0	0	0	0	0	0
00.000,00.000	4.8	0	-200	0	4.5	37.6346	29.2955	8.33904	0	0	0	0	0	0	0	0	0	0	0	0	0	0	0	0	0	0
00.000,00.000	4.9	0	-200	0	4.5	38.1868	29.3299	8.85693	0	0	0	0	0	0	0	0	0	0	0	0	0	0	0	0	0	0
00.000,00.000	5	0	-200	0	4.5	38.7142	29.3646	9.34957	0	0	0	0	0	0	0	0	0	0	0	0	0	0	0	0	0	0
00.000,00.000	5.1	0	-200	0	4.5	38.9948	29.4028	9.59199	0	0	0	0	0	0	0	0	0	0	0	0	0	0	0	0	0	0
00.000,00.000	5.2	0	-200	0	4.5	39.2875	29.4472	9.84029	0	0	0	0	0	0	0	0	0	0	0	0	0	0	0	0	0	0
00.000,00.000	5.3	0	-200	0	4.5	39.5869	29.4994	10.0875	0	0	0	0	0	0	0	0	0	0	0	0	0	0	0	0	0	0
00.000,00.000	5.4	0	-200	0	4.5	39.894	29.5604	10.3336	0	0	0	0	0	0	0	0	0	0	0	0	0	0	0	0	0	0
00.000,00.000	5.5	0	-200	0	4.5	40.2065	29.6284	10.5781	0	0	0	0	0	0	0	0	0	0	0	0	0	0	0	0	0	0
00.000,00.000	5.6	0	-200	0	4.5	40.5258	29.7048	10.821	0	0	0	0	0	0	0	0	0	0	0	0	0	0	0	0	0	0
00.000,00.000	5.7	0	-200	0	4.5	40.8519	29.7899	10.9874	0.0746616	0	0	0	0	0	0	0	0	0	0	0	0	0	0	0	0	0
00.000,00.000	5.8	0	-200	0	4.5	41.1837	29.8827	10.9885	0.312555	0	0	0	0	0	0	0	0	0	0	0	0	0	0	0	0	0
00.000,00.000	5.9	0	-200	0	4.5	41.5231	29.9853	10.9885	0.549318	0	0	0	0	0	0	0	0	0	0	0	0	0	0	0	0	0
00.000,00.000	6	0	-200	0	4.5	41.8736	30.1005	10.9885	0.784614	0	0	0	0	0	0	0	0	0	0	0	0	0	0	0	0	0
00.000,00.000	6.1	0	-200	0	4.5	42.2382	30.2312	10.9885	1.01852	0	0	0	0	0	0	0	0	0	0	0	0	0	0	0	0	0
00.000,00.000	6.2	0	-200	0	4.5	42.6212	30.38	10.9897	1.25147	0	0	0	0	0	0	0	0	0	0	0	0	0	0	0	0	0
00.000,00.000	6.3	0	-200	0	4.5	43.0299	30.5543	10.9915	1.48411	0	0	0	0	0	0	0	0	0	0	0	0	0	0	0	0	0
00.000,00.000	6.4	0	-200	0	4.5	43.4642	30.752	10.9954	1.7168	0	0	0	0	0	0	0	0	0	0	0	0	0	0	0	0	0
00.000,00.000	6.5	0	-200	0	4.5	43.9257	30.9764	11.0005	1.94878	0	0	0	0	0	0	0	0	0	0	0	0	0	0	0	0	0
00.000,00.000	6.6	0	-200	0	4.5	44.4179	31.2301	11.0081	2.1796	0	0	0	0	0	0	0	0	0	0	0	0	0	0	0	0	0
00.000,00.000	6.7	0	-200	0	4.5	44.9445	31.5168	11.0183	2.40944	0	0	0	0	0	0	0	0	0	0	0	0	0	0	0	0	0
00.000,00.000	6.8	0	-200	0	4.5	45.5154	31.846	11.031	2.63845	0	0	0	0	0	0	0	0	0	0	0	0	0	0	0	0	0
00.000,00.000	6.9	0	-200	0	4.5	46.1327	32.2182	11.0478	2.86676	0	0	0	0	0	0	0	0	0	0	0	0	0	0	0	0	0
00.000,00.000	7	0	-200	0	4.5	46.8035	32.6407	11.068	3.0948	0	0	0	0	0	0	0	0	0	0	0	0	0	0	0	0	0
00.000,00.000	7.1	0	-200	0	4.5	47.536	33.1191	11.0938	3.32312	0	0	0	0	0	0	0	0	0	0	0	0	0	0	0	0	0
00.000,00.000	7.2	0	-200	0	4.5	48.3209	33.6468	11.1236	3.55042	0	0	0	0	0	0	0	0	0	0	0	0	0	0	0	0	0
00.000,00.000	7.3	0	-200	0	4.5	49.1627	34.2291	11.1576	3.77599	0	0	0	0	0	0	0	0	0	0	0	0	0	0	0	0	0
00.000,00.000	7.4	0	-200	0	4.5	50.0635	34.8672	11.1968	3.99952	0	0	0	0	0	0	0	0	0	0	0	0	0	0	0	0	0
00.000,00.000	7.5	0	-200	0	4.5	51.0231	35.5611	11.241	4.22097	0	0	0	0	0	0	0	0	0	0	0	0	0	0	0	0	0
00.000,00.000	7.6	0	-200	0	4.5	52.0408	36.3106	11.29	4.44015	0	0	0	0	0	0	0	0	0	0	0	0	0	0	0	0	0
00.000,00.000	7.7	0	-200	0	4.5	53.1216	37.1194	11.3453	4.65702	0	0	0	0	0	0	0	0	0	0	0	0	0	0	0	0	0
00.000,00.000	7.8	0	-200	0	4.5	54.2694	37.9918	11.4058	4.87176	0	0	0	0	0	0	0	0	0	0	0	0	0	0	0	0	0
00.000,00.000	7.9	0	-200	0	4.5	55.4883	38.9297	11.474	5.08459	0	0	0	0	0	0	0	0	0	0	0	0	0	0	0	0	0
00.000,00.000	8	0	-200	0	4.5	56.7791	39.9355	11.5483	5.29538	0	0	0	0	0	0	0	0	0	0	0	0	0	0	0	0	0
00.000,00.000	8.1	0	-200	0	4.5	58.1399	41.0071	11.6285	5.50429	0	0	0	0	0	0	0	0	0	0	0	0	0	0	0	0	0
00.000,00.000	8.2	0	-200	0	4.5	59.5755	42.1483	11.7154	5.71175	0	0	0	0	0	0	0	0	0	0	0	0	0	0	0	0	0
00.000,00.000	8.3	0	-200	0	4.5	61.0821	43.3557	11.8086	5.91778	0	0	0	0	0	0	0	0	0	0	0	0	0	0	0	0	0
00.000,00.000	8.4	0	-200	0	4.5	62.6567	44.6257	11.9086	6.12242	0	0	0	0	0	0	0	0	0	0	0	0	0	0	0	0	0
00.000,00.000	8.5	0	-200	0	4.5	64.2965	45.9563	12.0147	6.32546	0	0	0	0	0	0	0	0	0	0	0	0	0	0	0	0	0
00.000,00.000	8.6	0	-200	0	4.5	66.0015	47.3462	12.1284	6.52692	0	0	0	0	0	0	0	0	0	0	0	0	0	0	0	0	0
00.000,00.000	8.7	0	-200	0	4.5	67.7672	48.7922	12.2484	6.72665	0	0	0	0	0	0	0	0	0	0	0	0	0	0	0	0	0
00.000,00.000	8.8	0	-200	0	4.5	69.598	50.2975	12.3757	6.92469	0	0	0	0	0	0	0	0	0	0	0	0	0	0	0	0	0
00.000,00.000	8.9	0	-200	0	4.5	71.5013	51.8702	12.51	7.12112	0	0	0	0	0	0	0	0	0	0	0	0	0	0	0	0	0
00.000,00.000	9	0	-200	0	4.5	73.4828	53.5137	12.6527	7.31632	0	0	0	0	0	0	0	0	0	0	0	0	0	0	0	0	0
00.000,00.000	9.1	0	-200	0	4.5	75.5482	55.2337	12.8041	7.51041	0	0	0	0	0	0	0	0	0	0	0	0	0	0	0	0	0
00.000,00.000	9.2	0	-200	0	4.5	77.7536	57.0828	12.9671	7.70359	0	0	0	0	0	0	0	0	0	0	0	0	0	0	0	0	0
00.000,00.000	9.3	0	-200	0	4.5	80.077	59.0345	13.1457	7.89677	0	0	0	0	0	0	0	0	0	0	0	0	0	0	0	0	0
00.000,00.000	9.4	0	-200	0	4.5	82.5074	61.0778	13.3388	8.09079	0	0	0	0	0	0	0	0	0	0	0	0	0	0	0	0	0
00.000,00.000	9.5	0	-200	0	4.5	85.0436	63.2096	13.5482	8.28585	0	0	0	0	0	0	0	0	0	0	0	0	0	0	0	0	0
00.000,00.000	9.6	0	-200	0	4.5	87.6843	65.4313	13.7713	8.48178	0	0	0	0	0	0	0	0	0	0	0	0	0	0	0	0	0
00.000,00.000	9.7	0	-200	0	4.5	90.4382	67.7487	14.0111	8.67846	0	0	0	0	0	0	0	0	0	0	0	0	0	0	0	0	0
00.000,00.000	9.8	0	-200	0	4.5	93.3195	70.1747	14.2688	8.87607	0	0	0	0	0	0	0	0	0	0	0	0	0	0	0	0	0
00.000,00.000	9.9	0	-200	0	4.5	96.3459	72.7248	14.5457	9.0754	0	0	0	0	0	0	0	0	0	0	0	0	0	0	0	0	0
00.000,00.000	10	0	-200	0	4.5	99.5285	75.4065	14.8445	9.27747	0	0	0	0	0	0	0	0	0	0	0	0	0	0	0	0	0
00.000,00.000	10.1	0	-200	0	4.5	102.869	78.2213	15.1644	9.48299	0	0	0	0	0	0	0	0	0	0	0	0	0	0	0	0	0
00.000,00.000	10.2	0	-200	0	4.5	106.238	81.0559	15.4945	9.6879	0	0	0	0	0	0	0	0	0	0	0	0	0	0	0	0	0
00.000,00.000	10.3	0	-200	0	4.5	109.717	83.9859	15.8394	9.89161	0	0	0	0	0	0	0	0	0	0	0	0	0	0	0	0	0
00.000,00.000	10.4	0	-200	0	4.5	113.281	86.9878	16.1996	10.0937	0	0	0	0	0	0	0	0	0	0	0	0	0	0	0	0	0
00.000,00.000	10.5	0	-200	0	4.5	116.917	90.0517	16.5715	10.1374	0.156219	0	0	0	0	0	0	0	0	0	0	0	0	0	0	0	0
00.000,00.000	10.6	0	-200	0	4.5	120.63	93.1878	16.9517	10.1374	0.353499	0	0	0	0	0	0	0	0	0	0	0	0	0	0	0	0
00.000,00.000	10.7	0	-200	0	4.5	124.436	96.4041	17.3462	10.1374	0.548119	0	0	0	0	0	0	0	0	0	0	0	0	0	0	0	0
00.000,00.000	10.8	0	-200	0	4.5	128.348	99.7152	17.7548	10.1374	0.740377	0	0	0	0	0	0	0	0	0	0	0	0	0	0	0	0
00.000,00.000	10.9	0	-200	0	4.5	132.385	103.135	18.1814	10.1374	0.930709	0	0	0	0	0	0	0	0	0	0	0	0	0	0	0	0
00.000,00.000	11	0	-200	0	4.5	136.552	106.669	18.6257	10.1374	1.11946	0	0	0	0	0	0	0	0	0	0	0	0	0	0	0	0
00.000,00.000	11.1	0	-200	0	4.5	140.846	110.313	19.0876	10.1387	1.30677	0	0	0	0	0	0	0	0	0	0	0	0	0	0	0	0
00.000,00.000	11.2	0	-200	0	4.5	145.271	114.052	19.5845	10.1408	1.49293	0	0	0	0	0	0	0	0	0	0	0	0	0	0	0	0
00.000,00.000	11.3	0	-200	0	4.5	149.817	117.892	20.1015	10.1457	1.67799	0	0	0	0	0	0	0	0	0	0	0	0	0	0	0	0
00.000,00.000	11.4	0	-200	0	4.5	154.468	121.819	20.6352	10.1523	1.86158	0	0	0	0	0	0	0	0	0	0	0	0	0	0	0	0
00.000,00.000	11.5	0	-200	0	4.5	159.203	125.814	21.1815	10.1635	2.04339	0	0	0	0	0	0	0	0	0	0	0	0	0	0	0	0
00.000,00.000	11.6	0	-200	0	4.5	164.015	129.875	21.7389	10.1778	2.22318	0	0	0	0	0	0	0	0	0	0	0	0	0	0	0	0
00.000,00.000	11.7	0	-200	0	4.5	168.912	134.008	22.3077	10.1955	2.40106	0	0	0	0	0	0	0	0	0	0	0	0	0	0	0	0
00.000,00.000	11.8	0	-200	0	4.5	173.909	138.224	22.8898	10.2179	2.57713	0	0	0	0	0	0	0	0	0	0	0	0	0	0	0	0
00.000,00.000	11.9	0	-200	0	4.5	179.021	142.536	23.4876	10.2459	2.75136	0	0	0	0	0	0	0	0	0	0	0	0	0	0	0	0
00.000,00.000	12	0	-200	0	4.5	184.25	146.946	24.102	10.2785	2.92397	0	0	0	0	0	0	0	0	0	0	0	0	0	0	0	0
00.000,00.000	12.1	0	-200	0	4.5	189.581	151.437	24.7303	10.3178	3.09543	0	0	0	0	0	0	0	0	0	0	0	0	0	0	0	0
00.000,00.000	12.2	0	-200	0	4.5	195.014	156.01	25.3759	10.3623	3.26567	0	0	0	0	0	0	0	0	0	0	0	0	0	0	0	0
00.000,00.000	12.3	0	-200	0	4.5	200.538	160.651	26.0395	10.4129	3.43442	0	0	0	0	0	0	0	0	0	0	0	0	0	0	0	0
00.000,00.000	12.4	0	-200	0	4.5	206.138	165.185	26.8822	10.4687	3.60223	0	0	0	0	0	0	0	0	0	0	0	0	0	0	0	0
00.000,00.000	12.5	0	-200	0	4.5	211.797	169.578	27.9202	10.5296	3.76908	0	0	0	0	0	0	0	0	0	0	0	0	0	0	0	0
00.000,00.000	12.6	0	-200	0	4.5	217.555	174.04	28.9814	10.5977	3.93647	0	0	0	0	0	0	0	0	0	0	0	0	0	0	0	0
00.000,00.000	12.7	0	-200	0	4.5	223.315	178.429	30.1141	10.6708	4.10122	0	0	0	0	0	0	0	0	0	0	0	0	0	0	0	0
00.000,00.000	12.8	0	-200	0	4.5	229.139	182.648	31.4777	10.7492	4.26437	0	0	0	0	0	0	0	0	0	0	0	0	0	0	0	0
00.000,00.000	12.9	0	-200	0	4.5	235.02	186.91	32.8512	10.8338	4.42525	0	0	0	0	0	0	0	0	0	0	0	0	0	0	0	0
00.000,00.000	13	0	-200	0	4.5	241.018	191.255	34.2527	10.9245	4.58569	0	0	0	0	0	0	0	0	0	0	0	0	0	0	0	0
00.000,00.000	13.1	0	-200	0	4.5	247.107	195.664	35.6762	11.0221	4.74554	0	0	0	0	0	0	0	0	0	0	0	0	0	0	0	0
00.000,00.000	13.2	0	-200	0	4.5	253.264	200.101	37.1337	11.1256	4.90342	0	0	0	0	0	0	0	0	0	0	0	0	0	0	0	0
00.000,00.000	13.3	0	-200	0	4.5	259.543	204.609	38.633	11.2395	5.06189	0	0	0	0	0	0	0	0	0	0	0	0	0	0	0	0
00.000,00.000	13.4	0	-200	0	4.5	265.916	209.154	40.1802	11.3612	5.2204	0	0	0	0	0	0	0	0	0	0	0	0	0	0	0	0
00.000,00.000	13.5	0	-200	0	4.5	272.326	213.712	41.7446	11.491	5.37881	0	0	0	0	0	0	0	0	0	0	0	0	0	0	0	0
00.000,00.000	13.6	0	-200	0	4.5	278.756	218.272	43.3168	11.6299	5.53684	0	0	0	0	0	0	0	0	0	0	0	0	0	0	0	0
00.000,00.000	13.7	0	-200	0	4.5	285.204	222.833	44.9014	11.7759	5.69448	0	0	0	0	0	0	0	0	0	0	0	0	0	0	0	0
00.000,00.000	13.8	0	-200	0	4.5	291.676	227.393	46.5002	11.9311	5.85212	0	0	0	0	0	0	0	0	0	0	0	0	0	0	0	0
00.000,00.000	13.9	0	-200	0	4.5	298.198	231.958	48.1354	12.0952	6.00967	0	0	0	0	0	0	0	0	0	0	0	0	0	0	0	0
00.000,00.000	14	0	-200	0	4.5	304.619	236.432	49.7868	12.2679	6.13267	0	0	0	0	0	0	0	0	0	0	0	0	0	0	0	0
00.000,00.000	14.1	0	-200	0	4.5	310.94	240.847	51.5076	12.4521	6.13267	0	0	0	0	0	0	0	0	0	0	0	0	0	0	0	0
00.000,00.000	14.2	0	-200	0	4.5	317.269	245.215	53.2746	12.6469	6.13267	0	0	0	0	0	0	0	0	0	0	0	0	0	0	0	0
00.000,00.000	14.3	0	-200	0	4.5	323.49	249.43	55.0785	12.8488	6.13267	0	0	0	0	0	0	0	0	0	0	0	0	0	0	0	0
00.000,00.000	14.4	0	-200	0	4.5	329.622	253.555	56.8756	13.0581	6.13267	0	0	0	0	0	0	0	0	0	0	0	0	0	0	0	0
00.000,00.000	14.5	0	-200	0	4.5	337.031	258.478	59.0925	13.328	6.13267	0	0	0	0	0	0	0	0	0	0	0	0	0	0	0	0
00.000,00.000	14.6	0	-200	0	4.5	345.082	263.728	61.5792	13.6419	6.13267	0	0	0	0	0	0	0	0	0	0	0	0	0	0	0	0
00.000,00.000	14.7	0	-200	0	4.5	351.517	267.869	63.6076	13.9079	6.13267	0	0	0	0	0	0	0	0	0	0	0	0	0	0	0	0
00.000,00.000	14.8	0	-200	0	4.5	354.222	269.588	64.4751	14.0262	6.13267	0	0	0	0	0	0	0	0	0	0	0	0	0	0	0	0
00.000,00.000	14.9	0	-200	0	4.5	359.734	273.079	66.2454	14.2778	6.13267	0	0	0	0	0	0	0	0	0	0	0	0	0	0	0	0
00.000,00.000	15	0	-200	0	4.5	366.188	277.096	68.3723	14.5865	6.13267	0	0	0	0	0	0	0	0	0	0	0	0	0	0	0	0
00.000,00.000	15.1	0	-200	0	4.5	371.793	280.566	70.2246	14.8696	6.13267	0	0	0	0	0	0	0	0	0	0	0	0	0	0	0	0
00.000,00.000	15.2	0	-200	0	4.5	377.13	283.838	72.0073	15.1519	6.13267	0	0	0	0	0	0	0	0	0	0	0	0	0	0	0	0
00.000,00.000	15.3	0	-200	0	4.5	382.405	287.037	73.7894	15.4457	6.13267	0	0	0	0	0	0	0	0	0	0	0	0	0	0	0	0
00.000,00.000	15.4	0	-200	0	4.5	387.608	290.164	75.5619	15.7498	6.13267	0	0	0	0	0	0	0	0	0	0	0	0	0	0	0	0
00.000,00.000	15.5	0	-200	0	4.5	395.111	294.621	77.7763	16.5816	6.13267	0	0	0	0	0	0	0	0	0	0	0	0	0	0	0	0
00.000,00.000	15.6	0	-200	0	4.5	402.427	298.886	79.9254	17.4827	6.13267	0	0	0	0	0	0	0	0	0	0	0	0	0	0	0	0
00.000,00.000	15.7	0	-200	0	4.5	408.285	302.278	81.6564	18.2183	6.13267	0	0	0	0	0	0	0	0	0	0	0	0	0	0	0	0
00.000,00.000	15.8	0	-200	0	4.5	409.672	303.072	82.0705	18.3967	6.13267	0	0	0	0	0	0	0	0	0	0	0	0	0	0	0	0
00.000,00.000	15.9	0	-200	0	4.5	414.451	305.81	83.4641	19.0443	6.13267	0	0	0	0	0	0	0	0	0	0	0	0	0	0	0	0
00.000,00.000	16	0	-200	0	4.5	420.28	309.097	85.1839	19.8669	6.13267	0	0	0	0	0	0	0	0	0	0	0	0	0	0	0	0
00.000,00.000	16.1	0	-200	0	4.5	425.093	311.759	86.6427	20.5584	6.13267	0	0	0	0	0	0	0	0	0	0	0	0	0	0	0	0
00.000,00.000	16.2	0	-200	0	4.5	429.631	314.221	88.0539	21.2233	6.13267	0	0	0	0	0	0	0	0	0	0	0	0	0	0	0	0
00.000,00.000	16.3	0	-200	0	4.5	434.113	316.621	89.2646	22.094	6.13267	0	0	0	0	0	0	0	0	0	0	0	0	0	0	0	0
00.000,00.000	16.4	0	-200	0	4.5	438.548	318.968	90.4249	23.023	6.13267	0	0	0	0	0	0	0	0	0	0	0	0	0	0	0	0
00.000,00.000	16.5	0	-200	0	4.5	449.874	324.892	93.4461	25.4029	6.13267	0	0	0	0	0	0	0	0	0	0	0	0	0	0	0	0
00.000,00.000	16.6	0	-200	0	4.5	454.678	327.31	94.8262	26.4094	6.13267	0	0	0	0	0	0	0	0	0	0	0	0	0	0	0	0
00.000,00.000	16.7	0	-200	0	4.5	454.891	327.416	94.8885	26.4547	6.13267	0	0	0	0	0	0	0	0	0	0	0	0	0	0	0	0
00.000,00.000	16.8	0	-200	0	4.5	455.314	327.621	95.0151	26.5456	6.13267	0	0	0	0	0	0	0	0	0	0	0	0	0	0	0	0
00.000,00.000	16.9	0	-200	0	4.5	457.193	328.524	95.5705	26.9665	6.13267	0	0	0	0	0	0	0	0	0	0	0	0	0	0	0	0
00.000,00.000	17	0	-200	0	4.5	463.63	331.588	97.464	28.4453	6.13267	0	0	0	0	0	0	0	0	0	0	0	0	0	0	0	0
00.000,00.000	17.1	0	-200	0	4.5	468.424	333.822	98.9148	29.5543	6.13267	0	0	0	0	0	0	0	0	0	0	0	0	0	0	0	0
00.000,00.000	17.2	0	-200	0	4.5	472.414	335.659	100.129	30.4931	6.13267	0	0	0	0	0	0	0	0	0	0	0	0	0	0	0	0
00.000,00.000	17.3	0	-200	0	4.5	476.38	337.471	101.334	31.4425	6.13267	0	0	0	0	0	0	0	0	0	0	0	0	0	0	0	0
00.000,00.000	17.4	0	-200	0	4.5	480.314	339.252	102.53	32.3997	6.13274	0	0	0	0	0	0	0	0	0	0	0	0	0	0	0	0
00.000,00.000	17.5	0	-200	0	4.5	493.429	345.146	106.489	35.6577	6.13623	0	0	0	0	0	0	0	0	0	0	0	0	0	0	0	0
00.000,00.000	17.6	0	-200	0	4.5	496.759	346.649	107.541	36.4318	6.13745	0	0	0	0	0	0	0	0	0	0	0	0	0	0	0	0
00.000,00.000	17.7	0	-200	0	4.5	497.174	346.84	107.67	36.5256	6.13773	0	0	0	0	0	0	0	0	0	0	0	0	0	0	0	0
00.000,00.000	17.8	0	-200	0	4.5	497.449	346.968	107.757	36.5868	6.13799	0	0	0	0	0	0	0	0	0	0	0	0	0	0	0	0
00.000,00.000	17.9	0	-200	0	4.5	498.052	347.252	107.948	36.7129	6.13874	0	0	0	0	0	0	0	0	0	0	0	0	0	0	0	0
00.000,00.000	18	0	-200	0	4.5	504.737	350.381	110.006	38.2017	6.14855	0	0	0	0	0	0	0	0	0	0	0	0	0	0	0	0
00.000,00.000	18.1	0	-200	0	4.5	509.453	352.613	111.471	39.2113	6.15791	0	0	0	0	0	0	0	0	0	0	0	0	0	0	0	0
00.000,00.000	18.2	0	-200	0	4.5	513.093	354.345	112.588	39.9935	6.16636	0	0	0	0	0	0	0	0	0	0	0	0	0	0	0	0
00.000,00.000	18.3	0	-200	0	4.5	516.761	356.104	113.696	40.7847	6.17647	0	0	0	0	0	0	0	0	0	0	0	0	0	0	0	0
00.000,00.000	18.4	0	-200	0	4.5	520.434	357.89	114.771	41.5844	6.18896	0	0	0	0	0	0	0	0	0	0	0	0	0	0	0	0
00.000,00.000	18.5	0	-200	0	4.5	536.842	365.883	119.528	45.1784	6.25211	0	0	0	0	0	0	0	0	0	0	0	0	0	0	0	0
00.000,00.000	18.6	0	-200	0	4.5	540.103	367.496	120.418	45.9217	6.26646	0	0	0	0	0	0	0	0	0	0	0	0	0	0	0	0
00.000,00.000	18.7	0	-200	0	4.5	540.363	367.625	120.492	45.9787	6.26781	0	0	0	0	0	0	0	0	0	0	0	0	0	0	0	0
00.000,00.000	18.8	0	-200	0	4.5	540.696	367.79	120.584	46.0512	6.26972	0	0	0	0	0	0	0	0	0	0	0	0	0	0	0	0
00.000,00.000	18.9	0	-200	0	4.5	541.142	368.014	120.708	46.1471	6.2725	0	0	0	0	0	0	0	0	0	0	0	0	0	0	0	0
00.000,00.000	19	0	-200	0	4.5	549.821	372.418	123.095	47.9764	6.33117	0	0	0	0	0	0	0	0	0	0	0	0	0	0	0	0
00.000,00.000	19.1	0	-200	0	4.5	555.509	375.308	124.655	49.1742	6.37195	0	0	0	0	0	0	0	0	0	0	0	0	0	0	0	0
00.000,00.000	19.2	0	-200	0	4.5	559.457	377.311	125.754	49.989	6.40303	0	0	0	0	0	0	0	0	0	0	0	0	0	0	0	0
00.000,00.000	19.3	0	-200	0	4.5	563.466	379.341	126.883	50.805	6.4362	0	0	0	0	0	0	0	0	0	0	0	0	0	0	0	0
00.000,00.000	19.4	0	-200	0	4.5	567.529	381.363	128.072	51.6215	6.47171	0	0	0	0	0	0	0	0	0	0	0	0	0	0	0	0
00.000,00.000	19.5	0	-200	0	4.5	573.405	384.305	129.798	52.7762	6.52655	0	0	0	0	0	0	0	0	0	0	0	0	0	0	0	0
00.000,00.000	19.6	0	-200	0	4.5	590.014	391.459	135.935	55.9246	6.695	0	0	0	0	0	0	0	0	0	0	0	0	0	0	0	0
00.000,00.000	19.7	0	-200	0	4.5	593.399	392.71	137.421	56.5372	6.73052	0	0	0	0	0	0	0	0	0	0	0	0	0	0	0	0
00.000,00.000	19.8	0	-200	0	4.5	596.321	393.814	138.661	57.0828	6.76368	0	0	0	0	0	0	0	0	0	0	0	0	0	0	0	0
00.000,00.000	19.9	0	-200	0	4.5	597.037	394.086	138.967	57.2117	6.77209	0	0	0	0	0	0	0	0	0	0	0	0	0	0	0	0
00.000,00.000	20	0	-200	0	4.5	600.618	395.461	140.497	57.8428	6.81667	0	0	0	0	0	0	0	0	0	0	0	0	0	0	0	0
00.000,00.000	20.1	0	-200	0	4.5	611.399	399.618	145.099	59.7273	6.95404	0	0	0	0	0	0	0	0	0	0	0	0	0	0	0	0
00.000,00.000	20.2	0	-200	0	4.5	617.604	402.029	147.744	60.7863	7.044	0	0	0	0	0	0	0	0	0	0	0	0	0	0	0	0
00.000,00.000	20.3	0	-200	0	4.5	622.199	403.842	149.689	61.4198	7.24902	0	0	0	0	0	0	0	0	0	0	0	0	0	0	0	0
00.000,00.000	20.4	0	-200	0	4.5	626.919	405.713	151.688	62.0433	7.47362	0	0	0	0	0	0	0	0	0	0	0	0	0	0	0	0
00.000,00.000	20.5	0	-200	0	4.5	653.641	416.383	163.035	65.4604	8.7629	0	0	0	0	0	0	0	0	0	0	0	0	0	0	0	0
00.000,00.000	20.6	0	-200	0	4.5	664.434	420.764	167.657	66.7057	9.30594	0	0	0	0	0	0	0	0	0	0	0	0	0	0	0	0
00.000,00.000	20.7	0	-200	0	4.5	664.91	420.959	167.859	66.761	9.33075	0	0	0	0	0	0	0	0	0	0	0	0	0	0	0	0
00.000,00.000	20.8	0	-200	0	4.5	692.582	432.373	179.586	69.8684	10.7549	0	0	0	0	0	0	0	0	0	0	0	0	0	0	0	0
00.000,00.000	20.9	0	-200	0	4.5	699.582	435.317	182.569	70.5626	11.1336	0	0	0	0	0	0	0	0	0	0	0	0	0	0	0	0
00.000,00.000	21	0	-200	0	4.5	700.319	435.628	182.879	70.6422	11.1704	0	0	0	0	0	0	0	0	0	0	0	0	0	0	0	0
00.000,00.000	21.1	0	-200	0	4.5	722.75	445.214	192.277	73.048	12.2112	0	0	0	0	0	0	0	0	0	0	0	0	0	0	0	0
00.000,00.000	21.2	0	-200	0	4.5	733.815	449.976	196.989	74.154	12.6956	0	0	0	0	0	0	0	0	0	0	0	0	0	0	0	0
00.000,00.000	21.3	0	-200	0	4.5	739.308	452.355	199.285	74.7294	12.9386	0	0	0	0	0	0	0	0	0	0	0	0	0	0	0	0
00.000,00.000	21.4	0	-200	0	4.5	744.986	454.824	201.652	75.3207	13.1884	0	0	0	0	0	0	0	0	0	0	0	0	0	0	0	0
00.000,00.000	21.5	0	-200	0	4.5	783.417	471.365	216.944	80.1952	14.9131	0	0	0	0	0	0	0	0	0	0	0	0	0	0	0	0
00.000,00.000	21.6	0	-200	0	4.5	791.568	474.927	219.743	81.6412	15.2576	0	0	0	0	0	0	0	0	0	0	0	0	0	0	0	0
00.000,00.000	21.7	0	-200	0	4.5	852.181	501.641	240.758	91.8077	17.9745	0	0	0	0	0	0	0	0	0	0	0	0	0	0	0	0
00.000,00.000	21.8	0	-200	0	4.5	874.228	511.869	248.681	94.7334	18.9451	0	0	0	0	0	0	0	0	0	0	0	0	0	0	0	0
00.000,00.000	21.9	0	-200	0	4.5	874.577	512.029	248.806	94.7817	18.9601	0	0	0	0	0	0	0	0	0	0	0	0	0	0	0	0
00.000,00.000	22	0	-200	0	4.5	878.458	513.817	250.233	95.2864	19.1208	0	0	0	0	0	0	0	0	0	0	0	0	0	0	0	0
00.000,00.000	22.1	0	-200	0	4.5	901.524	524.392	258.657	98.4097	20.0662	0	0	0	0	0	0	0	0	0	0	0	0	0	0	0	0
00.000,00.000	22.2	0	-200	0	4.5	912.429	529.36	262.728	99.8478	20.4926	0	0	0	0	0	0	0	0	0	0	0	0	0	0	0	0
00.000,00.000	22.3	0	-200	0	4.5	918.722	532.213	265.072	100.698	20.7386	0	0	0	0	0	0	0	0	0	0	0	0	0	0	0	0
00.000,00.000	22.4	0	-200	0	4.5	925.211	535.149	267.495	101.577	20.9894	0	0	0	0	0	0	0	0	0	0	0	0	0	0	0	0
00.000,00.000	22.5	0	-200	0	4.5	963.056	551.19	282.61	106.789	22.4673	0	0	0	0	0	0	0	0	0	0	0	0	0	0	0	0
00.000,00.000	22.6	0	-200	0	4.5	971.246	554.545	286.057	107.876	22.7677	0	0	0	0	0	0	0	0	0	0	0	0	0	0	0	0
00.000,00.000	22.7	0	-200	0	4.5	990.779	562.124	294.671	110.519	23.2155	0.249259	0	0	0	0	0	0	0	0	0	0	0	0	0	0	0
00.000,00.000	22.8	0	-200	0	4.5	1048.72	583.596	320.862	118.656	24.3143	1.28779	0	0	0	0	0	0	0	0	0	0	0	0	0	0	0
00.000,00.000	22.9	0	-200	0	4.5	1060.13	587.735	326.138	120.104	24.6596	1.48946	0	0	0	0	0	0	0	0	0	0	0	0	0	0	0
00.000,00.000	23	0	-200	0	4.5	1061.12	588.105	326.595	120.222	24.6952	1.50537	0	0	0	0	0	0	0	0	0	0	0	0	0	0	0
00.000,00.000	23.1	0	-200	0	4.5	1094.59	601.037	341.587	124.169	25.7552	2.03942	0	0	0	0	0	0	0	0	0	0	0	0	0	0	0
00.000,00.000	23.2	0	-200	0	4.5	1109.9	607.158	348.422	126.005	26.0257	2.29057	0	0	0	0	0	0	0	0	0	0	0	0	0	0	0
00.000,00.000	23.3	0	-200	0	4.5	1117.23	610.126	351.665	126.865	26.1776	2.40117	0	0	0	0	0	0	0	0	0	0	0	0	0	0	0
00.000,00.000	23.4	0	-200	0	4.5	1124.94	613.261	355.069	127.763	26.3372	2.51346	0	0	0	0	0	0	0	0	0	0	0	0	0	0	0
00.000,00.000	23.5	0	-200	0	4.5	1162.77	628.57	371.764	132.224	27.1596	3.0568	0	0	0	0	0	0	0	0	0	0	0	0	0	0	0
00.000,00.000	23.6	0	-200	0	4.5	1171.16	631.963	375.506	133.193	27.3171	3.17638	0	0	0	0	0	0	0	0	0	0	0	0	0	0	0
00.000,00.000	23.7	0	-200	0	4.5	1196.46	642.392	386.576	136.123	27.8636	3.50986	0	0	0	0	0	0	0	0	0	0	0	0	0	0	0
00.000,00.000	23.8	0	-200	0	4.5	1256.76	667.072	411.1	144.996	29.2783	4.31654	0	0	0	0	0	0	0	0	0	0	0	0	0	0	0
00.000,00.000	23.9	0	-200	0	4.5	1268.55	671.985	415.827	146.739	29.5303	4.46955	0	0	0	0	0	0	0	0	0	0	0	0	0	0	0
00.000,00.000	24	0	-200	0	4.5	1269.74	672.481	416.304	146.91	29.5571	4.48349	0	0	0	0	0	0	0	0	0	0	0	0	0	0	0
00.000,00.000	24.1	0	-200	0	4.5	1309.72	689.353	432.272	152.673	30.4816	4.94089	0	0	0	0	0	0	0	0	0	0	0	0	0	0	0
00.000,00.000	24.2	0	-200	0	4.5	1329.05	697.683	439.83	155.407	30.9654	5.16295	0	0	0	0	0	0	0	0	0	0	0	0	0	0	0
00.000,00.000	24.3	0	-200	0	4.5	1338.53	701.781	443.549	156.726	31.2053	5.26584	0	0	0	0	0	0	0	0	0	0	0	0	0	0	0
00.000,00.000	24.4	0	-200	0	4.5	1348.39	706.048	447.412	158.103	31.4553	5.37027	0	0	0	0	0	0	0	0	0	0	0	0	0	0	0
00.000,00.000	24.5	0	-200	0	4.5	1383.28	721.045	461.149	163.005	32.3433	5.73778	0	0	0	0	0	0	0	0	0	0	0	0	0	0	0
00.000,00.000	24.6	0	-200	0	4.5	1391.39	724.609	464.289	164.14	32.5193	5.83187	0	0	0	0	0	0	0	0	0	0	0	0	0	0	0
00.000,00.000	24.7	0	-200	0	4.5	1393.28	725.428	465.033	164.404	32.5647	5.85181	0	0	0	0	0	0	0	0	0	0	0	0	0	0	0
00.000,00.000	24.8	0	-200	0	4.5	1415.09	734.816	473.629	167.472	33.0967	6.07809	0	0	0	0	0	0	0	0	0	0	0	0	0	0	0
00.000,00.000	24.9	0	-200	0	4.5	1456.66	752.601	489.962	173.456	34.1266	6.51267	0	0	0	0	0	0	0	0	0	0	0	0	0	0	0
00.000,00.000	25	0	-200	0	4.5	1465.37	756.368	493.325	174.732	34.3313	6.60817	0	0	0	0	0	0	0	0	0	0	0	0	0	0	0
00.000,00.000	25.1	0	-200	0	4.5	1491.28	767.435	503.519	178.472	34.9872	6.86439	0	0	0	0	0	0	0	0	0	0	0	0	0	0	0
00.000,00.000	25.2	0	-200	0	4.5	1507.98	774.545	510.114	180.882	35.4037	7.03331	0	0	0	0	0	0	0	0	0	0	0	0	0	0	0
00.000,00.000	25.3	0	-200	0	4.5	1519.69	779.475	514.791	182.576	35.7057	7.14668	0	0	0	0	0	0	0	0	0	0	0	0	0	0	0
00.000,00.000	25.4	0	-200	0	4.5	1531.64	784.478	519.571	184.31	36.0171	7.26101	0	0	0	0	0	0	0	0	0	0	0	0	0	0	0
00.000,00.000	25.5	0	-200	0	4.5	1546.64	790.649	525.626	186.532	36.4229	7.40575	0	0	0	0	0	0	0	0	0	0	0	0	0	0	0
00.000,00.000	25.6	0	-200	0	4.5	1607.55	815.45	550.314	195.618	38.1756	7.98852	0	0	0	0	0	0	0	0	0	0	0	0	0	0	0
00.000,00.000	25.7	0	-200	0	4.5	1620.26	820.626	555.499	197.446	38.5686	8.11746	0	0	0	0	0	0	0	0	0	0	0	0	0	0	0
00.000,00.000	25.8	0	-200	0	4.5	1622.62	821.57	556.466	197.795	38.6438	8.13935	0	0	0	0	0	0	0	0	0	0	0	0	0	0	0
00.000,00.000	25.9	0	-200	0	4.5	1624.41	822.291	557.204	198.058	38.7022	8.15587	0	0	0	0	0	0	0	0	0	0	0	0	0	0	0
00.000,00.000	26	0	-200	0	4.5	1648.43	831.858	567.109	201.579	39.5067	8.37305	0	0	0	0	0	0	0	0	0	0	0	0	0	0	0
00.000,00.000	26.1	0	-200	0	4.5	1675.25	842.253	578.341	205.205	40.8258	8.62114	0	0	0	0	0	0	0	0	0	0	0	0	0	0	0
00.000,00.000	26.2	0	-200	0	4.5	1690.54	848.021	584.864	207.375	41.5161	8.76298	0	0	0	0	0	0	0	0	0	0	0	0	0	0	0
00.000,00.000	26.3	0	-200	0	4.5	1703.36	852.832	590.343	209.198	42.1036	8.88031	0	0	0	0	0	0	0	0	0	0	0	0	0	0	0
00.000,00.000	26.4	0	-200	0	4.5	1716.35	857.667	595.903	211.085	42.7008	8.99842	0	0	0	0	0	0	0	0	0	0	0	0	0	0	0
00.000,00.000	26.5	0	-200	0	4.5	1742.13	866.813	607.2	214.95	43.928	9.23743	0	0	0	0	0	0	0	0	0	0	0	0	0	0	0
00.000,00.000	26.6	0	-200	0	4.5	1791.99	883.828	629.789	222.482	46.1982	9.67725	0.0191701	0	0	0	0	0	0	0	0	0	0	0	0	0	0
00.000,00.000	26.7	0	-200	0	4.5	1801.28	886.981	633.99	223.915	46.6027	9.61542	0.172947	0	0	0	0	0	0	0	0	0	0	0	0	0	0
00.000,00.000	26.8	0	-200	0	4.5	1858.4	905.843	659.978	232.897	49.352	9.73322	0.592575	0	0	0	0	0	0	0	0	0	0	0	0	0	0
00.000,00.000	26.9	0	-200	0	4.5	1900.87	919.82	679.229	239.668	51.4183	9.78918	0.946973	0	0	0	0	0	0	0	0	0	0	0	0	0	0
00.000,00.000	27	0	-200	0	4.5	1907.15	921.918	682.034	240.682	51.7153	9.79856	0.998287	0	0	0	0	0	0	0	0	0	0	0	0	0	0
00.000,00.000	27.1	0	-200	0	4.5	1943.74	934.052	698.553	246.492	53.5077	9.84342	1.29027	0	0	0	0	0	0	0	0	0	0	0	0	0	0
00.000,00.000	27.2	0	-200	0	4.5	1964.96	941.175	708.1	249.796	54.558	9.8737	1.46074	0	0	0	0	0	0	0	0	0	0	0	0	0	0
00.000,00.000	27.3	0	-200	0	4.5	1978.35	945.647	714.114	251.909	55.2222	9.89076	1.56553	0	0	0	0	0	0	0	0	0	0	0	0	0	0
00.000,00.000	27.4	0	-200	0	4.5	1991.96	950.219	720.186	254.07	55.9013	9.90838	1.67107	0	0	0	0	0	0	0	0	0	0	0	0	0	0
00.000,00.000	27.5	0	-200	0	4.5	2027.27	961.818	735.954	259.857	57.7378	9.955	1.95292	0	0	0	0	0	0	0	0	0	0	0	0	0	0
00.000,00.000	27.6	0	-200	0	4.5	2075.81	977.949	757.521	267.747	60.2391	10.027	2.33244	0	0	0	0	0	0	0	0	0	0	0	0	0	0
00.000,00.000	27.7	0	-200	0	4.5	2083.83	980.612	761.077	269.048	60.6569	10.0393	2.39574	0	0	0	0	0	0	0	0	0	0	0	0	0	0
00.000,00.000	27.8	0	-200	0	4.5	2152.65	1003.9	790.917	280.433	64.3128	10.1551	2.9277	0	0	0	0	0	0	0	0	0	0	0	0	0	0
00.000,00.000	27.9	0	-200	0	4.5	2171.8	1010.6	799.045	283.523	65.3681	10.1891	3.07777	0	0	0	0	0	0	0	0	0	0	0	0	0	0
00.000,00.000	28	0	-200	0	4.5	2174.4	1011.52	800.139	283.942	65.504	10.1941	3.09706	0	0	0	0	0	0	0	0	0	0	0	0	0	0
00.000,00.000	28.1	0	-200	0	4.5	2205.66	1022.71	813.202	289.035	67.1367	10.2592	3.32597	0	0	0	0	0	0	0	0	0	0	0	0	0	0
00.000,00.000	28.2	0	-200	0	4.5	2226.23	1030.2	821.637	292.395	68.2236	10.3048	3.47686	0	0	0	0	0	0	0	0	0	0	0	0	0	0
00.000,00.000	28.3	0	-200	0	4.5	2240.85	1035.58	827.564	294.794	68.9874	10.3408	3.58249	0	0	0	0	0	0	0	0	0	0	0	0	0	0
00.000,00.000	28.4	0	-200	0	4.5	2255.55	1041.08	833.424	297.219	69.7576	10.3793	3.68838	0	0	0	0	0	0	0	0	0	0	0	0	0	0
00.000,00.000	28.5	0	-200	0	4.5	2270.75	1046.76	839.414	299.776	70.5721	10.4239	3.80015	0	0	0	0	0	0	0	0	0	0	0	0	0	0
00.000,00.000	28.6	0	-200	0	4.5	2348.74	1076.24	869.511	313.124	74.8179	10.674	4.37965	0	0	0	0	0	0	0	0	0	0	0	0	0	0
00.000,00.000	28.7	0	-200	0	4.5	2364.8	1082.7	875.297	315.858	75.7133	10.7286	4.5014	0	0	0	0	0	0	0	0	0	0	0	0	0	0
00.000,00.000	28.8	0	-200	0	4.5	2366.37	1083.33	875.869	316.127	75.7997	10.7345	4.51304	0	0	0	0	0	0	0	0	0	0	0	0	0	0
00.000,00.000	28.9	0	-200	0	4.5	2368.53	1084.21	876.648	316.49	75.9172	10.7429	4.5287	0	0	0	0	0	0	0	0	0	0	0	0	0	0
00.000,00.000	29	0	-200	0	4.5	2394.32	1094.8	885.839	320.807	77.3161	10.8492	4.71339	0	0	0	0	0	0	0	0	0	0	0	0	0	0
00.000,00.000	29.1	0	-200	0	4.5	2421.32	1105.93	895.456	325.283	78.7737	10.967	4.90885	0	0	0	0	0	0	0	0	0	0	0	0	0	0
00.000,00.000	29.2	0	-200	0	4.5	2438	1112.83	901.404	328.025	79.6634	11.0453	5.02998	0	0	0	0	0	0	0	0	0	0	0	0	0	0
00.000,00.000	29.3	0	-200	0	4.5	2452.64	1118.91	906.583	330.439	80.4508	11.1174	5.13589	0	0	0	0	0	0	0	0	0	0	0	0	0	0
00.000,00.000	29.4	0	-200	0	4.5	2467.36	1125.01	911.796	332.871	81.2433	11.194	5.24206	0	0	0	0	0	0	0	0	0	0	0	0	0	0
00.000,00.000	29.5	0	-200	0	4.5	2482.34	1131.15	917.077	335.396	82.0832	11.2796	5.35406	0	0	0	0	0	0	0	0	0	0	0	0	0	0
00.000,00.000	29.6	0	-200	0	4.5	2559.18	1162.75	943.746	348.372	86.0732	12.2954	5.94454	0	0	0	0	0	0	0	0	0	0	0	0	0	0
00.000,00.000	29.7	0	-200	0	4.5	2575.03	1169.5	949.077	350.929	86.8999	12.5574	6.06802	0	0	0	0	0	0	0	0	0	0	0	0	0	0
00.000,00.000	29.8	0	-200	0	4.5	2576.38	1170.07	949.532	351.151	86.969	12.5798	6.07829	0	0	0	0	0	0	0	0	0	0	0	0	0	0
00.000,00.000	29.9	0	-200	0	4.5	2578.2	1170.85	950.137	351.444	87.0612	12.6099	6.09187	0	0	0	0	0	0	0	0	0	0	0	0	0	0
00.000,00.000	30	0	-200	0	4.5	2593.95	1177.73	955.351	353.927	87.8631	12.8734	6.20851	0	0	0	0	0	0	0	0	0	0	0	0	0	0
00.000,00.000	30.1	0	-200	0	4.5	2624.67	1191.11	965.501	358.769	89.4464	13.412	6.43769	0	0	0	0	0	0	0	0	0	0	0	0	0	0
00.000,00.000	30.2	0	-200	0	4.5	2642.81	1199.09	971.416	361.6	90.3898	13.7439	6.57374	0	0	0	0	0	0	0	0	0	0	0	0	0	0
00.000,00.000	30.3	0	-200	0	4.5	2657.02	1205.36	976.013	363.83	91.127	14.0056	6.67972	0	0	0	0	0	0	0	0	0	0	0	0	0	0
00.000,00.000	30.4	0	-200	0	4.5	2671.29	1211.69	980.616	366.064	91.8702	14.2723	6.78616	0	0	0	0	0	0	0	0	0	0	0	0	0	0
00.000,00.000	30.5	0	-200	0	4.5	2685.93	1218.14	985.288	368.383	92.6515	14.5665	6.89866	0	0	0	0	0	0	0	0	0	0	0	0	0	0
00.000,00.000	30.6	0	-200	0	4.5	2750.69	1246.77	1006.01	378.457	96.109	15.9417	7.40249	0	0	0	0	0	0	0	0	0	0	0	0	0	0
00.000,00.000	30.7	0	-200	0	4.5	2773.43	1256.84	1013.35	381.898	97.3235	16.4382	7.58398	0	0	0	0	0	0	0	0	0	0	0	0	0	0
00.000,00.000	30.8	0	-200	0	4.5	2774.79	1257.45	1013.78	382.103	97.3964	16.4683	7.59479	0	0	0	0	0	0	0	0	0	0	0	0	0	0
00.000,00.000	30.9	0	-200	0	4.5	2776.29	1258.12	1014.25	382.326	97.4759	16.5015	7.60655	0	0	0	0	0	0	0	0	0	0	0	0	0	0
00.000,00.000	31	0	-200	0	4.5	2795.53	1266.65	1020.56	385.134	98.49	16.9348	7.75706	0	0	0	0	0	0	0	0	0	0	0	0	0	0
00.000,00.000	31.1	0	-200	0	4.5	2828.52	1281.11	1031.34	390.072	100.271	17.7018	8.02184	0	0	0	0	0	0	0	0	0	0	0	0	0	0
00.000,00.000	31.2	0	-200	0	4.5	2845.95	1288.62	1037.1	392.702	101.238	18.1224	8.16317	0	0	0	0	0	0	0	0	0	0	0	0	0	0
00.000,00.000	31.3	0	-200	0	4.5	2858.63	1293.82	1041.55	394.663	101.973	18.4395	8.17822	0	0	0	0	0	0	0	0	0	0	0	0	0	0
00.000,00.000	31.4	0	-200	0	4.5	2871.27	1298.99	1046	396.611	102.714	18.762	8.18383	0	0	0	0	0	0	0	0	0	0	0	0	0	0
00.000,00.000	31.5	0	-200	0	4.5	2908.92	1313.94	1059.22	402.708	105.036	19.8048	8.2156	0	0	0	0	0	0	0	0	0	0	0	0	0	0
00.000,00.000	31.6	0	-200	0	4.5	3000.97	1351.64	1089.78	417.889	110.91	22.5388	8.2156	0	0	0	0	0	0	0	0	0	0	0	0	0	0
00.000,00.000	31.7	0	-200	0	4.5	3016.32	1357.94	1094.99	420.277	111.876	23.0235	8.2156	0	0	0	0	0	0	0	0	0	0	0	0	0	0
00.000,00.000	31.8	0	-200	0	4.5	3017.16	1358.3	1095.26	420.409	111.928	23.0496	8.2156	0	0	0	0	0	0	0	0	0	0	0	0	0	0
00.000,00.000	31.9	0	-200	0	4.5	3020.41	1359.69	1096.33	420.896	112.129	23.154	8.2156	0	0	0	0	0	0	0	0	0	0	0	0	0	0
00.000,00.000	32	0	-200	0	4.5	3024.06	1361.28	1097.5	421.434	112.354	23.2713	8.2156	0	0	0	0	0	0	0	0	0	0	0	0	0	0
00.000,00.000	32.1	0	-200	0	4.5	3060.81	1377.75	1108.78	426.953	114.642	24.4764	8.2156	0	0	0	0	0	0	0	0	0	0	0	0	0	0
00.000,00.000	32.2	0	-200	0	4.5	3080.65	1386.37	1115.19	429.812	115.908	25.1515	8.2156	0	0	0	0	0	0	0	0	0	0	0	0	0	0
00.000,00.000	32.3	0	-200	0	4.5	3092.36	1391.83	1118.75	431.412	116.614	25.5402	8.2156	0	0	0	0	0	0	0	0	0	0	0	0	0	0
00.000,00.000	32.4	0	-200	0	4.5	3104.14	1397.29	1122.36	433.012	117.328	25.9417	8.2156	0	0	0	0	0	0	0	0	0	0	0	0	0	0
00.000,00.000	32.5	0	-200	0	4.5	3128.68	1408.06	1129.95	436.613	118.953	26.8794	8.2156	0	0	0	0	0	0	0	0	0	0	0	0	0	0
00.000,00.000	32.6	0	-200	0	4.5	3271.4	1477.84	1168.98	456.346	127.691	32.3159	8.21986	0	0	0	0	0	0	0	0	0	0	0	0	0	0
00.000,00.000	32.7	0	-200	0	4.5	3296.77	1489.76	1176.59	459.742	129.035	33.3698	8.26411	0	0	0	0	0	0	0	0	0	0	0	0	0	0
00.000,00.000	32.8	0	-200	0	4.5	3458.19	1558.55	1227.44	483.522	139.305	40.6984	8.6737	0	0	0	0	0	0	0	0	0	0	0	0	0	0
00.000,00.000	32.9	0	-200	0	4.5	3505.72	1581.63	1240.73	489.776	142.008	42.387	9.19019	0	0	0	0	0	0	0	0	0	0	0	0	0	0
00.000,00.000	33	0	-200	0	4.5	3506.35	1581.95	1240.9	489.855	142.042	42.4064	9.19784	0	0	0	0	0	0	0	0	0	0	0	0	0	0
00.000,00.000	33.1	0	-200	0	4.5	3575.8	1615.69	1261	498.503	145.848	44.5358	10.2166	0	0	0	0	0	0	0	0	0	0	0	0	0	0
00.000,00.000	33.2	0	-200	0	4.5	3606.69	1631.58	1269.48	502.057	147.431	45.4345	10.6998	0	0	0	0	0	0	0	0	0	0	0	0	0	0
00.000,00.000	33.3	0	-200	0	4.5	3618.18	1637.67	1272.58	503.291	148.001	45.7499	10.8769	0	0	0	0	0	0	0	0	0	0	0	0	0	0
00.000,00.000	33.4	0	-200	0	4.5	3630.17	1644.11	1275.81	504.534	148.58	46.0768	11.0627	0	0	0	0	0	0	0	0	0	0	0	0	0	0
00.000,00.000	33.5	0	-200	0	4.5	3642.44	1650.74	1279.08	505.782	149.163	46.412	11.2562	0	0	0	0	0	0	0	0	0	0	0	0	0	0
00.000,00.000	33.6	0	-200	0	4.5	3671.56	1665.59	1287.09	509.04	150.72	47.3175	11.7942	0	0	0	0	0	0	0	0	0	0	0	0	0	0
00.000,00.000	33.7	0	-200	0	4.5	3824.53	1742.4	1328.21	526.564	159.661	52.6054	15.0834	0	0	0	0	0	0	0	0	0	0	0	0	0	0
00.000,00.000	33.8	0	-200	0	4.5	3856.56	1759.81	1336.55	529.491	161.353	53.6251	15.7264	0	0	0	0	0	0	0	0	0	0	0	0	0	0
00.000,00.000	33.9	0	-200	0	4.5	3975.35	1825.87	1366.6	540.293	167.281	57.2112	18.0913	0	0	0	0	0	0	0	0	0	0	0	0	0	0
00.000,00.000	34	0	-200	0	4.5	4012.3	1845.97	1376.59	543.291	169.191	58.3994	18.8627	0	0	0	0	0	0	0	0	0	0	0	0	0	0
00.000,00.000	34.1	0	-200	0	4.5	4045.65	1864.91	1385.24	545.84	170.741	59.3985	19.5199	0	0	0	0	0	0	0	0	0	0	0	0	0	0
00.000,00.000	34.2	0	-200	0	4.5	4066.09	1876.58	1390.56	547.321	171.692	60.018	19.9299	0	0	0	0	0	0	0	0	0	0	0	0	0	0
00.000,00.000	34.3	0	-200	0	4.5	4079.4	1884.19	1394.02	548.298	172.271	60.4227	20.1934	0	0	0	0	0	0	0	0	0	0	0	0	0	0
00.000,00.000	34.4	0	-200	0	4.5	4092.6	1891.86	1397.43	549.232	172.821	60.8132	20.4512	0	0	0	0	0	0	0	0	0	0	0	0	0	0
00.000,00.000	34.5	0	-200	0	4.5	4106.88	1900.16	1401.13	550.225	173.405	61.2286	20.7326	0	0	0	0	0	0	0	0	0	0	0	0	0	0
00.000,00.000	34.6	0	-200	0	4.5	4137.69	1916.89	1409.45	552.688	174.881	62.3105	21.4655	0	0	0	0	0	0	0	0	0	0	0	0	0	0
00.000,00.000	34.7	0	-200	0	4.5	4314.84	2025.55	1450.22	564.311	182.071	67.4801	25.211	0	0	0	0	0	0	0	0	0	0	0	0	0	0
00.000,00.000	34.8	0	-200	0	4.5	4346.64	2044.26	1458.04	566.577	183.447	68.3372	25.9744	0	0	0	0	0	0	0	0	0	0	0	0	0	0
00.000,00.000	34.9	0	-200	0	4.5	4466.72	2107.5	1491.78	576.356	189.327	72.395	28.8654	0.494217	0	0	0	0	0	0	0	0	0	0	0	0	0
00.000,00.000	35	0	-200	0	4.5	4510.3	2132.89	1502.72	579.469	191.206	73.6106	29.5028	0.899323	0	0	0	0	0	0	0	0	0	0	0	0	0
00.000,00.000	35.1	0	-200	0	4.5	4550.04	2157.34	1511.77	582.165	192.761	74.7189	30.0786	1.19999	0	0	0	0	0	0	0	0	0	0	0	0	0
00.000,00.000	35.2	0	-200	0	4.5	4571.26	2169.71	1517.09	583.707	193.636	75.3467	30.3998	1.37164	0	0	0	0	0	0	0	0	0	0	0	0	0
00.000,00.000	35.3	0	-200	0	4.5	4583.51	2177.31	1519.88	584.518	194.086	75.6835	30.5683	1.45964	0	0	0	0	0	0	0	0	0	0	0	0	0
00.000,00.000	35.4	0	-200	0	4.5	4600.3	2187.92	1523.6	585.599	194.68	76.1344	30.789	1.57455	0	0	0	0	0	0	0	0	0	0	0	0	0
00.000,00.000	35.5	0	-200	0	4.5	4617.89	2199.14	1527.42	586.724	195.289	76.6039	31.0146	1.69195	0	0	0	0	0	0	0	0	0	0	0	0	0
00.000,00.000	35.6	0	-200	0	4.5	4636.92	2210.51	1531.79	588.166	196.084	77.2179	31.3158	1.84483	0	0	0	0	0	0	0	0	0	0	0	0	0
00.000,00.000	35.7	0	-200	0	4.5	4830.74	2340.01	1568.11	600.107	202.874	82.507	33.9653	3.16359	0	0	0	0	0	0	0	0	0	0	0	0	0
00.000,00.000	35.8	0	-200	0	4.5	4860.96	2359	1574.78	602.073	203.982	83.35	34.3738	3.39239	0	0	0	0	0	0	0	0	0	0	0	0	0
00.000,00.000	35.9	0	-200	0	4.5	5010.72	2458.29	1603.73	611.313	209.119	87.4347	36.4463	4.38737	0	0	0	0	0	0	0	0	0	0	0	0	0
00.000,00.000	36	0	-200	0	4.5	5049.04	2483.39	1611.45	613.773	210.392	88.4769	36.901	4.65161	0	0	0	0	0	0	0	0	0	0	0	0	0
00.000,00.000	36.1	0	-200	0	4.5	5108.78	2522.15	1623.55	617.715	212.465	90.1215	37.7327	5.05447	0	0	0	0	0	0	0	0	0	0	0	0	0
00.000,00.000	36.2	0	-200	0	4.5	5141.6	2543.75	1630.11	619.774	213.589	90.9496	38.1632	5.27461	0	0	0	0	0	0	0	0	0	0	0	0	0
00.000,00.000	36.3	0	-200	0	4.5	5158.18	2554.72	1633.35	620.812	214.155	91.378	38.3929	5.38144	0	0	0	0	0	0	0	0	0	0	0	0	0
00.000,00.000	36.4	0	-200	0	4.5	5176.27	2566.8	1636.79	621.934	214.765	91.8408	38.6442	5.49462	0	0	0	0	0	0	0	0	0	0	0	0	0
00.000,00.000	36.5	0	-200	0	4.5	5194.62	2579	1640.29	623.092	215.4	92.3227	38.9083	5.61135	0	0	0	0	0	0	0	0	0	0	0	0	0
00.000,00.000	36.6	0	-200	0	4.5	5295.23	2643.38	1659.68	630.148	219.51	95.429	40.7196	6.36457	0	0	0	0	0	0	0	0	0	0	0	0	0
00.000,00.000	36.7	0	-200	0	4.5	5330.62	2666.46	1666.38	632.467	220.934	96.4167	41.3394	6.62382	0	0	0	0	0	0	0	0	0	0	0	0	0
00.000,00.000	36.8	0	-200	0	4.5	5330.95	2666.68	1666.44	632.489	220.947	96.426	41.3452	6.62607	0	0	0	0	0	0	0	0	0	0	0	0	0
00.000,00.000	36.9	0	-200	0	4.5	5429.95	2732.99	1684.26	638.585	224.665	99.131	43.0476	7.27434	0	0	0	0	0	0	0	0	0	0	0	0	0
00.000,00.000	37	0	-200	0	4.5	5456.1	2750	1689.49	640.111	225.738	99.8339	43.4733	7.4504	0	0	0	0	0	0	0	0	0	0	0	0	0
00.000,00.000	37.1	0	-200	0	4.5	5508.24	2783.27	1700.1	643.523	227.798	101.342	44.4019	7.79982	0	0	0	0	0	0	0	0	0	0	0	0	0
00.000,00.000	37.2	0	-200	0	4.5	5540.57	2804.38	1706.49	645.536	228.987	102.23	44.9379	8.00794	0	0	0	0	0	0	0	0	0	0	0	0	0
00.000,00.000	37.3	0	-200	0	4.5	5558.51	2815.58	1710.3	646.752	229.701	102.772	45.2784	8.13071	0	0	0	0	0	0	0	0	0	0	0	0	0
00.000,00.000	37.4	0	-200	0	4.5	5574.85	2826.07	1713.61	647.795	230.327	103.248	45.5761	8.2365	0	0	0	0	0	0	0	0	0	0	0	0	0
00.000,00.000	37.5	0	-200	0	4.5	5592.55	2837.24	1717.26	648.949	231.035	103.796	45.9098	8.35434	0	0	0	0	0	0	0	0	0	0	0	0	0
00.000,00.000	37.6	0	-200	0	4.5	5679.59	2892.53	1733.94	654.742	234.767	106.805	47.8059	9.00257	0	0	0	0	0	0	0	0	0	0	0	0	0
00.000,00.000	37.7	0	-200	0	4.5	5708.31	2911.03	1739.36	656.584	235.938	107.796	48.3856	9.07828	0.136376	0	0	0	0	0	0	0	0	0	0	0	0
00.000,00.000	37.8	0	-200	0	4.5	5708.58	2911.2	1739.41	656.603	235.949	107.806	48.3918	9.07888	0.137842	0	0	0	0	0	0	0	0	0	0	0	0
00.000,00.000	37.9	0	-200	0	4.5	5763.66	2945.74	1750.24	660.234	238.27	109.857	49.6788	9.13661	0.49886	0	0	0	0	0	0	0	0	0	0	0	0
00.000,00.000	38	0	-200	0	4.5	5779.28	2955.48	1753.48	661.193	238.901	110.452	50.0216	9.13661	0.617688	0	0	0	0	0	0	0	0	0	0	0	0
00.000,00.000	38.1	0	-200	0	4.5	5830.43	2988.63	1763.17	664.021	241.052	112.255	51.1877	9.13661	0.975651	0	0	0	0	0	0	0	0	0	0	0	0
00.000,00.000	38.2	0	-200	0	4.5	5858.02	3005.78	1769.13	665.503	242.229	113.259	51.8014	9.13661	1.17219	0	0	0	0	0	0	0	0	0	0	0	0
00.000,00.000	38.3	0	-200	0	4.5	5872.93	3014.75	1772.49	666.392	242.87	113.833	52.1824	9.13661	1.28343	0	0	0	0	0	0	0	0	0	0	0	0
00.000,00.000	38.4	0	-200	0	4.5	5888.19	3024.11	1775.83	667.244	243.508	114.404	52.5639	9.13661	1.39281	0	0	0	0	0	0	0	0	0	0	0	0
00.000,00.000	38.5	0	-200	0	4.5	5903.91	3033.57	1779.39	668.135	244.175	115.02	52.98	9.13661	1.50918	0	0	0	0	0	0	0	0	0	0	0	0
00.000,00.000	38.6	0	-200	0	4.5	5989.47	3082.31	1798.99	673.461	248.452	119.053	55.7927	9.13692	2.27698	0	0	0	0	0	0	0	0	0	0	0	0
00.000,00.000	38.7	0	-200	0	4.5	6007.29	3092.46	1803.34	674.483	249.242	119.871	56.3325	9.13744	2.43114	0	0	0	0	0	0	0	0	0	0	0	0
00.000,00.000	38.8	0	-200	0	4.5	6007.67	3092.69	1803.42	674.503	249.257	119.888	56.344	9.13749	2.43414	0	0	0	0	0	0	0	0	0	0	0	0
00.000,00.000	38.9	0	-200	0	4.5	6019.85	3100.09	1806.05	675.138	249.758	120.418	56.7241	9.13988	2.5315	0	0	0	0	0	0	0	0	0	0	0	0
00.000,00.000	39	0	-200	0	4.5	6023.01	3101.9	1806.8	675.316	249.893	120.574	56.8299	9.14067	2.55929	0	0	0	0	0	0	0	0	0	0	0	0
00.000,00.000	39.1	0	-200	0	4.5	6055.13	3121.75	1813.58	676.887	251.134	121.971	57.8491	9.15093	2.81102	0	0	0	0	0	0	0	0	0	0	0	0
00.000,00.000	39.2	0	-200	0	4.5	6090.68	3142.69	1821.68	678.708	252.601	123.654	59.0788	9.16539	3.10935	0	0	0	0	0	0	0	0	0	0	0	0
00.000,00.000	39.3	0	-200	0	4.5	6104.75	3150.7	1825.03	679.443	253.216	124.36	59.5978	9.17298	3.23336	0	0	0	0	0	0	0	0	0	0	0	0
00.000,00.000	39.4	0	-200	0	4.5	6114.2	3156.24	1827.2	679.897	253.61	124.814	59.9406	9.17932	3.31265	0	0	0	0	0	0	0	0	0	0	0	0
00.000,00.000	39.5	0	-200	0	4.5	6135.76	3169.09	1831.95	680.864	254.512	125.883	60.7587	9.19724	3.49885	0	0	0	0	0	0	0	0	0	0	0	0
00.000,00.000	39.6	0	-200	0	4.5	6180.95	3195.83	1842.05	682.832	256.398	128.168	62.5352	9.24284	3.89688	0	0	0	0	0	0	0	0	0	0	0	0
00.000,00.000	39.7	0	-200	0	4.5	6188.88	3200.45	1843.9	683.155	256.722	128.574	62.8591	9.25194	3.96775	0	0	0	0	0	0	0	0	0	0	0	0
00.000,00.000	39.8	0	-200	0	4.5	6200.83	3207.19	1846.79	683.672	257.236	129.2	63.3943	9.27008	4.08058	0	0	0	0	0	0	0	0	0	0	0	0
00.000,00.000	39.9	0	-200	0	4.5	6204.97	3209.55	1847.78	683.838	257.405	129.407	63.581	9.28246	4.11894	0	0	0	0	0	0	0	0	0	0	0	0
00.000,00.000	40	0	-200	0	4.5	6205.61	3209.91	1847.94	683.864	257.432	129.441	63.6108	9.28462	4.12507	0	0	0	0	0	0	0	0	0	0	0	0
00.000,00.000	40.1	0	-200	0	4.5	6224.84	3220.23	1852.94	684.645	258.249	130.521	64.5771	9.35982	4.32324	0	0	0	0	0	0	0	0	0	0	0	0
00.000,00.000	40.2	0	-200	0	4.5	6247.16	3232.13	1858.72	685.554	259.194	131.771	65.7485	9.47515	4.55996	0	0	0	0	0	0	0	0	0	0	0	0
00.000,00.000	40.3	0	-200	0	4.5	6255.02	3236.26	1860.81	685.871	259.52	132.216	66.1697	9.52489	4.64527	0	0	0	0	0	0	0	0	0	0	0	0
00.000,00.000	40.4	0	-200	0	4.5	6269.6	3244.16	1864.51	686.422	260.095	133.067	66.9295	9.61918	4.79985	0	0	0	0	0	0	0	0	0	0	0	0
00.000,00.000	40.5	0	-200	0	4.5	6283.67	3251.89	1867.91	686.926	260.65	133.915	67.7014	9.71824	4.95683	0	0	0	0	0	0	0	0	0	0	0	0
00.000,00.000	40.6	0	-200	0	4.5	6353.62	3290.63	1882.98	689.876	263.543	138.512	71.8473	10.4083	5.81567	0	0	0	0	0	0	0	0	0	0	0	0
00.000,00.000	40.7	0	-200	0	4.5	6366.31	3297.36	1885.79	690.52	264.067	139.371	72.6209	10.5911	5.98196	0	0	0	0	0	0	0	0	0	0	0	0
00.000,00.000	40.8	0	-200	0	4.5	6366.43	3297.43	1885.82	690.526	264.071	139.38	72.6285	10.5927	5.98352	0	0	0	0	0	0	0	0	0	0	0	0
00.000,00.000	40.9	0	-200	0	4.5	6411.14	3322.42	1894.76	692.683	265.726	142.396	75.3794	11.2198	6.55387	0	0	0	0	0	0	0	0	0	0	0	0
00.000,00.000	41	0	-200	0	4.5	6423.49	3329.23	1897.25	693.279	266.164	143.263	76.1704	11.4157	6.72048	0	0	0	0	0	0	0	0	0	0	0	0
00.000,00.000	41.1	0	-200	0	4.5	6445.38	3341.73	1901.42	694.292	266.901	144.726	77.5488	11.7614	7.004	0	0	0	0	0	0	0	0	0	0	0	0
00.000,00.000	41.2	0	-200	0	4.5	6466.25	3353.64	1905.38	695.235	267.578	146.125	78.8927	12.115	7.28129	0	0	0	0	0	0	0	0	0	0	0	0
00.000,00.000	41.3	0	-200	0	4.5	6469.82	3355.7	1906.04	695.394	267.686	146.368	79.1273	12.1804	7.33006	0	0	0	0	0	0	0	0	0	0	0	0
00.000,00.000	41.4	0	-200	0	4.5	6492.11	3369.06	1909.64	696.38	268.331	147.843	80.5863	12.6382	7.62926	0	0	0	0	0	0	0	0	0	0	0	0
00.000,00.000	41.5	0	-200	0	4.5	6505.81	3377	1912.11	696.98	268.709	148.757	81.5023	12.9425	7.81716	0	0	0	0	0	0	0	0	0	0	0	0
00.000,00.000	41.6	0	-200	0	4.5	6547.73	3400.48	1919.7	698.742	269.932	151.785	84.665	13.9618	8.47328	0	0	0	0	0	0	0	0	0	0	0	0
00.000,00.000	41.7	0	-200	0	4.5	6555.29	3404.63	1921.11	699.062	270.133	152.34	85.2213	14.1915	8.59326	0	0	0	0	0	0	0	0	0	0	0	0
00.000,00.000	41.8	0	-200	0	4.5	6562.26	3408.52	1922.38	699.364	270.314	152.833	85.75	14.3908	8.70534	0	0	0	0	0	0	0	0	0	0	0	0
00.000,00.000	41.9	0	-200	0	4.5	6594.58	3427	1927.99	700.701	271.12	155.028	88.2086	15.3043	9.22147	0	0	0	0	0	0	0	0	0	0	0	0
00.000,00.000	42	0	-200	0	4.5	6600.83	3430.55	1929.05	700.974	271.272	155.452	88.6894	15.5072	9.25906	0.0666611	0	0	0	0	0	0	0	0	0	0	0