
label	time(d)	x	depth	z	radius	total	0-10	10-20	20-30	30-40	40-50	50-60	60-70	70-80	80-90	90-100	100-110	110-120	120-130	130-140	140-150	150-160	160-170	170-180	180-190	190-200
00.000,00.000	0	0	-200	0	4.5	0	0	0	0	0	0	0	0	0	0	0	0	0	0	0	0	0	0	0	0	0
00.000,00.000	0.1	0	-200	0	4.5	0.372517	0.372517	0	0	0	0	0	0	0	0	0	0	0	0	0	0	0	0	0	0	0
00.000,00.000	0.2	0	-200	0	4.5	0.749708	0.749708	0	0	0	0	0	0	0	0	0	0	0	0	0	0	0	0	0	0	0
00.000,00.000	0.3	0	-200	0	4.5	1.13179	1.13179	0	0	0	0	0	0	0	0	0	0	0	0	0	0	0	0	0	0	0
00.000,00.000	0.4	0	-200	0	4.5	1.51819	1.51819	0	0	0	0	0	0	0	0	0	0	0	0	0	0	0	0	0	0	0
00.000,00.000	0.5	0	-200	0	4.5	1.90744	1.90744	0	0	0	0	0	0	0	0	0	0	0	0	0	0	0	0	0	0	0
00.000,00.000	0.6	0	-200	0	4.5	2.29789	2.29789	0	0	0	0	0	0	0	0	0	0	0	0	0	0	0	0	0	0	0
00.000,00.000	0.7	0	-200	0	4.5	2.68994	2.68994	0	0	0	0	0	0	0	0	0	0	0	0	0	0	0	0	0	0	0
00.000,00.000	0.8	0	-200	0	4.5	3.08465	3.08465	0	0	0	0	0	0	0	0	0	0	0	0	0	0	0	0	0	0	0
00.000,00.000	0.9	0	-200	0	4.5	3.48304	3.48304	0	0	0	0	0	0	0	0	0	0	0	0	0	0	0	0	0	0	0
00.000,00.000	1	0	-200	0	4.5	3.88539	3.88539	0	0	0	0	0	0	0	0	0	0	0	0	0	0	0	0	0	0	0
00.000,00.000	1.1	0	-200	0	4.5	4.2993	4.2993	0	0	0	0	0	0	0	0	0	0	0	0	0	0	0	0	0	0	0
00.000,00.000	1.2	0	-200	0	4.5	4.72658	4.72658	0	0	0	0	0	0	0	0	0	0	0	0	0	0	0	0	0	0	0
00.000,00.000	1.3	0	-200	0	4.5	5.16704	5.16704	0	0	0	0	0	0	0	0	0	0	0	0	0	0	0	0	0	0	0
00.000,00.000	1.4	0	-200	0	4.5	5.61976	5.61976	0	0	0	0	0	0	0	0	0	0	0	0	0	0	0	0	0	0	0
00.000,00.000	1.5	0	-200	0	4.5	6.08387	6.08387	0	0	0	0	0	0	0	0	0	0	0	0	0	0	0	0	0	0	0
00.000,00.000	1.6	0	-200	0	4.5	6.55922	6.55922	0	0	0	0	0	0	0	0	0	0	0	0	0	0	0	0	0	0	0
00.000,00.000	1.7	0	-200	0	4.5	7.05188	7.05188	0	0	0	0	0	0	0	0	0	0	0	0	0	0	0	0	0	0	0
00.000,00.000	1.8	0	-200	0	4.5	7.56088	7.56088	0	0	0	0	0	0	0	0	0	0	0	0	0	0	0	0	0	0	0
00.000,00.000	1.9	0	-200	0	4.5	8.08624	7.84371	0.242534	0	0	0	0	0	0	0	0	0	0	0	0	0	0	0	0	0	0
00.000,00.000	2	0	-200	0	4.5	8.62954	8.12175	0.507786	0	0	0	0	0	0	0	0	0	0	0	0	0	0	0	0	0	0
00.000,00.000	2.1	0	-200	0	4.5	9.24513	8.47196	0.773172	0	0	0	0	0	0	0	0	0	0	0	0	0	0	0	0	0	0
00.000,00.000	2.2	0	-200	0	4.5	10.0073	8.96384	1.04342	0	0	0	0	0	0	0	0	0	0	0	0	0	0	0	0	0	0
00.000,00.000	2.3	0	-200	0	4.5	10.9085	9.5906	1.31788	0	0	0	0	0	0	0	0	0	0	0	0	0	0	0	0	0	0
00.000,00.000	2.4	0	-200	0	4.5	11.9423	10.3484	1.59386	0	0	0	0	0	0	0	0	0	0	0	0	0	0	0	0	0	0
00.000,00.000	2.5	0	-200	0	4.5	13.1055	11.2363	1.8692	0	0	0	0	0	0	0	0	0	0	0	0	0	0	0	0	0	0
00.000,00.000	2.6	0	-200	0	4.5	14.3969	12.2537	2.14315	0	0	0	0	0	0	0	0	0	0	0	0	0	0	0	0	0	0
00.000,00.000	2.7	0	-200	0	4.5	15.8178	13.4015	2.41624	0	0	0	0	0	0	0	0	0	0	0	0	0	0	0	0	0	0
00.000,00.000	2.8	0	-200	0	4.5	17.3722	14.6831	2.68913	0	0	0	0	0	0	0	0	0	0	0	0	0	0	0	0	0	0
00.000,00.000	2.9	0	-200	0	4.5	19.0647	16.1023	2.96238	0	0	0	0	0	0	0	0	0	0	0	0	0	0	0	0	0	0
00.000,00.000	3	0	-200	0	4.5	20.8962	17.6596	3.23662	0	0	0	0	0	0	0	0	0	0	0	0	0	0	0	0	0	0
00.000,00.000	3.1	0	-200	0	4.5	22.7969	19.2851	3.51181	0	0	0	0	0	0	0	0	0	0	0	0	0	0	0	0	0	0
00.000,00.000	3.2	0	-200	0	4.5	24.6898	20.9032	3.78661	0	0	0	0	0	0	0	0	0	0	0	0	0	0	0	0	0	0
00.000,00.000	3.3	0	-200	0	4.5	26.5777	22.5165	4.0612	0	0	0	0	0	0	0	0	0	0	0	0	0	0	0	0	0	0
00.000,00.000	3.4	0	-200	0	4.5	28.4543	24.1193	4.33505	0	0	0	0	0	0	0	0	0	0	0	0	0	0	0	0	0	0
00.000,00.000	3.5	0	-200	0	4.5	30.3157	25.7083	4.60734	0	0	0	0	0	0	0	0	0	0	0	0	0	0	0	0	0	0
00.000,00.000	3.6	0	-200	0	4.5	32.1609	27.2834	4.87758	0	0	0	0	0	0	0	0	0	0	0	0	0	0	0	0	0	0
00.000,00.000	3.7	0	-200	0	4.5	33.9936	28.8474	5.14618	0	0	0	0	0	0	0	0	0	0	0	0	0	0	0	0	0	0
00.000,00.000	3.8	0	-200	0	4.5	35.6991	30.2854	5.4138	0	0	0	0	0	0	0	0	0	0	0	0	0	0	0	0	0	0
00.000,00.000	3.9	0	-200	0	4.5	37.1704	31.4892	5.68111	0	0	0	0	0	0	0	0	0	0	0	0	0	0	0	0	0	0
00.000,00.000	4	0	-200	0	4.5	38.6363	32.6875	5.94879	0	0	0	0	0	0	0	0	0	0	0	0	0	0	0	0	0	0
00.000,00.000	4.1	0	-200	0	4.5	39.6829	33.4664	6.21651	0	0	0	0	0	0	0	0	0	0	0	0	0	0	0	0	0	0
00.000,00.000	4.2	0	-200	0	4.5	40.5287	34.0455	6.48314	0	0	0	0	0	0	0	0	0	0	0	0	0	0	0	0	0	0
00.000,00.000	4.3	0	-200	0	4.5	41.0806	34.3317	6.74896	0	0	0	0	0	0	0	0	0	0	0	0	0	0	0	0	0	0
00.000,00.000	4.4	0	-200	0	4.5	41.623	34.6099	7.01311	0	0	0	0	0	0	0	0	0	0	0	0	0	0	0	0	0	0
00.000,00.000	4.5	0	-200	0	4.5	42.1542	34.8794	7.27475	0	0	0	0	0	0	0	0	0	0	0	0	0	0	0	0	0	0
00.000,00.000	4.6	0	-200	0	4.5	42.6742	35.1405	7.53372	0	0	0	0	0	0	0	0	0	0	0	0	0	0	0	0	0	0
00.000,00.000	4.7	0	-200	0	4.5	43.1037	35.3136	7.79008	0	0	0	0	0	0	0	0	0	0	0	0	0	0	0	0	0	0
00.000,00.000	4.8	0	-200	0	4.5	43.3822	35.3381	8.04406	0	0	0	0	0	0	0	0	0	0	0	0	0	0	0	0	0	0
00.000,00.000	4.9	0	-200	0	4.5	43.651	35.355	8.29602	0	0	0	0	0	0	0	0	0	0	0	0	0	0	0	0	0	0
00.000,00.000	5	0	-200	0	4.5	43.9137	35.3674	8.54625	0	0	0	0	0	0	0	0	0	0	0	0	0	0	0	0	0	0
00.000,00.000	5.1	0	-200	0	4.5	44.1723	35.3768	8.79549	0	0	0	0	0	0	0	0	0	0	0	0	0	0	0	0	0	0
00.000,00.000	5.2	0	-200	0	4.5	44.4318	35.3882	9.04357	0	0	0	0	0	0	0	0	0	0	0	0	0	0	0	0	0	0
00.000,00.000	5.3	0	-200	0	4.5	44.6925	35.402	9.29049	0	0	0	0	0	0	0	0	0	0	0	0	0	0	0	0	0	0
00.000,00.000	5.4	0	-200	0	4.5	44.9549	35.4184	9.53645	0	0	0	0	0	0	0	0	0	0	0	0	0	0	0	0	0	0
00.000,00.000	5.5	0	-200	0	4.5	45.2196	35.4387	9.78093	0	0	0	0	0	0	0	0	0	0	0	0	0	0	0	0	0	0
00.000,00.000	5.6	0	-200	0	4.5	45.4848	35.4612	10.0236	0	0	0	0	0	0	0	0	0	0	0	0	0	0	0	0	0	0
00.000,00.000	5.7	0	-200	0	4.5	45.7515	35.4868	10.1662	0.0983916	0	0	0	0	0	0	0	0	0	0	0	0	0	0	0	0	0
00.000,00.000	5.8	0	-200	0	4.5	46.0225	35.5189	10.1649	0.338642	0	0	0	0	0	0	0	0	0	0	0	0	0	0	0	0	0
00.000,00.000	5.9	0	-200	0	4.5	46.2955	35.5552	10.1649	0.575405	0	0	0	0	0	0	0	0	0	0	0	0	0	0	0	0	0
00.000,00.000	6	0	-200	0	4.5	46.5727	35.5972	10.1649	0.810681	0	0	0	0	0	0	0	0	0	0	0	0	0	0	0	0	0
00.000,00.000	6.1	0	-200	0	4.5	46.857	35.6476	10.1651	1.04428	0	0	0	0	0	0	0	0	0	0	0	0	0	0	0	0	0
00.000,00.000	6.2	0	-200	0	4.5	47.1492	35.7056	10.1666	1.27693	0	0	0	0	0	0	0	0	0	0	0	0	0	0	0	0	0
00.000,00.000	6.3	0	-200	0	4.5	47.4545	35.7767	10.1683	1.50954	0	0	0	0	0	0	0	0	0	0	0	0	0	0	0	0	0
00.000,00.000	6.4	0	-200	0	4.5	47.773	35.8603	10.1708	1.74189	0	0	0	0	0	0	0	0	0	0	0	0	0	0	0	0	0
00.000,00.000	6.5	0	-200	0	4.5	48.1115	35.9619	10.1761	1.97352	0	0	0	0	0	0	0	0	0	0	0	0	0	0	0	0	0
00.000,00.000	6.6	0	-200	0	4.5	48.4698	36.0828	10.1827	2.20432	0	0	0	0	0	0	0	0	0	0	0	0	0	0	0	0	0
00.000,00.000	6.7	0	-200	0	4.5	48.8498	36.2247	10.1913	2.43381	0	0	0	0	0	0	0	0	0	0	0	0	0	0	0	0	0
00.000,00.000	6.8	0	-200	0	4.5	49.2602	36.3952	10.2028	2.66217	0	0	0	0	0	0	0	0	0	0	0	0	0	0	0	0	0
00.000,00.000	6.9	0	-200	0	4.5	49.7039	36.5972	10.2166	2.89013	0	0	0	0	0	0	0	0	0	0	0	0	0	0	0	0	0
00.000,00.000	7	0	-200	0	4.5	50.182	36.8307	10.2332	3.11812	0	0	0	0	0	0	0	0	0	0	0	0	0	0	0	0	0
00.000,00.000	7.1	0	-200	0	4.5	50.6991	37.0989	10.254	3.34608	0	0	0	0	0	0	0	0	0	0	0	0	0	0	0	0	0
00.000,00.000	7.2	0	-200	0	4.5	51.252	37.402	10.2773	3.57272	0	0	0	0	0	0	0	0	0	0	0	0	0	0	0	0	0
00.000,00.000	7.3	0	-200	0	4.5	51.8436	37.742	10.3037	3.79795	0	0	0	0	0	0	0	0	0	0	0	0	0	0	0	0	0
00.000,00.000	7.4	0	-200	0	4.5	52.4769	38.1217	10.334	4.02114	0	0	0	0	0	0	0	0	0	0	0	0	0	0	0	0	0
00.000,00.000	7.5	0	-200	0	4.5	53.1498	38.5407	10.3671	4.24196	0	0	0	0	0	0	0	0	0	0	0	0	0	0	0	0	0
00.000,00.000	7.6	0	-200	0	4.5	53.8644	39.0009	10.403	4.46049	0	0	0	0	0	0	0	0	0	0	0	0	0	0	0	0	0
00.000,00.000	7.7	0	-200	0	4.5	54.6227	39.5041	10.4419	4.67671	0	0	0	0	0	0	0	0	0	0	0	0	0	0	0	0	0
00.000,00.000	7.8	0	-200	0	4.5	55.4254	40.0498	10.4848	4.89082	0	0	0	0	0	0	0	0	0	0	0	0	0	0	0	0	0
00.000,00.000	7.9	0	-200	0	4.5	56.2756	40.6419	10.5306	5.1031	0	0	0	0	0	0	0	0	0	0	0	0	0	0	0	0	0
00.000,00.000	8	0	-200	0	4.5	57.1749	41.2816	10.5797	5.31363	0	0	0	0	0	0	0	0	0	0	0	0	0	0	0	0	0
00.000,00.000	8.1	0	-200	0	4.5	58.1267	41.9714	10.6327	5.52248	0	0	0	0	0	0	0	0	0	0	0	0	0	0	0	0	0
00.000,00.000	8.2	0	-200	0	4.5	59.1291	42.7101	10.6891	5.72986	0	0	0	0	0	0	0	0	0	0	0	0	0	0	0	0	0
00.000,00.000	8.3	0	-200	0	4.5	60.1844	43.4996	10.7492	5.93561	0	0	0	0	0	0	0	0	0	0	0	0	0	0	0	0	0
00.000,00.000	8.4	0	-200	0	4.5	61.2887	44.3345	10.8144	6.13968	0	0	0	0	0	0	0	0	0	0	0	0	0	0	0	0	0
00.000,00.000	8.5	0	-200	0	4.5	62.4397	45.2146	10.883	6.34216	0	0	0	0	0	0	0	0	0	0	0	0	0	0	0	0	0
00.000,00.000	8.6	0	-200	0	4.5	63.6347	46.1362	10.9555	6.54294	0	0	0	0	0	0	0	0	0	0	0	0	0	0	0	0	0
00.000,00.000	8.7	0	-200	0	4.5	64.8729	47.0983	11.0326	6.74202	0	0	0	0	0	0	0	0	0	0	0	0	0	0	0	0	0
00.000,00.000	8.8	0	-200	0	4.5	66.1568	48.1035	11.1134	6.9398	0	0	0	0	0	0	0	0	0	0	0	0	0	0	0	0	0
00.000,00.000	8.9	0	-200	0	4.5	67.4917	49.1558	11.1997	7.13629	0	0	0	0	0	0	0	0	0	0	0	0	0	0	0	0	0
00.000,00.000	9	0	-200	0	4.5	68.8783	50.2565	11.2906	7.33123	0	0	0	0	0	0	0	0	0	0	0	0	0	0	0	0	0
00.000,00.000	9.1	0	-200	0	4.5	70.325	51.4139	11.3864	7.52467	0	0	0	0	0	0	0	0	0	0	0	0	0	0	0	0	0
00.000,00.000	9.2	0	-200	0	4.5	71.8754	52.6687	11.4894	7.71722	0	0	0	0	0	0	0	0	0	0	0	0	0	0	0	0	0
00.000,00.000	9.3	0	-200	0	4.5	73.5136	54.0032	11.6007	7.90981	0	0	0	0	0	0	0	0	0	0	0	0	0	0	0	0	0
00.000,00.000	9.4	0	-200	0	4.5	75.2347	55.4132	11.7183	8.10319	0	0	0	0	0	0	0	0	0	0	0	0	0	0	0	0	0
00.000,00.000	9.5	0	-200	0	4.5	77.0472	56.9074	11.8423	8.29761	0	0	0	0	0	0	0	0	0	0	0	0	0	0	0	0	0
00.000,00.000	9.6	0	-200	0	4.5	78.9564	58.491	11.9724	8.49293	0	0	0	0	0	0	0	0	0	0	0	0	0	0	0	0	0
00.000,00.000	9.7	0	-200	0	4.5	80.9623	60.1637	12.1096	8.68895	0	0	0	0	0	0	0	0	0	0	0	0	0	0	0	0	0
00.000,00.000	9.8	0	-200	0	4.5	83.0494	61.9093	12.2542	8.88589	0	0	0	0	0	0	0	0	0	0	0	0	0	0	0	0	0
00.000,00.000	9.9	0	-200	0	4.5	85.2485	63.7568	12.4071	9.08456	0	0	0	0	0	0	0	0	0	0	0	0	0	0	0	0	0
00.000,00.000	10	0	-200	0	4.5	87.5682	65.7128	12.5694	9.28601	0	0	0	0	0	0	0	0	0	0	0	0	0	0	0	0	0
00.000,00.000	10.1	0	-200	0	4.5	90.0108	67.7771	12.7428	9.49086	0	0	0	0	0	0	0	0	0	0	0	0	0	0	0	0	0
00.000,00.000	10.2	0	-200	0	4.5	92.4959	69.8816	12.9192	9.69505	0	0	0	0	0	0	0	0	0	0	0	0	0	0	0	0	0
00.000,00.000	10.3	0	-200	0	4.5	95.0748	72.0746	13.102	9.8981	0	0	0	0	0	0	0	0	0	0	0	0	0	0	0	0	0
00.000,00.000	10.4	0	-200	0	4.5	97.7452	74.3545	13.2912	10.0564	0.0431339	0	0	0	0	0	0	0	0	0	0	0	0	0	0	0	0
00.000,00.000	10.5	0	-200	0	4.5	100.489	76.7043	13.4855	10.0567	0.242153	0	0	0	0	0	0	0	0	0	0	0	0	0	0	0	0
00.000,00.000	10.6	0	-200	0	4.5	103.299	79.119	13.6849	10.0565	0.439035	0	0	0	0	0	0	0	0	0	0	0	0	0	0	0	0
00.000,00.000	10.7	0	-200	0	4.5	106.189	81.6094	13.8899	10.0565	0.633118	0	0	0	0	0	0	0	0	0	0	0	0	0	0	0	0
00.000,00.000	10.8	0	-200	0	4.5	109.173	84.1895	14.102	10.0565	0.824824	0	0	0	0	0	0	0	0	0	0	0	0	0	0	0	0
00.000,00.000	10.9	0	-200	0	4.5	112.259	86.8667	14.3213	10.0565	1.01455	0	0	0	0	0	0	0	0	0	0	0	0	0	0	0	0
00.000,00.000	11	0	-200	0	4.5	115.454	89.6456	14.5485	10.0567	1.20293	0	0	0	0	0	0	0	0	0	0	0	0	0	0	0	0
00.000,00.000	11.1	0	-200	0	4.5	118.751	92.5202	14.783	10.058	1.39022	0	0	0	0	0	0	0	0	0	0	0	0	0	0	0	0
00.000,00.000	11.2	0	-200	0	4.5	122.145	95.4844	15.0244	10.0596	1.57612	0	0	0	0	0	0	0	0	0	0	0	0	0	0	0	0
00.000,00.000	11.3	0	-200	0	4.5	125.636	98.541	15.2729	10.0619	1.76064	0	0	0	0	0	0	0	0	0	0	0	0	0	0	0	0
00.000,00.000	11.4	0	-200	0	4.5	129.22	101.682	15.5276	10.0661	1.94364	0	0	0	0	0	0	0	0	0	0	0	0	0	0	0	0
00.000,00.000	11.5	0	-200	0	4.5	132.877	104.893	15.7876	10.0712	2.12484	0	0	0	0	0	0	0	0	0	0	0	0	0	0	0	0
00.000,00.000	11.6	0	-200	0	4.5	136.603	108.169	16.0525	10.0776	2.30432	0	0	0	0	0	0	0	0	0	0	0	0	0	0	0	0
00.000,00.000	11.7	0	-200	0	4.5	140.41	111.52	16.3227	10.0853	2.48198	0	0	0	0	0	0	0	0	0	0	0	0	0	0	0	0
00.000,00.000	11.8	0	-200	0	4.5	144.306	114.955	16.5988	10.0945	2.6576	0	0	0	0	0	0	0	0	0	0	0	0	0	0	0	0
00.000,00.000	11.9	0	-200	0	4.5	148.3	118.481	16.8816	10.1061	2.83132	0	0	0	0	0	0	0	0	0	0	0	0	0	0	0	0
00.000,00.000	12	0	-200	0	4.5	152.4	122.106	17.1718	10.1191	3.00359	0	0	0	0	0	0	0	0	0	0	0	0	0	0	0	0
00.000,00.000	12.1	0	-200	0	4.5	156.605	125.825	17.471	10.134	3.17548	0	0	0	0	0	0	0	0	0	0	0	0	0	0	0	0
00.000,00.000	12.2	0	-200	0	4.5	160.867	129.594	17.777	10.1509	3.34516	0	0	0	0	0	0	0	0	0	0	0	0	0	0	0	0
00.000,00.000	12.3	0	-200	0	4.5	165.19	133.416	18.0908	10.1695	3.51353	0	0	0	0	0	0	0	0	0	0	0	0	0	0	0	0
00.000,00.000	12.4	0	-200	0	4.5	169.571	137.288	18.4121	10.1898	3.68112	0	0	0	0	0	0	0	0	0	0	0	0	0	0	0	0
00.000,00.000	12.5	0	-200	0	4.5	173.994	141.195	18.7396	10.2115	3.84746	0	0	0	0	0	0	0	0	0	0	0	0	0	0	0	0
00.000,00.000	12.6	0	-200	0	4.5	178.455	145.033	19.1742	10.235	4.01273	0	0	0	0	0	0	0	0	0	0	0	0	0	0	0	0
00.000,00.000	12.7	0	-200	0	4.5	182.963	148.708	19.8181	10.2609	4.17681	0	0	0	0	0	0	0	0	0	0	0	0	0	0	0	0
00.000,00.000	12.8	0	-200	0	4.5	187.518	152.154	20.7366	10.2883	4.33926	0	0	0	0	0	0	0	0	0	0	0	0	0	0	0	0
00.000,00.000	12.9	0	-200	0	4.5	192.071	155.569	21.6842	10.3174	4.50033	0	0	0	0	0	0	0	0	0	0	0	0	0	0	0	0
00.000,00.000	13	0	-200	0	4.5	196.678	159.027	22.6416	10.3488	4.66059	0	0	0	0	0	0	0	0	0	0	0	0	0	0	0	0
00.000,00.000	13.1	0	-200	0	4.5	201.353	162.535	23.6153	10.3822	4.8202	0	0	0	0	0	0	0	0	0	0	0	0	0	0	0	0
00.000,00.000	13.2	0	-200	0	4.5	206.093	165.847	24.8508	10.4174	4.97791	0	0	0	0	0	0	0	0	0	0	0	0	0	0	0	0
00.000,00.000	13.3	0	-200	0	4.5	210.934	169.237	26.1061	10.4553	5.13587	0	0	0	0	0	0	0	0	0	0	0	0	0	0	0	0
00.000,00.000	13.4	0	-200	0	4.5	215.842	172.679	27.3734	10.4956	5.29409	0	0	0	0	0	0	0	0	0	0	0	0	0	0	0	0
00.000,00.000	13.5	0	-200	0	4.5	220.779	176.144	28.6432	10.5392	5.45225	0	0	0	0	0	0	0	0	0	0	0	0	0	0	0	0
00.000,00.000	13.6	0	-200	0	4.5	225.725	179.619	29.9112	10.5848	5.60996	0	0	0	0	0	0	0	0	0	0	0	0	0	0	0	0
00.000,00.000	13.7	0	-200	0	4.5	230.689	183.108	31.1801	10.6328	5.76751	0	0	0	0	0	0	0	0	0	0	0	0	0	0	0	0
00.000,00.000	13.8	0	-200	0	4.5	235.685	186.622	32.4552	10.6833	5.92503	0	0	0	0	0	0	0	0	0	0	0	0	0	0	0	0
00.000,00.000	13.9	0	-200	0	4.5	240.717	190.158	33.7394	10.7367	6.08245	0	0	0	0	0	0	0	0	0	0	0	0	0	0	0	0
00.000,00.000	14	0	-200	0	4.5	245.754	193.694	35.0263	10.7953	6.23908	0	0	0	0	0	0	0	0	0	0	0	0	0	0	0	0
00.000,00.000	14.1	0	-200	0	4.5	250.837	197.255	36.3269	10.8576	6.39692	0	0	0	0	0	0	0	0	0	0	0	0	0	0	0	0
00.000,00.000	14.2	0	-200	0	4.5	255.923	200.808	37.6339	10.9245	6.55683	0	0	0	0	0	0	0	0	0	0	0	0	0	0	0	0
00.000,00.000	14.3	0	-200	0	4.5	260.923	204.291	38.923	10.9945	6.71487	0	0	0	0	0	0	0	0	0	0	0	0	0	0	0	0
00.000,00.000	14.4	0	-200	0	4.5	265.888	207.746	40.2005	11.0697	6.87197	0	0	0	0	0	0	0	0	0	0	0	0	0	0	0	0
00.000,00.000	14.5	0	-200	0	4.5	270.783	211.139	41.4674	11.1484	7.02847	0	0	0	0	0	0	0	0	0	0	0	0	0	0	0	0
00.000,00.000	14.6	0	-200	0	4.5	276.62	215.156	42.9967	11.2491	7.21803	0	0	0	0	0	0	0	0	0	0	0	0	0	0	0	0
00.000,00.000	14.7	0	-200	0	4.5	281.905	218.914	44.245	11.3491	7.39671	0	0	0	0	0	0	0	0	0	0	0	0	0	0	0	0
00.000,00.000	14.8	0	-200	0	4.5	285.377	221.428	45.0122	11.4202	7.517	0	0	0	0	0	0	0	0	0	0	0	0	0	0	0	0
00.000,00.000	14.9	0	-200	0	4.5	290.119	224.795	46.1191	11.5239	7.68086	0	0	0	0	0	0	0	0	0	0	0	0	0	0	0	0
00.000,00.000	15	0	-200	0	4.5	294.634	227.909	47.2601	11.6276	7.83712	0	0	0	0	0	0	0	0	0	0	0	0	0	0	0	0
00.000,00.000	15.1	0	-200	0	4.5	298.909	230.847	48.3443	11.7316	7.98591	0	0	0	0	0	0	0	0	0	0	0	0	0	0	0	0
00.000,00.000	15.2	0	-200	0	4.5	303.105	233.708	49.4234	11.84	8.13373	0	0	0	0	0	0	0	0	0	0	0	0	0	0	0	0
00.000,00.000	15.3	0	-200	0	4.5	307.256	236.531	50.4915	11.9527	8.28057	0	0	0	0	0	0	0	0	0	0	0	0	0	0	0	0
00.000,00.000	15.4	0	-200	0	4.5	311.354	239.311	51.5463	12.0705	8.42646	0	0	0	0	0	0	0	0	0	0	0	0	0	0	0	0
00.000,00.000	15.5	0	-200	0	4.5	315.372	241.99	52.6188	12.192	8.57129	0	0	0	0	0	0	0	0	0	0	0	0	0	0	0	0
00.000,00.000	15.6	0	-200	0	4.5	321.116	245.736	54.2201	12.3773	8.78285	0	0	0	0	0	0	0	0	0	0	0	0	0	0	0	0
00.000,00.000	15.7	0	-200	0	4.5	325.613	248.642	55.4902	12.5305	8.95058	0	0	0	0	0	0	0	0	0	0	0	0	0	0	0	0
00.000,00.000	15.8	0	-200	0	4.5	327.763	250.047	56.075	12.6084	9.03286	0	0	0	0	0	0	0	0	0	0	0	0	0	0	0	0
00.000,00.000	15.9	0	-200	0	4.5	331.88	252.87	57.0396	12.7721	9.19836	0	0	0	0	0	0	0	0	0	0	0	0	0	0	0	0
00.000,00.000	16	0	-200	0	4.5	335.605	255.44	57.784	13.032	9.34926	0	0	0	0	0	0	0	0	0	0	0	0	0	0	0	0
00.000,00.000	16.1	0	-200	0	4.5	338.978	257.778	58.2855	13.4289	9.48556	0	0	0	0	0	0	0	0	0	0	0	0	0	0	0	0
00.000,00.000	16.2	0	-200	0	4.5	342.363	260.14	58.7634	13.8369	9.62221	0	0	0	0	0	0	0	0	0	0	0	0	0	0	0	0
00.000,00.000	16.3	0	-200	0	4.5	345.732	262.491	59.2308	14.2523	9.75818	0	0	0	0	0	0	0	0	0	0	0	0	0	0	0	0
00.000,00.000	16.4	0	-200	0	4.5	349.069	264.814	59.6912	14.6707	9.89318	0	0	0	0	0	0	0	0	0	0	0	0	0	0	0	0
00.000,00.000	16.5	0	-200	0	4.5	354.486	268.57	60.4358	15.3649	10.0734	0.0415328	0	0	0	0	0	0	0	0	0	0	0	0	0	0	0
00.000,00.000	16.6	0	-200	0	4.5	359.515	272.058	61.1169	16.0182	10.0673	0.253798	0	0	0	0	0	0	0	0	0	0	0	0	0	0	0
00.000,00.000	16.7	0	-200	0	4.5	360.662	272.853	61.271	16.1697	10.0562	0.312274	0	0	0	0	0	0	0	0	0	0	0	0	0	0	0
00.000,00.000	16.8	0	-200	0	4.5	360.933	273.041	61.3068	16.206	10.0549	0.324757	0	0	0	0	0	0	0	0	0	0	0	0	0	0	0
00.000,00.000	16.9	0	-200	0	4.5	364.137	275.258	61.7281	16.6398	10.0583	0.45297	0	0	0	0	0	0	0	0	0	0	0	0	0	0	0
00.000,00.000	17	0	-200	0	4.5	368.323	278.154	62.2743	17.2125	10.0537	0.629108	0	0	0	0	0	0	0	0	0	0	0	0	0	0	0
00.000,00.000	17.1	0	-200	0	4.5	371.697	280.49	62.7088	17.6775	10.0537	0.766478	0	0	0	0	0	0	0	0	0	0	0	0	0	0	0
00.000,00.000	17.2	0	-200	0	4.5	374.871	282.691	63.1143	18.1177	10.0537	0.894445	0	0	0	0	0	0	0	0	0	0	0	0	0	0	0
00.000,00.000	17.3	0	-200	0	4.5	378.073	284.915	63.5168	18.5628	10.056	1.02185	0	0	0	0	0	0	0	0	0	0	0	0	0	0	0
00.000,00.000	17.4	0	-200	0	4.5	381.273	287.141	63.9133	19.012	10.0587	1.14861	0	0	0	0	0	0	0	0	0	0	0	0	0	0	0
00.000,00.000	17.5	0	-200	0	4.5	388.655	292.277	64.8135	20.0637	10.0607	1.43934	0	0	0	0	0	0	0	0	0	0	0	0	0	0	0
00.000,00.000	17.6	0	-200	0	4.5	392.87	295.212	65.3243	20.6706	10.0597	1.60407	0	0	0	0	0	0	0	0	0	0	0	0	0	0	0
00.000,00.000	17.7	0	-200	0	4.5	393.273	295.494	65.3717	20.7281	10.0595	1.61948	0	0	0	0	0	0	0	0	0	0	0	0	0	0	0
00.000,00.000	17.8	0	-200	0	4.5	393.74	295.823	65.4255	20.7956	10.0596	1.63725	0	0	0	0	0	0	0	0	0	0	0	0	0	0	0
00.000,00.000	17.9	0	-200	0	4.5	395.507	297.068	65.6248	21.0499	10.0607	1.70344	0	0	0	0	0	0	0	0	0	0	0	0	0	0	0
00.000,00.000	18	0	-200	0	4.5	400.544	300.635	66.184	21.7719	10.0647	1.88856	0	0	0	0	0	0	0	0	0	0	0	0	0	0	0
00.000,00.000	18.1	0	-200	0	4.5	404.479	303.428	66.6183	22.3339	10.0677	2.03086	0	0	0	0	0	0	0	0	0	0	0	0	0	0	0
00.000,00.000	18.2	0	-200	0	4.5	407.877	305.845	66.9919	22.8184	10.0703	2.1516	0	0	0	0	0	0	0	0	0	0	0	0	0	0	0
00.000,00.000	18.3	0	-200	0	4.5	411.315	308.295	67.3689	23.3061	10.0734	2.27177	0	0	0	0	0	0	0	0	0	0	0	0	0	0	0
00.000,00.000	18.4	0	-200	0	4.5	414.788	310.774	67.7489	23.7967	10.077	2.39132	0	0	0	0	0	0	0	0	0	0	0	0	0	0	0
00.000,00.000	18.5	0	-200	0	4.5	425.365	318.263	68.9738	25.2862	10.0917	2.75045	0	0	0	0	0	0	0	0	0	0	0	0	0	0	0
00.000,00.000	18.6	0	-200	0	4.5	429.457	321.15	69.4634	25.8586	10.0971	2.88733	0	0	0	0	0	0	0	0	0	0	0	0	0	0	0
00.000,00.000	18.7	0	-200	0	4.5	429.662	321.296	69.4877	25.8873	10.0974	2.89413	0	0	0	0	0	0	0	0	0	0	0	0	0	0	0
00.000,00.000	18.8	0	-200	0	4.5	430.007	321.54	69.5285	25.9349	10.098	2.90535	0	0	0	0	0	0	0	0	0	0	0	0	0	0	0
00.000,00.000	18.9	0	-200	0	4.5	430.737	322.06	69.6151	26.0348	10.0991	2.92864	0	0	0	0	0	0	0	0	0	0	0	0	0	0	0
00.000,00.000	19	0	-200	0	4.5	437.269	326.732	70.3793	26.913	10.1114	3.13269	0	0	0	0	0	0	0	0	0	0	0	0	0	0	0
00.000,00.000	19.1	0	-200	0	4.5	442.06	330.156	70.9487	27.5526	10.1222	3.28021	0	0	0	0	0	0	0	0	0	0	0	0	0	0	0
00.000,00.000	19.2	0	-200	0	4.5	445.815	332.835	71.4017	28.0515	10.1318	3.39471	0	0	0	0	0	0	0	0	0	0	0	0	0	0	0
00.000,00.000	19.3	0	-200	0	4.5	449.578	335.512	71.8648	28.5496	10.1426	3.50825	0	0	0	0	0	0	0	0	0	0	0	0	0	0	0
00.000,00.000	19.4	0	-200	0	4.5	453.358	338.191	72.3411	29.0493	10.1546	3.62139	0	0	0	0	0	0	0	0	0	0	0	0	0	0	0
00.000,00.000	19.5	0	-200	0	4.5	457.121	340.846	72.8249	29.5488	10.1676	3.73395	0	0	0	0	0	0	0	0	0	0	0	0	0	0	0
00.000,00.000	19.6	0	-200	0	4.5	469.763	349.26	74.9532	31.2247	10.2152	4.10953	0	0	0	0	0	0	0	0	0	0	0	0	0	0	0
00.000,00.000	19.7	0	-200	0	4.5	474.06	351.859	75.9415	31.7916	10.2323	4.2359	0	0	0	0	0	0	0	0	0	0	0	0	0	0	0
00.000,00.000	19.8	0	-200	0	4.5	474.694	352.243	76.0862	31.8747	10.2351	4.25436	0	0	0	0	0	0	0	0	0	0	0	0	0	0	0
00.000,00.000	19.9	0	-200	0	4.5	475.074	352.473	76.1748	31.9243	10.2369	4.26532	0	0	0	0	0	0	0	0	0	0	0	0	0	0	0
00.000,00.000	20	0	-200	0	4.5	480.003	355.297	77.4839	32.5575	10.2608	4.40473	0	0	0	0	0	0	0	0	0	0	0	0	0	0	0
00.000,00.000	20.1	0	-200	0	4.5	487.479	358.705	80.3621	33.5017	10.2983	4.61161	0	0	0	0	0	0	0	0	0	0	0	0	0	0	0
00.000,00.000	20.2	0	-200	0	4.5	492.291	360.919	82.2077	33.9876	10.4352	4.74197	0	0	0	0	0	0	0	0	0	0	0	0	0	0	0
00.000,00.000	20.3	0	-200	0	4.5	496.348	362.65	83.9102	34.3078	10.6309	4.84928	0	0	0	0	0	0	0	0	0	0	0	0	0	0	0
00.000,00.000	20.4	0	-200	0	4.5	500.472	364.365	85.6944	34.6234	10.8329	4.95615	0	0	0	0	0	0	0	0	0	0	0	0	0	0	0
00.000,00.000	20.5	0	-200	0	4.5	510.213	368.744	89.4982	35.4124	11.3358	5.22303	0	0	0	0	0	0	0	0	0	0	0	0	0	0	0
00.000,00.000	20.6	0	-200	0	4.5	523.325	375.313	93.7582	36.5547	12.0846	5.61519	0	0	0	0	0	0	0	0	0	0	0	0	0	0	0
00.000,00.000	20.7	0	-200	0	4.5	527.073	377.33	94.8015	36.8991	12.3101	5.73315	0	0	0	0	0	0	0	0	0	0	0	0	0	0	0
00.000,00.000	20.8	0	-200	0	4.5	527.313	377.46	94.868	36.9205	12.3243	5.74049	0	0	0	0	0	0	0	0	0	0	0	0	0	0	0
00.000,00.000	20.9	0	-200	0	4.5	527.608	377.621	94.95	36.9464	12.3414	5.74932	0	0	0	0	0	0	0	0	0	0	0	0	0	0	0
00.000,00.000	21	0	-200	0	4.5	528.976	378.376	95.3301	37.0619	12.4193	5.78888	0	0	0	0	0	0	0	0	0	0	0	0	0	0	0
00.000,00.000	21.1	0	-200	0	4.5	538.623	383.743	98.0025	37.8574	12.9578	6.0627	0	0	0	0	0	0	0	0	0	0	0	0	0	0	0
00.000,00.000	21.2	0	-200	0	4.5	544.256	386.903	99.5556	38.3124	13.2657	6.21949	0	0	0	0	0	0	0	0	0	0	0	0	0	0	0
00.000,00.000	21.3	0	-200	0	4.5	548.188	389.146	100.622	38.6191	13.4751	6.32539	0	0	0	0	0	0	0	0	0	0	0	0	0	0	0
00.000,00.000	21.4	0	-200	0	4.5	552.241	391.492	101.704	38.9252	13.6872	6.4319	0	0	0	0	0	0	0	0	0	0	0	0	0	0	0
00.000,00.000	21.5	0	-200	0	4.5	571.812	402.822	106.978	40.3734	14.6982	6.93929	0	0	0	0	0	0	0	0	0	0	0	0	0	0	0
00.000,00.000	21.6	0	-200	0	4.5	575.963	405.293	108.036	40.6779	14.9097	7.04591	0	0	0	0	0	0	0	0	0	0	0	0	0	0	0
00.000,00.000	21.7	0	-200	0	4.5	611.786	426.783	117.101	43.2493	16.6983	7.95411	0	0	0	0	0	0	0	0	0	0	0	0	0	0	0
00.000,00.000	21.8	0	-200	0	4.5	620.101	432.153	118.773	43.8747	17.1268	8.17371	0	0	0	0	0	0	0	0	0	0	0	0	0	0	0
00.000,00.000	21.9	0	-200	0	4.5	620.324	432.295	118.821	43.8906	17.1377	8.17926	0	0	0	0	0	0	0	0	0	0	0	0	0	0	0
00.000,00.000	22	0	-200	0	4.5	620.807	432.607	118.924	43.9241	17.1608	8.1909	0	0	0	0	0	0	0	0	0	0	0	0	0	0	0
00.000,00.000	22.1	0	-200	0	4.5	635.796	442.348	122.107	44.9367	17.8638	8.54091	0	0	0	0	0	0	0	0	0	0	0	0	0	0	0
00.000,00.000	22.2	0	-200	0	4.5	644.009	447.74	123.804	45.4892	18.2447	8.73118	0	0	0	0	0	0	0	0	0	0	0	0	0	0	0
00.000,00.000	22.3	0	-200	0	4.5	648.785	450.872	124.816	45.7997	18.4597	8.83722	0	0	0	0	0	0	0	0	0	0	0	0	0	0	0
00.000,00.000	22.4	0	-200	0	4.5	653.725	454.119	125.869	46.1139	18.6791	8.94421	0	0	0	0	0	0	0	0	0	0	0	0	0	0	0
00.000,00.000	22.5	0	-200	0	4.5	673.615	467.164	130.151	47.3694	19.5594	9.37169	0	0	0	0	0	0	0	0	0	0	0	0	0	0	0
00.000,00.000	22.6	0	-200	0	4.5	683.815	473.918	132.296	48.0088	20.0045	9.58752	0	0	0	0	0	0	0	0	0	0	0	0	0	0	0
00.000,00.000	22.7	0	-200	0	4.5	688.08	476.741	133.202	48.2728	20.189	9.67573	0	0	0	0	0	0	0	0	0	0	0	0	0	0	0
00.000,00.000	22.8	0	-200	0	4.5	688.457	476.991	133.282	48.2957	20.2051	9.68335	0	0	0	0	0	0	0	0	0	0	0	0	0	0	0
00.000,00.000	22.9	0	-200	0	4.5	688.913	477.294	133.379	48.3231	20.2246	9.6924	0	0	0	0	0	0	0	0	0	0	0	0	0	0	0
00.000,00.000	23	0	-200	0	4.5	689.579	477.736	133.523	48.3623	20.2525	9.70521	0	0	0	0	0	0	0	0	0	0	0	0	0	0	0
00.000,00.000	23.1	0	-200	0	4.5	705.065	487.686	137.114	49.3158	20.9342	9.86594	0.149087	0	0	0	0	0	0	0	0	0	0	0	0	0	0
00.000,00.000	23.2	0	-200	0	4.5	713.492	492.55	139.561	49.8644	21.3247	9.86288	0.329431	0	0	0	0	0	0	0	0	0	0	0	0	0	0
00.000,00.000	23.3	0	-200	0	4.5	718.674	495.448	141.171	50.1958	21.5606	9.86423	0.43419	0	0	0	0	0	0	0	0	0	0	0	0	0	0
00.000,00.000	23.4	0	-200	0	4.5	723.948	498.378	142.831	50.5315	21.8013	9.86519	0.540105	0	0	0	0	0	0	0	0	0	0	0	0	0	0
00.000,00.000	23.5	0	-200	0	4.5	741.249	507.444	148.736	51.6764	22.624	9.86777	0.901208	0	0	0	0	0	0	0	0	0	0	0	0	0	0
00.000,00.000	23.6	0	-200	0	4.5	756.324	515.137	153.97	52.7353	23.3798	9.86777	1.23442	0	0	0	0	0	0	0	0	0	0	0	0	0	0
00.000,00.000	23.7	0	-200	0	4.5	758.007	515.986	154.55	52.8601	23.4694	9.86777	1.27358	0	0	0	0	0	0	0	0	0	0	0	0	0	0
00.000,00.000	23.8	0	-200	0	4.5	759.543	516.803	155.035	52.9744	23.5532	9.86777	1.30927	0	0	0	0	0	0	0	0	0	0	0	0	0	0
00.000,00.000	23.9	0	-200	0	4.5	783.598	529.775	162.293	54.9162	24.5425	10.1998	1.87117	0	0	0	0	0	0	0	0	0	0	0	0	0	0
00.000,00.000	24	0	-200	0	4.5	789.433	532.957	164.005	55.3936	24.6957	10.3722	2.00927	0	0	0	0	0	0	0	0	0	0	0	0	0	0
00.000,00.000	24.1	0	-200	0	4.5	801.047	539.414	167.372	56.2938	25.0216	10.6775	2.2684	0	0	0	0	0	0	0	0	0	0	0	0	0	0
00.000,00.000	24.2	0	-200	0	4.5	808.239	543.436	169.421	56.8094	25.2748	10.8683	2.42992	0	0	0	0	0	0	0	0	0	0	0	0	0	0
00.000,00.000	24.3	0	-200	0	4.5	813.15	546.207	170.813	57.1637	25.4356	10.9946	2.53669	0	0	0	0	0	0	0	0	0	0	0	0	0	0
00.000,00.000	24.4	0	-200	0	4.5	818.147	549.058	172.202	57.5229	25.5985	11.1214	2.64397	0	0	0	0	0	0	0	0	0	0	0	0	0	0
00.000,00.000	24.5	0	-200	0	4.5	830.779	556.288	175.693	58.4325	26.0117	11.4397	2.91422	0	0	0	0	0	0	0	0	0	0	0	0	0	0
00.000,00.000	24.6	0	-200	0	4.5	834.144	558.258	176.589	58.6691	26.129	11.524	2.9747	0	0	0	0	0	0	0	0	0	0	0	0	0	0
00.000,00.000	24.7	0	-200	0	4.5	834.785	558.641	176.763	58.7142	26.1493	11.5395	2.97767	0	0	0	0	0	0	0	0	0	0	0	0	0	0
00.000,00.000	24.8	0	-200	0	4.5	844.177	564.3	179.28	59.3651	26.4474	11.7636	3.02038	0	0	0	0	0	0	0	0	0	0	0	0	0	0
00.000,00.000	24.9	0	-200	0	4.5	859.416	573.519	183.384	60.4016	26.9404	12.123	3.0486	0	0	0	0	0	0	0	0	0	0	0	0	0	0
00.000,00.000	25	0	-200	0	4.5	862.49	575.367	184.235	60.5976	27.0463	12.1952	3.0486	0	0	0	0	0	0	0	0	0	0	0	0	0	0
00.000,00.000	25.1	0	-200	0	4.5	872.306	581.443	186.807	61.2352	27.3563	12.4159	3.0486	0	0	0	0	0	0	0	0	0	0	0	0	0	0
00.000,00.000	25.2	0	-200	0	4.5	879.675	586.045	188.701	61.7008	27.5992	12.5797	3.0486	0	0	0	0	0	0	0	0	0	0	0	0	0	0
00.000,00.000	25.3	0	-200	0	4.5	885.55	589.745	190.187	62.0701	27.7915	12.7078	3.0486	0	0	0	0	0	0	0	0	0	0	0	0	0	0
00.000,00.000	25.4	0	-200	0	4.5	891.572	593.567	191.685	62.4471	27.9875	12.8368	3.0486	0	0	0	0	0	0	0	0	0	0	0	0	0	0
00.000,00.000	25.5	0	-200	0	4.5	897.883	597.607	193.212	62.8469	28.1956	12.9724	3.0486	0	0	0	0	0	0	0	0	0	0	0	0	0	0
00.000,00.000	25.6	0	-200	0	4.5	920.227	612.026	198.5	64.2703	28.9337	13.4486	3.0486	0	0	0	0	0	0	0	0	0	0	0	0	0	0
00.000,00.000	25.7	0	-200	0	4.5	925.09	615.227	199.585	64.5805	29.0962	13.5522	3.0486	0	0	0	0	0	0	0	0	0	0	0	0	0	0
00.000,00.000	25.8	0	-200	0	4.5	926.774	616.328	199.973	64.6867	29.1509	13.5869	3.0486	0	0	0	0	0	0	0	0	0	0	0	0	0	0
00.000,00.000	25.9	0	-200	0	4.5	927.447	616.774	200.123	64.7289	29.1726	13.6005	3.0486	0	0	0	0	0	0	0	0	0	0	0	0	0	0
00.000,00.000	26	0	-200	0	4.5	939.741	624.978	202.813	65.4944	29.5629	13.844	3.0486	0	0	0	0	0	0	0	0	0	0	0	0	0	0
00.000,00.000	26.1	0	-200	0	4.5	950.551	632.131	205.186	66.1992	29.9208	14.0652	3.0486	0	0	0	0	0	0	0	0	0	0	0	0	0	0
00.000,00.000	26.2	0	-200	0	4.5	957.355	636.482	206.782	66.6713	30.1595	14.2113	3.0486	0	0	0	0	0	0	0	0	0	0	0	0	0	0
00.000,00.000	26.3	0	-200	0	4.5	963.393	640.248	208.258	67.1119	30.3797	14.346	3.0486	0	0	0	0	0	0	0	0	0	0	0	0	0	0
00.000,00.000	26.4	0	-200	0	4.5	969.163	643.737	209.734	67.5586	30.6023	14.4816	3.0486	0	0	0	0	0	0	0	0	0	0	0	0	0	0
00.000,00.000	26.5	0	-200	0	4.5	977.551	648.664	211.981	68.2184	30.948	14.6911	3.0486	0	0	0	0	0	0	0	0	0	0	0	0	0	0
00.000,00.000	26.6	0	-200	0	4.5	994.864	658.769	216.723	69.6667	31.6783	14.9786	3.0486	0	0	0	0	0	0	0	0	0	0	0	0	0	0
00.000,00.000	26.7	0	-200	0	4.5	998.159	660.687	217.634	69.9697	31.8232	14.997	3.0486	0	0	0	0	0	0	0	0	0	0	0	0	0	0
00.000,00.000	26.8	0	-200	0	4.5	1016.38	671.308	222.646	71.6418	32.6249	15.1077	3.0486	0	0	0	0	0	0	0	0	0	0	0	0	0	0
00.000,00.000	26.9	0	-200	0	4.5	1022	674.597	224.153	72.1884	32.8742	15.1422	3.0486	0	0	0	0	0	0	0	0	0	0	0	0	0	0
00.000,00.000	27	0	-200	0	4.5	1022.74	675.033	224.35	72.2586	32.9063	15.1468	3.0486	0	0	0	0	0	0	0	0	0	0	0	0	0	0
00.000,00.000	27.1	0	-200	0	4.5	1034.49	682.028	227.399	73.3763	33.4112	15.2236	3.0486	0	0	0	0	0	0	0	0	0	0	0	0	0	0
00.000,00.000	27.2	0	-200	0	4.5	1042.42	686.796	229.408	74.1378	33.7516	15.2769	3.0486	0	0	0	0	0	0	0	0	0	0	0	0	0	0
00.000,00.000	27.3	0	-200	0	4.5	1048.21	690.313	230.847	74.6911	33.9961	15.3176	3.0486	0	0	0	0	0	0	0	0	0	0	0	0	0	0
00.000,00.000	27.4	0	-200	0	4.5	1054.12	693.947	232.284	75.2399	34.244	15.3602	3.0486	0	0	0	0	0	0	0	0	0	0	0	0	0	0
00.000,00.000	27.5	0	-200	0	4.5	1065.47	700.837	235.044	76.3583	34.7332	15.447	3.0486	0	0	0	0	0	0	0	0	0	0	0	0	0	0
00.000,00.000	27.6	0	-200	0	4.5	1083.96	712.242	239.353	78.215	35.513	15.5907	3.0486	0	0	0	0	0	0	0	0	0	0	0	0	0	0
00.000,00.000	27.7	0	-200	0	4.5	1087.26	714.286	240.104	78.5455	35.6539	15.6172	3.0486	0	0	0	0	0	0	0	0	0	0	0	0	0	0
00.000,00.000	27.8	0	-200	0	4.5	1105.96	725.91	244.404	80.3894	36.4392	15.7721	3.0486	0	0	0	0	0	0	0	0	0	0	0	0	0	0
00.000,00.000	27.9	0	-200	0	4.5	1110.93	729.035	245.467	80.9177	36.6502	15.8143	3.0486	0	0	0	0	0	0	0	0	0	0	0	0	0	0
00.000,00.000	28	0	-200	0	4.5	1114.34	731.221	246.189	81.2516	36.7886	15.8435	3.0486	0	0	0	0	0	0	0	0	0	0	0	0	0	0
00.000,00.000	28.1	0	-200	0	4.5	1126.5	739.069	248.735	82.4247	37.2759	15.9487	3.0486	0	0	0	0	0	0	0	0	0	0	0	0	0	0
00.000,00.000	28.2	0	-200	0	4.5	1134.97	744.578	250.499	83.2097	37.6108	16.0228	3.0486	0	0	0	0	0	0	0	0	0	0	0	0	0	0
00.000,00.000	28.3	0	-200	0	4.5	1141.86	749.098	251.911	83.8417	37.8803	16.0845	3.0486	0	0	0	0	0	0	0	0	0	0	0	0	0	0
00.000,00.000	28.4	0	-200	0	4.5	1148.91	753.762	253.334	84.468	38.1521	16.1488	3.0486	0	0	0	0	0	0	0	0	0	0	0	0	0	0
00.000,00.000	28.5	0	-200	0	4.5	1156.21	758.581	254.756	85.1723	38.4359	16.2179	3.0486	0	0	0	0	0	0	0	0	0	0	0	0	0	0
00.000,00.000	28.6	0	-200	0	4.5	1182.32	775.797	259.837	87.7134	39.449	16.4719	3.0486	0	0	0	0	0	0	0	0	0	0	0	0	0	0
00.000,00.000	28.7	0	-200	0	4.5	1189.88	780.85	261.244	88.4476	39.7391	16.5459	3.0486	0	0	0	0	0	0	0	0	0	0	0	0	0	0
00.000,00.000	28.8	0	-200	0	4.5	1190.5	781.273	261.357	88.5053	39.7626	16.5522	3.0486	0	0	0	0	0	0	0	0	0	0	0	0	0	0
00.000,00.000	28.9	0	-200	0	4.5	1191.25	781.794	261.489	88.5712	39.7907	16.5598	3.0486	0	0	0	0	0	0	0	0	0	0	0	0	0	0
00.000,00.000	29	0	-200	0	4.5	1206.12	792.155	264.043	89.821	40.3381	16.712	3.0486	0	0	0	0	0	0	0	0	0	0	0	0	0	0
00.000,00.000	29.1	0	-200	0	4.5	1218.43	800.844	266.159	90.7386	40.7969	16.8413	3.0486	0	0	0	0	0	0	0	0	0	0	0	0	0	0
00.000,00.000	29.2	0	-200	0	4.5	1226.82	806.813	267.544	91.3838	41.1017	16.9303	3.0486	0	0	0	0	0	0	0	0	0	0	0	0	0	0
00.000,00.000	29.3	0	-200	0	4.5	1234.82	812.554	268.83	91.9799	41.3878	17.0165	3.0486	0	0	0	0	0	0	0	0	0	0	0	0	0	0
00.000,00.000	29.4	0	-200	0	4.5	1242.92	818.426	270.11	92.5543	41.6743	17.1052	3.0486	0	0	0	0	0	0	0	0	0	0	0	0	0	0
00.000,00.000	29.5	0	-200	0	4.5	1251.19	824.408	271.424	93.1386	41.9713	17.2001	3.0486	0	0	0	0	0	0	0	0	0	0	0	0	0	0
00.000,00.000	29.6	0	-200	0	4.5	1280.05	845.324	275.947	95.174	43.016	17.5435	3.0486	0	0	0	0	0	0	0	0	0	0	0	0	0	0
00.000,00.000	29.7	0	-200	0	4.5	1288.28	851.42	277.107	95.7534	43.3134	17.6417	3.0486	0	0	0	0	0	0	0	0	0	0	0	0	0	0
00.000,00.000	29.8	0	-200	0	4.5	1288.89	851.869	277.194	95.7933	43.335	17.6492	3.0486	0	0	0	0	0	0	0	0	0	0	0	0	0	0
00.000,00.000	29.9	0	-200	0	4.5	1289.63	852.425	277.296	95.839	43.3604	17.6582	3.0486	0	0	0	0	0	0	0	0	0	0	0	0	0	0
00.000,00.000	30	0	-200	0	4.5	1301.35	861.318	278.893	96.5311	43.7597	17.8031	3.0486	0	0	0	0	0	0	0	0	0	0	0	0	0	0
00.000,00.000	30.1	0	-200	0	4.5	1315.8	872.279	280.846	97.3776	44.2599	17.9872	3.0486	0	0	0	0	0	0	0	0	0	0	0	0	0	0
00.000,00.000	30.2	0	-200	0	4.5	1325.18	879.371	282.149	97.9069	44.5932	18.1124	3.0486	0	0	0	0	0	0	0	0	0	0	0	0	0	0
00.000,00.000	30.3	0	-200	0	4.5	1333.34	885.565	283.286	98.3327	44.8864	18.2252	3.0486	0	0	0	0	0	0	0	0	0	0	0	0	0	0
00.000,00.000	30.4	0	-200	0	4.5	1341.34	891.608	284.412	98.75	45.1817	18.3411	3.0486	0	0	0	0	0	0	0	0	0	0	0	0	0	0
00.000,00.000	30.5	0	-200	0	4.5	1349.4	897.682	285.543	99.1697	45.4888	18.4642	3.0486	0	0	0	0	0	0	0	0	0	0	0	0	0	0
00.000,00.000	30.6	0	-200	0	4.5	1370.82	913.35	288.814	100.371	46.3988	18.8371	3.0486	0	0	0	0	0	0	0	0	0	0	0	0	0	0
00.000,00.000	30.7	0	-200	0	4.5	1385.35	923.701	291.224	101.2	47.0625	19.1131	3.04875	0	0	0	0	0	0	0	0	0	0	0	0	0	0
00.000,00.000	30.8	0	-200	0	4.5	1386.75	924.702	291.453	101.276	47.1268	19.1401	3.04889	0	0	0	0	0	0	0	0	0	0	0	0	0	0
00.000,00.000	30.9	0	-200	0	4.5	1387.36	925.145	291.549	101.309	47.1537	19.1518	3.04899	0	0	0	0	0	0	0	0	0	0	0	0	0	0
00.000,00.000	31	0	-200	0	4.5	1396.12	931.547	292.923	101.747	47.5308	19.3183	3.05115	0	0	0	0	0	0	0	0	0	0	0	0	0	0
00.000,00.000	31.1	0	-200	0	4.5	1408.02	940.261	294.807	102.33	48.0148	19.5485	3.05474	0	0	0	0	0	0	0	0	0	0	0	0	0	0
00.000,00.000	31.2	0	-200	0	4.5	1416.05	946.145	296.118	102.703	48.3223	19.7062	3.05767	0	0	0	0	0	0	0	0	0	0	0	0	0	0
00.000,00.000	31.3	0	-200	0	4.5	1423.06	951.315	297.231	103.01	48.5935	19.8446	3.0607	0	0	0	0	0	0	0	0	0	0	0	0	0	0
00.000,00.000	31.4	0	-200	0	4.5	1430.05	956.527	298.311	103.301	48.8623	19.985	3.0642	0	0	0	0	0	0	0	0	0	0	0	0	0	0
00.000,00.000	31.5	0	-200	0	4.5	1449	970.288	301.431	104.116	49.6803	20.414	3.07617	0	0	0	0	0	0	0	0	0	0	0	0	0	0
00.000,00.000	31.6	0	-200	0	4.5	1471.76	986.395	305.368	105.131	50.7743	20.9978	3.09413	0	0	0	0	0	0	0	0	0	0	0	0	0	0
00.000,00.000	31.7	0	-200	0	4.5	1477.28	990.459	306.236	105.343	51.0147	21.1286	3.09855	0	0	0	0	0	0	0	0	0	0	0	0	0	0
00.000,00.000	31.8	0	-200	0	4.5	1477.44	990.581	306.261	105.349	51.022	21.1326	3.0987	0	0	0	0	0	0	0	0	0	0	0	0	0	0
00.000,00.000	31.9	0	-200	0	4.5	1511.19	1015.66	311.439	106.47	52.5077	21.9791	3.13229	0	0	0	0	0	0	0	0	0	0	0	0	0	0
00.000,00.000	32	0	-200	0	4.5	1520.84	1022.88	312.946	106.757	52.8864	22.2298	3.14248	0	0	0	0	0	0	0	0	0	0	0	0	0	0
00.000,00.000	32.1	0	-200	0	4.5	1536.37	1034.56	315.301	107.207	53.5117	22.6337	3.16233	0	0	0	0	0	0	0	0	0	0	0	0	0	0
00.000,00.000	32.2	0	-200	0	4.5	1545.69	1041.52	316.76	107.454	53.8905	22.8837	3.17484	0	0	0	0	0	0	0	0	0	0	0	0	0	0
00.000,00.000	32.3	0	-200	0	4.5	1551.68	1046.04	317.674	107.602	54.1351	23.0463	3.1837	0	0	0	0	0	0	0	0	0	0	0	0	0	0
00.000,00.000	32.4	0	-200	0	4.5	1557.66	1050.57	318.572	107.735	54.3799	23.2113	3.1933	0	0	0	0	0	0	0	0	0	0	0	0	0	0
00.000,00.000	32.5	0	-200	0	4.5	1563.53	1054.97	319.471	107.862	54.6372	23.3871	3.20418	0	0	0	0	0	0	0	0	0	0	0	0	0	0
00.000,00.000	32.6	0	-200	0	4.5	1588.68	1073.66	323.384	108.467	55.7305	24.1769	3.25619	0	0	0	0	0	0	0	0	0	0	0	0	0	0
00.000,00.000	32.7	0	-200	0	4.5	1608.56	1088.66	326.338	108.9	56.5555	24.8149	3.30062	0	0	0	0	0	0	0	0	0	0	0	0	0	0
00.000,00.000	32.8	0	-200	0	4.5	1610.03	1089.78	326.549	108.928	56.6094	24.8615	3.30396	0	0	0	0	0	0	0	0	0	0	0	0	0	0
00.000,00.000	32.9	0	-200	0	4.5	1610.27	1089.97	326.582	108.933	56.6191	24.869	3.30454	0	0	0	0	0	0	0	0	0	0	0	0	0	0
00.000,00.000	33	0	-200	0	4.5	1631.1	1106.29	329.323	109.27	57.396	25.4646	3.35614	0	0	0	0	0	0	0	0	0	0	0	0	0	0
00.000,00.000	33.1	0	-200	0	4.5	1644.7	1116.98	331.229	109.477	57.8438	25.7782	3.39147	0	0	0	0	0	0	0	0	0	0	0	0	0	0
00.000,00.000	33.2	0	-200	0	4.5	1651.23	1122.14	332.097	109.568	58.067	25.9408	3.40884	0	0	0	0	0	0	0	0	0	0	0	0	0	0
00.000,00.000	33.3	0	-200	0	4.5	1657.1	1126.8	332.872	109.642	58.2699	26.091	3.42497	0	0	0	0	0	0	0	0	0	0	0	0	0	0
00.000,00.000	33.4	0	-200	0	4.5	1663.06	1131.54	333.65	109.711	58.4736	26.2435	3.44179	0	0	0	0	0	0	0	0	0	0	0	0	0	0
00.000,00.000	33.5	0	-200	0	4.5	1668.88	1136.08	334.454	109.778	58.6975	26.4128	3.46098	0	0	0	0	0	0	0	0	0	0	0	0	0	0
00.000,00.000	33.6	0	-200	0	4.5	1699.54	1159.58	338.85	110.129	59.9972	27.4045	3.57548	0	0	0	0	0	0	0	0	0	0	0	0	0	0
00.000,00.000	33.7	0	-200	0	4.5	1713.16	1170.48	340.527	110.259	60.5049	27.7722	3.62165	0	0	0	0	0	0	0	0	0	0	0	0	0	0
00.000,00.000	33.8	0	-200	0	4.5	1713.2	1170.51	340.531	110.259	60.5063	27.7731	3.62177	0	0	0	0	0	0	0	0	0	0	0	0	0	0
00.000,00.000	33.9	0	-200	0	4.5	1734.91	1187.96	343.116	110.423	61.3411	28.3622	3.70233	0	0	0	0	0	0	0	0	0	0	0	0	0	0
00.000,00.000	34	0	-200	0	4.5	1742.06	1193.79	343.95	110.478	61.5876	28.5286	3.72912	0	0	0	0	0	0	0	0	0	0	0	0	0	0
00.000,00.000	34.1	0	-200	0	4.5	1753.8	1203.41	345.252	110.545	61.9854	28.8355	3.77345	0	0	0	0	0	0	0	0	0	0	0	0	0	0
00.000,00.000	34.2	0	-200	0	4.5	1761.64	1209.92	346.086	110.586	62.2234	29.0187	3.80348	0	0	0	0	0	0	0	0	0	0	0	0	0	0
00.000,00.000	34.3	0	-200	0	4.5	1767.6	1214.9	346.689	110.611	62.4068	29.1622	3.82647	0	0	0	0	0	0	0	0	0	0	0	0	0	0
00.000,00.000	34.4	0	-200	0	4.5	1773.59	1219.94	347.274	110.632	62.5867	29.3045	3.85007	0	0	0	0	0	0	0	0	0	0	0	0	0	0
00.000,00.000	34.5	0	-200	0	4.5	1779.56	1224.98	347.843	110.648	62.7659	29.4477	3.87457	0	0	0	0	0	0	0	0	0	0	0	0	0	0
00.000,00.000	34.6	0	-200	0	4.5	1808.11	1248.06	351.08	110.727	63.9059	30.3622	3.9799	0	0	0	0	0	0	0	0	0	0	0	0	0	0
00.000,00.000	34.7	0	-200	0	4.5	1816.25	1254.78	351.953	110.749	64.184	30.5858	3.99033	0	0	0	0	0	0	0	0	0	0	0	0	0	0
00.000,00.000	34.8	0	-200	0	4.5	1816.33	1254.86	351.96	110.749	64.1864	30.5877	3.99059	0	0	0	0	0	0	0	0	0	0	0	0	0	0
00.000,00.000	34.9	0	-200	0	4.5	1844.26	1278.49	354.248	111.172	65.047	31.2367	4.06974	0	0	0	0	0	0	0	0	0	0	0	0	0	0
00.000,00.000	35	0	-200	0	4.5	1851.57	1284.59	354.926	111.391	65.2247	31.3822	4.05492	0	0	0	0	0	0	0	0	0	0	0	0	0	0
00.000,00.000	35.1	0	-200	0	4.5	1866.27	1297.24	355.975	111.728	65.5708	31.6819	4.07877	0	0	0	0	0	0	0	0	0	0	0	0	0	0
00.000,00.000	35.2	0	-200	0	4.5	1875.76	1305.3	356.733	111.974	65.7805	31.8852	4.08582	0	0	0	0	0	0	0	0	0	0	0	0	0	0
00.000,00.000	35.3	0	-200	0	4.5	1880.73	1309.55	357.11	112.098	65.8918	31.9909	4.09289	0	0	0	0	0	0	0	0	0	0	0	0	0	0
00.000,00.000	35.4	0	-200	0	4.5	1886.29	1314.38	357.484	112.224	66.0047	32.1022	4.10244	0	0	0	0	0	0	0	0	0	0	0	0	0	0
00.000,00.000	35.5	0	-200	0	4.5	1892.73	1319.99	357.905	112.365	66.1281	32.2276	4.11295	0	0	0	0	0	0	0	0	0	0	0	0	0	0
00.000,00.000	35.6	0	-200	0	4.5	1899.35	1325.56	358.43	112.551	66.2889	32.3949	4.12846	0	0	0	0	0	0	0	0	0	0	0	0	0	0
00.000,00.000	35.7	0	-200	0	4.5	1935.81	1356.08	361.279	113.618	67.2104	33.3934	4.22861	0	0	0	0	0	0	0	0	0	0	0	0	0	0
00.000,00.000	35.8	0	-200	0	4.5	1943.3	1362.47	361.874	113.821	67.3688	33.5393	4.23433	0	0	0	0	0	0	0	0	0	0	0	0	0	0
00.000,00.000	35.9	0	-200	0	4.5	1979.52	1393.85	364.04	115.026	68.0346	34.2718	4.29777	0	0	0	0	0	0	0	0	0	0	0	0	0	0
00.000,00.000	36	0	-200	0	4.5	1988.15	1400.98	364.682	115.231	68.5245	34.4333	4.30525	0	0	0	0	0	0	0	0	0	0	0	0	0	0
00.000,00.000	36.1	0	-200	0	4.5	2001.28	1411.78	365.639	115.688	69.1047	34.7297	4.33122	0	0	0	0	0	0	0	0	0	0	0	0	0	0
00.000,00.000	36.2	0	-200	0	4.5	2009.98	1419.15	366.186	115.928	69.4814	34.8917	4.34373	0	0	0	0	0	0	0	0	0	0	0	0	0	0
00.000,00.000	36.3	0	-200	0	4.5	2016.45	1424.48	366.65	116.133	69.7867	35.0413	4.35768	0	0	0	0	0	0	0	0	0	0	0	0	0	0
00.000,00.000	36.4	0	-200	0	4.5	2021.69	1428.93	366.973	116.276	70.0003	35.1429	4.36699	0	0	0	0	0	0	0	0	0	0	0	0	0	0
00.000,00.000	36.5	0	-200	0	4.5	2027.85	1434.21	367.327	116.437	70.2377	35.261	4.37859	0	0	0	0	0	0	0	0	0	0	0	0	0	0
00.000,00.000	36.6	0	-200	0	4.5	2036	1440.93	367.892	116.7	70.6246	35.4564	4.39819	0	0	0	0	0	0	0	0	0	0	0	0	0	0
00.000,00.000	36.7	0	-200	0	4.5	2063.9	1464.01	369.674	117.754	71.8616	36.1496	4.44718	0	0	0	0	0	0	0	0	0	0	0	0	0	0
00.000,00.000	36.8	0	-200	0	4.5	2069.17	1468.28	370.127	117.974	72.0788	36.2675	4.44071	0	0	0	0	0	0	0	0	0	0	0	0	0	0
00.000,00.000	36.9	0	-200	0	4.5	2083.72	1480.43	371.125	118.509	72.6143	36.5771	4.45711	0	0	0	0	0	0	0	0	0	0	0	0	0	0
00.000,00.000	37	0	-200	0	4.5	2091.13	1486.63	371.657	118.779	72.8806	36.7318	4.457	0	0	0	0	0	0	0	0	0	0	0	0	0	0
00.000,00.000	37.1	0	-200	0	4.5	2098.75	1493.14	372.122	119.027	73.1218	36.8767	4.46554	0	0	0	0	0	0	0	0	0	0	0	0	0	0
00.000,00.000	37.2	0	-200	0	4.5	2105.91	1499.26	372.56	119.26	73.3464	37.0141	4.47247	0	0	0	0	0	0	0	0	0	0	0	0	0	0
00.000,00.000	37.3	0	-200	0	4.5	2112.22	1504.71	372.923	119.455	73.5306	37.1268	4.47856	0	0	0	0	0	0	0	0	0	0	0	0	0	0
00.000,00.000	37.4	0	-200	0	4.5	2118.51	1510.16	373.274	119.643	73.7078	37.2364	4.48519	0	0	0	0	0	0	0	0	0	0	0	0	0	0
00.000,00.000	37.5	0	-200	0	4.5	2125.02	1515.84	373.622	119.834	73.8836	37.3473	4.49195	0	0	0	0	0	0	0	0	0	0	0	0	0	0
00.000,00.000	37.6	0	-200	0	4.5	2141.87	1530.14	374.626	120.431	74.4417	37.7101	4.5187	0	0	0	0	0	0	0	0	0	0	0	0	0	0
00.000,00.000	37.7	0	-200	0	4.5	2148.16	1535.48	375.01	120.66	74.6535	37.8338	4.52353	0	0	0	0	0	0	0	0	0	0	0	0	0	0
00.000,00.000	37.8	0	-200	0	4.5	2148.34	1535.64	375.019	120.665	74.6587	37.8365	4.52377	0	0	0	0	0	0	0	0	0	0	0	0	0	0
00.000,00.000	37.9	0	-200	0	4.5	2155.36	1541.79	375.366	120.881	74.8531	37.9414	4.53349	0	0	0	0	0	0	0	0	0	0	0	0	0	0
00.000,00.000	38	0	-200	0	4.5	2157.35	1543.54	375.469	120.945	74.9104	37.9503	4.53248	0	0	0	0	0	0	0	0	0	0	0	0	0	0
00.000,00.000	38.1	0	-200	0	4.5	2166.96	1552.05	375.911	121.229	75.1622	38.0665	4.54619	0	0	0	0	0	0	0	0	0	0	0	0	0	0
00.000,00.000	38.2	0	-200	0	4.5	2174.97	1559.19	376.266	121.456	75.3641	38.1414	4.55219	0	0	0	0	0	0	0	0	0	0	0	0	0	0
00.000,00.000	38.3	0	-200	0	4.5	2180.66	1564.25	376.52	121.622	75.5104	38.1993	4.55855	0	0	0	0	0	0	0	0	0	0	0	0	0	0
00.000,00.000	38.4	0	-200	0	4.5	2186.73	1569.7	376.765	121.786	75.6537	38.2617	4.56559	0	0	0	0	0	0	0	0	0	0	0	0	0	0
00.000,00.000	38.5	0	-200	0	4.5	2192.89	1575.22	377.009	121.957	75.804	38.3288	4.57316	0	0	0	0	0	0	0	0	0	0	0	0	0	0
00.000,00.000	38.6	0	-200	0	4.5	2202.43	1583.58	377.431	122.276	76.0847	38.4687	4.5899	0	0	0	0	0	0	0	0	0	0	0	0	0	0
00.000,00.000	38.7	0	-200	0	4.5	2213	1592.9	377.882	122.613	76.3814	38.6177	4.60718	0	0	0	0	0	0	0	0	0	0	0	0	0	0
00.000,00.000	38.8	0	-200	0	4.5	2214.66	1594.37	377.951	122.667	76.4282	38.6327	4.60774	0	0	0	0	0	0	0	0	0	0	0	0	0	0
00.000,00.000	38.9	0	-200	0	4.5	2220.86	1599.91	378.178	122.847	76.5847	38.726	4.61773	0	0	0	0	0	0	0	0	0	0	0	0	0	0
00.000,00.000	39	0	-200	0	4.5	2222.12	1601.03	378.226	122.885	76.618	38.738	4.61796	0	0	0	0	0	0	0	0	0	0	0	0	0	0
00.000,00.000	39.1	0	-200	0	4.5	2235.67	1613.19	378.692	123.271	76.9512	38.9302	4.63795	0	0	0	0	0	0	0	0	0	0	0	0	0	0
00.000,00.000	39.2	0	-200	0	4.5	2242.49	1619.26	378.946	123.483	77.1344	39.0231	4.6447	0	0	0	0	0	0	0	0	0	0	0	0	0	0
00.000,00.000	39.3	0	-200	0	4.5	2247.26	1623.52	379.109	123.625	77.2557	39.0912	4.65213	0	0	0	0	0	0	0	0	0	0	0	0	0	0
00.000,00.000	39.4	0	-200	0	4.5	2252.19	1627.96	379.271	123.768	77.3794	39.1606	4.65976	0	0	0	0	0	0	0	0	0	0	0	0	0	0
00.000,00.000	39.5	0	-200	0	4.5	2256.54	1631.8	379.424	123.911	77.4991	39.2365	4.66765	0	0	0	0	0	0	0	0	0	0	0	0	0	0
00.000,00.000	39.6	0	-200	0	4.5	2276.43	1649.41	380.027	124.562	78.0555	39.6309	4.74316	0	0	0	0	0	0	0	0	0	0	0	0	0	0
00.000,00.000	39.7	0	-200	0	4.5	2280.36	1652.89	380.151	124.523	78.3277	39.7011	4.76914	0	0	0	0	0	0	0	0	0	0	0	0	0	0
00.000,00.000	39.8	0	-200	0	4.5	2281.54	1653.91	380.192	124.53	78.4012	39.7266	4.77531	0	0	0	0	0	0	0	0	0	0	0	0	0	0
00.000,00.000	39.9	0	-200	0	4.5	2286.17	1657.98	380.337	124.551	78.6891	39.826	4.79206	0	0	0	0	0	0	0	0	0	0	0	0	0	0
00.000,00.000	40	0	-200	0	4.5	2287.41	1659.06	380.374	124.538	78.782	39.8512	4.79996	0	0	0	0	0	0	0	0	0	0	0	0	0	0
00.000,00.000	40.1	0	-200	0	4.5	2293.7	1664.62	380.546	124.559	79.1614	39.9759	4.83047	0	0	0	0	0	0	0	0	0	0	0	0	0	0
00.000,00.000	40.2	0	-200	0	4.5	2299.55	1669.76	380.71	124.563	79.5563	40.0912	4.86892	0	0	0	0	0	0	0	0	0	0	0	0	0	0
00.000,00.000	40.3	0	-200	0	4.5	2303.99	1673.63	380.833	124.567	79.8688	40.1833	4.90283	0	0	0	0	0	0	0	0	0	0	0	0	0	0
00.000,00.000	40.4	0	-200	0	4.5	2307.57	1676.71	380.965	124.571	80.1323	40.259	4.93345	0	0	0	0	0	0	0	0	0	0	0	0	0	0
00.000,00.000	40.5	0	-200	0	4.5	2310.34	1679	381.154	124.574	80.3409	40.3179	4.95771	0	0	0	0	0	0	0	0	0	0	0	0	0	0
00.000,00.000	40.6	0	-200	0	4.5	2321.99	1688.26	382.108	124.597	81.359	40.596	5.06772	0	0	0	0	0	0	0	0	0	0	0	0	0	0
00.000,00.000	40.7	0	-200	0	4.5	2324.14	1690.07	382.167	124.595	81.5549	40.6499	5.09849	0	0	0	0	0	0	0	0	0	0	0	0	0	0
00.000,00.000	40.8	0	-200	0	4.5	2329.12	1694.23	382.294	124.605	82.0481	40.7796	5.16423	0	0	0	0	0	0	0	0	0	0	0	0	0	0
00.000,00.000	40.9	0	-200	0	4.5	2332.17	1696.78	382.366	124.611	82.3456	40.8562	5.20594	0	0	0	0	0	0	0	0	0	0	0	0	0	0
00.000,00.000	41	0	-200	0	4.5	2332.51	1697.07	382.373	124.612	82.3801	40.8651	5.21108	0	0	0	0	0	0	0	0	0	0	0	0	0	0
00.000,00.000	41.1	0	-200	0	4.5	2337.05	1700.89	382.457	124.631	82.8249	40.9736	5.2743	0	0	0	0	0	0	0	0	0	0	0	0	0	0
00.000,00.000	41.2	0	-200	0	4.5	2343.03	1705.9	382.556	124.662	83.4154	41.1136	5.37763	0	0	0	0	0	0	0	0	0	0	0	0	0	0
00.000,00.000	41.3	0	-200	0	4.5	2344.39	1707.03	382.578	124.67	83.554	41.146	5.4068	0	0	0	0	0	0	0	0	0	0	0	0	0	0
00.000,00.000	41.4	0	-200	0	4.5	2347.19	1709.38	382.614	124.692	83.8436	41.2105	5.45149	0	0	0	0	0	0	0	0	0	0	0	0	0	0
00.000,00.000	41.5	0	-200	0	4.5	2349.75	1711.52	382.644	124.715	84.1125	41.2689	5.49694	0	0	0	0	0	0	0	0	0	0	0	0	0	0
00.000,00.000	41.6	0	-200	0	4.5	2356.33	1716.8	382.71	124.798	84.9432	41.442	5.62736	0.0103571	0	0	0	0	0	0	0	0	0	0	0	0	0
00.000,00.000	41.7	0	-200	0	4.5	2358.29	1718.23	382.727	124.822	85.1709	41.4901	5.67437	0.178348	0	0	0	0	0	0	0	0	0	0	0	0	0
00.000,00.000	41.8	0	-200	0	4.5	2358.29	1718.23	382.727	124.822	85.171	41.4901	5.67439	0.178393	0	0	0	0	0	0	0	0	0	0	0	0	0
00.000,00.000	41.9	0	-200	0	4.5	2358.31	1718.24	382.727	124.823	85.1738	41.4906	5.67482	0.179646	0	0	0	0	0	0	0	0	0	0	0	0	0
00.000,00.000	42	0	-200	0	4.5	2359.96	1719.44	382.735	124.859	85.384	41.528	5.7134	0.29599	0	0	0	0	0	0	0	0	0	0	0	0	0