
label	time(d)	x	depth	z	radius	total	0-10	10-20	20-30	30-40	40-50	50-60	60-70	70-80	80-90	90-100	100-110	110-120	120-130	130-140	140-150	150-160	160-170	170-180	180-190	190-200
05.500,00.000	0	5.5	-200	0	4.5	0	0	0	0	0	0	0	0	0	0	0	0	0	0	0	0	0	0	0	0	0
05.500,00.000	0.1	5.5	-200	0	4.5	0	0	0	0	0	0	0	0	0	0	0	0	0	0	0	0	0	0	0	0	0
05.500,00.000	0.2	5.5	-200	0	4.5	0	0	0	0	0	0	0	0	0	0	0	0	0	0	0	0	0	0	0	0	0
05.500,00.000	0.3	5.5	-200	0	4.5	0	0	0	0	0	0	0	0	0	0	0	0	0	0	0	0	0	0	0	0	0
05.500,00.000	0.4	5.5	-200	0	4.5	0	0	0	0	0	0	0	0	0	0	0	0	0	0	0	0	0	0	0	0	0
05.500,00.000	0.5	5.5	-200	0	4.5	0	0	0	0	0	0	0	0	0	0	0	0	0	0	0	0	0	0	0	0	0
05.500,00.000	0.6	5.5	-200	0	4.5	0	0	0	0	0	0	0	0	0	0	0	0	0	0	0	0	0	0	0	0	0
05.500,00.000	0.7	5.5	-200	0	4.5	0	0	0	0	0	0	0	0	0	0	0	0	0	0	0	0	0	0	0	0	0
05.500,00.000	0.8	5.5	-200	0	4.5	0	0	0	0	0	0	0	0	0	0	0	0	0	0	0	0	0	0	0	0	0
05.500,00.000	0.9	5.5	-200	0	4.5	0	0	0	0	0	0	0	0	0	0	0	0	0	0	0	0	0	0	0	0	0
05.500,00.000	1	5.5	-200	0	4.5	0	0	0	0	0	0	0	0	0	0	0	0	0	0	0	0	0	0	0	0	0
05.500,00.000	1.1	5.5	-200	0	4.5	0	0	0	0	0	0	0	0	0	0	0	0	0	0	0	0	0	0	0	0	0
05.500,00.000	1.2	5.5	-200	0	4.5	0	0	0	0	0	0	0	0	0	0	0	0	0	0	0	0	0	0	0	0	0
05.500,00.000	1.3	5.5	-200	0	4.5	0	0	0	0	0	0	0	0	0	0	0	0	0	0	0	0	0	0	0	0	0
05.500,00.000	1.4	5.5	-200	0	4.5	0	0	0	0	0	0	0	0	0	0	0	0	0	0	0	0	0	0	0	0	0
05.500,00.000	1.5	5.5	-200	0	4.5	0	0	0	0	0	0	0	0	0	0	0	0	0	0	0	0	0	0	0	0	0
05.500,00.000	1.6	5.5	-200	0	4.5	0	0	0	0	0	0	0	0	0	0	0	0	0	0	0	0	0	0	0	0	0
05.500,00.000	1.7	5.5	-200	0	4.5	0	0	0	0	0	0	0	0	0	0	0	0	0	0	0	0	0	0	0	0	0
05.500,00.000	1.8	5.5	-200	0	4.5	0	0	0	0	0	0	0	0	0	0	0	0	0	0	0	0	0	0	0	0	0
05.500,00.000	1.9	5.5	-200	0	4.5	0	0	0	0	0	0	0	0	0	0	0	0	0	0	0	0	0	0	0	0	0
05.500,00.000	2	5.5	-200	0	4.5	0	0	0	0	0	0	0	0	0	0	0	0	0	0	0	0	0	0	0	0	0
05.500,00.000	2.1	5.5	-200	0	4.5	0	0	0	0	0	0	0	0	0	0	0	0	0	0	0	0	0	0	0	0	0
05.500,00.000	2.2	5.5	-200	0	4.5	0	0	0	0	0	0	0	0	0	0	0	0	0	0	0	0	0	0	0	0	0
05.500,00.000	2.3	5.5	-200	0	4.5	0	0	0	0	0	0	0	0	0	0	0	0	0	0	0	0	0	0	0	0	0
05.500,00.000	2.4	5.5	-200	0	4.5	0	0	0	0	0	0	0	0	0	0	0	0	0	0	0	0	0	0	0	0	0
05.500,00.000	2.5	5.5	-200	0	4.5	0	0	0	0	0	0	0	0	0	0	0	0	0	0	0	0	0	0	0	0	0
05.500,00.000	2.6	5.5	-200	0	4.5	0	0	0	0	0	0	0	0	0	0	0	0	0	0	0	0	0	0	0	0	0
05.500,00.000	2.7	5.5	-200	0	4.5	0	0	0	0	0	0	0	0	0	0	0	0	0	0	0	0	0	0	0	0	0
05.500,00.000	2.8	5.5	-200	0	4.5	0	0	0	0	0	0	0	0	0	0	0	0	0	0	0	0	0	0	0	0	0
05.500,00.000	2.9	5.5	-200	0	4.5	0	0	0	0	0	0	0	0	0	0	0	0	0	0	0	0	0	0	0	0	0
05.500,00.000	3	5.5	-200	0	4.5	3.9968e-15	3.9968e-15	0	0	0	0	0	0	0	0	0	0	0	0	0	0	0	0	0	0	0
05.500,00.000	3.1	5.5	-200	0	4.5	0.299175	0.299175	0	0	0	0	0	0	0	0	0	0	0	0	0	0	0	0	0	0	0
05.500,00.000	3.2	5.5	-200	0	4.5	0.593163	0.593163	0	0	0	0	0	0	0	0	0	0	0	0	0	0	0	0	0	0	0
05.500,00.000	3.3	5.5	-200	0	4.5	0.886582	0.886582	0	0	0	0	0	0	0	0	0	0	0	0	0	0	0	0	0	0	0
05.500,00.000	3.4	5.5	-200	0	4.5	1.17843	1.17843	0	0	0	0	0	0	0	0	0	0	0	0	0	0	0	0	0	0	0
05.500,00.000	3.5	5.5	-200	0	4.5	1.46551	1.46551	0	0	0	0	0	0	0	0	0	0	0	0	0	0	0	0	0	0	0
05.500,00.000	3.6	5.5	-200	0	4.5	1.74776	1.74776	0	0	0	0	0	0	0	0	0	0	0	0	0	0	0	0	0	0	0
05.500,00.000	3.7	5.5	-200	0	4.5	2.02703	2.02703	0	0	0	0	0	0	0	0	0	0	0	0	0	0	0	0	0	0	0
05.500,00.000	3.8	5.5	-200	0	4.5	2.30542	2.30542	0	0	0	0	0	0	0	0	0	0	0	0	0	0	0	0	0	0	0
05.500,00.000	3.9	5.5	-200	0	4.5	2.58388	2.58388	0	0	0	0	0	0	0	0	0	0	0	0	0	0	0	0	0	0	0
05.500,00.000	4	5.5	-200	0	4.5	2.86502	2.86502	0	0	0	0	0	0	0	0	0	0	0	0	0	0	0	0	0	0	0
05.500,00.000	4.1	5.5	-200	0	4.5	3.14842	3.14842	0	0	0	0	0	0	0	0	0	0	0	0	0	0	0	0	0	0	0
05.500,00.000	4.2	5.5	-200	0	4.5	3.43361	3.43361	0	0	0	0	0	0	0	0	0	0	0	0	0	0	0	0	0	0	0
05.500,00.000	4.3	5.5	-200	0	4.5	3.72037	3.72037	0	0	0	0	0	0	0	0	0	0	0	0	0	0	0	0	0	0	0
05.500,00.000	4.4	5.5	-200	0	4.5	4.00789	4.00789	0	0	0	0	0	0	0	0	0	0	0	0	0	0	0	0	0	0	0
05.500,00.000	4.5	5.5	-200	0	4.5	4.29337	4.29337	0	0	0	0	0	0	0	0	0	0	0	0	0	0	0	0	0	0	0
05.500,00.000	4.6	5.5	-200	0	4.5	4.57643	4.57643	0	0	0	0	0	0	0	0	0	0	0	0	0	0	0	0	0	0	0
05.500,00.000	4.7	5.5	-200	0	4.5	4.85727	4.59566	0.26161	0	0	0	0	0	0	0	0	0	0	0	0	0	0	0	0	0	0
05.500,00.000	4.8	5.5	-200	0	4.5	5.13659	4.5935	0.543086	0	0	0	0	0	0	0	0	0	0	0	0	0	0	0	0	0	0
05.500,00.000	4.9	5.5	-200	0	4.5	5.41497	4.5935	0.821465	0	0	0	0	0	0	0	0	0	0	0	0	0	0	0	0	0	0
05.500,00.000	5	5.5	-200	0	4.5	5.69224	4.5935	1.09874	0	0	0	0	0	0	0	0	0	0	0	0	0	0	0	0	0	0
05.500,00.000	5.1	5.5	-200	0	4.5	5.96889	4.5935	1.37539	0	0	0	0	0	0	0	0	0	0	0	0	0	0	0	0	0	0
05.500,00.000	5.2	5.5	-200	0	4.5	6.24549	4.5935	1.65199	0	0	0	0	0	0	0	0	0	0	0	0	0	0	0	0	0	0
05.500,00.000	5.3	5.5	-200	0	4.5	6.52295	4.5935	1.92945	0	0	0	0	0	0	0	0	0	0	0	0	0	0	0	0	0	0
05.500,00.000	5.4	5.5	-200	0	4.5	6.8017	4.5935	2.2082	0	0	0	0	0	0	0	0	0	0	0	0	0	0	0	0	0	0
05.500,00.000	5.5	5.5	-200	0	4.5	7.08024	4.5935	2.48674	0	0	0	0	0	0	0	0	0	0	0	0	0	0	0	0	0	0
05.500,00.000	5.6	5.5	-200	0	4.5	7.35799	4.5935	2.76449	0	0	0	0	0	0	0	0	0	0	0	0	0	0	0	0	0	0
05.500,00.000	5.7	5.5	-200	0	4.5	7.63481	4.5935	3.04131	0	0	0	0	0	0	0	0	0	0	0	0	0	0	0	0	0	0
05.500,00.000	5.8	5.5	-200	0	4.5	7.91063	4.5935	3.31712	0	0	0	0	0	0	0	0	0	0	0	0	0	0	0	0	0	0
05.500,00.000	5.9	5.5	-200	0	4.5	8.18588	4.5935	3.59238	0	0	0	0	0	0	0	0	0	0	0	0	0	0	0	0	0	0
05.500,00.000	6	5.5	-200	0	4.5	8.46083	4.5935	3.86733	0	0	0	0	0	0	0	0	0	0	0	0	0	0	0	0	0	0
05.500,00.000	6.1	5.5	-200	0	4.5	8.73587	4.5935	4.14237	0	0	0	0	0	0	0	0	0	0	0	0	0	0	0	0	0	0
05.500,00.000	6.2	5.5	-200	0	4.5	9.01146	4.5935	4.41796	0	0	0	0	0	0	0	0	0	0	0	0	0	0	0	0	0	0
05.500,00.000	6.3	5.5	-200	0	4.5	9.28756	4.5935	4.69406	0	0	0	0	0	0	0	0	0	0	0	0	0	0	0	0	0	0
05.500,00.000	6.4	5.5	-200	0	4.5	9.56408	4.5935	4.97057	0	0	0	0	0	0	0	0	0	0	0	0	0	0	0	0	0	0
05.500,00.000	6.5	5.5	-200	0	4.5	9.84031	4.5935	5.24681	0	0	0	0	0	0	0	0	0	0	0	0	0	0	0	0	0	0
05.500,00.000	6.6	5.5	-200	0	4.5	10.1163	4.5935	5.5228	0	0	0	0	0	0	0	0	0	0	0	0	0	0	0	0	0	0
05.500,00.000	6.7	5.5	-200	0	4.5	10.3918	4.5935	5.79827	0	0	0	0	0	0	0	0	0	0	0	0	0	0	0	0	0	0
05.500,00.000	6.8	5.5	-200	0	4.5	10.6668	4.5935	6.07331	0	0	0	0	0	0	0	0	0	0	0	0	0	0	0	0	0	0
05.500,00.000	6.9	5.5	-200	0	4.5	10.9417	4.59378	6.34791	0	0	0	0	0	0	0	0	0	0	0	0	0	0	0	0	0	0
05.500,00.000	7	5.5	-200	0	4.5	11.2183	4.59619	6.62211	0	0	0	0	0	0	0	0	0	0	0	0	0	0	0	0	0	0
05.500,00.000	7.1	5.5	-200	0	4.5	11.4957	4.59967	6.89602	0	0	0	0	0	0	0	0	0	0	0	0	0	0	0	0	0	0
05.500,00.000	7.2	5.5	-200	0	4.5	11.7761	4.60649	7.16962	0	0	0	0	0	0	0	0	0	0	0	0	0	0	0	0	0	0
05.500,00.000	7.3	5.5	-200	0	4.5	12.0604	4.61739	7.44306	0	0	0	0	0	0	0	0	0	0	0	0	0	0	0	0	0	0
05.500,00.000	7.4	5.5	-200	0	4.5	12.3484	4.63179	7.71664	0	0	0	0	0	0	0	0	0	0	0	0	0	0	0	0	0	0
05.500,00.000	7.5	5.5	-200	0	4.5	12.6409	4.65113	7.98975	0	0	0	0	0	0	0	0	0	0	0	0	0	0	0	0	0	0
05.500,00.000	7.6	5.5	-200	0	4.5	12.9379	4.67536	8.26255	0	0	0	0	0	0	0	0	0	0	0	0	0	0	0	0	0	0
05.500,00.000	7.7	5.5	-200	0	4.5	13.2405	4.70519	8.53531	0	0	0	0	0	0	0	0	0	0	0	0	0	0	0	0	0	0
05.500,00.000	7.8	5.5	-200	0	4.5	13.5504	4.74225	8.80813	0	0	0	0	0	0	0	0	0	0	0	0	0	0	0	0	0	0
05.500,00.000	7.9	5.5	-200	0	4.5	13.8692	4.78821	9.08097	0	0	0	0	0	0	0	0	0	0	0	0	0	0	0	0	0	0
05.500,00.000	8	5.5	-200	0	4.5	14.1953	4.84164	9.35361	0	0	0	0	0	0	0	0	0	0	0	0	0	0	0	0	0	0
05.500,00.000	8.1	5.5	-200	0	4.5	14.5303	4.90412	9.62615	0	0	0	0	0	0	0	0	0	0	0	0	0	0	0	0	0	0
05.500,00.000	8.2	5.5	-200	0	4.5	14.8757	4.97705	9.89869	0	0	0	0	0	0	0	0	0	0	0	0	0	0	0	0	0	0
05.500,00.000	8.3	5.5	-200	0	4.5	15.235	5.06383	10.1711	0	0	0	0	0	0	0	0	0	0	0	0	0	0	0	0	0	0
05.500,00.000	8.4	5.5	-200	0	4.5	15.6071	5.16344	10.4436	0	0	0	0	0	0	0	0	0	0	0	0	0	0	0	0	0	0
05.500,00.000	8.5	5.5	-200	0	4.5	15.9886	5.27245	10.6868	0.0293288	0	0	0	0	0	0	0	0	0	0	0	0	0	0	0	0	0
05.500,00.000	8.6	5.5	-200	0	4.5	16.3815	5.39241	10.6861	0.302927	0	0	0	0	0	0	0	0	0	0	0	0	0	0	0	0	0
05.500,00.000	8.7	5.5	-200	0	4.5	16.7851	5.52206	10.6875	0.575533	0	0	0	0	0	0	0	0	0	0	0	0	0	0	0	0	0
05.500,00.000	8.8	5.5	-200	0	4.5	17.1991	5.66165	10.6894	0.848003	0	0	0	0	0	0	0	0	0	0	0	0	0	0	0	0	0
05.500,00.000	8.9	5.5	-200	0	4.5	17.6278	5.81311	10.6942	1.12057	0	0	0	0	0	0	0	0	0	0	0	0	0	0	0	0	0
05.500,00.000	9	5.5	-200	0	4.5	18.0715	5.97749	10.7012	1.39284	0	0	0	0	0	0	0	0	0	0	0	0	0	0	0	0	0
05.500,00.000	9.1	5.5	-200	0	4.5	18.5314	6.15459	10.7118	1.66503	0	0	0	0	0	0	0	0	0	0	0	0	0	0	0	0	0
05.500,00.000	9.2	5.5	-200	0	4.5	19.0084	6.34341	10.7277	1.93729	0	0	0	0	0	0	0	0	0	0	0	0	0	0	0	0	0
05.500,00.000	9.3	5.5	-200	0	4.5	19.4947	6.54086	10.744	2.20983	0	0	0	0	0	0	0	0	0	0	0	0	0	0	0	0	0
05.500,00.000	9.4	5.5	-200	0	4.5	19.9902	6.74094	10.766	2.4833	0	0	0	0	0	0	0	0	0	0	0	0	0	0	0	0	0
05.500,00.000	9.5	5.5	-200	0	4.5	20.497	6.94666	10.7928	2.75756	0	0	0	0	0	0	0	0	0	0	0	0	0	0	0	0	0
05.500,00.000	9.6	5.5	-200	0	4.5	21.0171	7.15814	10.8264	3.03256	0	0	0	0	0	0	0	0	0	0	0	0	0	0	0	0	0
05.500,00.000	9.7	5.5	-200	0	4.5	21.5532	7.37673	10.8686	3.30783	0	0	0	0	0	0	0	0	0	0	0	0	0	0	0	0	0
05.500,00.000	9.8	5.5	-200	0	4.5	22.1027	7.60163	10.9178	3.58332	0	0	0	0	0	0	0	0	0	0	0	0	0	0	0	0	0
05.500,00.000	9.9	5.5	-200	0	4.5	22.6704	7.83634	10.9752	3.85881	0	0	0	0	0	0	0	0	0	0	0	0	0	0	0	0	0
05.500,00.000	10	5.5	-200	0	4.5	23.255	8.07802	11.0432	4.13384	0	0	0	0	0	0	0	0	0	0	0	0	0	0	0	0	0
05.500,00.000	10.1	5.5	-200	0	4.5	23.8613	8.33244	11.1202	4.40866	0	0	0	0	0	0	0	0	0	0	0	0	0	0	0	0	0
05.500,00.000	10.2	5.5	-200	0	4.5	24.4867	8.5982	11.205	4.68356	0	0	0	0	0	0	0	0	0	0	0	0	0	0	0	0	0
05.500,00.000	10.3	5.5	-200	0	4.5	25.133	8.87428	11.3	4.9587	0	0	0	0	0	0	0	0	0	0	0	0	0	0	0	0	0
05.500,00.000	10.4	5.5	-200	0	4.5	25.8014	9.1623	11.405	5.23405	0	0	0	0	0	0	0	0	0	0	0	0	0	0	0	0	0
05.500,00.000	10.5	5.5	-200	0	4.5	26.4865	9.45468	11.522	5.50985	0	0	0	0	0	0	0	0	0	0	0	0	0	0	0	0	0
05.500,00.000	10.6	5.5	-200	0	4.5	27.1884	9.75313	11.6491	5.78622	0	0	0	0	0	0	0	0	0	0	0	0	0	0	0	0	0
05.500,00.000	10.7	5.5	-200	0	4.5	27.9039	10.0619	11.7796	6.06241	0	0	0	0	0	0	0	0	0	0	0	0	0	0	0	0	0
05.500,00.000	10.8	5.5	-200	0	4.5	28.6372	10.3796	11.9194	6.3382	0	0	0	0	0	0	0	0	0	0	0	0	0	0	0	0	0
05.500,00.000	10.9	5.5	-200	0	4.5	29.3934	10.7085	12.071	6.61388	0	0	0	0	0	0	0	0	0	0	0	0	0	0	0	0	0
05.500,00.000	11	5.5	-200	0	4.5	30.1757	11.052	12.2347	6.88906	0	0	0	0	0	0	0	0	0	0	0	0	0	0	0	0	0
05.500,00.000	11.1	5.5	-200	0	4.5	30.9843	11.4122	12.4086	7.16349	0	0	0	0	0	0	0	0	0	0	0	0	0	0	0	0	0
05.500,00.000	11.2	5.5	-200	0	4.5	31.8262	11.7889	12.5998	7.43761	0	0	0	0	0	0	0	0	0	0	0	0	0	0	0	0	0
05.500,00.000	11.3	5.5	-200	0	4.5	32.7005	12.1798	12.8089	7.71178	0	0	0	0	0	0	0	0	0	0	0	0	0	0	0	0	0
05.500,00.000	11.4	5.5	-200	0	4.5	33.6046	12.5817	13.0368	7.98615	0	0	0	0	0	0	0	0	0	0	0	0	0	0	0	0	0
05.500,00.000	11.5	5.5	-200	0	4.5	34.5275	12.9887	13.2784	8.26034	0	0	0	0	0	0	0	0	0	0	0	0	0	0	0	0	0
05.500,00.000	11.6	5.5	-200	0	4.5	35.4712	13.403	13.5328	8.5353	0	0	0	0	0	0	0	0	0	0	0	0	0	0	0	0	0
05.500,00.000	11.7	5.5	-200	0	4.5	36.434	13.8234	13.7998	8.81072	0	0	0	0	0	0	0	0	0	0	0	0	0	0	0	0	0
05.500,00.000	11.8	5.5	-200	0	4.5	37.4203	14.2528	14.0818	9.08578	0	0	0	0	0	0	0	0	0	0	0	0	0	0	0	0	0
05.500,00.000	11.9	5.5	-200	0	4.5	38.4429	14.7017	14.3807	9.36051	0	0	0	0	0	0	0	0	0	0	0	0	0	0	0	0	0
05.500,00.000	12	5.5	-200	0	4.5	39.535	15.199	14.7005	9.6355	0	0	0	0	0	0	0	0	0	0	0	0	0	0	0	0	0
05.500,00.000	12.1	5.5	-200	0	4.5	40.7338	15.7789	15.0427	9.91212	0	0	0	0	0	0	0	0	0	0	0	0	0	0	0	0	0
05.500,00.000	12.2	5.5	-200	0	4.5	41.9659	16.3737	15.403	10.0922	0.0969738	0	0	0	0	0	0	0	0	0	0	0	0	0	0	0	0
05.500,00.000	12.3	5.5	-200	0	4.5	43.1948	16.9529	15.7781	10.0922	0.371673	0	0	0	0	0	0	0	0	0	0	0	0	0	0	0	0
05.500,00.000	12.4	5.5	-200	0	4.5	44.4517	17.5412	16.172	10.0922	0.646275	0	0	0	0	0	0	0	0	0	0	0	0	0	0	0	0
05.500,00.000	12.5	5.5	-200	0	4.5	45.7359	18.1347	16.5868	10.0922	0.922153	0	0	0	0	0	0	0	0	0	0	0	0	0	0	0	0
05.500,00.000	12.6	5.5	-200	0	4.5	47.0497	18.7352	17.0222	10.0923	1.2	0	0	0	0	0	0	0	0	0	0	0	0	0	0	0	0
05.500,00.000	12.7	5.5	-200	0	4.5	48.3715	19.3331	17.4705	10.0932	1.47472	0	0	0	0	0	0	0	0	0	0	0	0	0	0	0	0
05.500,00.000	12.8	5.5	-200	0	4.5	49.7159	19.9372	17.9353	10.0949	1.74843	0	0	0	0	0	0	0	0	0	0	0	0	0	0	0	0
05.500,00.000	12.9	5.5	-200	0	4.5	51.0929	20.5546	18.4178	10.0995	2.02096	0	0	0	0	0	0	0	0	0	0	0	0	0	0	0	0
05.500,00.000	13	5.5	-200	0	4.5	52.4833	21.1646	18.9193	10.1067	2.2927	0	0	0	0	0	0	0	0	0	0	0	0	0	0	0	0
05.500,00.000	13.1	5.5	-200	0	4.5	53.8942	21.7701	19.4408	10.1192	2.56416	0	0	0	0	0	0	0	0	0	0	0	0	0	0	0	0
05.500,00.000	13.2	5.5	-200	0	4.5	55.3846	22.4312	19.9823	10.1367	2.83443	0	0	0	0	0	0	0	0	0	0	0	0	0	0	0	0
05.500,00.000	13.3	5.5	-200	0	4.5	56.9379	23.1278	20.5455	10.1608	3.10374	0	0	0	0	0	0	0	0	0	0	0	0	0	0	0	0
05.500,00.000	13.4	5.5	-200	0	4.5	58.5434	23.8468	21.1316	10.1922	3.37278	0	0	0	0	0	0	0	0	0	0	0	0	0	0	0	0
05.500,00.000	13.5	5.5	-200	0	4.5	60.1858	24.5727	21.7387	10.2316	3.6428	0	0	0	0	0	0	0	0	0	0	0	0	0	0	0	0
05.500,00.000	13.6	5.5	-200	0	4.5	62.0295	25.3801	22.4259	10.2838	3.93979	0	0	0	0	0	0	0	0	0	0	0	0	0	0	0	0
05.500,00.000	13.7	5.5	-200	0	4.5	63.8698	26.1762	23.117	10.3462	4.23046	0	0	0	0	0	0	0	0	0	0	0	0	0	0	0	0
05.500,00.000	13.8	5.5	-200	0	4.5	65.394	26.8273	23.6947	10.4052	4.4669	0	0	0	0	0	0	0	0	0	0	0	0	0	0	0	0
05.500,00.000	13.9	5.5	-200	0	4.5	67.2332	27.6115	24.3927	10.4853	4.74375	0	0	0	0	0	0	0	0	0	0	0	0	0	0	0	0
05.500,00.000	14	5.5	-200	0	4.5	69.0841	28.3377	25.1583	10.5739	5.01426	0	0	0	0	0	0	0	0	0	0	0	0	0	0	0	0
05.500,00.000	14.1	5.5	-200	0	4.5	70.9725	29.102	25.9219	10.6705	5.27807	0	0	0	0	0	0	0	0	0	0	0	0	0	0	0	0
05.500,00.000	14.2	5.5	-200	0	4.5	72.9227	29.8976	26.7061	10.7773	5.54174	0	0	0	0	0	0	0	0	0	0	0	0	0	0	0	0
05.500,00.000	14.3	5.5	-200	0	4.5	74.9099	30.6975	27.5135	10.8941	5.8048	0	0	0	0	0	0	0	0	0	0	0	0	0	0	0	0
05.500,00.000	14.4	5.5	-200	0	4.5	76.9342	31.5023	28.3433	11.0215	6.06709	0	0	0	0	0	0	0	0	0	0	0	0	0	0	0	0
05.500,00.000	14.5	5.5	-200	0	4.5	78.9775	32.296	29.1927	11.159	6.32985	0	0	0	0	0	0	0	0	0	0	0	0	0	0	0	0
05.500,00.000	14.6	5.5	-200	0	4.5	81.5666	33.2643	30.3016	11.3447	6.65607	0	0	0	0	0	0	0	0	0	0	0	0	0	0	0	0
05.500,00.000	14.7	5.5	-200	0	4.5	83.9425	34.1298	31.3423	11.5222	6.94815	0	0	0	0	0	0	0	0	0	0	0	0	0	0	0	0
05.500,00.000	14.8	5.5	-200	0	4.5	85.6191	34.7186	32.094	11.6545	7.15189	0	0	0	0	0	0	0	0	0	0	0	0	0	0	0	0
05.500,00.000	14.9	5.5	-200	0	4.5	87.9715	35.4997	33.1865	11.8504	7.43472	0	0	0	0	0	0	0	0	0	0	0	0	0	0	0	0
05.500,00.000	15	5.5	-200	0	4.5	90.2418	36.2349	34.253	12.0491	7.70481	0	0	0	0	0	0	0	0	0	0	0	0	0	0	0	0
05.500,00.000	15.1	5.5	-200	0	4.5	92.4354	36.9318	35.289	12.2522	7.96234	0	0	0	0	0	0	0	0	0	0	0	0	0	0	0	0
05.500,00.000	15.2	5.5	-200	0	4.5	94.6498	37.6196	36.344	12.4674	8.21889	0	0	0	0	0	0	0	0	0	0	0	0	0	0	0	0
05.500,00.000	15.3	5.5	-200	0	4.5	96.8935	38.3018	37.42	12.6965	8.47508	0	0	0	0	0	0	0	0	0	0	0	0	0	0	0	0
05.500,00.000	15.4	5.5	-200	0	4.5	99.1563	38.97	38.5159	12.9396	8.73085	0	0	0	0	0	0	0	0	0	0	0	0	0	0	0	0
05.500,00.000	15.5	5.5	-200	0	4.5	102.162	39.7776	40.0331	13.2805	9.07047	0	0	0	0	0	0	0	0	0	0	0	0	0	0	0	0
05.500,00.000	15.6	5.5	-200	0	4.5	105.387	40.6334	41.6541	13.6665	9.43317	0	0	0	0	0	0	0	0	0	0	0	0	0	0	0	0
05.500,00.000	15.7	5.5	-200	0	4.5	107.934	41.2849	42.9422	13.988	9.71868	0	0	0	0	0	0	0	0	0	0	0	0	0	0	0	0
05.500,00.000	15.8	5.5	-200	0	4.5	109.286	41.6336	43.62	14.1652	9.86763	0	0	0	0	0	0	0	0	0	0	0	0	0	0	0	0
05.500,00.000	15.9	5.5	-200	0	4.5	111.493	42.1798	44.7329	14.4706	10.0305	0.0789128	0	0	0	0	0	0	0	0	0	0	0	0	0	0	0
05.500,00.000	16	5.5	-200	0	4.5	114.265	42.8391	46.1438	14.8713	10.0293	0.381915	0	0	0	0	0	0	0	0	0	0	0	0	0	0	0
05.500,00.000	16.1	5.5	-200	0	4.5	116.728	43.4367	47.3828	15.2357	10.0293	0.643596	0	0	0	0	0	0	0	0	0	0	0	0	0	0	0
05.500,00.000	16.2	5.5	-200	0	4.5	119.114	43.9839	48.6064	15.6018	10.0293	0.892801	0	0	0	0	0	0	0	0	0	0	0	0	0	0	0
05.500,00.000	16.3	5.5	-200	0	4.5	121.507	44.5098	49.8403	15.9861	10.0294	1.14155	0	0	0	0	0	0	0	0	0	0	0	0	0	0	0
05.500,00.000	16.4	5.5	-200	0	4.5	123.922	45.0135	51.1009	16.3879	10.0305	1.38965	0	0	0	0	0	0	0	0	0	0	0	0	0	0	0
05.500,00.000	16.5	5.5	-200	0	4.5	128.937	46.0323	53.7134	17.2544	10.036	1.90053	0	0	0	0	0	0	0	0	0	0	0	0	0	0	0
05.500,00.000	16.6	5.5	-200	0	4.5	131.96	46.6243	55.289	17.7955	10.0431	2.20849	0	0	0	0	0	0	0	0	0	0	0	0	0	0	0
05.500,00.000	16.7	5.5	-200	0	4.5	132.262	46.6816	55.4459	17.8512	10.0442	2.23915	0	0	0	0	0	0	0	0	0	0	0	0	0	0	0
05.500,00.000	16.8	5.5	-200	0	4.5	135.094	47.1765	56.921	18.4064	10.0605	2.52968	0	0	0	0	0	0	0	0	0	0	0	0	0	0	0
05.500,00.000	16.9	5.5	-200	0	4.5	135.908	47.3163	57.3476	18.5669	10.0658	2.61177	0	0	0	0	0	0	0	0	0	0	0	0	0	0	0
05.500,00.000	17	5.5	-200	0	4.5	139.515	47.8871	59.2313	19.3203	10.1012	2.97522	0	0	0	0	0	0	0	0	0	0	0	0	0	0	0
05.500,00.000	17.1	5.5	-200	0	4.5	142.437	48.3347	60.7528	19.9463	10.1341	3.26887	0	0	0	0	0	0	0	0	0	0	0	0	0	0	0
05.500,00.000	17.2	5.5	-200	0	4.5	144.845	48.6858	62.0008	20.48	10.1684	3.51032	0	0	0	0	0	0	0	0	0	0	0	0	0	0	0
05.500,00.000	17.3	5.5	-200	0	4.5	147.262	49.0237	63.2463	21.0308	10.2095	3.75157	0	0	0	0	0	0	0	0	0	0	0	0	0	0	0
05.500,00.000	17.4	5.5	-200	0	4.5	149.73	49.3942	64.4876	21.5983	10.2572	3.99227	0	0	0	0	0	0	0	0	0	0	0	0	0	0	0
05.500,00.000	17.5	5.5	-200	0	4.5	157.024	50.4218	68.1427	23.3342	10.4193	4.70639	0	0	0	0	0	0	0	0	0	0	0	0	0	0	0
05.500,00.000	17.6	5.5	-200	0	4.5	158.662	50.6451	68.9604	23.7309	10.4591	4.86691	0	0	0	0	0	0	0	0	0	0	0	0	0	0	0
05.500,00.000	17.7	5.5	-200	0	4.5	161.122	50.9447	70.1775	24.3582	10.5318	5.11032	0	0	0	0	0	0	0	0	0	0	0	0	0	0	0
05.500,00.000	17.8	5.5	-200	0	4.5	161.651	51.0069	70.4379	24.4955	10.5483	5.16277	0	0	0	0	0	0	0	0	0	0	0	0	0	0	0
05.500,00.000	17.9	5.5	-200	0	4.5	162.063	51.0498	70.6374	24.6086	10.5635	5.20387	0	0	0	0	0	0	0	0	0	0	0	0	0	0	0
05.500,00.000	18	5.5	-200	0	4.5	166.299	51.472	72.6732	25.7969	10.731	5.62634	0	0	0	0	0	0	0	0	0	0	0	0	0	0	0
05.500,00.000	18.1	5.5	-200	0	4.5	169.341	51.7628	74.0744	26.7131	10.8611	5.92928	0	0	0	0	0	0	0	0	0	0	0	0	0	0	0
05.500,00.000	18.2	5.5	-200	0	4.5	171.713	51.9739	75.1364	27.4652	10.9724	6.16497	0	0	0	0	0	0	0	0	0	0	0	0	0	0	0
05.500,00.000	18.3	5.5	-200	0	4.5	174.075	52.17	76.1804	28.2332	11.0918	6.40013	0	0	0	0	0	0	0	0	0	0	0	0	0	0	0
05.500,00.000	18.4	5.5	-200	0	4.5	176.437	52.3511	77.1999	29.0298	11.2204	6.63544	0	0	0	0	0	0	0	0	0	0	0	0	0	0	0
05.500,00.000	18.5	5.5	-200	0	4.5	184.881	52.9395	80.8188	31.9265	11.7153	7.48088	0	0	0	0	0	0	0	0	0	0	0	0	0	0	0
05.500,00.000	18.6	5.5	-200	0	4.5	186.571	53.0528	81.5126	32.5369	11.8189	7.65024	0	0	0	0	0	0	0	0	0	0	0	0	0	0	0
05.500,00.000	18.7	5.5	-200	0	4.5	190.944	53.3074	83.3098	34.1122	12.1222	8.09218	0	0	0	0	0	0	0	0	0	0	0	0	0	0	0
05.500,00.000	18.8	5.5	-200	0	4.5	191.954	53.364	83.7198	34.4812	12.1947	8.19399	0	0	0	0	0	0	0	0	0	0	0	0	0	0	0
05.500,00.000	18.9	5.5	-200	0	4.5	193.772	53.4555	84.4229	35.1744	12.3424	8.37721	0	0	0	0	0	0	0	0	0	0	0	0	0	0	0
05.500,00.000	19	5.5	-200	0	4.5	198.152	53.667	86.0749	36.8754	12.7177	8.81712	0	0	0	0	0	0	0	0	0	0	0	0	0	0	0
05.500,00.000	19.1	5.5	-200	0	4.5	201.05	53.8015	87.1432	38.0154	12.9812	9.10903	0	0	0	0	0	0	0	0	0	0	0	0	0	0	0
05.500,00.000	19.2	5.5	-200	0	4.5	203.319	53.9034	87.9346	38.9346	13.2054	9.34141	0	0	0	0	0	0	0	0	0	0	0	0	0	0	0
05.500,00.000	19.3	5.5	-200	0	4.5	205.585	54.001	88.6981	39.8715	13.4416	9.57271	0	0	0	0	0	0	0	0	0	0	0	0	0	0	0
05.500,00.000	19.4	5.5	-200	0	4.5	207.858	54.0954	89.4378	40.8282	13.6924	9.67673	0.127004	0	0	0	0	0	0	0	0	0	0	0	0	0	0
05.500,00.000	19.5	5.5	-200	0	4.5	210.08	54.1854	90.1328	41.7698	13.9569	9.6769	0.358557	0	0	0	0	0	0	0	0	0	0	0	0	0	0
05.500,00.000	19.6	5.5	-200	0	4.5	214.334	54.3493	91.3678	43.6271	14.5001	9.68968	0.800168	0	0	0	0	0	0	0	0	0	0	0	0	0	0
05.500,00.000	19.7	5.5	-200	0	4.5	215.237	54.3848	91.6117	44.0236	14.6258	9.68968	0.90145	0	0	0	0	0	0	0	0	0	0	0	0	0	0
05.500,00.000	19.8	5.5	-200	0	4.5	221.107	54.6004	93.2817	46.8854	15.5184	9.68972	1.13117	0	0	0	0	0	0	0	0	0	0	0	0	0	0
05.500,00.000	19.9	5.5	-200	0	4.5	222.501	54.6676	93.6623	47.6	15.7502	9.69005	1.13117	0	0	0	0	0	0	0	0	0	0	0	0	0	0
05.500,00.000	20	5.5	-200	0	4.5	225.651	54.824	94.5046	49.2052	16.2922	9.69393	1.13117	0	0	0	0	0	0	0	0	0	0	0	0	0	0
05.500,00.000	20.1	5.5	-200	0	4.5	228.225	54.9605	95.1627	50.5241	16.7482	9.69811	1.13117	0	0	0	0	0	0	0	0	0	0	0	0	0	0
05.500,00.000	20.2	5.5	-200	0	4.5	230.221	55.0583	95.6509	51.5595	17.1177	9.7036	1.13117	0	0	0	0	0	0	0	0	0	0	0	0	0	0
05.500,00.000	20.3	5.5	-200	0	4.5	232.198	55.1526	96.113	52.5918	17.4962	9.71275	1.13117	0	0	0	0	0	0	0	0	0	0	0	0	0	0
05.500,00.000	20.4	5.5	-200	0	4.5	234.181	55.2442	96.5575	53.6342	17.8845	9.72974	1.13117	0	0	0	0	0	0	0	0	0	0	0	0	0	0
05.500,00.000	20.5	5.5	-200	0	4.5	236.204	55.3663	96.9856	54.6834	18.286	9.75154	1.13117	0	0	0	0	0	0	0	0	0	0	0	0	0	0
05.500,00.000	20.6	5.5	-200	0	4.5	240.166	55.6204	97.8237	56.7158	19.074	9.8008	1.13117	0	0	0	0	0	0	0	0	0	0	0	0	0	0
05.500,00.000	20.7	5.5	-200	0	4.5	252.593	56.5257	100.425	62.9282	21.5918	9.99138	1.13117	0	0	0	0	0	0	0	0	0	0	0	0	0	0
05.500,00.000	20.8	5.5	-200	0	4.5	254.852	56.8376	100.89	63.9091	22.0514	10.0329	1.13117	0	0	0	0	0	0	0	0	0	0	0	0	0	0
05.500,00.000	20.9	5.5	-200	0	4.5	266.107	58.1482	103.176	68.8236	24.5038	10.3239	1.13117	0	0	0	0	0	0	0	0	0	0	0	0	0	0
05.500,00.000	21	5.5	-200	0	4.5	269.443	58.6028	103.892	70.1177	25.2747	10.4246	1.13117	0	0	0	0	0	0	0	0	0	0	0	0	0	0
05.500,00.000	21.1	5.5	-200	0	4.5	272.215	58.9529	104.437	71.2466	25.9176	10.53	1.13117	0	0	0	0	0	0	0	0	0	0	0	0	0	0
05.500,00.000	21.2	5.5	-200	0	4.5	274.587	59.2731	104.897	72.2031	26.4511	10.6316	1.13117	0	0	0	0	0	0	0	0	0	0	0	0	0	0
05.500,00.000	21.3	5.5	-200	0	4.5	276.684	59.5848	105.284	73.0307	26.9215	10.732	1.13117	0	0	0	0	0	0	0	0	0	0	0	0	0	0
05.500,00.000	21.4	5.5	-200	0	4.5	279.627	60.0486	105.805	74.1651	27.5912	10.8865	1.13117	0	0	0	0	0	0	0	0	0	0	0	0	0	0
05.500,00.000	21.5	5.5	-200	0	4.5	280.679	60.2194	105.988	74.5653	27.8286	10.9465	1.13117	0	0	0	0	0	0	0	0	0	0	0	0	0	0
05.500,00.000	21.6	5.5	-200	0	4.5	283.01	60.5729	106.376	75.4476	28.3876	11.0941	1.13117	0	0	0	0	0	0	0	0	0	0	0	0	0	0
05.500,00.000	21.7	5.5	-200	0	4.5	285.273	60.9201	106.745	76.2939	28.9333	11.2492	1.13117	0	0	0	0	0	0	0	0	0	0	0	0	0	0
05.500,00.000	21.8	5.5	-200	0	4.5	287.447	61.2607	107.085	77.0927	29.4681	11.4093	1.13117	0	0	0	0	0	0	0	0	0	0	0	0	0	0
05.500,00.000	21.9	5.5	-200	0	4.5	293.251	62.2054	107.938	79.2085	30.9109	11.8572	1.13117	0	0	0	0	0	0	0	0	0	0	0	0	0	0
05.500,00.000	22	5.5	-200	0	4.5	294.596	62.4688	108.126	79.6745	31.2334	11.9625	1.13117	0	0	0	0	0	0	0	0	0	0	0	0	0	0
05.500,00.000	22.1	5.5	-200	0	4.5	299.096	63.3276	108.718	81.218	32.3539	12.3473	1.13117	0	0	0	0	0	0	0	0	0	0	0	0	0	0
05.500,00.000	22.2	5.5	-200	0	4.5	302.016	63.8962	109.095	82.2111	33.0725	12.6102	1.13117	0	0	0	0	0	0	0	0	0	0	0	0	0	0
05.500,00.000	22.3	5.5	-200	0	4.5	304.224	64.3267	109.37	82.9493	33.6227	12.8243	1.13117	0	0	0	0	0	0	0	0	0	0	0	0	0	0
05.500,00.000	22.4	5.5	-200	0	4.5	306.556	64.7819	109.653	83.7125	34.2142	13.0638	1.13117	0	0	0	0	0	0	0	0	0	0	0	0	0	0
05.500,00.000	22.5	5.5	-200	0	4.5	308.877	65.2265	109.925	84.4604	34.8167	13.3164	1.13117	0	0	0	0	0	0	0	0	0	0	0	0	0	0
05.500,00.000	22.6	5.5	-200	0	4.5	319.429	67.1573	111.351	87.718	37.5782	14.4925	1.13242	0	0	0	0	0	0	0	0	0	0	0	0	0	0
05.500,00.000	22.7	5.5	-200	0	4.5	325.473	68.1695	112.252	89.557	39.1681	15.1868	1.1401	0	0	0	0	0	0	0	0	0	0	0	0	0	0
05.500,00.000	22.8	5.5	-200	0	4.5	327.399	68.4758	112.546	90.123	39.688	15.4216	1.1444	0	0	0	0	0	0	0	0	0	0	0	0	0	0
05.500,00.000	22.9	5.5	-200	0	4.5	327.47	68.4869	112.558	90.1428	39.7076	15.4308	1.14464	0	0	0	0	0	0	0	0	0	0	0	0	0	0
05.500,00.000	23	5.5	-200	0	4.5	337.636	70.6288	114.034	92.674	42.3839	16.7203	1.19566	0	0	0	0	0	0	0	0	0	0	0	0	0	0
05.500,00.000	23.1	5.5	-200	0	4.5	344.412	72.2944	114.963	94.2584	44.1074	17.5605	1.22872	0	0	0	0	0	0	0	0	0	0	0	0	0	0
05.500,00.000	23.2	5.5	-200	0	4.5	347.459	72.8213	115.592	94.947	44.8988	17.9532	1.24696	0	0	0	0	0	0	0	0	0	0	0	0	0	0
05.500,00.000	23.3	5.5	-200	0	4.5	350.11	73.1821	116.225	95.5244	45.6039	18.3086	1.26565	0	0	0	0	0	0	0	0	0	0	0	0	0	0
05.500,00.000	23.4	5.5	-200	0	4.5	362.521	74.9168	119.347	97.9721	48.9171	20.0018	1.36706	0	0	0	0	0	0	0	0	0	0	0	0	0	0
05.500,00.000	23.5	5.5	-200	0	4.5	368.494	75.8035	120.905	99.249	50.3389	20.7803	1.41777	0	0	0	0	0	0	0	0	0	0	0	0	0	0
05.500,00.000	23.6	5.5	-200	0	4.5	381.718	77.2815	124.264	102.702	53.4884	22.4422	1.5401	0	0	0	0	0	0	0	0	0	0	0	0	0	0
05.500,00.000	23.7	5.5	-200	0	4.5	389.794	78.0803	126.454	104.526	55.6817	23.4323	1.61924	0	0	0	0	0	0	0	0	0	0	0	0	0	0
05.500,00.000	23.8	5.5	-200	0	4.5	396.689	78.7475	128.327	105.649	57.9541	24.3213	1.68995	0	0	0	0	0	0	0	0	0	0	0	0	0	0
05.500,00.000	23.9	5.5	-200	0	4.5	397.265	78.8046	128.5	105.739	58.1323	24.3919	1.69607	0	0	0	0	0	0	0	0	0	0	0	0	0	0
05.500,00.000	24	5.5	-200	0	4.5	416.697	80.7418	134.137	108.546	64.3874	26.9709	1.91369	0	0	0	0	0	0	0	0	0	0	0	0	0	0
05.500,00.000	24.1	5.5	-200	0	4.5	424.763	81.5823	136.684	109.637	66.9254	27.9259	2.00835	0	0	0	0	0	0	0	0	0	0	0	0	0	0
05.500,00.000	24.2	5.5	-200	0	4.5	427.322	81.8438	137.485	109.992	67.7528	28.2096	2.0393	0	0	0	0	0	0	0	0	0	0	0	0	0	0
05.500,00.000	24.3	5.5	-200	0	4.5	428	81.914	137.705	110.083	67.9742	28.2765	2.04779	0	0	0	0	0	0	0	0	0	0	0	0	0	0
05.500,00.000	24.4	5.5	-200	0	4.5	428.188	81.9329	137.765	110.109	68.0343	28.2973	2.05019	0	0	0	0	0	0	0	0	0	0	0	0	0	0
05.500,00.000	24.5	5.5	-200	0	4.5	438.152	82.8441	140.928	111.546	71.1698	29.4819	2.18229	0	0	0	0	0	0	0	0	0	0	0	0	0	0
05.500,00.000	24.6	5.5	-200	0	4.5	450.918	83.8052	143.835	114.663	75.3788	30.8785	2.35737	0	0	0	0	0	0	0	0	0	0	0	0	0	0
05.500,00.000	24.7	5.5	-200	0	4.5	457.76	84.4817	145.411	116.317	77.4561	31.6394	2.45474	0	0	0	0	0	0	0	0	0	0	0	0	0	0
05.500,00.000	24.8	5.5	-200	0	4.5	477.035	86.2134	149.698	121.213	83.2765	33.8519	2.78181	0	0	0	0	0	0	0	0	0	0	0	0	0	0
05.500,00.000	24.9	5.5	-200	0	4.5	480.514	86.6353	150.533	122.089	84.2107	34.1908	2.85429	0	0	0	0	0	0	0	0	0	0	0	0	0	0
05.500,00.000	25	5.5	-200	0	4.5	482.618	86.9225	151.059	122.655	84.6723	34.4102	2.89926	0	0	0	0	0	0	0	0	0	0	0	0	0	0
05.500,00.000	25.1	5.5	-200	0	4.5	492.707	88.3437	153.541	125.407	86.8679	35.4502	3.09726	0	0	0	0	0	0	0	0	0	0	0	0	0	0
05.500,00.000	25.2	5.5	-200	0	4.5	497.46	89.0715	154.715	126.727	87.8405	35.9086	3.19819	0	0	0	0	0	0	0	0	0	0	0	0	0	0
05.500,00.000	25.3	5.5	-200	0	4.5	500.519	89.5464	155.476	127.556	88.4604	36.2206	3.25967	0	0	0	0	0	0	0	0	0	0	0	0	0	0
05.500,00.000	25.4	5.5	-200	0	4.5	518.774	92.4551	159.855	132.669	92.0938	38.0702	3.63105	0	0	0	0	0	0	0	0	0	0	0	0	0	0
05.500,00.000	25.5	5.5	-200	0	4.5	526.67	93.7647	161.741	135.015	93.5141	38.8262	3.80833	0	0	0	0	0	0	0	0	0	0	0	0	0	0
05.500,00.000	25.6	5.5	-200	0	4.5	529.703	94.249	162.459	135.829	94.1414	39.1533	3.87175	0	0	0	0	0	0	0	0	0	0	0	0	0	0
05.500,00.000	25.7	5.5	-200	0	4.5	532.787	94.6815	163.141	136.445	94.9813	39.4918	3.93771	0	0	0.109351	0	0	0	0	0	0	0	0	0	0	0
05.500,00.000	25.8	5.5	-200	0	4.5	556.037	98.9739	168.319	140.637	100.386	41.8072	4.3883	0	0	1.52525	0	0	0	0	0	0	0	0	0	0	0
05.500,00.000	25.9	5.5	-200	0	4.5	560.573	99.9627	169.436	141.364	101.381	42.1613	4.47561	0	0	1.79272	0	0	0	0	0	0	0	0	0	0	0
05.500,00.000	26	5.5	-200	0	4.5	560.834	100.015	169.503	141.406	101.437	42.1852	4.48053	0	0	1.80715	0	0	0	0	0	0	0	0	0	0	0
05.500,00.000	26.1	5.5	-200	0	4.5	572.297	101.882	173.019	143.22	103.835	43.2161	4.69861	0	0	2.42664	0	0	0	0	0	0	0	0	0	0	0
05.500,00.000	26.2	5.5	-200	0	4.5	578.811	102.396	175.633	144.229	105.198	43.769	4.81485	0	0	2.77275	0	0	0	0	0	0	0	0	0	0	0
05.500,00.000	26.3	5.5	-200	0	4.5	582.697	102.737	177.145	144.834	106.004	44.1173	4.88639	0	0	2.97439	0	0	0	0	0	0	0	0	0	0	0
05.500,00.000	26.4	5.5	-200	0	4.5	606.225	104.718	186.484	148.468	110.8	46.2445	5.33674	0	0	4.1743	0	0	0	0	0	0	0	0	0	0	0
05.500,00.000	26.5	5.5	-200	0	4.5	616.586	105.482	190.777	150.01	112.916	47.1636	5.5311	0	0	4.70732	0	0	0	0	0	0	0	0	0	0	0
05.500,00.000	26.6	5.5	-200	0	4.5	620.713	105.799	192.44	150.633	113.777	47.538	5.60909	0	0	4.91681	0	0	0	0	0	0	0	0	0	0	0
05.500,00.000	26.7	5.5	-200	0	4.5	624.645	106.099	194.019	151.232	114.602	47.8979	5.68416	0	0	5.11036	0	0	0	0	0	0	0	0	0	0	0
05.500,00.000	26.8	5.5	-200	0	4.5	641.027	107.416	200.539	153.736	118.029	49.3914	6.00152	0	0	5.91317	0	0	0	0	0	0	0	0	0	0	0
05.500,00.000	26.9	5.5	-200	0	4.5	644.296	107.699	201.76	154.26	118.735	49.6943	6.06833	0	0	6.07957	0	0	0	0	0	0	0	0	0	0	0
05.500,00.000	27	5.5	-200	0	4.5	644.581	107.724	201.862	154.308	118.798	49.7217	6.07425	0	0	6.09361	0	0	0	0	0	0	0	0	0	0	0
05.500,00.000	27.1	5.5	-200	0	4.5	656.418	108.783	205.947	156.397	121.422	50.8828	6.32198	0	0	6.66459	0	0	0	0	0	0	0	0	0	0	0
05.500,00.000	27.2	5.5	-200	0	4.5	663.403	109.45	208.291	157.674	122.863	51.6622	6.46765	0	0	6.9957	0	0	0	0	0	0	0	0	0	0	0
05.500,00.000	27.3	5.5	-200	0	4.5	667.73	109.846	209.719	158.5	123.601	52.3089	6.5587	0	0	7.19643	0	0	0	0	0	0	0	0	0	0	0
05.500,00.000	27.4	5.5	-200	0	4.5	668.715	109.94	210.038	158.694	123.744	52.4787	6.57923	0	0	7.24111	0	0	0	0	0	0	0	0	0	0	0
05.500,00.000	27.5	5.5	-200	0	4.5	688.179	111.647	216.355	162.587	126.964	55.4594	7.04222	0	0	8.12316	0	0	0	0	0	0	0	0	0	0	0
05.500,00.000	27.6	5.5	-200	0	4.5	693.843	112.23	217.968	163.789	127.896	56.3597	7.19853	0	0	8.40133	0	0	0	0	0	0	0	0	0	0	0
05.500,00.000	27.7	5.5	-200	0	4.5	705.07	113.473	221.046	166.134	129.764	58.2171	7.50711	0	0	8.92892	0	0	0	0	0	0	0	0	0	0	0
05.500,00.000	27.8	5.5	-200	0	4.5	722.436	115.536	225.844	169.826	132.483	61.0162	7.99174	0	0	9.24861	0.491205	0	0	0	0	0	0	0	0	0	0
05.500,00.000	27.9	5.5	-200	0	4.5	726.471	116.102	226.96	170.692	133.09	61.6033	8.09929	0	0	9.24861	0.676367	0	0	0	0	0	0	0	0	0	0
05.500,00.000	28	5.5	-200	0	4.5	726.766	116.142	227.039	170.755	133.136	61.6487	8.10807	0	0	9.24861	0.689268	0	0	0	0	0	0	0	0	0	0
05.500,00.000	28.1	5.5	-200	0	4.5	727.792	116.287	227.311	170.979	133.292	61.8031	8.13846	0	0	9.24861	0.733629	0	0	0	0	0	0	0	0	0	0
05.500,00.000	28.2	5.5	-200	0	4.5	728.781	116.425	227.572	171.199	133.444	61.956	8.1604	0	0	9.24861	0.776559	0	0	0	0	0	0	0	0	0	0
05.500,00.000	28.3	5.5	-200	0	4.5	729.146	116.474	227.667	171.277	133.503	62.0151	8.17007	0	0	9.24861	0.791849	0	0	0	0	0	0	0	0	0	0
05.500,00.000	28.4	5.5	-200	0	4.5	729.204	116.483	227.681	171.29	133.512	62.0242	8.17113	0	0	9.24861	0.794318	0	0	0	0	0	0	0	0	0	0
05.500,00.000	28.5	5.5	-200	0	4.5	757.218	120.481	234.848	177.168	137.938	66.5866	9.02772	0	0	9.24861	1.91954	0	0	0	0	0	0	0	0	0	0
05.500,00.000	28.6	5.5	-200	0	4.5	770.875	122.845	238.408	179.933	139.883	68.6363	9.4606	0	0	9.24986	2.4592	0	0	0	0	0	0	0	0	0	0
05.500,00.000	28.7	5.5	-200	0	4.5	783.612	125.262	241.727	182.645	141.857	70.041	9.87221	0	0	9.25581	2.9523	0	0	0	0	0	0	0	0	0	0
05.500,00.000	28.8	5.5	-200	0	4.5	791.605	126.914	243.8	184.338	143.066	70.8454	10.1256	0	0	9.26107	3.25474	0	0	0	0	0	0	0	0	0	0
05.500,00.000	28.9	5.5	-200	0	4.5	792.317	127.071	243.984	184.495	143.169	70.9129	10.1423	0	0	9.26169	3.28122	0	0	0	0	0	0	0	0	0	0
05.500,00.000	29	5.5	-200	0	4.5	796.482	127.951	245.093	185.354	143.801	71.3244	10.2573	0	0	9.26708	3.43396	0	0	0	0	0	0	0	0	0	0
05.500,00.000	29.1	5.5	-200	0	4.5	805.606	129.928	247.496	187.243	145.181	72.2074	10.5085	0	0	9.2808	3.761	0	0	0	0	0	0	0	0	0	0
05.500,00.000	29.2	5.5	-200	0	4.5	811.808	131.294	249.117	188.535	146.113	72.7944	10.6838	0	0	9.29163	3.97972	0	0	0	0	0	0	0	0	0	0
05.500,00.000	29.3	5.5	-200	0	4.5	817.056	132.538	250.462	189.597	146.888	73.257	10.8549	0	0	9.30244	4.15732	0	0	0	0	0	0	0	0	0	0
05.500,00.000	29.4	5.5	-200	0	4.5	836.339	137.752	255.183	193.255	149.746	74.7489	11.5434	0	0	9.34627	4.76356	0	0	0	0	0	0	0	0	0	0
05.500,00.000	29.5	5.5	-200	0	4.5	846.735	140.625	257.687	195.217	151.361	75.4933	11.8991	0	0	9.37206	5.07996	0	0	0	0	0	0	0	0	0	0
05.500,00.000	29.6	5.5	-200	0	4.5	852.783	142.258	259.175	196.36	152.304	75.937	12.0997	0	0	9.38997	5.25805	0	0	0	0	0	0	0	0	0	0
05.500,00.000	29.7	5.5	-200	0	4.5	858.504	143.865	260.58	197.409	153.199	76.3359	12.2853	0	0	9.40895	5.42113	0	0	0	0	0	0	0	0	0	0
05.500,00.000	29.8	5.5	-200	0	4.5	880.003	149.821	265.846	201.348	156.647	77.8534	12.9705	3.9746e-14	0	9.48866	6.02818	0	0	0	0	0	0	0	0	0	0
05.500,00.000	29.9	5.5	-200	0	4.5	884.538	151.112	266.899	202.186	157.337	78.1477	13.1325	0.0667075	0	9.50646	6.15086	0	0	0	0	0	0	0	0	0	0
05.500,00.000	30	5.5	-200	0	4.5	884.989	151.241	267.009	202.266	157.406	78.1768	13.1475	0.0714754	0	9.50861	6.16268	0	0	0	0	0	0	0	0	0	0
05.500,00.000	30.1	5.5	-200	0	4.5	896.328	154.478	269.791	204.279	159.151	78.8909	13.5198	0.195232	0	9.56957	6.45499	0	0	0	0	0	0	0	0	0	0
05.500,00.000	30.2	5.5	-200	0	4.5	904.531	156.778	271.875	205.7	160.441	79.4367	13.7256	0.290755	0	9.61736	6.6654	0	0	0	0	0	0	0	0	0	0
05.500,00.000	30.3	5.5	-200	0	4.5	910.766	158.543	273.464	206.781	161.427	79.8532	13.8556	0.361433	0	9.65764	6.82318	0	0	0	0	0	0	0	0	0	0
05.500,00.000	30.4	5.5	-200	0	4.5	935.332	165.566	279.559	211.119	165.304	81.3185	14.5513	0.646843	0	9.83208	7.4348	0	0	0	0	0	0	0	0	0	0
05.500,00.000	30.5	5.5	-200	0	4.5	947.524	168.905	282.622	213.335	167.215	81.9979	14.9811	0.803136	0	9.92531	7.7402	0	0	0	0	0	0	0	0	0	0
05.500,00.000	30.6	5.5	-200	0	4.5	953.892	170.236	284.596	214.484	168.22	82.391	15.2073	0.879575	0	9.97938	7.89907	0	0	0	0	0	0	0	0	0	0
05.500,00.000	30.7	5.5	-200	0	4.5	968.543	172.998	289.511	217.103	170.513	83.2788	15.7129	1.05588	0	10.1142	8.25608	0	0	0	0	0	0	0	0	0	0
05.500,00.000	30.8	5.5	-200	0	4.5	979.978	175.109	293.312	219.145	172.281	84.0185	16.0978	1.25961	0	10.2256	8.5302	0	0	0	0	0	0	0	0	0	0
05.500,00.000	30.9	5.5	-200	0	4.5	981.324	175.362	293.757	219.396	172.481	84.1017	16.1403	1.28492	0	10.2392	8.56139	0	0	0	0	0	0	0	0	0	0
05.500,00.000	31	5.5	-200	0	4.5	989.16	176.692	296.546	220.837	173.64	84.5859	16.3776	1.42116	0	10.3245	8.73577	0	0	0	0	0	0	0	0	0	0
05.500,00.000	31.1	5.5	-200	0	4.5	1000.15	178.551	300.474	222.867	175.25	85.2595	16.7004	1.6193	0	10.4496	8.97743	0	0	0	0	0	0	0	0	0	0
05.500,00.000	31.2	5.5	-200	0	4.5	1007.67	179.876	303.144	224.229	176.328	85.7484	16.9121	1.75574	0	10.5388	9.13892	0	0	0	0	0	0	0	0	0	0
05.500,00.000	31.3	5.5	-200	0	4.5	1014.25	181.021	305.48	225.422	177.268	86.204	17.089	1.87322	0	10.6211	9.27704	0	0	0	0	0	0	0	0	0	0
05.500,00.000	31.4	5.5	-200	0	4.5	1020.81	182.212	307.696	226.627	178.208	86.7047	17.2597	1.98986	7.39409e-14	10.6971	9.35788	0.055477	0	0	0	0	0	0	0	0	0
05.500,00.000	31.5	5.5	-200	0	4.5	1027.34	183.386	309.884	227.827	179.147	87.2057	17.4237	2.10548	0.0424872	10.7716	9.36364	0.183984	0	0	0	0	0	0	0	0	0
05.500,00.000	31.6	5.5	-200	0	4.5	1033.95	184.462	312.107	229.068	180.139	87.7278	17.5915	2.22703	0.0886845	10.8526	9.36888	0.319971	0	0	0	0	0	0	0	0	0
05.500,00.000	31.7	5.5	-200	0	4.5	1062.38	189.022	321.39	234.515	184.545	90.0233	18.3056	2.75525	0.29896	11.2202	9.4136	0.895719	0	0	0	0	0	0	0	0	0
05.500,00.000	31.8	5.5	-200	0	4.5	1067.82	190.063	322.835	235.661	185.402	90.4905	18.4441	2.88843	0.3409	11.2603	9.4136	1.01758	0	0	0	0	0	0	0	0	0
05.500,00.000	31.9	5.5	-200	0	4.5	1067.98	190.095	322.881	235.693	185.427	90.5037	18.4479	2.89222	0.342167	11.2626	9.4136	1.02106	0	0	0	0	0	0	0	0	0
05.500,00.000	32	5.5	-200	0	4.5	1069.42	190.394	323.252	235.991	185.656	90.6211	18.4796	2.92546	0.353837	11.2785	9.4136	1.05166	0	0	0	0	0	0	0	0	0
05.500,00.000	32.1	5.5	-200	0	4.5	1083.03	193.016	327.001	238.67	187.957	91.6984	18.7643	3.23098	0.464019	11.4792	9.4136	1.33339	0	0	0	0	0	0	0	0	0
05.500,00.000	32.2	5.5	-200	0	4.5	1091.16	194.665	329.167	240.297	189.309	92.3296	18.9312	3.41451	0.532346	11.5931	9.4136	1.50349	0	0	0	0	0	0	0	0	0
05.500,00.000	32.3	5.5	-200	0	4.5	1096.96	195.826	330.74	241.431	190.27	92.7704	19.0413	3.53962	0.621413	11.6872	9.4136	1.62107	0	0	0	0	0	0	0	0	0
05.500,00.000	32.4	5.5	-200	0	4.5	1102.78	196.982	332.329	242.561	191.248	93.2021	19.1453	3.66141	0.712543	11.7856	9.4136	1.73715	0	0	0	0	0	0	0	0	0
05.500,00.000	32.5	5.5	-200	0	4.5	1108.58	198.129	333.917	243.685	192.24	93.626	19.2432	3.77983	0.805754	11.8885	9.4136	1.85174	0	0	0	0	0	0	0	0	0
05.500,00.000	32.6	5.5	-200	0	4.5	1114.73	199.204	335.605	244.911	193.346	94.0956	19.3452	3.9081	0.912053	12.0079	9.4136	1.97797	0	0	0	0	0	0	0	0	0
05.500,00.000	32.7	5.5	-200	0	4.5	1119.2	200.14	336.689	245.775	194.164	94.4363	19.4147	4.01046	0.991095	12.0975	9.41368	2.06874	0	0	0	0	0	0	0	0	0
05.500,00.000	32.8	5.5	-200	0	4.5	1128.39	201.756	338.908	247.6	195.995	95.177	19.551	4.22125	1.16403	12.3451	9.41511	2.25962	0	0	0	0	0	0	0	0	0
05.500,00.000	32.9	5.5	-200	0	4.5	1143.52	204.784	342.221	250.362	199.347	96.3744	19.7427	4.53233	1.43304	12.7594	9.41857	2.5468	0	0	0	0	0	0	0	0	0
05.500,00.000	33	5.5	-200	0	4.5	1146	205.299	342.752	250.828	199.841	96.6082	19.7729	4.58284	1.47807	12.8253	9.41928	2.59398	0	0	0	0	0	0	0	0	0
05.500,00.000	33.1	5.5	-200	0	4.5	1159.08	207.947	345.646	253.194	202.2	98.1703	19.9027	4.82937	1.71937	13.207	9.42741	2.83241	0	0	0	0	0	0	0	0	0
05.500,00.000	33.2	5.5	-200	0	4.5	1167.27	209.68	347.402	254.673	203.618	99.2177	19.9424	4.97901	1.90462	13.4431	9.43364	2.97953	0	0	0	0	0	0	0	0	0
05.500,00.000	33.3	5.5	-200	0	4.5	1172.91	210.886	348.624	255.666	204.606	99.9056	19.9786	5.076	2.03118	13.6151	9.43924	3.07776	0	0	0	0	0	0	0	0	0
05.500,00.000	33.4	5.5	-200	0	4.5	1191.16	214.833	352.517	258.913	207.856	102.096	20.1003	5.37359	2.44035	14.1898	9.46147	3.37827	0	0	0	0	0	0	0	0	0
05.500,00.000	33.5	5.5	-200	0	4.5	1200.93	217.063	354.567	260.69	209.621	103.26	20.1597	5.52874	2.6601	14.5512	9.47556	3.35862	0	0	0	0	0	0	0	0	0
05.500,00.000	33.6	5.5	-200	0	4.5	1206.92	218.126	355.873	261.799	210.778	104.059	20.1919	5.6259	2.80423	14.8033	9.48683	3.37268	0	0	0	0	0	0	0	0	0
05.500,00.000	33.7	5.5	-200	0	4.5	1230.88	222.921	360.649	266.103	215.415	107.266	20.3057	6.00461	3.38988	15.8635	9.54002	3.42038	0	0	0	0	0	0	0	0	0
05.500,00.000	33.8	5.5	-200	0	4.5	1235.08	223.693	361.517	266.895	216.223	107.828	20.3243	6.06868	3.49107	16.0696	9.55033	3.42038	0	0	0	0	0	0	0	0	0
05.500,00.000	33.9	5.5	-200	0	4.5	1235.18	223.715	361.539	266.913	216.242	107.842	20.3247	6.07006	3.49341	16.0743	9.55062	3.42038	0	0	0	0	0	0	0	0	0
05.500,00.000	34	5.5	-200	0	4.5	1235.48	223.774	361.603	266.963	216.296	107.88	20.3255	6.07366	3.49982	16.088	9.55154	3.42038	0	0	0	0	0	0	0	0	0
05.500,00.000	34.1	5.5	-200	0	4.5	1253.75	227.672	365.664	269.855	219.687	110.315	20.3695	6.28261	3.89401	16.9756	9.61431	3.42038	0	0	0	0	0	0	0	0	0
05.500,00.000	34.2	5.5	-200	0	4.5	1263.56	229.786	367.847	271.314	221.531	111.658	20.3904	6.38844	4.10105	17.4733	9.64926	3.42038	0	0	0	0	0	0	0	0	0
05.500,00.000	34.3	5.5	-200	0	4.5	1268.76	230.934	369.029	272.066	222.504	112.358	20.3989	6.43808	4.20637	17.7332	9.66912	3.42038	0	0	0	0	0	0	0	0	0
05.500,00.000	34.4	5.5	-200	0	4.5	1275.08	232.346	370.488	272.957	223.684	113.2	20.4069	6.49251	4.33096	18.055	9.69473	3.42038	0	0	0	0	0	0	0	0	0
05.500,00.000	34.5	5.5	-200	0	4.5	1280.78	233.613	371.842	273.719	224.745	113.951	20.4126	6.53667	4.44028	18.3791	9.71887	3.42038	0	0	0	0	0	0	0	0	0
05.500,00.000	34.6	5.5	-200	0	4.5	1308.74	238.052	378.184	277.733	230.636	118.162	20.514	6.7686	5.07864	20.3216	9.86742	3.42038	0	0	0	0	0	0	0	0	0
05.500,00.000	34.7	5.5	-200	0	4.5	1317.19	239.653	379.943	278.78	232.301	119.508	20.6384	6.84841	5.27266	20.9147	9.91276	3.42038	0	0	0	0	0	0	0	0	0
05.500,00.000	34.8	5.5	-200	0	4.5	1317.2	239.655	379.946	278.782	232.303	119.51	20.6385	6.8485	5.27296	20.9155	9.91284	3.42038	0	0	0	0	0	0	0	0	0
05.500,00.000	34.9	5.5	-200	0	4.5	1325.82	241.333	381.929	279.796	233.97	120.807	20.7339	6.90007	5.52416	21.4394	9.9692	3.42038	0	0	0	0	0	0	0	0	0
05.500,00.000	35	5.5	-200	0	4.5	1328.35	241.81	382.492	280.088	234.468	121.187	20.7731	6.91891	5.60084	21.604	9.98657	3.42038	0	0	0	0	0	0	0	0	0
05.500,00.000	35.1	5.5	-200	0	4.5	1348.25	245.669	387.134	282.377	238.219	124.155	20.9994	7.00262	6.16596	22.8934	10.2139	3.42038	0	0	0	0	0	0	0	0	0
05.500,00.000	35.2	5.5	-200	0	4.5	1358.49	247.68	389.477	283.533	240.056	125.683	21.1225	7.04319	6.47286	23.6278	10.3695	3.42038	0	0	0	0	0	0	0	0	0
05.500,00.000	35.3	5.5	-200	0	4.5	1363.24	248.634	390.626	284.064	240.87	126.399	21.1763	7.05562	6.61049	23.9574	10.4248	3.42038	0	0	0	0	0	0	0	0	0
05.500,00.000	35.4	5.5	-200	0	4.5	1368.23	249.629	391.8	284.621	241.725	127.168	21.2347	7.06641	6.75363	24.337	10.4696	3.42038	0	0	0	0	0	0	0	0	0
05.500,00.000	35.5	5.5	-200	0	4.5	1373.19	250.613	393.003	285.162	242.557	127.893	21.3317	7.07477	6.89194	24.7321	10.5155	3.42038	0	0	0	0	0	0	0	0	0
05.500,00.000	35.6	5.5	-200	0	4.5	1378.18	251.371	394.193	285.734	243.433	128.464	21.6424	7.08238	7.04173	25.2329	10.5694	3.42038	0	0	0	0	0	0	0	0	0
05.500,00.000	35.7	5.5	-200	0	4.5	1388.17	253.054	396.429	286.849	245.084	129.448	22.3479	7.09578	7.37026	26.3763	10.696	3.42038	0	0	0	0	0	0	0	0	0
05.500,00.000	35.8	5.5	-200	0	4.5	1417.92	257.914	403.083	290.044	250.129	133.084	24.2371	7.12525	8.28168	29.5513	11.0489	3.42038	0	0	0	0	0	0	0	0	0
05.500,00.000	35.9	5.5	-200	0	4.5	1423	258.74	404.195	290.592	250.956	133.693	24.575	7.13078	8.47634	30.1152	11.1089	3.42038	0	0	0	0	0	0	0	0	0
05.500,00.000	36	5.5	-200	0	4.5	1446.73	263.005	409.574	293.081	254.393	136.4	26.219	7.13973	9.23529	32.8505	11.414	3.42038	0	0	0	0	0	0	0	0	0
05.500,00.000	36.1	5.5	-200	0	4.5	1457.9	265.008	411.987	294.266	255.983	137.802	27.002	7.14258	9.58563	34.1411	11.5573	3.42038	0	0	0	0	0	0	0	0	0
05.500,00.000	36.2	5.5	-200	0	4.5	1462.42	265.817	412.971	294.725	256.646	138.39	27.3127	7.14277	9.71361	34.6629	11.6189	3.42038	0	0	0	0	0	0	0	0	0
05.500,00.000	36.3	5.5	-200	0	4.5	1466.98	266.691	413.994	295.171	257.296	138.92	27.6309	7.14282	9.83818	35.1881	11.6857	3.42038	0	0	0	0	0	0	0	0	0
05.500,00.000	36.4	5.5	-200	0	4.5	1478.29	268.772	416.475	296.267	258.904	140.406	28.4188	7.14285	10.1275	36.4988	11.8584	3.42038	0	0	0	0	0	0	0	0	0
05.500,00.000	36.5	5.5	-200	0	4.5	1480.5	269.162	416.919	296.494	259.227	140.711	28.5851	7.14286	10.1878	36.7609	11.8951	3.42038	0	0	0	0	0	0	0	0	0
05.500,00.000	36.6	5.5	-200	0	4.5	1513.08	274.867	423.883	299.685	263.49	144.926	29.8948	7.14287	11.2458	41.8442	12.6759	3.42038	0	0	0	0	0	0	0	0	0
05.500,00.000	36.7	5.5	-200	0	4.5	1520.72	276.18	425.395	300.53	264.542	146.1	30.1919	7.14288	11.4876	42.8693	12.8641	3.42038	0	0	0	0	0	0	0	0	0
05.500,00.000	36.8	5.5	-200	0	4.5	1533.36	278.593	428.062	301.855	266.234	147.882	30.624	7.14289	11.8272	44.527	13.1974	3.42038	0	0	0	0	0	0	0	0	0
05.500,00.000	36.9	5.5	-200	0	4.5	1536.25	279.133	428.645	302.16	266.598	148.315	30.7457	7.14289	11.9072	44.9051	13.2771	3.42038	0	0	0	0	0	0	0	0	0
05.500,00.000	37	5.5	-200	0	4.5	1549.01	281.625	431.244	303.458	268.228	150.333	31.1905	7.1429	12.1939	46.5483	13.6236	3.42038	0	0	0	0	0	0	0	0	0
05.500,00.000	37.1	5.5	-200	0	4.5	1558.29	283.565	433.057	304.406	269.251	151.867	31.5386	7.1429	12.397	47.7574	13.8883	3.42038	0	0	0	0	0	0	0	0	0
05.500,00.000	37.2	5.5	-200	0	4.5	1561.44	284.245	433.682	304.728	269.594	152.347	31.6585	7.1429	12.4616	48.179	13.9819	3.42038	0	0	0	0	0	0	0	0	0
05.500,00.000	37.3	5.5	-200	0	4.5	1567.42	285.564	434.87	305.322	270.257	153.246	31.8856	7.14291	12.5722	48.9958	14.1428	3.42038	0	0	0	0	0	0	0	0	0
05.500,00.000	37.4	5.5	-200	0	4.5	1579.46	288.249	437.104	306.547	271.558	155.167	32.3656	7.14291	12.7804	50.6595	14.4655	3.42038	0	0	0	0	0	0	0	0	0
05.500,00.000	37.5	5.5	-200	0	4.5	1581.4	288.673	437.451	306.711	271.778	155.479	32.4557	7.14291	12.8154	50.9472	14.5217	3.42038	0	0	0	0	0	0	0	0	0
05.500,00.000	37.6	5.5	-200	0	4.5	1593.11	291.312	439.595	307.796	272.917	157.245	32.958	7.14291	13.0182	52.8043	14.8955	3.42038	0	0	0	0	0	0	0	0	0
05.500,00.000	37.7	5.5	-200	0	4.5	1599.96	292.835	440.842	308.402	273.591	158.344	33.2707	7.14291	13.1303	53.8714	15.1098	3.42038	0	0	0	0	0	0	0	0	0
05.500,00.000	37.8	5.5	-200	0	4.5	1600.36	292.925	440.913	308.437	273.631	158.408	33.2904	7.14291	13.1366	53.9355	15.1251	3.42038	0	0	0	0	0	0	0	0	0
05.500,00.000	37.9	5.5	-200	0	4.5	1600.39	292.932	440.918	308.439	273.634	158.412	33.2917	7.14292	13.137	53.94	15.1262	3.42038	0	0	0	0	0	0	0	0	0
05.500,00.000	38	5.5	-200	0	4.5	1609.8	295.204	442.558	309.288	274.501	159.926	33.6718	7.14292	13.2481	55.3391	15.4998	3.42038	0	0	0	0	0	0	0	0	0
05.500,00.000	38.1	5.5	-200	0	4.5	1618.88	297.377	444.115	310.126	275.29	161.348	34.0509	7.14292	13.3496	56.7477	15.9096	3.42038	0	0	0	0	0	0	0	0	0
05.500,00.000	38.2	5.5	-200	0	4.5	1620.11	297.662	444.306	310.261	275.389	161.507	34.1357	7.14292	13.3632	56.953	15.97	3.42038	0	0	0	0	0	0	0	0	0
05.500,00.000	38.3	5.5	-200	0	4.5	1623.19	298.438	444.868	310.539	275.621	161.912	34.314	7.14292	13.3901	57.4237	16.1241	3.42038	0	0	0	0	0	0	0	0	0
05.500,00.000	38.4	5.5	-200	0	4.5	1630.82	300.399	446.209	311.23	276.181	162.976	34.7381	7.14292	13.45	58.5879	16.4908	3.42038	0	0	0	0	0	0	0	0	0
05.500,00.000	38.5	5.5	-200	0	4.5	1632.48	300.795	446.483	311.396	276.303	163.21	34.842	7.14292	13.4624	58.8479	16.5783	3.42038	0	0	0	0	0	0	0	0	0
05.500,00.000	38.6	5.5	-200	0	4.5	1637.52	302.119	447.378	311.842	276.658	163.858	35.1466	7.14292	13.4936	59.6314	16.8328	3.42038	0	0	0	0	0	0	0	0	0
05.500,00.000	38.7	5.5	-200	0	4.5	1639.94	302.742	447.803	312.056	276.82	164.186	35.2965	7.14292	13.5066	59.9991	16.9664	3.42038	0	0	0	0	0	0	0	0	0
05.500,00.000	38.8	5.5	-200	0	4.5	1642.26	303.374	448.224	312.243	276.967	164.507	35.4311	7.14292	13.5167	60.3416	17.0903	3.42038	0	0	0	0	0	0	0	0	0
05.500,00.000	38.9	5.5	-200	0	4.5	1645.99	304.411	448.921	312.538	277.205	164.991	35.6469	7.14292	13.5305	60.8828	17.301	3.42038	0	0	0	0	0	0	0	0	0
05.500,00.000	39	5.5	-200	0	4.5	1648.18	305.028	449.319	312.728	277.342	165.267	35.7818	7.14292	13.5376	61.183	17.4326	3.42038	0	0	0	0	0	0	0	0	0
05.500,00.000	39.1	5.5	-200	0	4.5	1651.96	306.106	450.025	313.042	277.56	165.764	36.0044	7.14292	13.5471	61.6847	17.6621	3.42038	0	0	0	0	0	0	0	0	0
05.500,00.000	39.2	5.5	-200	0	4.5	1656.14	307.354	450.799	313.389	277.798	166.287	36.2445	7.14292	13.5556	62.239	17.9103	3.42038	0	0	0	0	0	0	0	0	0
05.500,00.000	39.3	5.5	-200	0	4.5	1658.8	308.225	451.273	313.599	277.935	166.601	36.3993	7.14292	13.5596	62.5744	18.0672	3.42038	0	0	0	0	0	0	0	0	0
05.500,00.000	39.4	5.5	-200	0	4.5	1661.77	309.177	451.82	313.817	278.079	166.98	36.5815	7.14292	13.5621	62.9368	18.2542	3.42038	0	0	0	0	0	0	0	0	0
05.500,00.000	39.5	5.5	-200	0	4.5	1664.82	310.169	452.381	314.037	278.214	167.38	36.7677	7.14293	13.5631	63.3034	18.4449	3.42038	0	0	0	0	0	0	0	0	0
05.500,00.000	39.6	5.5	-200	0	4.5	1667.85	311.163	452.957	314.249	278.345	167.737	36.9516	7.1588	13.5632	63.6592	18.6459	3.42038	0	0	0	0	0	0	0	0	0
05.500,00.000	39.7	5.5	-200	0	4.5	1670.73	312.109	453.504	314.442	278.467	168.091	37.1262	7.18984	13.5632	63.9886	18.831	3.42038	0	0	0	0	0	0	0	0	0
05.500,00.000	39.8	5.5	-200	0	4.5	1673.83	313.117	454.104	314.635	278.59	168.485	37.315	7.22215	13.5632	64.318	19.0577	3.42038	0	0	0	0	0	0	0	0	0
05.500,00.000	39.9	5.5	-200	0	4.5	1676.8	314.092	454.678	314.814	278.704	168.859	37.495	7.25417	13.5632	64.6199	19.3044	3.42038	0	0	0	0	0	0	0	0	0
05.500,00.000	40	5.5	-200	0	4.5	1679.71	315.073	455.252	314.988	278.814	169.206	37.667	7.28766	13.5632	64.9135	19.525	3.42038	0	0	0	0	0	0	0	0	0
05.500,00.000	40.1	5.5	-200	0	4.5	1682.57	316.024	455.849	315.152	278.914	169.55	37.8362	7.32171	13.5632	65.1924	19.7502	3.42038	0	0	0	0	0	0	0	0	0
05.500,00.000	40.2	5.5	-200	0	4.5	1685.47	316.978	456.468	315.309	279.012	169.901	38.0035	7.35545	13.5632	65.4547	20.0022	3.42038	0	0	0	0	0	0	0	0	0
05.500,00.000	40.3	5.5	-200	0	4.5	1688.27	317.89	457.091	315.454	279.099	170.239	38.1706	7.38886	13.5632	65.6996	20.25	3.42038	0	0	0	0	0	0	0	0	0
05.500,00.000	40.4	5.5	-200	0	4.5	1691.01	318.788	457.707	315.59	279.182	170.591	38.3315	7.42342	13.5632	65.9334	20.4753	3.42038	0	0	0	0	0	0	0	0	0
05.500,00.000	40.5	5.5	-200	0	4.5	1693.73	319.674	458.31	315.72	279.261	170.935	38.4859	7.47572	13.5632	66.1621	20.7184	3.42038	0	0	0	0	0	0	0	0	0
05.500,00.000	40.6	5.5	-200	0	4.5	1696.42	320.544	458.934	315.841	279.336	171.274	38.6415	7.54131	13.5632	66.3631	20.961	3.42038	0	0	0	0	0	0	0	0	0
05.500,00.000	40.7	5.5	-200	0	4.5	1698.99	321.379	459.516	315.949	279.405	171.611	38.7844	7.6077	13.5632	66.5579	21.1965	3.42038	0	0	0	0	0	0	0	0	0
05.500,00.000	40.8	5.5	-200	0	4.5	1701.66	322.237	460.147	316.054	279.475	171.968	38.9355	7.67547	13.5632	66.747	21.4391	3.42038	0	0	0	0	0	0	0	0	0
05.500,00.000	40.9	5.5	-200	0	4.5	1704.25	323.061	460.76	316.149	279.54	172.325	39.0783	7.73936	13.5632	66.9225	21.6869	3.42038	0	0	0	0	0	0	0	0	0
05.500,00.000	41	5.5	-200	0	4.5	1706.79	323.887	461.356	316.239	279.603	172.67	39.2193	7.8063	13.5632	67.0945	21.9348	3.42038	0	0	0	0	0	0	0	0	0
05.500,00.000	41.1	5.5	-200	0	4.5	1709.28	324.699	461.948	316.321	279.662	173.015	39.3569	7.87337	13.5632	67.2566	22.1613	3.42038	0	0	0	0	0	0	0	0	0
05.500,00.000	41.2	5.5	-200	0	4.5	1711.72	325.486	462.544	316.397	279.718	173.363	39.4916	7.93498	13.5632	67.404	22.3933	3.42038	0	0	0	0	0	0	0	0	0
05.500,00.000	41.3	5.5	-200	0	4.5	1714.08	326.241	463.12	316.464	279.771	173.697	39.6204	7.99527	13.5632	67.5445	22.6455	3.42038	0	0	0	0	0	0	0	0	0
05.500,00.000	41.4	5.5	-200	0	4.5	1716.42	326.933	463.753	316.527	279.821	174.043	39.7522	8.05669	13.5632	67.6821	22.8691	3.42038	0	0	0	0	0	0	0	0	0
05.500,00.000	41.5	5.5	-200	0	4.5	1718.66	327.545	464.413	316.581	279.868	174.375	39.8775	8.11601	13.5632	67.8109	23.0882	3.42038	0	0	0	0	0	0	0	0	0
05.500,00.000	41.6	5.5	-200	0	4.5	1720.85	328.141	465.054	316.632	279.911	174.701	40.0033	8.17226	13.5632	67.9192	23.3343	3.42038	0	0	0	0	0	0	0	0	0
05.500,00.000	41.7	5.5	-200	0	4.5	1722.97	328.724	465.679	316.677	279.951	175.022	40.1273	8.22735	13.5632	68.0308	23.5435	3.42038	0	0	0	0	0	0	0	0	0
05.500,00.000	41.8	5.5	-200	0	4.5	1725.02	329.291	466.277	316.717	279.988	175.353	40.2516	8.28142	13.5632	68.1371	23.7441	3.42038	0	0	0	0	0	0	0	0	0
05.500,00.000	41.9	5.5	-200	0	4.5	1727.07	329.85	466.86	316.754	280.024	175.686	40.3778	8.3335	13.5632	68.2332	23.973	3.42038	0	0	0	0	0	0	0	0	0
05.500,00.000	42	5.5	-200	0	4.5	1729.07	330.388	467.424	316.786	280.057	176.032	40.5003	8.38332	13.5632	68.3174	24.2012	3.42038	0	0	0	0	0	0	0	0	0