
label	time(d)	x	depth	z	radius	total	0-10	10-20	20-30	30-40	40-50	50-60	60-70	70-80	80-90	90-100	100-110	110-120	120-130	130-140	140-150	150-160	160-170	170-180	180-190	190-200
00.000,00.000	0	0	-200	0	4.5	0	0	0	0	0	0	0	0	0	0	0	0	0	0	0	0	0	0	0	0	0
00.000,00.000	0.1	0	-200	0	4.5	0.293975	0.293975	0	0	0	0	0	0	0	0	0	0	0	0	0	0	0	0	0	0	0
00.000,00.000	0.2	0	-200	0	4.5	0.590922	0.590922	0	0	0	0	0	0	0	0	0	0	0	0	0	0	0	0	0	0	0
00.000,00.000	0.3	0	-200	0	4.5	0.890001	0.890001	0	0	0	0	0	0	0	0	0	0	0	0	0	0	0	0	0	0	0
00.000,00.000	0.4	0	-200	0	4.5	1.19143	1.19143	0	0	0	0	0	0	0	0	0	0	0	0	0	0	0	0	0	0	0
00.000,00.000	0.5	0	-200	0	4.5	1.4952	1.4952	0	0	0	0	0	0	0	0	0	0	0	0	0	0	0	0	0	0	0
00.000,00.000	0.6	0	-200	0	4.5	1.80103	1.80103	0	0	0	0	0	0	0	0	0	0	0	0	0	0	0	0	0	0	0
00.000,00.000	0.7	0	-200	0	4.5	2.1089	2.1089	0	0	0	0	0	0	0	0	0	0	0	0	0	0	0	0	0	0	0
00.000,00.000	0.8	0	-200	0	4.5	2.41873	2.41873	0	0	0	0	0	0	0	0	0	0	0	0	0	0	0	0	0	0	0
00.000,00.000	0.9	0	-200	0	4.5	2.72994	2.72994	0	0	0	0	0	0	0	0	0	0	0	0	0	0	0	0	0	0	0
00.000,00.000	1	0	-200	0	4.5	3.04123	3.04123	0	0	0	0	0	0	0	0	0	0	0	0	0	0	0	0	0	0	0
00.000,00.000	1.1	0	-200	0	4.5	3.35786	3.35786	0	0	0	0	0	0	0	0	0	0	0	0	0	0	0	0	0	0	0
00.000,00.000	1.2	0	-200	0	4.5	3.68336	3.68336	0	0	0	0	0	0	0	0	0	0	0	0	0	0	0	0	0	0	0
00.000,00.000	1.3	0	-200	0	4.5	4.01955	4.01955	0	0	0	0	0	0	0	0	0	0	0	0	0	0	0	0	0	0	0
00.000,00.000	1.4	0	-200	0	4.5	4.36756	4.36756	0	0	0	0	0	0	0	0	0	0	0	0	0	0	0	0	0	0	0
00.000,00.000	1.5	0	-200	0	4.5	4.72812	4.72812	0	0	0	0	0	0	0	0	0	0	0	0	0	0	0	0	0	0	0
00.000,00.000	1.6	0	-200	0	4.5	5.10262	5.10262	0	0	0	0	0	0	0	0	0	0	0	0	0	0	0	0	0	0	0
00.000,00.000	1.7	0	-200	0	4.5	5.48916	5.48916	0	0	0	0	0	0	0	0	0	0	0	0	0	0	0	0	0	0	0
00.000,00.000	1.8	0	-200	0	4.5	5.88926	5.88926	0	0	0	0	0	0	0	0	0	0	0	0	0	0	0	0	0	0	0
00.000,00.000	1.9	0	-200	0	4.5	6.32889	6.32889	0	0	0	0	0	0	0	0	0	0	0	0	0	0	0	0	0	0	0
00.000,00.000	2	0	-200	0	4.5	6.81564	6.81564	0	0	0	0	0	0	0	0	0	0	0	0	0	0	0	0	0	0	0
00.000,00.000	2.1	0	-200	0	4.5	7.38127	7.38127	0	0	0	0	0	0	0	0	0	0	0	0	0	0	0	0	0	0	0
00.000,00.000	2.2	0	-200	0	4.5	8.09836	8.07719	0.0211708	0	0	0	0	0	0	0	0	0	0	0	0	0	0	0	0	0	0
00.000,00.000	2.3	0	-200	0	4.5	8.96431	8.66992	0.29439	0	0	0	0	0	0	0	0	0	0	0	0	0	0	0	0	0	0
00.000,00.000	2.4	0	-200	0	4.5	9.96377	9.38902	0.574749	0	0	0	0	0	0	0	0	0	0	0	0	0	0	0	0	0	0
00.000,00.000	2.5	0	-200	0	4.5	11.0754	10.2204	0.854962	0	0	0	0	0	0	0	0	0	0	0	0	0	0	0	0	0	0
00.000,00.000	2.6	0	-200	0	4.5	12.2942	11.1601	1.1341	0	0	0	0	0	0	0	0	0	0	0	0	0	0	0	0	0	0
00.000,00.000	2.7	0	-200	0	4.5	13.6268	12.2141	1.41268	0	0	0	0	0	0	0	0	0	0	0	0	0	0	0	0	0	0
00.000,00.000	2.8	0	-200	0	4.5	15.0978	13.4062	1.69159	0	0	0	0	0	0	0	0	0	0	0	0	0	0	0	0	0	0
00.000,00.000	2.9	0	-200	0	4.5	16.7428	14.769	1.97377	0	0	0	0	0	0	0	0	0	0	0	0	0	0	0	0	0	0
00.000,00.000	3	0	-200	0	4.5	18.5431	16.2816	2.26159	0	0	0	0	0	0	0	0	0	0	0	0	0	0	0	0	0	0
00.000,00.000	3.1	0	-200	0	4.5	20.4272	17.8729	2.55428	0	0	0	0	0	0	0	0	0	0	0	0	0	0	0	0	0	0
00.000,00.000	3.2	0	-200	0	4.5	22.2743	19.4279	2.84649	0	0	0	0	0	0	0	0	0	0	0	0	0	0	0	0	0	0
00.000,00.000	3.3	0	-200	0	4.5	24.1123	20.9737	3.13861	0	0	0	0	0	0	0	0	0	0	0	0	0	0	0	0	0	0
00.000,00.000	3.4	0	-200	0	4.5	25.9337	22.5028	3.43089	0	0	0	0	0	0	0	0	0	0	0	0	0	0	0	0	0	0
00.000,00.000	3.5	0	-200	0	4.5	27.7201	23.9982	3.72189	0	0	0	0	0	0	0	0	0	0	0	0	0	0	0	0	0	0
00.000,00.000	3.6	0	-200	0	4.5	29.4719	25.4608	4.01107	0	0	0	0	0	0	0	0	0	0	0	0	0	0	0	0	0	0
00.000,00.000	3.7	0	-200	0	4.5	31.1995	26.9007	4.29877	0	0	0	0	0	0	0	0	0	0	0	0	0	0	0	0	0	0
00.000,00.000	3.8	0	-200	0	4.5	32.9151	28.3298	4.58526	0	0	0	0	0	0	0	0	0	0	0	0	0	0	0	0	0	0
00.000,00.000	3.9	0	-200	0	4.5	34.6282	29.7578	4.87046	0	0	0	0	0	0	0	0	0	0	0	0	0	0	0	0	0	0
00.000,00.000	4	0	-200	0	4.5	36.3505	31.1952	5.15529	0	0	0	0	0	0	0	0	0	0	0	0	0	0	0	0	0	0
00.000,00.000	4.1	0	-200	0	4.5	38.0783	32.6379	5.44047	0	0	0	0	0	0	0	0	0	0	0	0	0	0	0	0	0	0
00.000,00.000	4.2	0	-200	0	4.5	39.8104	34.0837	5.72666	0	0	0	0	0	0	0	0	0	0	0	0	0	0	0	0	0	0
00.000,00.000	4.3	0	-200	0	4.5	41.5452	35.4776	6.06753	0	0	0	0	0	0	0	0	0	0	0	0	0	0	0	0	0	0
00.000,00.000	4.4	0	-200	0	4.5	43.2774	36.5772	6.70018	0	0	0	0	0	0	0	0	0	0	0	0	0	0	0	0	0	0
00.000,00.000	4.5	0	-200	0	4.5	44.9904	37.6673	7.32308	0	0	0	0	0	0	0	0	0	0	0	0	0	0	0	0	0	0
00.000,00.000	4.6	0	-200	0	4.5	46.4141	38.4716	7.9425	0	0	0	0	0	0	0	0	0	0	0	0	0	0	0	0	0	0
00.000,00.000	4.7	0	-200	0	4.5	47.6937	38.9888	8.7049	0	0	0	0	0	0	0	0	0	0	0	0	0	0	0	0	0	0
00.000,00.000	4.8	0	-200	0	4.5	48.7471	39.4769	9.27019	0	0	0	0	0	0	0	0	0	0	0	0	0	0	0	0	0	0
00.000,00.000	4.9	0	-200	0	4.5	49.7934	39.9619	9.83152	0	0	0	0	0	0	0	0	0	0	0	0	0	0	0	0	0	0
00.000,00.000	5	0	-200	0	4.5	50.7331	40.3424	10.3908	0	0	0	0	0	0	0	0	0	0	0	0	0	0	0	0	0	0
00.000,00.000	5.1	0	-200	0	4.5	51.518	40.5698	10.9483	0	0	0	0	0	0	0	0	0	0	0	0	0	0	0	0	0	0
00.000,00.000	5.2	0	-200	0	4.5	52.2205	40.8001	11.4204	0	0	0	0	0	0	0	0	0	0	0	0	0	0	0	0	0	0
00.000,00.000	5.3	0	-200	0	4.5	52.7393	40.9526	11.7867	0	0	0	0	0	0	0	0	0	0	0	0	0	0	0	0	0	0
00.000,00.000	5.4	0	-200	0	4.5	53.2557	40.9653	12.2904	0	0	0	0	0	0	0	0	0	0	0	0	0	0	0	0	0	0
00.000,00.000	5.5	0	-200	0	4.5	53.7731	40.9803	12.7928	0	0	0	0	0	0	0	0	0	0	0	0	0	0	0	0	0	0
00.000,00.000	5.6	0	-200	0	4.5	54.2916	40.9974	13.2942	0	0	0	0	0	0	0	0	0	0	0	0	0	0	0	0	0	0
00.000,00.000	5.7	0	-200	0	4.5	54.6525	41.0172	13.6352	0	0	0	0	0	0	0	0	0	0	0	0	0	0	0	0	0	0
00.000,00.000	5.8	0	-200	0	4.5	54.9543	41.0393	13.7017	0.213341	0	0	0	0	0	0	0	0	0	0	0	0	0	0	0	0	0
00.000,00.000	5.9	0	-200	0	4.5	55.2575	41.0649	13.7022	0.490405	0	0	0	0	0	0	0	0	0	0	0	0	0	0	0	0	0
00.000,00.000	6	0	-200	0	4.5	55.5649	41.0961	13.7022	0.766598	0	0	0	0	0	0	0	0	0	0	0	0	0	0	0	0	0
00.000,00.000	6.1	0	-200	0	4.5	55.8789	41.1348	13.7022	1.0419	0	0	0	0	0	0	0	0	0	0	0	0	0	0	0	0	0
00.000,00.000	6.2	0	-200	0	4.5	56.1995	41.1808	13.7023	1.31639	0	0	0	0	0	0	0	0	0	0	0	0	0	0	0	0	0
00.000,00.000	6.3	0	-200	0	4.5	56.5277	41.2343	13.7031	1.59023	0	0	0	0	0	0	0	0	0	0	0	0	0	0	0	0	0
00.000,00.000	6.4	0	-200	0	4.5	56.8646	41.2967	13.7045	1.86347	0	0	0	0	0	0	0	0	0	0	0	0	0	0	0	0	0
00.000,00.000	6.5	0	-200	0	4.5	57.2093	41.3671	13.7065	2.13576	0	0	0	0	0	0	0	0	0	0	0	0	0	0	0	0	0
00.000,00.000	6.6	0	-200	0	4.5	57.5652	41.4477	13.7099	2.40756	0	0	0	0	0	0	0	0	0	0	0	0	0	0	0	0	0
00.000,00.000	6.7	0	-200	0	4.5	57.9362	41.5426	13.7149	2.67876	0	0	0	0	0	0	0	0	0	0	0	0	0	0	0	0	0
00.000,00.000	6.8	0	-200	0	4.5	58.3203	41.65	13.7211	2.94926	0	0	0	0	0	0	0	0	0	0	0	0	0	0	0	0	0
00.000,00.000	6.9	0	-200	0	4.5	58.7242	41.7762	13.7288	3.21929	0	0	0	0	0	0	0	0	0	0	0	0	0	0	0	0	0
00.000,00.000	7	0	-200	0	4.5	59.1483	41.9212	13.7384	3.48864	0	0	0	0	0	0	0	0	0	0	0	0	0	0	0	0	0
00.000,00.000	7.1	0	-200	0	4.5	59.5945	42.0873	13.75	3.75721	0	0	0	0	0	0	0	0	0	0	0	0	0	0	0	0	0
00.000,00.000	7.2	0	-200	0	4.5	60.0698	42.2805	13.7642	4.02514	0	0	0	0	0	0	0	0	0	0	0	0	0	0	0	0	0
00.000,00.000	7.3	0	-200	0	4.5	60.5729	42.5002	13.7803	4.29242	0	0	0	0	0	0	0	0	0	0	0	0	0	0	0	0	0
00.000,00.000	7.4	0	-200	0	4.5	61.1045	42.7461	13.7993	4.559	0	0	0	0	0	0	0	0	0	0	0	0	0	0	0	0	0
00.000,00.000	7.5	0	-200	0	4.5	61.6628	43.0179	13.8205	4.82442	0	0	0	0	0	0	0	0	0	0	0	0	0	0	0	0	0
00.000,00.000	7.6	0	-200	0	4.5	62.2525	43.3189	13.8441	5.08941	0	0	0	0	0	0	0	0	0	0	0	0	0	0	0	0	0
00.000,00.000	7.7	0	-200	0	4.5	62.8743	43.6493	13.8712	5.35382	0	0	0	0	0	0	0	0	0	0	0	0	0	0	0	0	0
00.000,00.000	7.8	0	-200	0	4.5	63.534	44.0147	13.9018	5.61757	0	0	0	0	0	0	0	0	0	0	0	0	0	0	0	0	0
00.000,00.000	7.9	0	-200	0	4.5	64.2399	44.4222	13.9368	5.88094	0	0	0	0	0	0	0	0	0	0	0	0	0	0	0	0	0
00.000,00.000	8	0	-200	0	4.5	64.9886	44.8661	13.9788	6.14364	0	0	0	0	0	0	0	0	0	0	0	0	0	0	0	0	0
00.000,00.000	8.1	0	-200	0	4.5	65.7843	45.3517	14.0268	6.40575	0	0	0	0	0	0	0	0	0	0	0	0	0	0	0	0	0
00.000,00.000	8.2	0	-200	0	4.5	66.6411	45.8926	14.0812	6.66725	0	0	0	0	0	0	0	0	0	0	0	0	0	0	0	0	0
00.000,00.000	8.3	0	-200	0	4.5	67.5688	46.4976	14.1431	6.92816	0	0	0	0	0	0	0	0	0	0	0	0	0	0	0	0	0
00.000,00.000	8.4	0	-200	0	4.5	68.5597	47.1587	14.2125	7.18849	0	0	0	0	0	0	0	0	0	0	0	0	0	0	0	0	0
00.000,00.000	8.5	0	-200	0	4.5	69.5909	47.8541	14.2889	7.44796	0	0	0	0	0	0	0	0	0	0	0	0	0	0	0	0	0
00.000,00.000	8.6	0	-200	0	4.5	70.668	48.5889	14.3723	7.70678	0	0	0	0	0	0	0	0	0	0	0	0	0	0	0	0	0
00.000,00.000	8.7	0	-200	0	4.5	71.7902	49.3618	14.4634	7.96504	0	0	0	0	0	0	0	0	0	0	0	0	0	0	0	0	0
00.000,00.000	8.8	0	-200	0	4.5	72.962	50.1777	14.5614	8.22294	0	0	0	0	0	0	0	0	0	0	0	0	0	0	0	0	0
00.000,00.000	8.9	0	-200	0	4.5	74.205	51.0546	14.6698	8.48055	0	0	0	0	0	0	0	0	0	0	0	0	0	0	0	0	0
00.000,00.000	9	0	-200	0	4.5	75.5239	51.9986	14.7875	8.73776	0	0	0	0	0	0	0	0	0	0	0	0	0	0	0	0	0
00.000,00.000	9.1	0	-200	0	4.5	76.9445	53.0262	14.9238	8.99455	0	0	0	0	0	0	0	0	0	0	0	0	0	0	0	0	0
00.000,00.000	9.2	0	-200	0	4.5	78.4607	54.1364	15.0735	9.2509	0	0	0	0	0	0	0	0	0	0	0	0	0	0	0	0	0
00.000,00.000	9.3	0	-200	0	4.5	80.0701	55.3304	15.2328	9.50685	0	0	0	0	0	0	0	0	0	0	0	0	0	0	0	0	0
00.000,00.000	9.4	0	-200	0	4.5	81.7687	56.6011	15.4052	9.76245	0	0	0	0	0	0	0	0	0	0	0	0	0	0	0	0	0
00.000,00.000	9.5	0	-200	0	4.5	83.5324	57.9264	15.5886	10.0174	0	0	0	0	0	0	0	0	0	0	0	0	0	0	0	0	0
00.000,00.000	9.6	0	-200	0	4.5	85.3562	59.2999	15.7841	10.2722	0	0	0	0	0	0	0	0	0	0	0	0	0	0	0	0	0
00.000,00.000	9.7	0	-200	0	4.5	87.246	60.7261	15.993	10.3029	0.224	0	0	0	0	0	0	0	0	0	0	0	0	0	0	0	0
00.000,00.000	9.8	0	-200	0	4.5	89.2126	62.2172	16.2138	10.3036	0.478001	0	0	0	0	0	0	0	0	0	0	0	0	0	0	0	0
00.000,00.000	9.9	0	-200	0	4.5	91.2932	63.8087	16.448	10.3036	0.732858	0	0	0	0	0	0	0	0	0	0	0	0	0	0	0	0
00.000,00.000	10	0	-200	0	4.5	93.4913	65.503	16.6971	10.3036	0.987508	0	0	0	0	0	0	0	0	0	0	0	0	0	0	0	0
00.000,00.000	10.1	0	-200	0	4.5	95.809	67.3022	16.9612	10.3037	1.24195	0	0	0	0	0	0	0	0	0	0	0	0	0	0	0	0
00.000,00.000	10.2	0	-200	0	4.5	98.2461	69.207	17.2382	10.3045	1.49642	0	0	0	0	0	0	0	0	0	0	0	0	0	0	0	0
00.000,00.000	10.3	0	-200	0	4.5	100.795	71.2099	17.5285	10.3057	1.75089	0	0	0	0	0	0	0	0	0	0	0	0	0	0	0	0
00.000,00.000	10.4	0	-200	0	4.5	103.451	73.3054	17.8331	10.3074	2.00507	0	0	0	0	0	0	0	0	0	0	0	0	0	0	0	0
00.000,00.000	10.5	0	-200	0	4.5	106.17	75.452	18.1494	10.31	2.25872	0	0	0	0	0	0	0	0	0	0	0	0	0	0	0	0
00.000,00.000	10.6	0	-200	0	4.5	108.958	77.6539	18.4782	10.3134	2.51264	0	0	0	0	0	0	0	0	0	0	0	0	0	0	0	0
00.000,00.000	10.7	0	-200	0	4.5	111.819	79.9234	18.8112	10.3177	2.76673	0	0	0	0	0	0	0	0	0	0	0	0	0	0	0	0
00.000,00.000	10.8	0	-200	0	4.5	114.774	82.275	19.1543	10.3242	3.02077	0	0	0	0	0	0	0	0	0	0	0	0	0	0	0	0
00.000,00.000	10.9	0	-200	0	4.5	117.872	84.7534	19.5116	10.3324	3.27476	0	0	0	0	0	0	0	0	0	0	0	0	0	0	0	0
00.000,00.000	11	0	-200	0	4.5	121.115	87.3618	19.8819	10.3425	3.52873	0	0	0	0	0	0	0	0	0	0	0	0	0	0	0	0
00.000,00.000	11.1	0	-200	0	4.5	124.491	90.0968	20.2561	10.3555	3.78272	0	0	0	0	0	0	0	0	0	0	0	0	0	0	0	0
00.000,00.000	11.2	0	-200	0	4.5	128.038	92.982	20.649	10.3708	4.03643	0	0	0	0	0	0	0	0	0	0	0	0	0	0	0	0
00.000,00.000	11.3	0	-200	0	4.5	131.741	95.9999	21.0622	10.3891	4.28967	0	0	0	0	0	0	0	0	0	0	0	0	0	0	0	0
00.000,00.000	11.4	0	-200	0	4.5	135.573	99.1246	21.4955	10.4102	4.54283	0	0	0	0	0	0	0	0	0	0	0	0	0	0	0	0
00.000,00.000	11.5	0	-200	0	4.5	139.464	102.292	21.9412	10.4342	4.79582	0	0	0	0	0	0	0	0	0	0	0	0	0	0	0	0
00.000,00.000	11.6	0	-200	0	4.5	143.283	105.508	22.4009	10.4612	4.91297	0	0	0	0	0	0	0	0	0	0	0	0	0	0	0	0
00.000,00.000	11.7	0	-200	0	4.5	147.068	108.784	22.8788	10.4922	4.91297	0	0	0	0	0	0	0	0	0	0	0	0	0	0	0	0
00.000,00.000	11.8	0	-200	0	4.5	150.963	112.157	23.3667	10.5262	4.91297	0	0	0	0	0	0	0	0	0	0	0	0	0	0	0	0
00.000,00.000	11.9	0	-200	0	4.5	155.034	115.707	23.8512	10.5634	4.91297	0	0	0	0	0	0	0	0	0	0	0	0	0	0	0	0
00.000,00.000	12	0	-200	0	4.5	159.288	119.414	24.3564	10.6047	4.91297	0	0	0	0	0	0	0	0	0	0	0	0	0	0	0	0
00.000,00.000	12.1	0	-200	0	4.5	163.77	123.319	24.8885	10.6497	4.91297	0	0	0	0	0	0	0	0	0	0	0	0	0	0	0	0
00.000,00.000	12.2	0	-200	0	4.5	168.314	127.26	25.4422	10.6984	4.91297	0	0	0	0	0	0	0	0	0	0	0	0	0	0	0	0
00.000,00.000	12.3	0	-200	0	4.5	172.893	131.174	26.0533	10.7525	4.91297	0	0	0	0	0	0	0	0	0	0	0	0	0	0	0	0
00.000,00.000	12.4	0	-200	0	4.5	177.523	135.123	26.6758	10.8112	4.91297	0	0	0	0	0	0	0	0	0	0	0	0	0	0	0	0
00.000,00.000	12.5	0	-200	0	4.5	182.155	139.075	27.2916	10.8756	4.91297	0	0	0	0	0	0	0	0	0	0	0	0	0	0	0	0
00.000,00.000	12.6	0	-200	0	4.5	186.821	142.893	28.0671	10.9476	4.91297	0	0	0	0	0	0	0	0	0	0	0	0	0	0	0	0
00.000,00.000	12.7	0	-200	0	4.5	191.439	146.521	28.9807	11.0245	4.91297	0	0	0	0	0	0	0	0	0	0	0	0	0	0	0	0
00.000,00.000	12.8	0	-200	0	4.5	196.096	150.11	29.9638	11.1084	4.91297	0	0	0	0	0	0	0	0	0	0	0	0	0	0	0	0
00.000,00.000	12.9	0	-200	0	4.5	200.839	153.296	31.4311	11.1986	4.91297	0	0	0	0	0	0	0	0	0	0	0	0	0	0	0	0
00.000,00.000	13	0	-200	0	4.5	205.643	156.492	32.9433	11.2954	4.91297	0	0	0	0	0	0	0	0	0	0	0	0	0	0	0	0
00.000,00.000	13.1	0	-200	0	4.5	210.502	159.714	34.4755	11.4	4.91297	0	0	0	0	0	0	0	0	0	0	0	0	0	0	0	0
00.000,00.000	13.2	0	-200	0	4.5	215.449	162.996	36.0289	11.5116	4.91297	0	0	0	0	0	0	0	0	0	0	0	0	0	0	0	0
00.000,00.000	13.3	0	-200	0	4.5	220.507	166.356	37.6061	11.6313	4.91297	0	0	0	0	0	0	0	0	0	0	0	0	0	0	0	0
00.000,00.000	13.4	0	-200	0	4.5	225.657	169.779	39.2066	11.7586	4.91297	0	0	0	0	0	0	0	0	0	0	0	0	0	0	0	0
00.000,00.000	13.5	0	-200	0	4.5	230.829	173.198	40.8251	11.8938	4.91297	0	0	0	0	0	0	0	0	0	0	0	0	0	0	0	0
00.000,00.000	13.6	0	-200	0	4.5	236.54	176.952	42.6236	12.0511	4.91297	0	0	0	0	0	0	0	0	0	0	0	0	0	0	0	0
00.000,00.000	13.7	0	-200	0	4.5	242.144	180.622	44.3948	12.2141	4.91297	0	0	0	0	0	0	0	0	0	0	0	0	0	0	0	0
00.000,00.000	13.8	0	-200	0	4.5	246.732	183.618	45.8477	12.3535	4.91297	0	0	0	0	0	0	0	0	0	0	0	0	0	0	0	0
00.000,00.000	13.9	0	-200	0	4.5	252.195	187.189	47.5671	12.5266	4.91297	0	0	0	0	0	0	0	0	0	0	0	0	0	0	0	0
00.000,00.000	14	0	-200	0	4.5	257.688	190.74	49.3308	12.7041	4.91297	0	0	0	0	0	0	0	0	0	0	0	0	0	0	0	0
00.000,00.000	14.1	0	-200	0	4.5	263.143	194.275	51.0688	12.8862	4.91303	0	0	0	0	0	0	0	0	0	0	0	0	0	0	0	0
00.000,00.000	14.2	0	-200	0	4.5	268.64	197.83	52.8186	13.077	4.9141	0	0	0	0	0	0	0	0	0	0	0	0	0	0	0	0
00.000,00.000	14.3	0	-200	0	4.5	274.171	201.394	54.5851	13.2761	4.91571	0	0	0	0	0	0	0	0	0	0	0	0	0	0	0	0
00.000,00.000	14.4	0	-200	0	4.5	279.703	204.928	56.3733	13.4837	4.91801	0	0	0	0	0	0	0	0	0	0	0	0	0	0	0	0
00.000,00.000	14.5	0	-200	0	4.5	285.231	208.386	58.2238	13.7	4.92116	0	0	0	0	0	0	0	0	0	0	0	0	0	0	0	0
00.000,00.000	14.6	0	-200	0	4.5	292.037	212.602	60.5286	13.9796	4.92689	0	0	0	0	0	0	0	0	0	0	0	0	0	0	0	0
00.000,00.000	14.7	0	-200	0	4.5	298.056	216.32	62.5629	14.2392	4.93406	0	0	0	0	0	0	0	0	0	0	0	0	0	0	0	0
00.000,00.000	14.8	0	-200	0	4.5	302.246	218.873	64.0062	14.4268	4.94032	0	0	0	0	0	0	0	0	0	0	0	0	0	0	0	0
00.000,00.000	14.9	0	-200	0	4.5	308.075	222.381	66.047	14.6965	4.95117	0	0	0	0	0	0	0	0	0	0	0	0	0	0	0	0
00.000,00.000	15	0	-200	0	4.5	313.714	225.714	68.0727	14.9617	4.96521	0	0	0	0	0	0	0	0	0	0	0	0	0	0	0	0
00.000,00.000	15.1	0	-200	0	4.5	319.019	228.748	70.0663	15.2225	4.98142	0	0	0	0	0	0	0	0	0	0	0	0	0	0	0	0
00.000,00.000	15.2	0	-200	0	4.5	324.262	231.688	72.0832	15.4903	5.00046	0	0	0	0	0	0	0	0	0	0	0	0	0	0	0	0
00.000,00.000	15.3	0	-200	0	4.5	329.45	234.562	74.0986	15.766	5.02276	0	0	0	0	0	0	0	0	0	0	0	0	0	0	0	0
00.000,00.000	15.4	0	-200	0	4.5	334.618	237.437	76.0826	16.0498	5.04809	0	0	0	0	0	0	0	0	0	0	0	0	0	0	0	0
00.000,00.000	15.5	0	-200	0	4.5	341.337	241.07	78.7435	16.4371	5.08593	0	0	0	0	0	0	0	0	0	0	0	0	0	0	0	0
00.000,00.000	15.6	0	-200	0	4.5	348.389	244.807	81.429	17.0214	5.1315	0	0	0	0	0	0	0	0	0	0	0	0	0	0	0	0
00.000,00.000	15.7	0	-200	0	4.5	353.923	247.649	83.3732	17.7292	5.17166	0	0	0	0	0	0	0	0	0	0	0	0	0	0	0	0
00.000,00.000	15.8	0	-200	0	4.5	356.779	249.077	84.4039	18.1035	5.19458	0	0	0	0	0	0	0	0	0	0	0	0	0	0	0	0
00.000,00.000	15.9	0	-200	0	4.5	361.363	251.369	86.0377	18.7211	5.23555	0	0	0	0	0	0	0	0	0	0	0	0	0	0	0	0
00.000,00.000	16	0	-200	0	4.5	367.051	254.175	88.0835	19.5022	5.29022	0	0	0	0	0	0	0	0	0	0	0	0	0	0	0	0
00.000,00.000	16.1	0	-200	0	4.5	371.934	256.557	89.8475	20.1887	5.34059	0	0	0	0	0	0	0	0	0	0	0	0	0	0	0	0
00.000,00.000	16.2	0	-200	0	4.5	376.566	258.816	91.3153	21.0421	5.39204	0	0	0	0	0	0	0	0	0	0	0	0	0	0	0	0
00.000,00.000	16.3	0	-200	0	4.5	381.18	261.015	92.6833	22.0344	5.44787	0	0	0	0	0	0	0	0	0	0	0	0	0	0	0	0
00.000,00.000	16.4	0	-200	0	4.5	385.783	263.15	93.8442	23.2825	5.50684	0	0	0	0	0	0	0	0	0	0	0	0	0	0	0	0
00.000,00.000	16.5	0	-200	0	4.5	395.224	267.415	96.312	25.8615	5.63488	0	0	0	0	0	0	0	0	0	0	0	0	0	0	0	0
00.000,00.000	16.6	0	-200	0	4.5	400.926	269.902	97.877	27.4311	5.71547	0	0	0	0	0	0	0	0	0	0	0	0	0	0	0	0
00.000,00.000	16.7	0	-200	0	4.5	401.488	270.141	98.0344	27.5884	5.72384	0	0	0	0	0	0	0	0	0	0	0	0	0	0	0	0
00.000,00.000	16.8	0	-200	0	4.5	406.677	272.349	99.4301	29.091	5.80693	0	0	0	0	0	0	0	0	0	0	0	0	0	0	0	0
00.000,00.000	16.9	0	-200	0	4.5	408.152	272.965	99.8383	29.5176	5.83119	0	0	0	0	0	0	0	0	0	0	0	0	0	0	0	0
00.000,00.000	17	0	-200	0	4.5	414.728	275.764	101.588	31.4322	5.94383	0	0	0	0	0	0	0	0	0	0	0	0	0	0	0	0
00.000,00.000	17.1	0	-200	0	4.5	420.039	278.007	103.005	32.9893	6.0377	0	0	0	0	0	0	0	0	0	0	0	0	0	0	0	0
00.000,00.000	17.2	0	-200	0	4.5	424.437	279.888	104.151	34.2808	6.11774	0	0	0	0	0	0	0	0	0	0	0	0	0	0	0	0
00.000,00.000	17.3	0	-200	0	4.5	428.841	281.776	105.284	35.5809	6.20055	0	0	0	0	0	0	0	0	0	0	0	0	0	0	0	0
00.000,00.000	17.4	0	-200	0	4.5	433.259	283.681	106.404	36.8774	6.29741	0	0	0	0	0	0	0	0	0	0	0	0	0	0	0	0
00.000,00.000	17.5	0	-200	0	4.5	446.125	289.266	109.516	40.7067	6.63562	0	0	0	0	0	0	0	0	0	0	0	0	0	0	0	0
00.000,00.000	17.6	0	-200	0	4.5	448.942	290.483	110.176	41.551	6.73216	0	0	0	0	0	0	0	0	0	0	0	0	0	0	0	0
00.000,00.000	17.7	0	-200	0	4.5	453.357	292.289	111.342	42.8749	6.85199	0	0	0	0	0	0	0	0	0	0	0	0	0	0	0	0
00.000,00.000	17.8	0	-200	0	4.5	454.252	292.673	111.54	43.1544	6.88452	0	0	0	0	0	0	0	0	0	0	0	0	0	0	0	0
00.000,00.000	17.9	0	-200	0	4.5	454.976	292.988	111.702	43.3759	6.91029	0	0	0	0	0	0	0	0	0	0	0	0	0	0	0	0
00.000,00.000	18	0	-200	0	4.5	462.646	296.335	113.472	45.692	7.14754	0	0	0	0	0	0	0	0	0	0	0	0	0	0	0	0
00.000,00.000	18.1	0	-200	0	4.5	468.275	298.748	114.851	47.3462	7.33044	0	0	0	0	0	0	0	0	0	0	0	0	0	0	0	0
00.000,00.000	18.2	0	-200	0	4.5	472.763	300.683	115.963	48.6427	7.47453	0	0	0	0	0	0	0	0	0	0	0	0	0	0	0	0
00.000,00.000	18.3	0	-200	0	4.5	477.308	302.656	117.091	49.9397	7.62128	0	0	0	0	0	0	0	0	0	0	0	0	0	0	0	0
00.000,00.000	18.4	0	-200	0	4.5	481.73	304.668	118.238	51.0517	7.77241	0	0	0	0	0	0	0	0	0	0	0	0	0	0	0	0
00.000,00.000	18.5	0	-200	0	4.5	497.305	311.869	122.34	54.4332	8.6619	0	0	0	0	0	0	0	0	0	0	0	0	0	0	0	0
00.000,00.000	18.6	0	-200	0	4.5	500.437	313.301	123.183	54.9641	8.98848	0	0	0	0	0	0	0	0	0	0	0	0	0	0	0	0
00.000,00.000	18.7	0	-200	0	4.5	508.382	316.948	125.308	56.2764	9.84938	0	0	0	0	0	0	0	0	0	0	0	0	0	0	0	0
00.000,00.000	18.8	0	-200	0	4.5	510.193	317.809	125.811	56.5257	10.0472	0	0	0	0	0	0	0	0	0	0	0	0	0	0	0	0
00.000,00.000	18.9	0	-200	0	4.5	513.581	319.448	126.719	57.0295	10.3856	0	0	0	0	0	0	0	0	0	0	0	0	0	0	0	0
00.000,00.000	19	0	-200	0	4.5	521.962	323.542	128.969	58.2495	11.2012	0	0	0	0	0	0	0	0	0	0	0	0	0	0	0	0
00.000,00.000	19.1	0	-200	0	4.5	527.603	326.294	130.51	59.0354	11.7644	0	0	0	0	0	0	0	0	0	0	0	0	0	0	0	0
00.000,00.000	19.2	0	-200	0	4.5	532.154	328.523	131.738	59.4529	12.44	0	0	0	0	0	0	0	0	0	0	0	0	0	0	0	0
00.000,00.000	19.3	0	-200	0	4.5	536.722	330.757	132.978	59.8551	13.1313	0	0	0	0	0	0	0	0	0	0	0	0	0	0	0	0
00.000,00.000	19.4	0	-200	0	4.5	541.318	332.994	134.239	60.2477	13.8381	0	0	0	0	0	0	0	0	0	0	0	0	0	0	0	0
00.000,00.000	19.5	0	-200	0	4.5	545.914	335.216	135.505	60.6445	14.5493	0	0	0	0	0	0	0	0	0	0	0	0	0	0	0	0
00.000,00.000	19.6	0	-200	0	4.5	554.737	339.419	137.954	61.4201	15.9444	0	0	0	0	0	0	0	0	0	0	0	0	0	0	0	0
00.000,00.000	19.7	0	-200	0	4.5	556.725	340.244	138.632	61.5942	16.2544	0	0	0	0	0	0	0	0	0	0	0	0	0	0	0	0
00.000,00.000	19.8	0	-200	0	4.5	569.497	344.951	143.737	62.7566	18.0529	0	0	0	0	0	0	0	0	0	0	0	0	0	0	0	0
00.000,00.000	19.9	0	-200	0	4.5	572.591	345.978	145.227	63.0533	18.3337	0	0	0	0	0	0	0	0	0	0	0	0	0	0	0	0
00.000,00.000	20	0	-200	0	4.5	579.623	348.057	148.787	63.73	19.049	0	0	0	0	0	0	0	0	0	0	0	0	0	0	0	0
00.000,00.000	20.1	0	-200	0	4.5	585.393	349.687	151.783	64.3056	19.6172	0	0	0	0	0	0	0	0	0	0	0	0	0	0	0	0
00.000,00.000	20.2	0	-200	0	4.5	589.962	350.96	154.179	64.7603	20.0622	0	0	0	0	0	0	0	0	0	0	0	0	0	0	0	0
00.000,00.000	20.3	0	-200	0	4.5	594.554	352.266	156.566	65.2173	20.5047	0	0	0	0	0	0	0	0	0	0	0	0	0	0	0	0
00.000,00.000	20.4	0	-200	0	4.5	599.235	353.66	158.937	65.6867	20.9512	0	0	0	0	0	0	0	0	0	0	0	0	0	0	0	0
00.000,00.000	20.5	0	-200	0	4.5	603.957	355.076	161.312	66.1674	21.4011	0	0	0	0	0	0	0	0	0	0	0	0	0	0	0	0
00.000,00.000	20.6	0	-200	0	4.5	612.468	357.456	165.692	67.0467	22.2729	0	0	0	0	0	0	0	0	0	0	0	0	0	0	0	0
00.000,00.000	20.7	0	-200	0	4.5	639.317	365.223	179.374	69.9383	24.7812	0	0	0	0	0	0	0	0	0	0	0	0	0	0	0	0
00.000,00.000	20.8	0	-200	0	4.5	644.28	366.696	181.849	70.5377	25.1977	0	0	0	0	0	0	0	0	0	0	0	0	0	0	0	0
00.000,00.000	20.9	0	-200	0	4.5	669.222	374.346	193.539	73.8599	27.4774	0	0	0	0	0	0	0	0	0	0	0	0	0	0	0	0
00.000,00.000	21	0	-200	0	4.5	676.827	376.874	197.177	74.9299	27.8464	0	0	0	0	0	0	0	0	0	0	0	0	0	0	0	0
00.000,00.000	21.1	0	-200	0	4.5	683.172	379.125	200.132	75.8048	28.1093	0	0	0	0	0	0	0	0	0	0	0	0	0	0	0	0
00.000,00.000	21.2	0	-200	0	4.5	688.75	381.132	202.709	76.5989	28.3097	0	0	0	0	0	0	0	0	0	0	0	0	0	0	0	0
00.000,00.000	21.3	0	-200	0	4.5	693.732	382.986	204.963	77.3159	28.4674	0	0	0	0	0	0	0	0	0	0	0	0	0	0	0	0
00.000,00.000	21.4	0	-200	0	4.5	700.811	385.668	208.113	78.3424	28.6879	0	0	0	0	0	0	0	0	0	0	0	0	0	0	0	0
00.000,00.000	21.5	0	-200	0	4.5	703.371	386.639	209.245	78.7231	28.7638	0	0	0	0	0	0	0	0	0	0	0	0	0	0	0	0
00.000,00.000	21.6	0	-200	0	4.5	709.057	388.796	211.72	79.5939	28.9471	0	0	0	0	0	0	0	0	0	0	0	0	0	0	0	0
00.000,00.000	21.7	0	-200	0	4.5	714.711	390.967	214.154	80.4663	29.124	0	0	0	0	0	0	0	0	0	0	0	0	0	0	0	0
00.000,00.000	21.8	0	-200	0	4.5	720.171	393.071	216.481	81.3203	29.2989	0	0	0	0	0	0	0	0	0	0	0	0	0	0	0	0
00.000,00.000	21.9	0	-200	0	4.5	733.718	398.333	221.376	84.2344	29.7751	0	0	0	0	0	0	0	0	0	0	0	0	0	0	0	0
00.000,00.000	22	0	-200	0	4.5	736.951	399.691	222.286	85.0857	29.8877	0	0	0	0	0	0	0	0	0	0	0	0	0	0	0	0
00.000,00.000	22.1	0	-200	0	4.5	748.28	404.565	225.515	87.8868	30.3133	0	0	0	0	0	0	0	0	0	0	0	0	0	0	0	0
00.000,00.000	22.2	0	-200	0	4.5	755.791	407.773	227.671	89.752	30.5942	0	0	0	0	0	0	0	0	0	0	0	0	0	0	0	0
00.000,00.000	22.3	0	-200	0	4.5	761.747	410.355	229.392	91.1794	30.8202	0	0	0	0	0	0	0	0	0	0	0	0	0	0	0	0
00.000,00.000	22.4	0	-200	0	4.5	768.171	413.154	231.247	92.7016	31.0674	0	0	0	0	0	0	0	0	0	0	0	0	0	0	0	0
00.000,00.000	22.5	0	-200	0	4.5	774.631	415.953	233.119	94.235	31.3243	0	0	0	0	0	0	0	0	0	0	0	0	0	0	0	0
00.000,00.000	22.6	0	-200	0	4.5	801.749	426.952	241.228	101.059	32.5095	0	0	0	0	0	0	0	0	0	0	0	0	0	0	0	0
00.000,00.000	22.7	0	-200	0	4.5	815.651	431.91	245.635	104.908	33.1973	0	0	0	0	0	0	0	0	0	0	0	0	0	0	0	0
00.000,00.000	22.8	0	-200	0	4.5	821.071	434.397	247.092	106.15	33.4315	0	0	0	0	0	0	0	0	0	0	0	0	0	0	0	0
00.000,00.000	22.9	0	-200	0	4.5	821.271	434.483	247.15	106.197	33.4406	0	0	0	0	0	0	0	0	0	0	0	0	0	0	0	0
00.000,00.000	23	0	-200	0	4.5	848.12	445.752	255.142	112.528	34.6977	0	0	0	0	0	0	0	0	0	0	0	0	0	0	0	0
00.000,00.000	23.1	0	-200	0	4.5	865.846	453.482	260.284	116.566	35.5134	0	0	0	0	0	0	0	0	0	0	0	0	0	0	0	0
00.000,00.000	23.2	0	-200	0	4.5	874.058	456.8	262.925	118.409	35.9232	0	0	0	0	0	0	0	0	0	0	0	0	0	0	0	0
00.000,00.000	23.3	0	-200	0	4.5	881.375	459.644	265.395	120.039	36.2966	0	0	0	0	0	0	0	0	0	0	0	0	0	0	0	0
00.000,00.000	23.4	0	-200	0	4.5	916.407	472.06	278.695	127.518	38.1343	0	0	0	0	0	0	0	0	0	0	0	0	0	0	0	0
00.000,00.000	23.5	0	-200	0	4.5	932.272	476.179	286.508	130.562	39.023	0	0	0	0	0	0	0	0	0	0	0	0	0	0	0	0
00.000,00.000	23.6	0	-200	0	4.5	962.05	483.742	300.431	136.925	40.9521	0	0	0	0	0	0	0	0	0	0	0	0	0	0	0	0
00.000,00.000	23.7	0	-200	0	4.5	978.984	487.588	308.458	140.512	42.426	0	0	0	0	0	0	0	0	0	0	0	0	0	0	0	0
00.000,00.000	23.8	0	-200	0	4.5	995.066	492.354	315.435	143.211	44.0662	0	0	0	0	0	0	0	0	0	0	0	0	0	0	0	0
00.000,00.000	23.9	0	-200	0	4.5	996.38	492.683	316.05	143.448	44.1995	0	0	0	0	0	0	0	0	0	0	0	0	0	0	0	0
00.000,00.000	24	0	-200	0	4.5	1046.11	507.571	337.899	151.781	48.861	0	0	0	0	0	0	0	0	0	0	0	0	0	0	0	0
00.000,00.000	24.1	0	-200	0	4.5	1066.72	513.351	347.223	155.283	50.8662	0	0	0	0	0	0	0	0	0	0	0	0	0	0	0	0
00.000,00.000	24.2	0	-200	0	4.5	1073.33	515.159	350.237	156.421	51.5132	0	0	0	0	0	0	0	0	0	0	0	0	0	0	0	0
00.000,00.000	24.3	0	-200	0	4.5	1075.16	515.697	351.053	156.726	51.6876	0	0	0	0	0	0	0	0	0	0	0	0	0	0	0	0
00.000,00.000	24.4	0	-200	0	4.5	1075.68	515.85	351.28	156.812	51.7347	0	0	0	0	0	0	0	0	0	0	0	0	0	0	0	0
00.000,00.000	24.5	0	-200	0	4.5	1103.2	523.955	363.42	161.576	54.2442	0	0	0	0	0	0	0	0	0	0	0	0	0	0	0	0
00.000,00.000	24.6	0	-200	0	4.5	1132.51	530.268	375.916	168.853	57.4693	0	0	0	0	0	0	0	0	0	0	0	0	0	0	0	0
00.000,00.000	24.7	0	-200	0	4.5	1151.25	536.619	382.637	172.792	59.1996	0	0	0	0	0	0	0	0	0	0	0	0	0	0	0	0
00.000,00.000	24.8	0	-200	0	4.5	1195.52	546.734	399.357	184.988	63.9785	0	0	0	0.46355	0	0	0	0	0	0	0	0	0	0	0	0
00.000,00.000	24.9	0	-200	0	4.5	1203.9	549.402	402.273	186.765	64.7523	0	0	0	0.705632	0	0	0	0	0	0	0	0	0	0	0	0
00.000,00.000	25	0	-200	0	4.5	1209.64	551.355	404.254	187.931	65.2468	0	0	0	0.853334	0	0	0	0	0	0	0	0	0	0	0	0
00.000,00.000	25.1	0	-200	0	4.5	1237.12	560.465	413.66	193.759	67.6798	0	0	0	1.55709	0	0	0	0	0	0	0	0	0	0	0	0
00.000,00.000	25.2	0	-200	0	4.5	1250.77	565.441	418.102	196.533	68.6676	0.140913	0	0	1.88647	0	0	0	0	0	0	0	0	0	0	0	0
00.000,00.000	25.3	0	-200	0	4.5	1259.88	568.848	421.036	198.357	69.1742	0.367877	0	0	2.09384	0	0	0	0	0	0	0	0	0	0	0	0
00.000,00.000	25.4	0	-200	0	4.5	1315.66	589.942	438.993	209.416	72.281	1.70692	0	0	3.32339	0	0	0	0	0	0	0	0	0	0	0	0
00.000,00.000	25.5	0	-200	0	4.5	1339.66	598.875	447.343	213.729	73.5499	2.29475	0	0	3.5871	0.279654	0	0	0	0	0	0	0	0	0	0	0
00.000,00.000	25.6	0	-200	0	4.5	1348.56	602.195	450.344	215.364	74.0606	2.52078	0	0	3.62218	0.45418	0	0	0	0	0	0	0	0	0	0	0
00.000,00.000	25.7	0	-200	0	4.5	1356.12	604.565	452.962	216.991	74.548	2.75591	0	0	3.63609	0.658872	0	0	0	0	0	0	0	0	0	0	0
00.000,00.000	25.8	0	-200	0	4.5	1426.43	635.435	474.387	228.635	77.9888	4.27132	0	0	3.63609	2.07478	0	0	0	0	0	0	0	0	0	0	0
00.000,00.000	25.9	0	-200	0	4.5	1437.81	639.717	478.211	230.799	78.5461	4.55622	0	0	3.63609	2.34224	0	0	0	0	0	0	0	0	0	0	0
00.000,00.000	26	0	-200	0	4.5	1438.52	639.996	478.454	230.927	78.5816	4.57152	0	0	3.63609	2.35667	0	0	0	0	0	0	0	0	0	0	0
00.000,00.000	26.1	0	-200	0	4.5	1469.69	650.938	490.257	236.532	80.1237	5.22811	0	0	3.63609	2.97617	0	0	0	0	0	0	0	0	0	0	0
00.000,00.000	26.2	0	-200	0	4.5	1486.35	655.578	497.811	239.567	80.8395	5.59484	0	0	3.63609	3.32227	0	0	0	0	0	0	0	0	0	0	0
00.000,00.000	26.3	0	-200	0	4.5	1496.72	658.562	502.454	241.422	81.3119	5.80837	0	0	3.63609	3.52391	0	0	0	0	0	0	0	0	0	0	0
00.000,00.000	26.4	0	-200	0	4.5	1558.73	676.954	530.214	252.727	84.2334	7.07905	0	0	3.63609	3.88416	0	0	0	0	0	0	0	0	0	0	0
00.000,00.000	26.5	0	-200	0	4.5	1585.14	685.04	541.859	257.604	85.479	7.64295	0	0	3.63609	3.88416	0	0	0	0	0	0	0	0	0	0	0
00.000,00.000	26.6	0	-200	0	4.5	1595.54	688.193	546.425	259.534	85.9992	7.86458	0	0	3.63609	3.88416	0	0	0	0	0	0	0	0	0	0	0
00.000,00.000	26.7	0	-200	0	4.5	1605.7	691.298	550.904	261.405	86.5051	8.06888	0	0	3.63609	3.88416	0	0	0	0	0	0	0	0	0	0	0
00.000,00.000	26.8	0	-200	0	4.5	1648.43	704.292	569.744	269.275	88.6799	8.91446	0	0	3.63609	3.88416	0	0	0	0	0	0	0	0	0	0	0
00.000,00.000	26.9	0	-200	0	4.5	1657.3	707.073	573.705	270.778	89.1375	8.95903	0.130536	0	3.63609	3.88416	0	0	0	0	0	0	0	0	0	0	0
00.000,00.000	27	0	-200	0	4.5	1658.12	707.325	574.063	270.928	89.1801	8.9623	0.142015	0	3.63609	3.88416	0	0	0	0	0	0	0	0	0	0	0
00.000,00.000	27.1	0	-200	0	4.5	1692.41	718.065	588.844	277.309	90.9669	9.05016	0.653426	0	3.63609	3.88416	0	0	0	0	0	0	0	0	0	0	0
00.000,00.000	27.2	0	-200	0	4.5	1712	724.356	597.27	280.816	91.9901	9.05016	1.00027	0	3.63628	3.88416	0	0	0	0	0	0	0	0	0	0	0
00.000,00.000	27.3	0	-200	0	4.5	1724.36	728.436	602.341	283.15	92.6552	9.05016	1.21023	0	3.63733	3.88416	0	0	0	0	0	0	0	0	0	0	0
00.000,00.000	27.4	0	-200	0	4.5	1727.09	729.351	603.465	283.648	92.8021	9.05016	1.25694	0	3.63766	3.88416	0	0	0	0	0	0	0	0	0	0	0
00.000,00.000	27.5	0	-200	0	4.5	1784.44	748.59	626.502	294.532	96.0017	9.10146	2.17707	0	3.64902	3.88416	0	0	0	0	0	0	0	0	0	0	0
00.000,00.000	27.6	0	-200	0	4.5	1802.03	754.604	633.519	297.691	97.019	9.19579	2.46672	0	3.65391	3.88416	0	0	0	0	0	0	0	0	0	0	0
00.000,00.000	27.7	0	-200	0	4.5	1837.92	766.707	647.552	304.519	99.1853	9.38353	3.01468	0	3.67451	3.88416	0	0	0	0	0	0	0	0	0	0	0
00.000,00.000	27.8	0	-200	0	4.5	1892.97	785.517	668.667	314.911	102.74	9.67737	3.8547	0	3.71494	3.88416	0	0	0	0	0	0	0	0	0	0	0
00.000,00.000	27.9	0	-200	0	4.5	1905.56	789.922	673.421	317.235	103.574	9.74721	4.04628	0	3.72621	3.88416	0	0	0	0	0	0	0	0	0	0	0
00.000,00.000	28	0	-200	0	4.5	1906.49	790.252	673.769	317.409	103.636	9.75248	4.05961	0	3.72732	3.88416	0	0	0	0	0	0	0	0	0	0	0
00.000,00.000	28.1	0	-200	0	4.5	1909.8	791.452	674.969	318.02	103.863	9.77217	4.1058	0	3.73223	3.88416	0	0	0	0	0	0	0	0	0	0	0
00.000,00.000	28.2	0	-200	0	4.5	1913	792.59	676.145	318.616	104.083	9.79181	4.15064	0	3.73729	3.88416	0	0	0	0	0	0	0	0	0	0	0
00.000,00.000	28.3	0	-200	0	4.5	1914.19	793.019	676.577	318.842	104.164	9.79955	4.16682	0	3.73947	3.88416	0	0	0	0	0	0	0	0	0	0	0
00.000,00.000	28.4	0	-200	0	4.5	1914.38	793.088	676.646	318.878	104.176	9.80084	4.16944	0	3.73984	3.88416	0	0	0	0	0	0	0	0	0	0	0
00.000,00.000	28.5	0	-200	0	4.5	2006.77	826.798	709.401	336.259	110.564	10.5392	5.384	0	3.94486	3.88474	0	0	0	0	0	0	0	0	0	0	0
00.000,00.000	28.6	0	-200	0	4.5	2049.82	842.466	724.724	344.241	113.492	10.9944	5.96752	0	4.04728	3.88727	0	0	0	0	0	0	0	0	0	0	0
00.000,00.000	28.7	0	-200	0	4.5	2091.05	857.5	739.016	352.078	116.402	11.4999	6.50724	0	4.1509	3.89577	0	0	0	0	0	0	0	0	0	0	0
00.000,00.000	28.8	0	-200	0	4.5	2116.69	866.918	747.814	356.936	118.231	11.8257	6.84083	0	4.21814	3.90313	0	0	0	0	0	0	0	0	0	0	0
00.000,00.000	28.9	0	-200	0	4.5	2118.97	867.777	748.583	357.367	118.393	11.8556	6.87028	0	4.22437	3.90398	0	0	0	0	0	0	0	0	0	0	0
00.000,00.000	29	0	-200	0	4.5	2132.88	873.049	753.188	359.998	119.388	12.0431	7.04287	0	4.26343	3.91123	0	0	0	0	0	0	0	0	0	0	0
00.000,00.000	29.1	0	-200	0	4.5	2163.19	884.564	763.14	365.738	121.589	12.4623	7.4155	0	4.35071	3.92956	0	0	0	0	0	0	0	0	0	0	0
00.000,00.000	29.2	0	-200	0	4.5	2183.83	892.457	769.859	369.659	123.079	12.7568	7.66704	0	4.41175	3.94393	0	0	0	0	0	0	0	0	0	0	0
00.000,00.000	29.3	0	-200	0	4.5	2201.16	899.107	775.429	372.955	124.36	13.0103	7.8737	0	4.46402	3.95808	0	0	0	0	0	0	0	0	0	0	0
00.000,00.000	29.4	0	-200	0	4.5	2261.61	922.521	794.356	384.631	128.918	13.927	8.5878	0	4.65212	4.01498	0	0	0	0	0	0	0	0	0	0	0
00.000,00.000	29.5	0	-200	0	4.5	2292.98	934.854	803.832	390.795	131.304	14.4253	8.72487	0.238154	4.75317	4.04807	0	0	0	0	0	0	0	0	0	0	0
00.000,00.000	29.6	0	-200	0	4.5	2310.68	941.69	809.238	394.335	132.64	14.7254	8.72487	0.452142	4.80468	4.07043	0	0	0	0	0	0	0	0	0	0	0
00.000,00.000	29.7	0	-200	0	4.5	2327.64	948.461	814.331	397.648	133.871	15.0147	8.72487	0.650341	4.85054	4.09377	0	0	0	0	0	0	0	0	0	0	0
00.000,00.000	29.8	0	-200	0	4.5	2390.56	973.207	833.199	410.072	138.565	16.1758	8.72487	1.3975	5.03391	4.18992	0	0	0	0	0	0	0	0	0	0	0
00.000,00.000	29.9	0	-200	0	4.5	2403.53	978.41	837.074	412.539	139.533	16.4224	8.72487	1.54923	5.06544	4.21047	0	0	0	0	0	0	0	0	0	0	0
00.000,00.000	30	0	-200	0	4.5	2404.85	978.951	837.461	412.79	139.628	16.4481	8.72487	1.56411	5.06968	4.21275	0	0	0	0	0	0	0	0	0	0	0
00.000,00.000	30.1	0	-200	0	4.5	2438.27	992.741	847.088	419.133	142.073	17.1151	8.72487	1.93715	5.17938	4.27421	0	0	0	0	0	0	0	0	0	0	0
00.000,00.000	30.2	0	-200	0	4.5	2462.31	1002.72	853.892	423.706	143.866	17.612	8.72487	2.20829	5.25793	4.32108	0	0	0	0	0	0	0	0	0	0	0
00.000,00.000	30.3	0	-200	0	4.5	2480.83	1010.43	859.095	427.231	145.247	18.0049	8.72498	2.4147	5.32109	4.35919	0	0	0	0	0	0	0	0	0	0	0
00.000,00.000	30.4	0	-200	0	4.5	2553.56	1040.85	879.296	441.113	150.65	19.6052	8.72896	3.22558	5.57966	4.51857	0	0	0	0	0	0	0	0	0	0	0
00.000,00.000	30.5	0	-200	0	4.5	2589.19	1055.28	889.521	448.02	153.2	20.4941	8.7333	3.63287	5.70838	4.60114	0	0	0	0	0	0	0	0	0	0	0
00.000,00.000	30.6	0	-200	0	4.5	2606.87	1061.79	894.812	451.646	154.629	20.9753	8.7405	3.84788	5.77947	4.64604	0	0	0	0	0	0	0	0	0	0	0
00.000,00.000	30.7	0	-200	0	4.5	2648	1077.21	907.035	459.941	157.915	22.0987	8.76524	4.33753	5.9488	4.75344	0	0	0	0	0	0	0	0	0	0	0
00.000,00.000	30.8	0	-200	0	4.5	2678.61	1088.18	916.262	466.327	160.366	23.039	8.79083	4.71773	6.08338	4.83928	0	0	0	0	0	0	0	0	0	0	0
00.000,00.000	30.9	0	-200	0	4.5	2682.18	1089.53	917.3	467.056	160.636	23.1556	8.79436	4.76132	6.09874	4.84947	0	0	0	0	0	0	0	0	0	0	0
00.000,00.000	31	0	-200	0	4.5	2703.59	1097.52	923.721	471.287	162.305	23.8184	8.82199	5.01051	6.19472	4.91088	0	0	0	0	0	0	0	0	0	0	0
00.000,00.000	31.1	0	-200	0	4.5	2733.29	1108.33	932.834	477.073	164.677	24.814	8.86769	5.35984	6.332	5.00083	0	0	0	0	0	0	0	0	0	0	0
00.000,00.000	31.2	0	-200	0	4.5	2753.05	1115.65	938.599	481.014	166.291	25.4927	8.90389	5.59625	6.42832	5.0745	0	0	0	0	0	0	0	0	0	0	0
00.000,00.000	31.3	0	-200	0	4.5	2770.22	1122.08	943.476	484.458	167.724	26.0877	8.94081	5.80139	6.51499	5.13938	0	0	0	0	0	0	0	0	0	0	0
00.000,00.000	31.4	0	-200	0	4.5	2787.29	1128.61	948.148	487.858	169.177	26.6903	8.98264	6.00695	6.60441	5.20644	0	0	0	0	0	0	0	0	0	0	0
00.000,00.000	31.5	0	-200	0	4.5	2804.24	1135.11	952.761	491.203	170.629	27.3231	9.02901	6.21249	6.69619	5.27559	0	0	0	0	0	0	0	0	0	0	0
00.000,00.000	31.6	0	-200	0	4.5	2820.48	1140.69	957.319	494.653	172.149	28.0008	9.08329	6.43199	6.79548	5.35086	0	0	0	0	0	0	0	0	0	0	0
00.000,00.000	31.7	0	-200	0	4.5	2888.5	1163.23	976.223	509.409	178.772	31.1638	9.35082	7.41155	7.25041	5.69308	0	0	0	0	0	0	0	0	0	0	0
00.000,00.000	31.8	0	-200	0	4.5	2901.9	1167.79	979.81	512.3	180.029	31.8368	9.40632	7.60502	7.34502	5.7708	0	0	0	0	0	0	0	0	0	0	0
00.000,00.000	31.9	0	-200	0	4.5	2902.34	1167.97	979.926	512.384	180.067	31.8556	9.40822	7.61066	7.34775	5.77295	0	0	0	0	0	0	0	0	0	0	0
00.000,00.000	32	0	-200	0	4.5	2906.2	1169.44	980.943	513.13	180.399	32.0318	9.42729	7.66139	7.37425	5.79467	0	0	0	0	0	0	0	0	0	0	0
00.000,00.000	32.1	0	-200	0	4.5	2942.2	1182.91	990.668	520.014	183.693	33.5801	9.61452	8.13381	7.61685	5.96826	0	0	0	0	0	0	0	0	0	0	0
00.000,00.000	32.2	0	-200	0	4.5	2964.48	1191.57	996.577	524.101	185.634	34.5986	9.7353	8.4224	7.76936	6.06525	0	0	0	0	0	0	0	0	0	0	0
00.000,00.000	32.3	0	-200	0	4.5	2980.21	1197.74	1000.77	526.935	186.998	35.3027	9.82822	8.62521	7.87838	6.13848	0	0	0	0	0	0	0	0	0	0	0
00.000,00.000	32.4	0	-200	0	4.5	2995.89	1203.86	1004.96	529.724	188.366	36.0117	9.92809	8.82914	7.99047	6.21408	0	0	0	0	0	0	0	0	0	0	0
00.000,00.000	32.5	0	-200	0	4.5	3011.42	1209.92	1009.12	532.443	189.731	36.738	10.0347	9.03394	8.10555	6.29216	0	0	0	0	0	0	0	0	0	0	0
00.000,00.000	32.6	0	-200	0	4.5	3026.21	1214.67	1013.34	535.325	191.232	37.5755	10.1832	9.26351	8.23614	6.3815	0	0	0	0	0	0	0	0	0	0	0
00.000,00.000	32.7	0	-200	0	4.5	3038.4	1219.48	1016.48	537.388	192.323	38.1928	10.3126	9.38165	8.38419	6.44845	0	0	0	0	0	0	0	0	0	0	0
00.000,00.000	32.8	0	-200	0	4.5	3061.16	1226.58	1022.98	541.686	194.857	39.5026	10.6183	9.41241	8.92786	6.59966	0	0	0	0	0	0	0	0	0	0	0
00.000,00.000	32.9	0	-200	0	4.5	3100.5	1241.98	1032.73	548.133	198.943	41.5224	11.1256	9.41241	9.81407	6.83655	0	0	0	0	0	0	0	0	0	0	0
00.000,00.000	33	0	-200	0	4.5	3106.85	1244.39	1034.33	549.178	199.579	41.8941	11.2111	9.42985	9.96328	6.87191	0	0	0	0	0	0	0	0	0	0	0
00.000,00.000	33.1	0	-200	0	4.5	3140.5	1257.53	1042.74	554.489	202.552	44.1578	11.6744	9.51684	10.7421	7.09072	0	0	0	0	0	0	0	0	0	0	0
00.000,00.000	33.2	0	-200	0	4.5	3161.84	1266.16	1047.81	557.778	204.446	45.6406	11.9705	9.57018	11.2339	7.22441	0	0	0	0	0	0	0	0	0	0	0
00.000,00.000	33.3	0	-200	0	4.5	3176.49	1272.21	1051.29	559.946	205.712	46.6539	12.1798	9.60539	11.5657	7.32311	0	0	0	0	0	0	0	0	0	0	0
00.000,00.000	33.4	0	-200	0	4.5	3223.24	1291.6	1062.32	566.801	209.741	49.9331	12.8779	9.71643	12.6056	7.6513	0	0	0	0	0	0	0	0	0	0	0
00.000,00.000	33.5	0	-200	0	4.5	3247.57	1301.59	1068.01	570.277	211.959	51.7009	13.2611	9.77729	13.1616	7.83156	0	0	0	0	0	0	0	0	0	0	0
00.000,00.000	33.6	0	-200	0	4.5	3260.32	1305.58	1071.27	572.414	213.353	52.8718	13.5239	9.81931	13.5243	7.95212	0	0	0	0	0	0	0	0	0	0	0
00.000,00.000	33.7	0	-200	0	4.5	3313.89	1328.03	1081.67	580.31	218.846	57.6674	14.6924	9.99867	14.2202	8.45624	0	0	0	0	0	0	0	0	0	0	0
00.000,00.000	33.8	0	-200	0	4.5	3322.42	1330.93	1083.66	581.695	219.826	58.5079	14.9116	10.0317	14.3015	8.54995	0	0	0	0	0	0	0	0	0	0	0
00.000,00.000	33.9	0	-200	0	4.5	3322.63	1331.01	1083.71	581.728	219.849	58.5278	14.917	10.0326	14.3036	8.55217	0	0	0	0	0	0	0	0	0	0	0
00.000,00.000	34	0	-200	0	4.5	3323.24	1331.24	1083.85	581.82	219.911	58.5834	14.9323	10.0353	14.3096	8.55858	0	0	0	0	0	0	0	0	0	0	0
00.000,00.000	34.1	0	-200	0	4.5	3361.46	1345.9	1092.72	587.322	223.673	62.0704	15.908	10.212	14.6883	8.96888	0	0	0	0	0	0	0	0	0	0	0
00.000,00.000	34.2	0	-200	0	4.5	3381.86	1353.82	1097.41	590.259	225.654	63.9254	16.4324	10.3135	14.8897	9.16012	0	0	0	0	0	0	0	0	0	0	0
00.000,00.000	34.3	0	-200	0	4.5	3392.88	1358.29	1099.95	591.746	226.653	64.8922	16.7109	10.3733	14.9961	9.26983	0	0	0	0	0	0	0	0	0	0	0
00.000,00.000	34.4	0	-200	0	4.5	3406.36	1363.91	1103.04	593.49	227.828	66.0611	17.0527	10.4522	15.1244	9.40518	0	0	0	0	0	0	0	0	0	0	0
00.000,00.000	34.5	0	-200	0	4.5	3418.21	1368.81	1105.73	594.994	228.885	67.1074	17.3628	10.5283	15.2386	9.55374	0	0	0	0	0	0	0	0	0	0	0
00.000,00.000	34.6	0	-200	0	4.5	3468.12	1384.91	1116.33	602.427	234.582	73.1878	19.2913	11.0205	15.9098	10.4649	0	0	0	0	0	0	0	0	0	0	0
00.000,00.000	34.7	0	-200	0	4.5	3483.67	1390.63	1119.53	604.587	236.194	74.9087	19.8994	11.1725	16.0046	10.7359	0	0	0	0	0	0	0	0	0	0	0
00.000,00.000	34.8	0	-200	0	4.5	3483.69	1390.64	1119.54	604.59	236.196	74.9112	19.9002	11.1727	16.0049	10.7363	0	0	0	0	0	0	0	0	0	0	0
00.000,00.000	34.9	0	-200	0	4.5	3499.15	1396.74	1122.58	606.509	237.653	76.6066	20.4961	11.3571	16.1439	11.0651	0	0	0	0	0	0	0	0	0	0	0
00.000,00.000	35	0	-200	0	4.5	3503.71	1398.52	1123.47	607.08	238.096	77.1108	20.6777	11.4138	16.1717	11.1757	0	0	0	0	0	0	0	0	0	0	0
00.000,00.000	35.1	0	-200	0	4.5	3538.82	1412.84	1130.27	611.184	241.234	80.9103	22.0808	11.8904	16.4716	11.9405	0	0	0	0	0	0	0	0	0	0	0
00.000,00.000	35.2	0	-200	0	4.5	3556.24	1420.13	1133.58	613.177	242.705	82.8444	22.7922	12.1429	16.6113	12.2544	0	0	0	0	0	0	0	0	0	0	0
00.000,00.000	35.3	0	-200	0	4.5	3564.52	1423.71	1135.16	614.076	243.363	83.7296	23.1272	12.2694	16.6809	12.4133	0	0	0	0	0	0	0	0	0	0	0
00.000,00.000	35.4	0	-200	0	4.5	3573.11	1427.46	1136.69	615.02	244.033	84.6691	23.4894	12.4126	16.7522	12.5795	0	0	0	0	0	0	0	0	0	0	0
00.000,00.000	35.5	0	-200	0	4.5	3581.47	1431.19	1138.15	615.915	244.651	85.5564	23.89	12.5621	16.8199	12.7452	0	0	0	0	0	0	0	0	0	0	0
00.000,00.000	35.6	0	-200	0	4.5	3589.04	1433.96	1139.61	616.765	245.28	86.3377	24.5314	12.7365	16.894	12.9347	0	0	0	0	0	0	0	0	0	0	0
00.000,00.000	35.7	0	-200	0	4.5	3605.04	1440.41	1142.35	618.243	246.5	87.987	25.9841	13.143	17.0562	13.3715	0	0	0	0	0	0	0	0	0	0	0
00.000,00.000	35.8	0	-200	0	4.5	3649.72	1458.43	1150.07	622.741	249.94	92.2911	29.9395	14.3146	17.4595	14.5258	0	0	0	0	0	0	0	0	0	0	0
00.000,00.000	35.9	0	-200	0	4.5	3657.29	1461.43	1151.36	623.643	250.512	92.9919	30.6058	14.5164	17.5244	14.7055	0	0	0	0	0	0	0	0	0	0	0
00.000,00.000	36	0	-200	0	4.5	3693.02	1476.78	1157.19	627.225	252.964	96.1888	33.7849	15.541	17.8272	15.5187	0	0	0	0	0	0	0	0	0	0	0
00.000,00.000	36.1	0	-200	0	4.5	3708.91	1483.8	1159.85	628.876	254.053	97.3659	35.1347	16.0214	17.9704	15.8376	0	0	0	0	0	0	0	0	0	0	0
00.000,00.000	36.2	0	-200	0	4.5	3715.33	1486.8	1160.85	629.505	254.469	97.896	35.5749	16.2228	18.0314	15.9811	0	0	0	0	0	0	0	0	0	0	0
00.000,00.000	36.3	0	-200	0	4.5	3721.76	1489.88	1161.85	630.061	254.868	98.4441	35.9981	16.437	18.0966	16.1316	0	0	0	0	0	0	0	0	0	0	0
00.000,00.000	36.4	0	-200	0	4.5	3737.56	1497.47	1164.23	631.499	255.816	99.7833	37.0074	16.9813	18.2649	16.5121	0	0	0	0	0	0	0	0	0	0	0
00.000,00.000	36.5	0	-200	0	4.5	3740.65	1498.93	1164.68	631.786	255.998	100.06	37.2189	17.0962	18.3006	16.5847	0	0	0	0	0	0	0	0	0	0	0
00.000,00.000	36.6	0	-200	0	4.5	3790.42	1521.27	1172.27	635.983	258.693	104.75	41.1293	19.3126	18.9853	18.025	0	0	0	0	0	0	0	0	0	0	0
00.000,00.000	36.7	0	-200	0	4.5	3801.39	1526.13	1173.95	636.924	259.254	105.791	41.9753	19.9221	19.1349	18.3035	0	0	0	0	0	0	0	0	0	0	0
00.000,00.000	36.8	0	-200	0	4.5	3819.42	1534.43	1176.56	638.361	260.105	107.51	43.3921	20.8755	19.392	18.7914	0	0	0	0	0	0	0	0	0	0	0
00.000,00.000	36.9	0	-200	0	4.5	3823.64	1536.35	1177.18	638.693	260.295	107.926	43.729	21.1127	19.4534	18.8979	0	0	0	0	0	0	0	0	0	0	0
00.000,00.000	37	0	-200	0	4.5	3841.61	1544.92	1179.75	640.018	261.053	109.555	45.1538	22.0851	19.7053	19.3624	0	0	0	0	0	0	0	0	0	0	0
00.000,00.000	37.1	0	-200	0	4.5	3854.84	1551.34	1181.62	640.966	261.584	110.695	46.2274	22.8297	19.889	19.698	0	0	0	0	0	0	0	0	0	0	0
00.000,00.000	37.2	0	-200	0	4.5	3859.45	1553.61	1182.24	641.277	261.751	111.116	46.6026	23.0911	19.9529	19.813	0	0	0	0	0	0	0	0	0	0	0
00.000,00.000	37.3	0	-200	0	4.5	3868.13	1558.01	1183.36	641.825	262.034	111.905	47.3134	23.5895	20.0721	20.0276	0	0	0	0	0	0	0	0	0	0	0
00.000,00.000	37.4	0	-200	0	4.5	3885.35	1566.86	1185.54	642.922	262.593	113.315	48.7593	24.6152	20.3023	20.4377	0	0	0	0	0	0	0	0	0	0	0
00.000,00.000	37.5	0	-200	0	4.5	3888.21	1568.35	1185.9	643.101	262.683	113.572	49.008	24.7928	20.3315	20.4645	0	0	0	0	0	0	0	0	0	0	0
00.000,00.000	37.6	0	-200	0	4.5	3905.47	1577.33	1188.08	644.117	263.133	114.939	50.5824	25.8973	20.5619	20.8355	0	0	0	0	0	0	0	0	0	0	0
00.000,00.000	37.7	0	-200	0	4.5	3915.35	1582.52	1189.31	644.682	263.401	115.869	51.3544	26.5011	20.6816	21.0371	0	0	0	0	0	0	0	0	0	0	0
00.000,00.000	37.8	0	-200	0	4.5	3915.93	1582.83	1189.38	644.714	263.416	115.917	51.3978	26.5397	20.689	21.0494	0	0	0	0	0	0	0	0	0	0	0
00.000,00.000	37.9	0	-200	0	4.5	3915.97	1582.85	1189.38	644.716	263.417	115.921	51.4012	26.5425	20.6896	21.0502	0	0	0	0	0	0	0	0	0	0	0
00.000,00.000	38	0	-200	0	4.5	3929.2	1590.15	1190.8	645.412	263.755	117.083	52.3712	27.4493	20.8612	21.3186	0	0	0	0	0	0	0	0	0	0	0
00.000,00.000	38.1	0	-200	0	4.5	3942.01	1597.4	1192.12	646.083	264.062	118.168	53.2341	28.3456	21.0239	21.5833	0	0	0	0	0	0	0	0	0	0	0
00.000,00.000	38.2	0	-200	0	4.5	3943.79	1598.42	1192.28	646.173	264.107	118.303	53.3501	28.4701	21.0441	21.6431	0	0	0	0	0	0	0	0	0	0	0
00.000,00.000	38.3	0	-200	0	4.5	3948.22	1600.97	1192.71	646.371	264.203	118.626	53.6639	28.7857	21.1033	21.7891	0	0	0	0	0	0	0	0	0	0	0
00.000,00.000	38.4	0	-200	0	4.5	3959.27	1607.45	1193.72	646.847	264.419	119.438	54.4125	29.5786	21.2511	22.1579	0	0	0	0	0	0	0	0	0	0	0
00.000,00.000	38.5	0	-200	0	4.5	3961.66	1608.87	1193.92	646.946	264.469	119.628	54.572	29.7279	21.2872	22.2395	0	0	0	0	0	0	0	0	0	0	0
00.000,00.000	38.6	0	-200	0	4.5	3969.13	1613.37	1194.57	647.231	264.599	120.144	55.0858	30.2378	21.4003	22.495	0	0	0	0	0	0	0	0	0	0	0
00.000,00.000	38.7	0	-200	0	4.5	3972.64	1615.48	1194.85	647.357	264.661	120.405	55.3285	30.4714	21.4689	22.6133	0	0	0	0	0	0	0	0	0	0	0
00.000,00.000	38.8	0	-200	0	4.5	3976.03	1617.54	1195.12	647.468	264.715	120.663	55.5558	30.7127	21.5291	22.7244	0	0	0	0	0	0	0	0	0	0	0
00.000,00.000	38.9	0	-200	0	4.5	3981.56	1620.93	1195.56	647.638	264.798	121.049	55.9224	31.1189	21.6419	22.9036	0	0	0	0	0	0	0	0	0	0	0
00.000,00.000	39	0	-200	0	4.5	3984.84	1622.96	1195.81	647.735	264.846	121.282	56.1443	31.3498	21.7071	23.0084	0	0	0	0	0	0	0	0	0	0	0
00.000,00.000	39.1	0	-200	0	4.5	3990.44	1626.44	1196.23	647.89	264.924	121.706	56.5051	31.7514	21.81	23.1805	0	0	0	0	0	0	0	0	0	0	0
00.000,00.000	39.2	0	-200	0	4.5	3996.83	1630.47	1196.72	648.059	265.005	122.163	56.8745	32.2296	21.9452	23.3733	0	0	0	0	0	0	0	0	0	0	0
00.000,00.000	39.3	0	-200	0	4.5	4000.79	1633	1197.01	648.157	265.05	122.43	57.1076	32.5316	22.0067	23.4919	0	0	0	0	0	0	0	0	0	0	0
00.000,00.000	39.4	0	-200	0	4.5	4005.16	1635.83	1197.32	648.259	265.097	122.757	57.3661	32.8537	22.0543	23.6167	0	0	0	0	0	0	0	0	0	0	0
00.000,00.000	39.5	0	-200	0	4.5	4009.72	1638.77	1197.65	648.358	265.144	123.095	57.6342	33.2061	22.1138	23.7463	0	0	0	0	0	0	0	0	0	0	0
00.000,00.000	39.6	0	-200	0	4.5	4014.23	1641.76	1197.98	648.451	265.184	123.4	57.8921	33.5337	22.1709	23.8687	0	0	0	0	0	0	0	0	0	0	0
00.000,00.000	39.7	0	-200	0	4.5	4018.62	1644.6	1198.29	648.535	265.221	123.7	58.148	33.8894	22.2527	23.9858	0	0	0	0	0	0	0	0	0	0	0
00.000,00.000	39.8	0	-200	0	4.5	4023.18	1647.62	1198.63	648.617	265.257	124.033	58.4034	34.2095	22.3136	24.0989	0	0	0	0	0	0	0	0	0	0	0
00.000,00.000	39.9	0	-200	0	4.5	4027.58	1650.49	1198.96	648.692	265.291	124.345	58.6541	34.5491	22.3887	24.2039	0	0	0	0	0	0	0	0	0	0	0
00.000,00.000	40	0	-200	0	4.5	4032.08	1653.41	1199.3	648.762	265.322	124.638	58.9056	34.9477	22.4882	24.3104	0	0	0	0	0	0	0	0	0	0	0
00.000,00.000	40.1	0	-200	0	4.5	4036.5	1656.26	1199.65	648.827	265.35	124.928	59.1484	35.3406	22.5809	24.4117	0	0	0	0	0	0	0	0	0	0	0
00.000,00.000	40.2	0	-200	0	4.5	4040.8	1659.12	1200	648.887	265.376	125.229	59.3714	35.656	22.6508	24.4995	0	0	0	0	0	0	0	0	0	0	0
00.000,00.000	40.3	0	-200	0	4.5	4045	1661.88	1200.35	648.941	265.399	125.518	59.5992	36.004	22.7333	24.5827	0	0	0	0	0	0	0	0	0	0	0
00.000,00.000	40.4	0	-200	0	4.5	4049.26	1664.61	1200.69	648.99	265.421	125.817	59.8261	36.4057	22.8341	24.6668	0	0	0	0	0	0	0	0	0	0	0
00.000,00.000	40.5	0	-200	0	4.5	4053.42	1667.31	1201.03	649.034	265.442	126.104	60.0419	36.7893	22.9319	24.7475	0	0	0	0	0	0	0	0	0	0	0
00.000,00.000	40.6	0	-200	0	4.5	4057.45	1669.98	1201.34	649.074	265.461	126.397	60.2476	37.1229	23.0158	24.8116	0	0	0	0	0	0	0	0	0	0	0
00.000,00.000	40.7	0	-200	0	4.5	4061.32	1672.49	1201.61	649.108	265.479	126.69	60.4421	37.4992	23.1188	24.8778	0	0	0	0	0	0	0	0	0	0	0
00.000,00.000	40.8	0	-200	0	4.5	4065.21	1675.07	1201.9	649.14	265.498	126.991	60.6369	37.8332	23.2041	24.9373	0	0	0	0	0	0	0	0	0	0	0
00.000,00.000	40.9	0	-200	0	4.5	4068.93	1677.52	1202.16	649.166	265.515	127.291	60.8226	38.166	23.293	24.9897	0	0	0	0	0	0	0	0	0	0	0
00.000,00.000	41	0	-200	0	4.5	4072.71	1679.98	1202.43	649.19	265.531	127.583	61.0078	38.536	23.4014	25.0457	0	0	0	0	0	0	0	0	0	0	0
00.000,00.000	41.1	0	-200	0	4.5	4076.41	1682.39	1202.7	649.211	265.546	127.874	61.1875	38.8977	23.5097	25.0998	0	0	0	0	0	0	0	0	0	0	0
00.000,00.000	41.2	0	-200	0	4.5	4079.96	1684.75	1202.96	649.229	265.56	128.171	61.3559	39.1893	23.61	25.1445	0	0	0	0	0	0	0	0	0	0	0
00.000,00.000	41.3	0	-200	0	4.5	4083.39	1687.01	1203.21	649.243	265.574	128.456	61.5156	39.4765	23.7196	25.1868	0	0	0	0	0	0	0	0	0	0	0
00.000,00.000	41.4	0	-200	0	4.5	4086.86	1689.21	1203.51	649.255	265.589	128.754	61.6788	39.7884	23.8403	25.2311	0	0	0	0	0	0	0	0	0	0	0
00.000,00.000	41.5	0	-200	0	4.5	4090.21	1691.27	1203.87	649.264	265.602	129.045	61.8337	40.0849	23.9677	25.2728	0	0	0	0	0	0	0	0	0	0	0
00.000,00.000	41.6	0	-200	0	4.5	4093.45	1693.31	1204.23	649.272	265.615	129.343	61.9822	40.3128	24.0812	25.3052	0	0	0	0	0	0	0	0	0	0	0
00.000,00.000	41.7	0	-200	0	4.5	4096.67	1695.18	1204.68	649.278	265.628	129.637	62.1304	40.5824	24.211	25.3404	0	0	0	0	0	0	0	0	0	0	0
00.000,00.000	41.8	0	-200	0	4.5	4099.84	1696.97	1205.16	649.283	265.64	129.941	62.2758	40.8525	24.3432	25.374	0	0	0	0	0	0	0	0	0	0	0
00.000,00.000	41.9	0	-200	0	4.5	4102.94	1698.66	1205.71	649.288	265.653	130.25	62.4169	41.0705	24.4784	25.4044	0	0	0	0	0	0	0	0	0	0	0
00.000,00.000	42	0	-200	0	4.5	4105.99	1700.23	1206.32	649.292	265.665	130.575	62.5518	41.2872	24.6346	25.4306	0	0	0	0	0	0	0	0	0	0	0