
label	time(d)	x	depth	z	radius	total	0-10	10-20	20-30	30-40	40-50	50-60	60-70	70-80	80-90	90-100	100-110	110-120	120-130	130-140	140-150	150-160	160-170	170-180	180-190	190-200
00.000,00.000	0	0	-200	0	4.5	0	0	0	0	0	0	0	0	0	0	0	0	0	0	0	0	0	0	0	0	0
00.000,00.000	0.1	0	-200	0	4.5	0.293975	0.293975	0	0	0	0	0	0	0	0	0	0	0	0	0	0	0	0	0	0	0
00.000,00.000	0.2	0	-200	0	4.5	0.590922	0.590922	0	0	0	0	0	0	0	0	0	0	0	0	0	0	0	0	0	0	0
00.000,00.000	0.3	0	-200	0	4.5	0.890001	0.890001	0	0	0	0	0	0	0	0	0	0	0	0	0	0	0	0	0	0	0
00.000,00.000	0.4	0	-200	0	4.5	1.19143	1.19143	0	0	0	0	0	0	0	0	0	0	0	0	0	0	0	0	0	0	0
00.000,00.000	0.5	0	-200	0	4.5	1.4952	1.4952	0	0	0	0	0	0	0	0	0	0	0	0	0	0	0	0	0	0	0
00.000,00.000	0.6	0	-200	0	4.5	1.80103	1.80103	0	0	0	0	0	0	0	0	0	0	0	0	0	0	0	0	0	0	0
00.000,00.000	0.7	0	-200	0	4.5	2.1089	2.1089	0	0	0	0	0	0	0	0	0	0	0	0	0	0	0	0	0	0	0
00.000,00.000	0.8	0	-200	0	4.5	2.41873	2.41873	0	0	0	0	0	0	0	0	0	0	0	0	0	0	0	0	0	0	0
00.000,00.000	0.9	0	-200	0	4.5	2.72994	2.72994	0	0	0	0	0	0	0	0	0	0	0	0	0	0	0	0	0	0	0
00.000,00.000	1	0	-200	0	4.5	3.04123	3.04123	0	0	0	0	0	0	0	0	0	0	0	0	0	0	0	0	0	0	0
00.000,00.000	1.1	0	-200	0	4.5	3.35786	3.35786	0	0	0	0	0	0	0	0	0	0	0	0	0	0	0	0	0	0	0
00.000,00.000	1.2	0	-200	0	4.5	3.68336	3.68336	0	0	0	0	0	0	0	0	0	0	0	0	0	0	0	0	0	0	0
00.000,00.000	1.3	0	-200	0	4.5	4.01955	4.01955	0	0	0	0	0	0	0	0	0	0	0	0	0	0	0	0	0	0	0
00.000,00.000	1.4	0	-200	0	4.5	4.36756	4.36756	0	0	0	0	0	0	0	0	0	0	0	0	0	0	0	0	0	0	0
00.000,00.000	1.5	0	-200	0	4.5	4.72812	4.72812	0	0	0	0	0	0	0	0	0	0	0	0	0	0	0	0	0	0	0
00.000,00.000	1.6	0	-200	0	4.5	5.10262	5.10262	0	0	0	0	0	0	0	0	0	0	0	0	0	0	0	0	0	0	0
00.000,00.000	1.7	0	-200	0	4.5	5.48916	5.48916	0	0	0	0	0	0	0	0	0	0	0	0	0	0	0	0	0	0	0
00.000,00.000	1.8	0	-200	0	4.5	5.88926	5.88926	0	0	0	0	0	0	0	0	0	0	0	0	0	0	0	0	0	0	0
00.000,00.000	1.9	0	-200	0	4.5	6.32889	6.32889	0	0	0	0	0	0	0	0	0	0	0	0	0	0	0	0	0	0	0
00.000,00.000	2	0	-200	0	4.5	6.81564	6.81564	0	0	0	0	0	0	0	0	0	0	0	0	0	0	0	0	0	0	0
00.000,00.000	2.1	0	-200	0	4.5	7.38127	7.38127	0	0	0	0	0	0	0	0	0	0	0	0	0	0	0	0	0	0	0
00.000,00.000	2.2	0	-200	0	4.5	8.09836	8.07719	0.0211708	0	0	0	0	0	0	0	0	0	0	0	0	0	0	0	0	0	0
00.000,00.000	2.3	0	-200	0	4.5	8.96431	8.66992	0.29439	0	0	0	0	0	0	0	0	0	0	0	0	0	0	0	0	0	0
00.000,00.000	2.4	0	-200	0	4.5	9.96377	9.38902	0.574749	0	0	0	0	0	0	0	0	0	0	0	0	0	0	0	0	0	0
00.000,00.000	2.5	0	-200	0	4.5	11.0754	10.2204	0.854962	0	0	0	0	0	0	0	0	0	0	0	0	0	0	0	0	0	0
00.000,00.000	2.6	0	-200	0	4.5	12.2942	11.1601	1.1341	0	0	0	0	0	0	0	0	0	0	0	0	0	0	0	0	0	0
00.000,00.000	2.7	0	-200	0	4.5	13.6268	12.2141	1.41268	0	0	0	0	0	0	0	0	0	0	0	0	0	0	0	0	0	0
00.000,00.000	2.8	0	-200	0	4.5	15.0978	13.4062	1.69159	0	0	0	0	0	0	0	0	0	0	0	0	0	0	0	0	0	0
00.000,00.000	2.9	0	-200	0	4.5	16.7428	14.769	1.97377	0	0	0	0	0	0	0	0	0	0	0	0	0	0	0	0	0	0
00.000,00.000	3	0	-200	0	4.5	18.5431	16.2816	2.26159	0	0	0	0	0	0	0	0	0	0	0	0	0	0	0	0	0	0
00.000,00.000	3.1	0	-200	0	4.5	20.4272	17.8729	2.55428	0	0	0	0	0	0	0	0	0	0	0	0	0	0	0	0	0	0
00.000,00.000	3.2	0	-200	0	4.5	22.2743	19.4279	2.84649	0	0	0	0	0	0	0	0	0	0	0	0	0	0	0	0	0	0
00.000,00.000	3.3	0	-200	0	4.5	24.1123	20.9737	3.13861	0	0	0	0	0	0	0	0	0	0	0	0	0	0	0	0	0	0
00.000,00.000	3.4	0	-200	0	4.5	25.9337	22.5028	3.43089	0	0	0	0	0	0	0	0	0	0	0	0	0	0	0	0	0	0
00.000,00.000	3.5	0	-200	0	4.5	27.7201	23.9982	3.72189	0	0	0	0	0	0	0	0	0	0	0	0	0	0	0	0	0	0
00.000,00.000	3.6	0	-200	0	4.5	29.4719	25.4608	4.01107	0	0	0	0	0	0	0	0	0	0	0	0	0	0	0	0	0	0
00.000,00.000	3.7	0	-200	0	4.5	31.1995	26.9007	4.29877	0	0	0	0	0	0	0	0	0	0	0	0	0	0	0	0	0	0
00.000,00.000	3.8	0	-200	0	4.5	32.9151	28.3298	4.58526	0	0	0	0	0	0	0	0	0	0	0	0	0	0	0	0	0	0
00.000,00.000	3.9	0	-200	0	4.5	34.6282	29.7578	4.87046	0	0	0	0	0	0	0	0	0	0	0	0	0	0	0	0	0	0
00.000,00.000	4	0	-200	0	4.5	36.3505	31.1952	5.15529	0	0	0	0	0	0	0	0	0	0	0	0	0	0	0	0	0	0
00.000,00.000	4.1	0	-200	0	4.5	38.0783	32.6379	5.44047	0	0	0	0	0	0	0	0	0	0	0	0	0	0	0	0	0	0
00.000,00.000	4.2	0	-200	0	4.5	39.8104	34.0837	5.72666	0	0	0	0	0	0	0	0	0	0	0	0	0	0	0	0	0	0
00.000,00.000	4.3	0	-200	0	4.5	41.5452	35.4776	6.06753	0	0	0	0	0	0	0	0	0	0	0	0	0	0	0	0	0	0
00.000,00.000	4.4	0	-200	0	4.5	43.2774	36.5773	6.70018	0	0	0	0	0	0	0	0	0	0	0	0	0	0	0	0	0	0
00.000,00.000	4.5	0	-200	0	4.5	44.9906	37.6679	7.32276	0	0	0	0	0	0	0	0	0	0	0	0	0	0	0	0	0	0
00.000,00.000	4.6	0	-200	0	4.5	46.4153	38.4732	7.94219	0	0	0	0	0	0	0	0	0	0	0	0	0	0	0	0	0	0
00.000,00.000	4.7	0	-200	0	4.5	47.6972	38.9924	8.70485	0	0	0	0	0	0	0	0	0	0	0	0	0	0	0	0	0	0
00.000,00.000	4.8	0	-200	0	4.5	48.7568	39.4866	9.27016	0	0	0	0	0	0	0	0	0	0	0	0	0	0	0	0	0	0
00.000,00.000	4.9	0	-200	0	4.5	49.8081	39.976	9.83209	0	0	0	0	0	0	0	0	0	0	0	0	0	0	0	0	0	0
00.000,00.000	5	0	-200	0	4.5	50.7399	40.3487	10.3912	0	0	0	0	0	0	0	0	0	0	0	0	0	0	0	0	0	0
00.000,00.000	5.1	0	-200	0	4.5	51.5454	40.584	10.9614	0	0	0	0	0	0	0	0	0	0	0	0	0	0	0	0	0	0
00.000,00.000	5.2	0	-200	0	4.5	52.0985	40.8248	11.2737	0	0	0	0	0	0	0	0	0	0	0	0	0	0	0	0	0	0
00.000,00.000	5.3	0	-200	0	4.5	52.6242	40.936	11.6882	0	0	0	0	0	0	0	0	0	0	0	0	0	0	0	0	0	0
00.000,00.000	5.4	0	-200	0	4.5	53.155	40.9608	12.1942	0	0	0	0	0	0	0	0	0	0	0	0	0	0	0	0	0	0
00.000,00.000	5.5	0	-200	0	4.5	53.6887	40.9921	12.6965	0	0	0	0	0	0	0	0	0	0	0	0	0	0	0	0	0	0
00.000,00.000	5.6	0	-200	0	4.5	54.227	41.0291	13.198	0	0	0	0	0	0	0	0	0	0	0	0	0	0	0	0	0	0
00.000,00.000	5.7	0	-200	0	4.5	54.7695	41.0714	13.6981	0	0	0	0	0	0	0	0	0	0	0	0	0	0	0	0	0	0
00.000,00.000	5.8	0	-200	0	4.5	55.3159	41.1192	13.9984	0.198275	0	0	0	0	0	0	0	0	0	0	0	0	0	0	0	0	0
00.000,00.000	5.9	0	-200	0	4.5	55.8716	41.1775	14.2187	0.475378	0	0	0	0	0	0	0	0	0	0	0	0	0	0	0	0	0
00.000,00.000	6	0	-200	0	4.5	56.3303	41.2472	14.3315	0.751556	0	0	0	0	0	0	0	0	0	0	0	0	0	0	0	0	0
00.000,00.000	6.1	0	-200	0	4.5	56.7033	41.334	14.3424	1.02685	0	0	0	0	0	0	0	0	0	0	0	0	0	0	0	0	0
00.000,00.000	6.2	0	-200	0	4.5	57.0919	41.4363	14.3541	1.30141	0	0	0	0	0	0	0	0	0	0	0	0	0	0	0	0	0
00.000,00.000	6.3	0	-200	0	4.5	57.485	41.5551	14.3546	1.57531	0	0	0	0	0	0	0	0	0	0	0	0	0	0	0	0	0
00.000,00.000	6.4	0	-200	0	4.5	57.8957	41.6912	14.356	1.84854	0	0	0	0	0	0	0	0	0	0	0	0	0	0	0	0	0
00.000,00.000	6.5	0	-200	0	4.5	58.3252	41.8454	14.3589	2.12092	0	0	0	0	0	0	0	0	0	0	0	0	0	0	0	0	0
00.000,00.000	6.6	0	-200	0	4.5	58.7806	42.0247	14.363	2.39282	0	0	0	0	0	0	0	0	0	0	0	0	0	0	0	0	0
00.000,00.000	6.7	0	-200	0	4.5	59.2625	42.2285	14.37	2.66401	0	0	0	0	0	0	0	0	0	0	0	0	0	0	0	0	0
00.000,00.000	6.8	0	-200	0	4.5	59.7753	42.4617	14.379	2.93456	0	0	0	0	0	0	0	0	0	0	0	0	0	0	0	0	0
00.000,00.000	6.9	0	-200	0	4.5	60.3276	42.7313	14.3916	3.20469	0	0	0	0	0	0	0	0	0	0	0	0	0	0	0	0	0
00.000,00.000	7	0	-200	0	4.5	60.921	43.039	14.4079	3.47412	0	0	0	0	0	0	0	0	0	0	0	0	0	0	0	0	0
00.000,00.000	7.1	0	-200	0	4.5	61.5613	43.3901	14.4283	3.74286	0	0	0	0	0	0	0	0	0	0	0	0	0	0	0	0	0
00.000,00.000	7.2	0	-200	0	4.5	62.2546	43.7908	14.453	4.01085	0	0	0	0	0	0	0	0	0	0	0	0	0	0	0	0	0
00.000,00.000	7.3	0	-200	0	4.5	63.0054	44.2437	14.4835	4.27819	0	0	0	0	0	0	0	0	0	0	0	0	0	0	0	0	0
00.000,00.000	7.4	0	-200	0	4.5	63.8163	44.7502	14.5213	4.54485	0	0	0	0	0	0	0	0	0	0	0	0	0	0	0	0	0
00.000,00.000	7.5	0	-200	0	4.5	64.6766	45.3006	14.5654	4.81053	0	0	0	0	0	0	0	0	0	0	0	0	0	0	0	0	0
00.000,00.000	7.6	0	-200	0	4.5	65.5983	45.9063	14.6163	5.07561	0	0	0	0	0	0	0	0	0	0	0	0	0	0	0	0	0
00.000,00.000	7.7	0	-200	0	4.5	66.588	46.5714	14.6767	5.34	0	0	0	0	0	0	0	0	0	0	0	0	0	0	0	0	0
00.000,00.000	7.8	0	-200	0	4.5	67.6467	47.2963	14.7466	5.60383	0	0	0	0	0	0	0	0	0	0	0	0	0	0	0	0	0
00.000,00.000	7.9	0	-200	0	4.5	68.7955	48.1011	14.8272	5.8672	0	0	0	0	0	0	0	0	0	0	0	0	0	0	0	0	0
00.000,00.000	8	0	-200	0	4.5	70.0293	48.9778	14.9216	6.12997	0	0	0	0	0	0	0	0	0	0	0	0	0	0	0	0	0
00.000,00.000	8.1	0	-200	0	4.5	71.358	49.9345	15.0313	6.39218	0	0	0	0	0	0	0	0	0	0	0	0	0	0	0	0	0
00.000,00.000	8.2	0	-200	0	4.5	72.8065	50.9957	15.1571	6.65377	0	0	0	0	0	0	0	0	0	0	0	0	0	0	0	0	0
00.000,00.000	8.3	0	-200	0	4.5	74.3908	52.1755	15.3005	6.91476	0	0	0	0	0	0	0	0	0	0	0	0	0	0	0	0	0
00.000,00.000	8.4	0	-200	0	4.5	76.1059	53.4664	15.4644	7.17509	0	0	0	0	0	0	0	0	0	0	0	0	0	0	0	0	0
00.000,00.000	8.5	0	-200	0	4.5	77.9044	54.825	15.6448	7.43451	0	0	0	0	0	0	0	0	0	0	0	0	0	0	0	0	0
00.000,00.000	8.6	0	-200	0	4.5	79.7981	56.2607	15.8441	7.69334	0	0	0	0	0	0	0	0	0	0	0	0	0	0	0	0	0
00.000,00.000	8.7	0	-200	0	4.5	81.7837	57.7713	16.0607	7.95164	0	0	0	0	0	0	0	0	0	0	0	0	0	0	0	0	0
00.000,00.000	8.8	0	-200	0	4.5	83.8701	59.3648	16.2957	8.20956	0	0	0	0	0	0	0	0	0	0	0	0	0	0	0	0	0
00.000,00.000	8.9	0	-200	0	4.5	86.1018	61.084	16.5506	8.46719	0	0	0	0	0	0	0	0	0	0	0	0	0	0	0	0	0
00.000,00.000	9	0	-200	0	4.5	88.4903	62.9374	16.8285	8.72434	0	0	0	0	0	0	0	0	0	0	0	0	0	0	0	0	0
00.000,00.000	9.1	0	-200	0	4.5	91.0426	64.9325	17.1292	8.98098	0	0	0	0	0	0	0	0	0	0	0	0	0	0	0	0	0
00.000,00.000	9.2	0	-200	0	4.5	93.7629	67.0699	17.4558	9.23718	0	0	0	0	0	0	0	0	0	0	0	0	0	0	0	0	0
00.000,00.000	9.3	0	-200	0	4.5	96.6481	69.3543	17.8008	9.49298	0	0	0	0	0	0	0	0	0	0	0	0	0	0	0	0	0
00.000,00.000	9.4	0	-200	0	4.5	99.6844	71.74	18.1959	9.74843	0	0	0	0	0	0	0	0	0	0	0	0	0	0	0	0	0
00.000,00.000	9.5	0	-200	0	4.5	102.812	74.1773	18.6316	10.0033	0	0	0	0	0	0	0	0	0	0	0	0	0	0	0	0	0
00.000,00.000	9.6	0	-200	0	4.5	106.037	76.7063	19.0732	10.181	0.0769466	0	0	0	0	0	0	0	0	0	0	0	0	0	0	0	0
00.000,00.000	9.7	0	-200	0	4.5	109.364	79.3308	19.521	10.1809	0.331565	0	0	0	0	0	0	0	0	0	0	0	0	0	0	0	0
00.000,00.000	9.8	0	-200	0	4.5	112.816	82.071	19.9778	10.1808	0.586169	0	0	0	0	0	0	0	0	0	0	0	0	0	0	0	0
00.000,00.000	9.9	0	-200	0	4.5	116.458	84.9835	20.4528	10.1808	0.840817	0	0	0	0	0	0	0	0	0	0	0	0	0	0	0	0
00.000,00.000	10	0	-200	0	4.5	120.293	88.0758	20.9406	10.1814	1.09516	0	0	0	0	0	0	0	0	0	0	0	0	0	0	0	0
00.000,00.000	10.1	0	-200	0	4.5	124.327	91.3512	21.4437	10.1827	1.34939	0	0	0	0	0	0	0	0	0	0	0	0	0	0	0	0
00.000,00.000	10.2	0	-200	0	4.5	128.556	94.7964	21.9701	10.186	1.6036	0	0	0	0	0	0	0	0	0	0	0	0	0	0	0	0
00.000,00.000	10.3	0	-200	0	4.5	132.986	98.4155	22.5208	10.1923	1.85762	0	0	0	0	0	0	0	0	0	0	0	0	0	0	0	0
00.000,00.000	10.4	0	-200	0	4.5	137.573	102.179	23.0823	10.2015	2.11119	0	0	0	0	0	0	0	0	0	0	0	0	0	0	0	0
00.000,00.000	10.5	0	-200	0	4.5	142.238	106.015	23.6432	10.2153	2.36446	0	0	0	0	0	0	0	0	0	0	0	0	0	0	0	0
00.000,00.000	10.6	0	-200	0	4.5	147.01	109.932	24.2236	10.236	2.61792	0	0	0	0	0	0	0	0	0	0	0	0	0	0	0	0
00.000,00.000	10.7	0	-200	0	4.5	151.892	113.944	24.8137	10.263	2.87138	0	0	0	0	0	0	0	0	0	0	0	0	0	0	0	0
00.000,00.000	10.8	0	-200	0	4.5	156.915	118.084	25.4102	10.296	3.12456	0	0	0	0	0	0	0	0	0	0	0	0	0	0	0	0
00.000,00.000	10.9	0	-200	0	4.5	162.177	122.434	26.03	10.3358	3.378	0	0	0	0	0	0	0	0	0	0	0	0	0	0	0	0
00.000,00.000	11	0	-200	0	4.5	167.685	126.998	26.6726	10.3827	3.63161	0	0	0	0	0	0	0	0	0	0	0	0	0	0	0	0
00.000,00.000	11.1	0	-200	0	4.5	173.429	131.763	27.3449	10.4364	3.88497	0	0	0	0	0	0	0	0	0	0	0	0	0	0	0	0
00.000,00.000	11.2	0	-200	0	4.5	179.463	136.776	28.0508	10.4981	4.13773	0	0	0	0	0	0	0	0	0	0	0	0	0	0	0	0
00.000,00.000	11.3	0	-200	0	4.5	185.76	142.011	28.7906	10.5681	4.39041	0	0	0	0	0	0	0	0	0	0	0	0	0	0	0	0
00.000,00.000	11.4	0	-200	0	4.5	192.278	147.428	29.5613	10.6464	4.64312	0	0	0	0	0	0	0	0	0	0	0	0	0	0	0	0
00.000,00.000	11.5	0	-200	0	4.5	198.885	152.888	30.3689	10.7328	4.89526	0	0	0	0	0	0	0	0	0	0	0	0	0	0	0	0
00.000,00.000	11.6	0	-200	0	4.5	205.58	158.406	31.1995	10.8274	5.14714	0	0	0	0	0	0	0	0	0	0	0	0	0	0	0	0
00.000,00.000	11.7	0	-200	0	4.5	212.391	164.008	32.0547	10.9299	5.39916	0	0	0	0	0	0	0	0	0	0	0	0	0	0	0	0
00.000,00.000	11.8	0	-200	0	4.5	219.367	169.739	32.9354	11.0405	5.65156	0	0	0	0	0	0	0	0	0	0	0	0	0	0	0	0
00.000,00.000	11.9	0	-200	0	4.5	226.662	175.747	33.852	11.1594	5.90401	0	0	0	0	0	0	0	0	0	0	0	0	0	0	0	0
00.000,00.000	12	0	-200	0	4.5	234.261	182.006	34.81	11.2878	6.15646	0	0	0	0	0	0	0	0	0	0	0	0	0	0	0	0
00.000,00.000	12.1	0	-200	0	4.5	242.165	188.516	35.8125	11.4269	6.41025	0	0	0	0	0	0	0	0	0	0	0	0	0	0	0	0
00.000,00.000	12.2	0	-200	0	4.5	250.169	195.101	36.8252	11.5772	6.66534	0	0	0	0	0	0	0	0	0	0	0	0	0	0	0	0
00.000,00.000	12.3	0	-200	0	4.5	258.216	201.732	37.8298	11.7363	6.91766	0	0	0	0	0	0	0	0	0	0	0	0	0	0	0	0
00.000,00.000	12.4	0	-200	0	4.5	266.361	208.43	38.8564	11.905	7.16932	0	0	0	0	0	0	0	0	0	0	0	0	0	0	0	0
00.000,00.000	12.5	0	-200	0	4.5	274.546	215.13	39.9088	12.0853	7.42278	0	0	0	0	0	0	0	0	0	0	0	0	0	0	0	0
00.000,00.000	12.6	0	-200	0	4.5	282.714	221.478	41.2865	12.2742	7.67482	0	0	0	0	0	0	0	0	0	0	0	0	0	0	0	0
00.000,00.000	12.7	0	-200	0	4.5	290.874	227.468	43.0074	12.4727	7.92636	0	0	0	0	0	0	0	0	0	0	0	0	0	0	0	0
00.000,00.000	12.8	0	-200	0	4.5	299.102	233.513	44.7291	12.6819	8.17793	0	0	0	0	0	0	0	0	0	0	0	0	0	0	0	0
00.000,00.000	12.9	0	-200	0	4.5	307.451	239.487	46.6363	12.9002	8.42792	0	0	0	0	0	0	0	0	0	0	0	0	0	0	0	0
00.000,00.000	13	0	-200	0	4.5	316.028	245.517	48.7023	13.1306	8.67867	0	0	0	0	0	0	0	0	0	0	0	0	0	0	0	0
00.000,00.000	13.1	0	-200	0	4.5	324.788	251.685	50.8006	13.372	8.92971	0	0	0	0	0	0	0	0	0	0	0	0	0	0	0	0
00.000,00.000	13.2	0	-200	0	4.5	333.718	258.006	52.9074	13.6247	9.18003	0	0	0	0	0	0	0	0	0	0	0	0	0	0	0	0
00.000,00.000	13.3	0	-200	0	4.5	342.814	264.468	55.0266	13.8893	9.42994	0	0	0	0	0	0	0	0	0	0	0	0	0	0	0	0
00.000,00.000	13.4	0	-200	0	4.5	352.052	271.002	57.2034	14.1675	9.67949	0	0	0	0	0	0	0	0	0	0	0	0	0	0	0	0
00.000,00.000	13.5	0	-200	0	4.5	361.275	277.466	59.4174	14.4614	9.93047	0	0	0	0	0	0	0	0	0	0	0	0	0	0	0	0
00.000,00.000	13.6	0	-200	0	4.5	370.385	283.837	61.6051	14.7656	10.1098	0.0681118	0	0	0	0	0	0	0	0	0	0	0	0	0	0	0
00.000,00.000	13.7	0	-200	0	4.5	379.478	290.167	63.8018	15.0836	10.1108	0.314327	0	0	0	0	0	0	0	0	0	0	0	0	0	0	0
00.000,00.000	13.8	0	-200	0	4.5	388.695	296.515	66.0914	15.4162	10.1108	0.561612	0	0	0	0	0	0	0	0	0	0	0	0	0	0	0
00.000,00.000	13.9	0	-200	0	4.5	397.996	302.926	68.3904	15.7619	10.1108	0.80724	0	0	0	0	0	0	0	0	0	0	0	0	0	0	0
00.000,00.000	14	0	-200	0	4.5	407.463	309.457	70.7176	16.1243	10.1108	1.05285	0	0	0	0	0	0	0	0	0	0	0	0	0	0	0
00.000,00.000	14.1	0	-200	0	4.5	417.062	316.074	73.0762	16.5026	10.1112	1.29812	0	0	0	0	0	0	0	0	0	0	0	0	0	0	0
00.000,00.000	14.2	0	-200	0	4.5	426.711	322.692	75.4664	16.8971	10.1121	1.5434	0	0	0	0	0	0	0	0	0	0	0	0	0	0	0
00.000,00.000	14.3	0	-200	0	4.5	436.419	329.329	77.8787	17.3076	10.1157	1.78805	0	0	0	0	0	0	0	0	0	0	0	0	0	0	0
00.000,00.000	14.4	0	-200	0	4.5	446.154	335.961	80.3042	17.7342	10.1222	2.03201	0	0	0	0	0	0	0	0	0	0	0	0	0	0	0
00.000,00.000	14.5	0	-200	0	4.5	455.73	342.35	82.7926	18.1781	10.1321	2.27685	0	0	0	0	0	0	0	0	0	0	0	0	0	0	0
00.000,00.000	14.6	0	-200	0	4.5	465.091	348.467	85.3236	18.6348	10.1453	2.51966	0	0	0	0	0	0	0	0	0	0	0	0	0	0	0
00.000,00.000	14.7	0	-200	0	4.5	474.317	354.359	87.9286	19.1054	10.1627	2.76142	0	0	0	0	0	0	0	0	0	0	0	0	0	0	0
00.000,00.000	14.8	0	-200	0	4.5	483.488	360.127	90.5834	19.5902	10.1848	3.00246	0	0	0	0	0	0	0	0	0	0	0	0	0	0	0
00.000,00.000	14.9	0	-200	0	4.5	492.626	365.815	93.2674	20.0891	10.2114	3.24291	0	0	0	0	0	0	0	0	0	0	0	0	0	0	0
00.000,00.000	15	0	-200	0	4.5	501.781	371.5	95.9523	20.6022	10.2434	3.48307	0	0	0	0	0	0	0	0	0	0	0	0	0	0	0
00.000,00.000	15.1	0	-200	0	4.5	510.928	377.151	98.643	21.1296	10.2816	3.72313	0	0	0	0	0	0	0	0	0	0	0	0	0	0	0
00.000,00.000	15.2	0	-200	0	4.5	520.075	382.783	101.333	21.671	10.3255	3.96265	0	0	0	0	0	0	0	0	0	0	0	0	0	0	0
00.000,00.000	15.3	0	-200	0	4.5	529.213	388.365	104.045	22.2267	10.3751	4.20128	0	0	0	0	0	0	0	0	0	0	0	0	0	0	0
00.000,00.000	15.4	0	-200	0	4.5	538.285	393.801	106.817	22.797	10.4307	4.43926	0	0	0	0	0	0	0	0	0	0	0	0	0	0	0
00.000,00.000	15.5	0	-200	0	4.5	547.133	398.981	109.599	23.3828	10.492	4.67793	0	0	0	0	0	0	0	0	0	0	0	0	0	0	0
00.000,00.000	15.6	0	-200	0	4.5	558.838	405.714	113.353	24.19	10.5828	4.99775	0	0	0	0	0	0	0	0	0	0	0	0	0	0	0
00.000,00.000	15.7	0	-200	0	4.5	568.238	410.979	116.043	25.2928	10.6644	5.2601	0	0	0	0	0	0	0	0	0	0	0	0	0	0	0
00.000,00.000	15.8	0	-200	0	4.5	574.346	414.333	117.638	26.2189	10.7238	5.43238	0	0	0	0	0	0	0	0	0	0	0	0	0	0	0
00.000,00.000	15.9	0	-200	0	4.5	583.691	419.45	120.061	27.6577	10.8248	5.6969	0	0	0	0	0	0	0	0	0	0	0	0	0	0	0
00.000,00.000	16	0	-200	0	4.5	592.418	424.172	122.351	29.0226	10.9274	5.94535	0	0	0	0	0	0	0	0	0	0	0	0	0	0	0
00.000,00.000	16.1	0	-200	0	4.5	600.606	428.561	124.516	30.3189	11.0317	6.17842	0	0	0	0	0	0	0	0	0	0	0	0	0	0	0
00.000,00.000	16.2	0	-200	0	4.5	608.839	432.9	126.748	31.6335	11.1454	6.41191	0	0	0	0	0	0	0	0	0	0	0	0	0	0	0
00.000,00.000	16.3	0	-200	0	4.5	616.982	437.161	128.942	32.9641	11.2692	6.64581	0	0	0	0	0	0	0	0	0	0	0	0	0	0	0
00.000,00.000	16.4	0	-200	0	4.5	625.078	441.333	131.155	34.3083	11.402	6.87936	0	0	0	0	0	0	0	0	0	0	0	0	0	0	0
00.000,00.000	16.5	0	-200	0	4.5	635.273	446.451	133.767	36.2932	11.5846	7.17757	0	0	0	0	0	0	0	0	0	0	0	0	0	0	0
00.000,00.000	16.6	0	-200	0	4.5	646.619	451.985	136.626	38.6836	11.8075	7.51676	0	0	0	0	0	0	0	0	0	0	0	0	0	0	0
00.000,00.000	16.7	0	-200	0	4.5	651.075	454.101	137.774	39.6456	11.9019	7.6523	0	0	0	0	0	0	0	0	0	0	0	0	0	0	0
00.000,00.000	16.8	0	-200	0	4.5	654.655	455.758	138.717	40.4334	11.9845	7.76214	0	0	0	0	0	0	0	0	0	0	0	0	0	0	0
00.000,00.000	16.9	0	-200	0	4.5	661.604	458.927	140.581	41.9672	12.1544	7.97383	0	0	0	0	0	0	0	0	0	0	0	0	0	0	0
00.000,00.000	17	0	-200	0	4.5	670.721	463.003	143.081	43.9957	12.3893	8.25148	0	0	0	0	0	0	0	0	0	0	0	0	0	0	0
00.000,00.000	17.1	0	-200	0	4.5	678.702	466.526	145.282	45.792	12.607	8.49529	0	0	0	0	0	0	0	0	0	0	0	0	0	0	0
00.000,00.000	17.2	0	-200	0	4.5	686.247	469.854	147.339	47.5035	12.8246	8.72574	0	0	0	0	0	0	0	0	0	0	0	0	0	0	0
00.000,00.000	17.3	0	-200	0	4.5	693.795	473.167	149.392	49.2265	13.0537	8.95635	0	0	0	0	0	0	0	0	0	0	0	0	0	0	0
00.000,00.000	17.4	0	-200	0	4.5	701.329	476.443	151.446	50.9589	13.2952	9.18702	0	0	0	0	0	0	0	0	0	0	0	0	0	0	0
00.000,00.000	17.5	0	-200	0	4.5	713.74	481.736	154.837	53.872	13.7214	9.57371	0	0	0	0	0	0	0	0	0	0	0	0	0	0	0
00.000,00.000	17.6	0	-200	0	4.5	723.972	485.948	157.683	56.3402	14.0989	9.90165	0	0	0	0	0	0	0	0	0	0	0	0	0	0	0
00.000,00.000	17.7	0	-200	0	4.5	726.964	487.157	158.521	57.0728	14.2156	9.9987	0	0	0	0	0	0	0	0	0	0	0	0	0	0	0
00.000,00.000	17.8	0	-200	0	4.5	728.901	487.932	159.052	57.5571	14.2974	10.0627	0	0	0	0	0	0	0	0	0	0	0	0	0	0	0
00.000,00.000	17.9	0	-200	0	4.5	733.67	489.913	160.327	58.7136	14.5011	10.2148	0	0	0	0	0	0	0	0	0	0	0	0	0	0	0
00.000,00.000	18	0	-200	0	4.5	743.461	493.971	162.943	61.0856	14.9361	10.5255	0	0	0	0	0	0	0	0	0	0	0	0	0	0	0
00.000,00.000	18.1	0	-200	0	4.5	751.512	497.277	165.105	63.0391	15.3102	10.5549	0.226158	0	0	0	0	0	0	0	0	0	0	0	0	0	0
00.000,00.000	18.2	0	-200	0	4.5	758.745	500.246	167.043	64.7864	15.6601	10.5636	0.445246	0	0	0	0	0	0	0	0	0	0	0	0	0	0
00.000,00.000	18.3	0	-200	0	4.5	765.996	503.204	168.994	66.5358	16.0264	10.5682	0.668378	0	0	0	0	0	0	0	0	0	0	0	0	0	0
00.000,00.000	18.4	0	-200	0	4.5	773.303	506.174	170.963	68.2919	16.4085	10.5695	0.896033	0	0	0	0	0	0	0	0	0	0	0	0	0	0
00.000,00.000	18.5	0	-200	0	4.5	787.014	511.66	174.698	71.5998	17.1573	10.5736	1.3246	0	0	0	0	0	0	0	0	0	0	0	0	0	0
00.000,00.000	18.6	0	-200	0	4.5	797.13	515.62	177.473	74.0714	17.7353	10.5812	1.64879	0	0	0	0	0	0	0	0	0	0	0	0	0	0
00.000,00.000	18.7	0	-200	0	4.5	798.967	516.33	177.981	74.5216	17.8436	10.5832	1.70712	0	0	0	0	0	0	0	0	0	0	0	0	0	0
00.000,00.000	18.8	0	-200	0	4.5	800.207	516.806	178.322	74.8268	17.9208	10.5854	1.74666	0	0	0	0	0	0	0	0	0	0	0	0	0	0
00.000,00.000	18.9	0	-200	0	4.5	806.133	519.206	179.902	76.2162	18.2843	10.5975	1.92617	0	0	0	0	0	0	0	0	0	0	0	0	0	0
00.000,00.000	19	0	-200	0	4.5	816.595	523.457	182.697	78.189	19.39	10.6231	2.23937	0	0	0	0	0	0	0	0	0	0	0	0	0	0
00.000,00.000	19.1	0	-200	0	4.5	825.1	526.952	184.938	79.4806	20.5896	10.6479	2.49133	0	0	0	0	0	0	0	0	0	0	0	0	0	0
00.000,00.000	19.2	0	-200	0	4.5	832.802	530.13	186.968	80.6405	21.6726	10.6748	2.7169	0	0	0	0	0	0	0	0	0	0	0	0	0	0
00.000,00.000	19.3	0	-200	0	4.5	840.564	533.334	189.014	81.7943	22.7735	10.7056	2.94214	0	0	0	0	0	0	0	0	0	0	0	0	0	0
00.000,00.000	19.4	0	-200	0	4.5	848.4	536.565	191.092	82.9465	23.8882	10.741	3.16714	0	0	0	0	0	0	0	0	0	0	0	0	0	0
00.000,00.000	19.5	0	-200	0	4.5	856.252	539.776	193.19	84.0913	25.0214	10.7806	3.39316	0	0	0	0	0	0	0	0	0	0	0	0	0	0
00.000,00.000	19.6	0	-200	0	4.5	871.527	545.741	197.423	86.315	27.3274	10.8696	3.84985	0	0	0	0	0	0	0	0	0	0	0	0	0	0
00.000,00.000	19.7	0	-200	0	4.5	879.525	548.88	199.658	87.4548	28.5281	10.9192	4.08475	0	0	0	0	0	0	0	0	0	0	0	0	0	0
00.000,00.000	19.8	0	-200	0	4.5	882.502	550.041	200.488	87.8827	28.9793	10.9397	4.17168	0	0	0	0	0	0	0	0	0	0	0	0	0	0
00.000,00.000	19.9	0	-200	0	4.5	883.225	550.334	200.686	87.982	29.0861	10.9449	4.19194	0	0	0	0	0	0	0	0	0	0	0	0	0	0
00.000,00.000	20	0	-200	0	4.5	896.389	555.569	204.602	89.5564	31.0538	11.0485	4.55898	0	0	0	0	0	0	0	0	0	0	0	0	0	0
00.000,00.000	20.1	0	-200	0	4.5	906.655	559.511	207.917	90.6489	32.5992	11.1345	4.84469	0	0	0	0	0	0	0	0	0	0	0	0	0	0
00.000,00.000	20.2	0	-200	0	4.5	914.912	562.527	210.755	91.5228	33.8296	11.2088	5.06882	0	0	0	0	0	0	0	0	0	0	0	0	0	0
00.000,00.000	20.3	0	-200	0	4.5	923.282	565.234	213.999	92.3998	35.0696	11.2889	5.29151	0	0	0	0	0	0	0	0	0	0	0	0	0	0
00.000,00.000	20.4	0	-200	0	4.5	931.798	568.016	217.284	93.2838	36.3246	11.3755	5.51415	0	0	0	0	0	0	0	0	0	0	0	0	0	0
00.000,00.000	20.5	0	-200	0	4.5	940.427	570.767	220.677	94.1778	37.599	11.4685	5.73772	0	0	0	0	0	0	0	0	0	0	0	0	0	0
00.000,00.000	20.6	0	-200	0	4.5	975.407	579.723	235.648	98.1073	43.2878	11.9074	6.73408	0	0	0	0	0	0	0	0	0	0	0	0	0	0
00.000,00.000	20.7	0	-200	0	4.5	982.888	581.791	238.809	98.9122	44.4415	12.0004	6.93441	0	0	0	0	0	0	0	0	0	0	0	0	0	0
00.000,00.000	20.8	0	-200	0	4.5	983.356	581.92	239.006	98.9637	44.5136	12.0069	6.94665	0	0	0	0	0	0	0	0	0	0	0	0	0	0
00.000,00.000	20.9	0	-200	0	4.5	984.69	582.356	239.53	99.0996	44.7021	12.025	6.97813	0	0	0	0	0	0	0	0	0	0	0	0	0	0
00.000,00.000	21	0	-200	0	4.5	1002.74	587.93	246.762	101.07	47.2863	12.2857	7.40467	0	0	0	0	0	0	0	0	0	0	0	0	0	0
00.000,00.000	21.1	0	-200	0	4.5	1015.28	591.762	251.76	102.517	49.0726	12.4727	7.69705	0	0	0	0	0	0	0	0	0	0	0	0	0	0
00.000,00.000	21.2	0	-200	0	4.5	1024.96	594.821	255.568	103.613	50.4231	12.6219	7.91519	0	0	0	0	0	0	0	0	0	0	0	0	0	0
00.000,00.000	21.3	0	-200	0	4.5	1034.95	598.027	259.471	104.741	51.7896	12.7913	8.13519	0	0	0	0	0	0	0	0	0	0	0	0	0	0
00.000,00.000	21.4	0	-200	0	4.5	1045.28	601.376	263.484	105.909	53.173	12.9806	8.35754	0	0	0	0	0	0	0	0	0	0	0	0	0	0
00.000,00.000	21.5	0	-200	0	4.5	1055.69	604.746	267.519	107.1	54.5629	13.1787	8.57962	0	0	0	0	0	0	0	0	0	0	0	0	0	0
00.000,00.000	21.6	0	-200	0	4.5	1066.72	608.058	271.869	108.442	56.1151	13.4094	8.82813	0	0	0	0	0	0	0	0	0	0	0	0	0	0
00.000,00.000	21.7	0	-200	0	4.5	1124.16	621.54	295.969	116.39	64.6889	15.2738	10.3009	0	0	0	0	0	0	0	0	0	0	0	0	0	0
00.000,00.000	21.8	0	-200	0	4.5	1137.29	625.652	301.11	118.024	65.6731	16.2392	10.33	0.259975	0	0	0	0	0	0	0	0	0	0	0	0	0
00.000,00.000	21.9	0	-200	0	4.5	1183.25	638.769	319.719	124.029	69.446	19.6894	10.3598	1.23408	0	0	0	0	0	0	0	0	0	0	0	0	0
00.000,00.000	22	0	-200	0	4.5	1198.03	643.608	325.136	126.051	70.6251	20.7186	10.3626	1.53133	0	0	0	0	0	0	0	0	0	0	0	0	0
00.000,00.000	22.1	0	-200	0	4.5	1218.56	650.67	332.281	128.985	72.2217	22.1023	10.375	1.92105	0	0	0	0	0	0	0	0	0	0	0	0	0
00.000,00.000	22.2	0	-200	0	4.5	1233.49	655.618	337.537	131.222	73.4095	23.1161	10.3861	2.20377	0	0	0	0	0	0	0	0	0	0	0	0	0
00.000,00.000	22.3	0	-200	0	4.5	1244.89	659.62	341.427	132.888	74.2925	23.8614	10.397	2.40829	0	0	0	0	0	0	0	0	0	0	0	0	0
00.000,00.000	22.4	0	-200	0	4.5	1257.39	664.022	345.583	134.805	75.2629	24.6724	10.4131	2.62741	0	0	0	0	0	0	0	0	0	0	0	0	0
00.000,00.000	22.5	0	-200	0	4.5	1269.73	668.414	349.341	136.939	76.261	25.494	10.4338	2.84681	0	0	0	0	0	0	0	0	0	0	0	0	0
00.000,00.000	22.6	0	-200	0	4.5	1281.72	672.292	353.083	139.151	77.3153	26.3483	10.4599	3.07446	0	0	0	0	0	0	0	0	0	0	0	0	0
00.000,00.000	22.7	0	-200	0	4.5	1327.7	686.196	367.536	148.139	81.4818	29.7829	10.59	3.97811	0	0	0	0	0	0	0	0	0	0	0	0	0
00.000,00.000	22.8	0	-200	0	4.5	1337.53	689.361	370.609	149.997	82.3101	30.4776	10.6191	4.16147	0	0	0	0	0	0	0	0	0	0	0	0	0
00.000,00.000	22.9	0	-200	0	4.5	1390.41	705.708	386.856	160.627	87.0255	34.2536	10.8197	5.12175	0	0	0	0	0	0	0	0	0	0	0	0	0
00.000,00.000	23	0	-200	0	4.5	1405.72	710.998	391.138	163.734	88.314	35.273	10.8782	5.37945	0	0	0	0	0	0	0	0	0	0	0	0	0
00.000,00.000	23.1	0	-200	0	4.5	1430.99	719.602	398.567	168.7	90.4409	36.9032	10.9966	5.7835	0	0	0	0	0	0	0	0	0	0	0	0	0
00.000,00.000	23.2	0	-200	0	4.5	1448.51	724.832	404.345	172.203	91.9448	38.0401	11.0859	6.0623	0	0	0	0	0	0	0	0	0	0	0	0	0
00.000,00.000	23.3	0	-200	0	4.5	1462.25	729.044	408.903	174.869	93.1076	38.8995	11.1622	6.27	0	0	0	0	0	0	0	0	0	0	0	0	0
00.000,00.000	23.4	0	-200	0	4.5	1476.62	733.329	413.75	177.669	94.3423	39.7974	11.2494	6.48439	0	0	0	0	0	0	0	0	0	0	0	0	0
00.000,00.000	23.5	0	-200	0	4.5	1490.89	737.324	418.681	180.51	95.6169	40.7085	11.3459	6.69986	0	0	0	0	0	0	0	0	0	0	0	0	0
00.000,00.000	23.6	0	-200	0	4.5	1504.48	740.558	423.617	183.365	96.9331	41.6397	11.4527	6.91944	0	0	0	0	0	0	0	0	0	0	0	0	0
00.000,00.000	23.7	0	-200	0	4.5	1579.95	754.475	451.507	201.055	105.541	45.2648	14.631	7.47654	0	0	0	0	0	0	0	0	0	0	0	0	0
00.000,00.000	23.8	0	-200	0	4.5	1611.32	762.012	463.019	207.287	109.097	46.264	16.1679	7.47654	0	0	0	0	0	0	0	0	0	0	0	0	0
00.000,00.000	23.9	0	-200	0	4.5	1611.24	762.012	463.016	207.218	109.091	46.264	16.1679	7.47654	0	0	0	0	0	0	0	0	0	0	0	0	0
00.000,00.000	24	0	-200	0	4.5	1692.61	782.449	494.035	221.134	118.885	48.8102	19.8202	7.47654	0	0	0	0	0	0	0	0	0	0	0	0	0
00.000,00.000	24.1	0	-200	0	4.5	1727.22	790.445	507.672	227.228	123.51	50.0008	20.8884	7.47661	0	0	0	0	0	0	0	0	0	0	0	0	0
00.000,00.000	24.2	0	-200	0	4.5	1741.03	793.438	513.218	229.519	125.563	50.5041	21.3077	7.47716	0	0	0	0	0	0	0	0	0	0	0	0	0
00.000,00.000	24.3	0	-200	0	4.5	1755.57	796.925	518.909	231.862	127.634	51.0299	21.7354	7.47805	0	0	0	0	0	0	0	0	0	0	0	0	0
00.000,00.000	24.4	0	-200	0	4.5	1770.97	800.632	524.901	234.348	129.829	51.5979	22.187	7.47932	0	0	0	0	0	0	0	0	0	0	0	0	0
00.000,00.000	24.5	0	-200	0	4.5	1786.6	804.244	530.978	236.959	132.087	52.1962	22.6532	7.48107	0	0	0	0	0	0	0	0	0	0	0	0	0
00.000,00.000	24.6	0	-200	0	4.5	1845.42	812.714	554.3	248.592	142.363	55.0586	24.8995	7.49607	0	0	0	0	0	0	0	0	0	0	0	0	0
00.000,00.000	24.7	0	-200	0	4.5	1905.85	828.936	573.575	259.884	151.277	57.6819	26.9799	7.51857	0	0	0	0	0	0	0	0	0	0	0	0	0
00.000,00.000	24.8	0	-200	0	4.5	1910.92	829.749	575.401	261.066	152.07	57.9269	27.1878	7.52162	0	0	0	0	0	0	0	0	0	0	0	0	0
00.000,00.000	24.9	0	-200	0	4.5	1987.07	843.757	601.887	278.078	163.862	61.897	29.9927	7.59968	0	0	0	0	0	0	0	0	0	0	0	0	0
00.000,00.000	25	0	-200	0	4.5	2023.64	852.753	613.28	285.831	169.089	63.7337	31.3101	7.6449	0	0	0	0	0	0	0	0	0	0	0	0	0
00.000,00.000	25.1	0	-200	0	4.5	2040.83	856.701	618.799	289.569	171.531	64.6455	31.9074	7.67662	0	0	0	0	0	0	0	0	0	0	0	0	0
00.000,00.000	25.2	0	-200	0	4.5	2057.02	860.42	624.066	293.09	173.745	65.521	32.4272	7.7475	0	0	0	0	0	0	0	0	0	0	0	0	0
00.000,00.000	25.3	0	-200	0	4.5	2073.74	865.17	629.11	296.485	175.854	66.3693	32.7323	8.01399	0	0	0	0	0	0	0	0	0	0	0	0	0
00.000,00.000	25.4	0	-200	0	4.5	2092.56	870.502	634.86	300.292	178.193	67.3304	33.0741	8.31331	0	0	0	0	0	0	0	0	0	0	0	0	0
00.000,00.000	25.5	0	-200	0	4.5	2111.5	875.784	640.664	304.135	180.33	68.5366	33.4234	8.62345	0	0	0	0	0	0	0	0	0	0	0	0	0
00.000,00.000	25.6	0	-200	0	4.5	2134.25	879.963	647.804	309.699	183.312	70.4282	33.9462	9.09472	0	0	0	0	0	0	0	0	0	0	0	0	0
00.000,00.000	25.7	0	-200	0	4.5	2267.61	919.999	680.441	339.352	198.73	80.3012	36.9512	11.84	0	0	0	0	0	0	0	0	0	0	0	0	0
00.000,00.000	25.8	0	-200	0	4.5	2290.84	924.771	687.366	345.283	201.525	81.9724	37.5592	12.3676	0	0	0	0	0	0	0	0	0	0	0	0	0
00.000,00.000	25.9	0	-200	0	4.5	2427.23	973.636	718.89	372.372	216.176	90.3423	40.8298	14.9829	0	0	0	0	0	0	0	0	0	0	0	0	0
00.000,00.000	26	0	-200	0	4.5	2461.04	983.27	728.075	379.209	220.546	92.5252	41.7285	15.6829	0	0	0	0	0	0	0	0	0	0	0	0	0
00.000,00.000	26.1	0	-200	0	4.5	2511.66	995.678	744.162	389.394	226.856	95.8029	43.095	16.6707	0	0	0	0	0	0	0	0	0	0	0	0	0
00.000,00.000	26.2	0	-200	0	4.5	2542.72	1003.95	754.057	395.321	230.53	97.7184	43.8918	17.2452	0	0	0	0	0	0	0	0	0	0	0	0	0
00.000,00.000	26.3	0	-200	0	4.5	2563.44	1009.52	760.778	399.234	232.896	98.9628	44.4368	17.6097	0	0	0	0	0	0	0	0	0	0	0	0	0
00.000,00.000	26.4	0	-200	0	4.5	2585.36	1015.31	768.052	403.361	235.372	100.266	45.0207	17.9864	0	0	0	0	0	0	0	0	0	0	0	0	0
00.000,00.000	26.5	0	-200	0	4.5	2608.06	1021.29	775.697	407.563	237.912	101.59	45.6351	18.371	0	0	0	0	0	0	0	0	0	0	0	0	0
00.000,00.000	26.6	0	-200	0	4.5	2633.59	1027.82	784.165	412.293	240.893	103.154	46.4154	18.8511	0	0	0	0	0	0	0	0	0	0	0	0	0
00.000,00.000	26.7	0	-200	0	4.5	2701.4	1046.03	806.2	424.655	248.713	107.198	48.5106	20.0883	0	0	0	0	0	0	0	0	0	0	0	0	0
00.000,00.000	26.8	0	-200	0	4.5	2720.56	1051.38	812.24	428.103	250.934	108.347	49.1098	20.4453	0	0	0	0	0	0	0	0	0	0	0	0	0
00.000,00.000	26.9	0	-200	0	4.5	2721.87	1051.74	812.671	428.337	251.082	108.423	49.1503	20.4674	0	0	0	0	0	0	0	0	0	0	0	0	0
00.000,00.000	27	0	-200	0	4.5	2726.87	1053.13	814.299	429.242	251.641	108.707	49.3024	20.5497	0	0	0	0	0	0	0	0	0	0	0	0	0
00.000,00.000	27.1	0	-200	0	4.5	2775.68	1066.58	830.207	438.233	257.052	111.459	50.819	21.3325	0	0	0	0	0	0	0	0	0	0	0	0	0
00.000,00.000	27.2	0	-200	0	4.5	2810.53	1076.24	841.42	444.774	260.9	113.41	51.8996	21.6502	0.234809	0	0	0	0	0	0	0	0	0	0	0	0
00.000,00.000	27.3	0	-200	0	4.5	2838.73	1084.06	850.411	450.181	263.996	114.974	52.7857	21.8597	0.46173	0	0	0	0	0	0	0	0	0	0	0	0
00.000,00.000	27.4	0	-200	0	4.5	2867.96	1092.2	859.632	455.849	267.21	116.578	53.7269	22.0718	0.693087	0	0	0	0	0	0	0	0	0	0	0	0
00.000,00.000	27.5	0	-200	0	4.5	2897.88	1100.56	868.982	461.697	270.498	118.232	54.7	22.2881	0.926615	0	0	0	0	0	0	0	0	0	0	0	0
00.000,00.000	27.6	0	-200	0	4.5	2934.35	1110.8	880.424	468.95	274.314	120.184	55.8988	22.5587	1.21674	0	0	0	0	0	0	0	0	0	0	0	0
00.000,00.000	27.7	0	-200	0	4.5	3000.71	1129.78	900.82	482.039	281.502	123.696	58.1017	23.0501	1.72355	0	0	0	0	0	0	0	0	0	0	0	0
00.000,00.000	27.8	0	-200	0	4.5	3054.97	1145.61	917.29	492.722	287.373	126.497	59.8864	23.4634	2.1347	0	0	0	0	0	0	0	0	0	0	0	0
00.000,00.000	27.9	0	-200	0	4.5	3061.92	1147.66	919.38	494.053	288.157	126.862	60.1062	23.5167	2.18578	0	0	0	0	0	0	0	0	0	0	0	0
00.000,00.000	28	0	-200	0	4.5	3088.94	1155.7	927.331	499.232	291.298	128.277	60.9988	23.7253	2.37363	0	0	0	0	0	0	0	0	0	0	0	0
00.000,00.000	28.1	0	-200	0	4.5	3146.59	1172.91	944.21	510.237	298.113	131.302	62.8802	24.1783	2.767	0	0	0	0	0	0	0	0	0	0	0	0
00.000,00.000	28.2	0	-200	0	4.5	3187.65	1185.09	956.141	518.001	302.954	133.679	64.2259	24.5127	3.045	0	0	0	0	0	0	0	0	0	0	0	0
00.000,00.000	28.3	0	-200	0	4.5	3222.78	1195.62	966.184	524.582	307.085	135.827	65.3984	24.8068	3.27757	0	0	0	0	0	0	0	0	0	0	0	0
00.000,00.000	28.4	0	-200	0	4.5	3258.44	1206.38	976.327	531.131	311.327	138.053	66.6012	25.1141	3.50962	0	0	0	0	0	0	0	0	0	0	0	0
00.000,00.000	28.5	0	-200	0	4.5	3294.56	1217.29	986.495	537.736	315.692	140.34	67.8227	25.4359	3.74183	0	0	0	0	0	0	0	0	0	0	0	0
00.000,00.000	28.6	0	-200	0	4.5	3331.35	1228.27	996.779	544.553	320.261	142.654	69.0753	25.7808	3.98221	0	0	0	0	0	0	0	0	0	0	0	0
00.000,00.000	28.7	0	-200	0	4.5	3406.75	1251.06	1017.6	558.316	329.65	147.462	71.6885	26.5101	4.46373	0	0	0	0	0	0	0	0	0	0	0	0
00.000,00.000	28.8	0	-200	0	4.5	3441.03	1261.43	1027.05	564.514	333.94	149.679	72.8778	26.8522	4.68022	0	0	0	0	0	0	0	0	0	0	0	0
00.000,00.000	28.9	0	-200	0	4.5	3443.91	1262.32	1027.84	565.024	334.298	149.868	72.9783	26.8817	4.69786	0	0	0	0	0	0	0	0	0	0	0	0
00.000,00.000	29	0	-200	0	4.5	3508.14	1282.28	1045.34	576.252	342.211	154.136	75.293	27.5478	5.08355	0	0	0	0	0	0	0	0	0	0	0	0
00.000,00.000	29.1	0	-200	0	4.5	3557.08	1297.59	1058.62	584.782	348.217	157.41	77.0565	28.0333	5.37654	0	0	0	0	0	0	0	0	0	0	0	0
00.000,00.000	29.2	0	-200	0	4.5	3596.16	1309.86	1069.17	591.58	353.013	160.047	78.4526	28.4211	5.60698	0	0	0	0	0	0	0	0	0	0	0	0
00.000,00.000	29.3	0	-200	0	4.5	3635.67	1322.38	1079.72	598.397	357.91	162.735	79.8643	28.8276	5.83765	0	0	0	0	0	0	0	0	0	0	0	0
00.000,00.000	29.4	0	-200	0	4.5	3675.6	1335.06	1090.33	605.225	362.861	165.464	81.3333	29.2542	6.06821	0	0	0	0	0	0	0	0	0	0	0	0
00.000,00.000	29.5	0	-200	0	4.5	3716.15	1347.68	1101.14	612.187	367.986	168.29	82.8525	29.7094	6.30615	0	0	0	0	0	0	0	0	0	0	0	0
00.000,00.000	29.6	0	-200	0	4.5	3754.85	1359.42	1111.45	618.894	372.985	171.049	84.3436	30.1676	6.53741	0	0	0	0	0	0	0	0	0	0	0	0
00.000,00.000	29.7	0	-200	0	4.5	3829.49	1382.53	1131.21	631.604	382.474	176.375	87.246	31.0831	6.9743	0	0	0	0	0	0	0	0	0	0	0	0
00.000,00.000	29.8	0	-200	0	4.5	3903.35	1404.97	1150.9	644.191	392	181.712	90.1845	31.9774	7.4111	0	0	0	0	0	0	0	0	0	0	0	0
00.000,00.000	29.9	0	-200	0	4.5	3914.33	1408.43	1153.81	646.013	393.381	182.492	90.6231	32.1018	7.47411	0	0	0	0	0	0	0	0	0	0	0	0
00.000,00.000	30	0	-200	0	4.5	3975.05	1427.82	1169.94	656.066	400.804	186.732	93.0255	32.8484	7.81042	0	0	0	0	0	0	0	0	0	0	0	0
00.000,00.000	30.1	0	-200	0	4.5	4037.02	1447.48	1186.47	666.323	408.368	191.083	95.5123	33.6362	8.15282	0	0	0	0	0	0	0	0	0	0	0	0
00.000,00.000	30.2	0	-200	0	4.5	4081.93	1461.75	1198.44	673.741	413.805	194.231	97.3262	34.2365	8.3983	0	0	0	0	0	0	0	0	0	0	0	0
00.000,00.000	30.3	0	-200	0	4.5	4123.96	1475.13	1209.61	680.682	418.899	197.186	99.0192	34.8179	8.62674	0	0	0	0	0	0	0	0	0	0	0	0
00.000,00.000	30.4	0	-200	0	4.5	4166.16	1488.55	1220.85	687.586	423.997	200.172	100.732	35.4197	8.85538	0	0	0	0	0	0	0	0	0	0	0	0
00.000,00.000	30.5	0	-200	0	4.5	4208.48	1501.98	1232.14	694.501	429.074	203.182	102.47	36.0447	9.08415	0	0	0	0	0	0	0	0	0	0	0	0
00.000,00.000	30.6	0	-200	0	4.5	4249.87	1513.62	1243.27	701.725	434.473	206.395	104.333	36.7262	9.33026	0	0	0	0	0	0	0	0	0	0	0	0
00.000,00.000	30.7	0	-200	0	4.5	4354.87	1545.58	1270.23	719.393	447.874	214.357	109.008	38.4956	9.939	0	0	0	0	0	0	0	0	0	0	0	0
00.000,00.000	30.8	0	-200	0	4.5	4374.71	1551.22	1275.49	722.85	450.441	215.875	109.885	38.8913	9.86128	0.198712	0	0	0	0	0	0	0	0	0	0	0
00.000,00.000	30.9	0	-200	0	4.5	4377.02	1551.98	1276.08	723.221	450.715	216.042	109.984	38.9325	9.86309	0.209472	0	0	0	0	0	0	0	0	0	0	0
00.000,00.000	31	0	-200	0	4.5	4425.73	1567.49	1288.68	731.2	456.459	219.621	112.118	39.8218	9.89046	0.44931	0	0	0	0	0	0	0	0	0	0	0
00.000,00.000	31.1	0	-200	0	4.5	4482.21	1585.28	1303.24	740.677	463.172	223.675	114.634	40.8725	9.88838	0.763314	0	0	0	0	0	0	0	0	0	0	0
00.000,00.000	31.2	0	-200	0	4.5	4526.08	1599.58	1314.36	747.966	468.248	226.628	116.703	41.695	9.88838	1.00289	0	0	0	0	0	0	0	0	0	0	0
00.000,00.000	31.3	0	-200	0	4.5	4567.84	1613.17	1324.96	754.924	473.025	229.3	118.843	42.4981	9.88849	1.23146	0	0	0	0	0	0	0	0	0	0	0
00.000,00.000	31.4	0	-200	0	4.5	4609.11	1626.41	1335.51	761.83	477.737	231.952	121	43.3243	9.88936	1.45929	0	0	0	0	0	0	0	0	0	0	0
00.000,00.000	31.5	0	-200	0	4.5	4649.93	1639.35	1346.05	768.647	482.371	234.595	123.129	44.2051	9.89237	1.68626	0	0	0	0	0	0	0	0	0	0	0
00.000,00.000	31.6	0	-200	0	4.5	4688.32	1648.36	1356.48	775.901	487.464	237.499	125.556	45.2167	9.8988	1.94323	0	0	0	0	0	0	0	0	0	0	0
00.000,00.000	31.7	0	-200	0	4.5	4772.83	1675.84	1376.44	790.003	497.379	243.12	130.461	47.2171	9.91865	2.44624	0	0	0	0	0	0	0	0	0	0	0
00.000,00.000	31.8	0	-200	0	4.5	4801.24	1682	1383.96	795.585	501.228	245.355	132.477	48.0542	9.93015	2.65063	0	0	0	0	0	0	0	0	0	0	0
00.000,00.000	31.9	0	-200	0	4.5	4803.65	1682.82	1384.52	795.977	501.497	245.508	132.618	48.1143	9.9313	2.66472	0	0	0	0	0	0	0	0	0	0	0
00.000,00.000	32	0	-200	0	4.5	4807.25	1683.91	1385.42	796.594	501.911	245.744	132.841	48.2112	9.93366	2.68703	0	0	0	0	0	0	0	0	0	0	0
00.000,00.000	32.1	0	-200	0	4.5	4865.62	1701.13	1399.99	806.795	508.824	249.497	136.544	49.809	9.9798	3.05138	0	0	0	0	0	0	0	0	0	0	0
00.000,00.000	32.2	0	-200	0	4.5	4910.47	1714.95	1411.21	814.407	513.936	252.222	139.343	51.0349	10.0363	3.32644	0	0	0	0	0	0	0	0	0	0	0
00.000,00.000	32.3	0	-200	0	4.5	4947.69	1726.61	1420.41	820.673	518.159	254.441	141.727	52.019	10.1033	3.55313	0	0	0	0	0	0	0	0	0	0	0
00.000,00.000	32.4	0	-200	0	4.5	4984.41	1737.54	1429.99	826.936	522.275	256.597	144.121	52.9942	10.1773	3.77958	0	0	0	0	0	0	0	0	0	0	0
00.000,00.000	32.5	0	-200	0	4.5	5020.72	1748.28	1439.51	833.139	526.337	258.669	146.531	53.9904	10.2584	4.00655	0	0	0	0	0	0	0	0	0	0	0
00.000,00.000	32.6	0	-200	0	4.5	5053.48	1754.68	1448.23	839.677	530.854	260.957	149.292	55.1703	10.3589	4.26901	0	0	0	0	0	0	0	0	0	0	0
00.000,00.000	32.7	0	-200	0	4.5	5111	1773.11	1461.36	849.201	537.533	264.288	153.305	56.9769	10.565	4.65938	0	0	0	0	0	0	0	0	0	0	0
00.000,00.000	32.8	0	-200	0	4.5	5148.3	1781.18	1470.22	856.615	542.783	266.876	156.472	58.4348	10.7457	4.97155	0	0	0	0	0	0	0	0	0	0	0
00.000,00.000	32.9	0	-200	0	4.5	5220.75	1794.75	1489.1	871.274	553.049	271.854	162.513	61.4217	11.2149	5.58024	0	0	0	0	0	0	0	0	0	0	0
00.000,00.000	33	0	-200	0	4.5	5233.46	1797.78	1492.27	873.707	554.766	272.589	163.386	61.9696	11.3129	5.68545	0	0	0	0	0	0	0	0	0	0	0
00.000,00.000	33.1	0	-200	0	4.5	5321.4	1816.2	1514.63	891.348	566.945	278.132	169.974	65.7645	11.9729	6.43746	0	0	0	0	0	0	0	0	0	0	0
00.000,00.000	33.2	0	-200	0	4.5	5367.76	1828.37	1525.82	900.074	572.535	280.845	173.268	67.6794	12.3476	6.82008	0	0	0	0	0	0	0	0	0	0	0
00.000,00.000	33.3	0	-200	0	4.5	5393.41	1836.3	1531.66	904.556	575.436	282.263	174.947	68.6692	12.559	7.01855	0	0	0	0	0	0	0	0	0	0	0
00.000,00.000	33.4	0	-200	0	4.5	5422.16	1845.02	1537.99	909.672	578.748	283.9	176.887	69.8644	12.8233	7.25242	0	0	0	0	0	0	0	0	0	0	0
00.000,00.000	33.5	0	-200	0	4.5	5450.98	1854.23	1544.33	914.661	581.885	285.477	178.752	71.07	13.0968	7.48144	0	0	0	0	0	0	0	0	0	0	0
00.000,00.000	33.6	0	-200	0	4.5	5475.45	1859.66	1549.3	919.632	585.216	287.201	180.811	72.4709	13.4175	7.74363	0	0	0	0	0	0	0	0	0	0	0
00.000,00.000	33.7	0	-200	0	4.5	5553.4	1885.86	1563.7	932.382	593.949	291.856	186.446	76.3812	14.3483	8.47547	0	0	0	0	0	0	0	0	0	0	0
00.000,00.000	33.8	0	-200	0	4.5	5597.72	1899.75	1572	939.853	599.012	294.619	189.847	78.7599	14.954	8.92209	0	0	0	0	0	0	0	0	0	0	0
00.000,00.000	33.9	0	-200	0	4.5	5600.65	1900.54	1572.55	940.386	599.375	294.818	190.089	78.9326	15.0003	8.95435	0	0	0	0	0	0	0	0	0	0	0
00.000,00.000	34	0	-200	0	4.5	5673.42	1921.04	1586.79	952.822	608.413	299.602	195.689	83.1625	16.1726	9.72353	0	0	0	0	0	0	0	0	0	0	0
00.000,00.000	34.1	0	-200	0	4.5	5711.37	1932.72	1593.45	959.262	612.755	302.154	198.688	85.3639	16.8357	9.90874	0.233871	0	0	0	0	0	0	0	0	0	0
00.000,00.000	34.2	0	-200	0	4.5	5732.08	1939.06	1597.23	962.647	615.189	303.546	200.248	86.5853	17.2108	9.90874	0.458435	0	0	0	0	0	0	0	0	0	0
00.000,00.000	34.3	0	-200	0	4.5	5753	1946.13	1600.54	965.931	617.664	304.938	201.774	87.8226	17.6054	9.90874	0.684264	0	0	0	0	0	0	0	0	0	0
00.000,00.000	34.4	0	-200	0	4.5	5773.8	1953.16	1604.01	969.04	620.065	306.314	203.265	89.0845	18.0405	9.90874	0.91213	0	0	0	0	0	0	0	0	0	0
00.000,00.000	34.5	0	-200	0	4.5	5792.17	1958.59	1607.05	971.924	622.221	307.666	204.752	90.3886	18.5261	9.90874	1.14747	0	0	0	0	0	0	0	0	0	0
00.000,00.000	34.6	0	-200	0	4.5	5929.97	2003.48	1626.59	990.168	638.766	317.461	216.634	101.172	22.6512	9.91616	3.13665	0	0	0	0	0	0	0	0	0	0
00.000,00.000	34.7	0	-200	0	4.5	5956.66	2012.54	1630.5	993.734	641.361	319.369	218.985	103.229	23.4833	9.92463	3.53208	0	0	0	0	0	0	0	0	0	0
00.000,00.000	34.8	0	-200	0	4.5	5956.76	2012.57	1630.52	993.748	641.373	319.377	218.993	103.238	23.4867	9.92476	3.53353	0	0	0	0	0	0	0	0	0	0
00.000,00.000	34.9	0	-200	0	4.5	6091.17	2060.87	1649.47	1009.3	655.014	328.256	229.896	114.376	28.2763	10.1969	5.51793	0	0	0	0	0	0	0	0	0	0
00.000,00.000	35	0	-200	0	4.5	6125.6	2073.12	1653.95	1013.5	658.599	330.437	232.812	117.301	29.5645	10.2837	6.03753	0	0	0	0	0	0	0	0	0	0
00.000,00.000	35.1	0	-200	0	4.5	6131.12	2075.13	1654.67	1014.13	659.163	330.788	233.261	117.768	29.7736	10.3093	6.12133	0	0	0	0	0	0	0	0	0	0
00.000,00.000	35.2	0	-200	0	4.5	6168.83	2088.56	1659.65	1018.32	663.116	333.377	236.25	121.053	31.288	10.5192	6.69259	0	0	0	0	0	0	0	0	0	0
00.000,00.000	35.3	0	-200	0	4.5	6213.93	2105.04	1665.68	1023.07	667.576	336.343	239.782	125.088	33.1337	10.8209	7.39325	0	0	0	0	0	0	0	0	0	0
00.000,00.000	35.4	0	-200	0	4.5	6225.58	2109.13	1667.27	1024.27	668.721	337.137	240.7	126.206	33.6395	10.9147	7.58587	0	0	0	0	0	0	0	0	0	0
00.000,00.000	35.5	0	-200	0	4.5	6226.54	2109.47	1667.4	1024.36	668.818	337.204	240.776	126.301	33.6834	10.9245	7.60208	0	0	0	0	0	0	0	0	0	0
00.000,00.000	35.6	0	-200	0	4.5	6278.09	2127.87	1674.23	1028.97	673.914	340.576	244.772	131.577	36.1396	11.5392	8.49895	0	0	0	0	0	0	0	0	0	0
00.000,00.000	35.7	0	-200	0	4.5	6336.97	2150.52	1682.03	1034.44	678.654	343.486	248.914	137.771	39.0388	12.5035	9.44829	0.171883	0	0	0	0	0	0	0	0	0
00.000,00.000	35.8	0	-200	0	4.5	6344.32	2153.31	1683.01	1035.08	679.213	343.878	249.447	138.565	39.4222	12.6364	9.35903	0.40114	0	0	0	0	0	0	0	0	0
00.000,00.000	35.9	0	-200	0	4.5	6344.69	2153.45	1683.05	1035.11	679.244	343.901	249.474	138.604	39.4412	12.6437	9.35983	0.407088	0	0	0	0	0	0	0	0	0
00.000,00.000	36	0	-200	0	4.5	6393.8	2172.53	1689.05	1039.14	683.409	346.781	252.642	143.76	42.0977	13.7245	9.41848	1.25073	0	0	0	0	0	0	0	0	0
00.000,00.000	36.1	0	-200	0	4.5	6430.48	2187.14	1693.59	1042.09	686.246	348.724	254.841	147.685	44.1322	14.6726	9.41992	1.94615	0	0	0	0	0	0	0	0	0
00.000,00.000	36.2	0	-200	0	4.5	6444.52	2192.69	1695.29	1043.18	687.348	349.54	255.652	149.21	44.9171	15.0544	9.42333	2.21531	0	0	0	0	0	0	0	0	0
00.000,00.000	36.3	0	-200	0	4.5	6452.43	2195.82	1696.24	1043.78	687.952	350.024	256.086	150.079	45.3706	15.2869	9.42717	2.37053	0	0	0	0	0	0	0	0	0
00.000,00.000	36.4	0	-200	0	4.5	6465.51	2201.21	1697.83	1044.72	688.937	350.671	256.698	151.533	46.1417	15.6986	9.43714	2.63526	0	0	0	0	0	0	0	0	0
00.000,00.000	36.5	0	-200	0	4.5	6481.15	2207.4	1699.74	1045.78	690.152	351.586	257.482	153.289	47.0826	16.2187	9.45383	2.96238	0	0	0	0	0	0	0	0	0
00.000,00.000	36.6	0	-200	0	4.5	6500.6	2215.22	1702.17	1047.02	691.665	352.762	258.391	155.441	48.2006	16.8621	9.48158	3.38993	0	0	0	0	0	0	0	0	0
00.000,00.000	36.7	0	-200	0	4.5	6510.97	2219.42	1703.44	1047.66	692.46	353.33	258.787	156.643	48.8641	17.2459	9.50096	3.61814	0	0	0	0	0	0	0	0	0
00.000,00.000	36.8	0	-200	0	4.5	6514.53	2220.87	1703.85	1047.87	692.736	353.525	258.923	157.051	49.1092	17.3914	9.50953	3.69607	0	0	0	0	0	0	0	0	0
00.000,00.000	36.9	0	-200	0	4.5	6514.77	2220.97	1703.88	1047.88	692.754	353.539	258.932	157.078	49.125	17.4014	9.51025	3.70142	0	0	0	0	0	0	0	0	0
00.000,00.000	37	0	-200	0	4.5	6555.8	2238.2	1708.52	1050.09	695.78	356.032	260.331	161.538	51.8642	19.1514	9.66611	4.61961	0	0	0	0	0	0	0	0	0
00.000,00.000	37.1	0	-200	0	4.5	6565.61	2242.34	1709.69	1050.61	696.467	356.594	260.596	162.659	52.527	19.5718	9.70777	4.84396	0	0	0	0	0	0	0	0	0
00.000,00.000	37.2	0	-200	0	4.5	6570.04	2244.26	1710.2	1050.83	696.772	356.841	260.726	163.127	52.8347	19.7718	9.73299	4.94518	0	0	0	0	0	0	0	0	0
00.000,00.000	37.3	0	-200	0	4.5	6586.49	2251.5	1712.04	1051.62	697.889	357.777	261.178	164.768	53.9943	20.5622	9.84177	5.31682	0	0	0	0	0	0	0	0	0
00.000,00.000	37.4	0	-200	0	4.5	6602.34	2258.52	1713.82	1052.34	698.945	358.707	261.635	166.425	55.0633	21.2415	9.95686	5.67752	0	0	0	0	0	0	0	0	0
00.000,00.000	37.5	0	-200	0	4.5	6604.48	2259.48	1714.06	1052.44	699.081	358.828	261.688	166.638	55.2156	21.3447	9.97404	5.72683	0	0	0	0	0	0	0	0	0
00.000,00.000	37.6	0	-200	0	4.5	6619.27	2266.26	1715.73	1053.07	700.088	359.732	262.081	168.132	56.0985	21.8855	10.1068	6.08199	0	0	0	0	0	0	0	0	0
00.000,00.000	37.7	0	-200	0	4.5	6627.41	2269.91	1716.61	1053.4	700.604	360.226	262.277	168.846	56.7404	22.3323	10.1893	6.27079	0	0	0	0	0	0	0	0	0
00.000,00.000	37.8	0	-200	0	4.5	6635.78	2273.69	1717.48	1053.71	701.132	360.756	262.475	169.519	57.4435	22.8243	10.2892	6.46153	0	0	0	0	0	0	0	0	0
00.000,00.000	37.9	0	-200	0	4.5	6643.91	2277.49	1718.34	1054.01	701.644	361.289	262.675	170.225	57.9984	23.1862	10.403	6.65216	0	0	0	0	0	0	0	0	0
00.000,00.000	38	0	-200	0	4.5	6654.28	2282.36	1719.38	1054.37	702.278	361.976	262.937	171.101	58.7359	23.6962	10.5536	6.89107	0	0	0	0	0	0	0	0	0
00.000,00.000	38.1	0	-200	0	4.5	6663.08	2286.48	1720.24	1054.65	702.809	362.528	263.12	171.76	59.4785	24.2418	10.6803	7.09134	0	0	0	0	0	0	0	0	0
00.000,00.000	38.2	0	-200	0	4.5	6671.75	2290.61	1721.08	1054.92	703.316	363.047	263.307	172.383	60.2485	24.7259	10.8203	7.28871	0	0	0	0	0	0	0	0	0
00.000,00.000	38.3	0	-200	0	4.5	6680.5	2294.97	1721.93	1055.19	703.823	363.589	263.51	173.04	60.8502	25.1211	10.9827	7.49194	0	0	0	0	0	0	0	0	0
00.000,00.000	38.4	0	-200	0	4.5	6689.11	2299.16	1722.72	1055.43	704.29	364.089	263.709	173.623	61.6085	25.6772	11.1258	7.6838	0	0	0	0	0	0	0	0	0
00.000,00.000	38.5	0	-200	0	4.5	6698	2303.53	1723.5	1055.66	704.75	364.605	263.914	174.167	62.4199	26.2822	11.2894	7.88101	0	0	0	0	0	0	0	0	0
00.000,00.000	38.6	0	-200	0	4.5	6706.58	2307.97	1724.28	1055.88	705.197	365.131	264.124	174.726	63.0236	26.6968	11.4774	8.07966	0	0	0	0	0	0	0	0	0
00.000,00.000	38.7	0	-200	0	4.5	6714.66	2312.22	1724.96	1056.07	705.598	365.632	264.325	175.23	63.6175	27.0853	11.6508	8.26442	0	0	0	0	0	0	0	0	0
00.000,00.000	38.8	0	-200	0	4.5	6723.09	2316.55	1725.63	1056.25	705.987	366.138	264.534	175.701	64.3694	27.6685	11.8099	8.44706	0	0	0	0	0	0	0	0	0
00.000,00.000	38.9	0	-200	0	4.5	6731.74	2321.02	1726.29	1056.43	706.362	366.647	264.744	176.14	65.1572	28.3098	12.0067	8.63139	0	0	0	0	0	0	0	0	0
00.000,00.000	39	0	-200	0	4.5	6740.15	2325.63	1726.94	1056.59	706.726	367.146	264.961	176.577	65.778	28.7433	12.2458	8.82012	0	0	0	0	0	0	0	0	0
00.000,00.000	39.1	0	-200	0	4.5	6748.22	2330.12	1727.54	1056.73	707.059	367.611	265.185	176.961	66.4081	29.1586	12.4377	9.00052	0	0	0	0	0	0	0	0	0
00.000,00.000	39.2	0	-200	0	4.5	6756.45	2334.63	1728.12	1056.87	707.372	368.059	265.388	177.304	67.1469	29.7727	12.6209	9.17516	0	0	0	0	0	0	0	0	0
00.000,00.000	39.3	0	-200	0	4.5	6764.95	2339.27	1728.69	1056.99	707.674	368.506	265.603	177.634	67.917	30.4454	12.8674	9.34889	0	0	0	0	0	0	0	0	0
00.000,00.000	39.4	0	-200	0	4.5	6773.22	2344.08	1729.25	1057.11	707.961	368.96	265.825	177.955	68.5319	30.8872	13.1415	9.5254	0	0	0	0	0	0	0	0	0
00.000,00.000	39.5	0	-200	0	4.5	6781.09	2348.73	1729.77	1057.21	708.221	369.391	266.043	178.243	69.1413	31.3176	13.3311	9.69424	0	0	0	0	0	0	0	0	0
00.000,00.000	39.6	0	-200	0	4.5	6789.19	2353.43	1730.27	1057.3	708.466	369.819	266.266	178.486	69.851	31.933	13.5116	9.86017	0	0	0	0	0	0	0	0	0
00.000,00.000	39.7	0	-200	0	4.5	6797.5	2358.23	1730.75	1057.38	708.697	370.241	266.495	178.708	70.5813	32.6035	13.7895	9.88152	0.144134	0	0	0	0	0	0	0	0
00.000,00.000	39.8	0	-200	0	4.5	6805.58	2363.18	1731.23	1057.46	708.915	370.668	266.729	178.928	71.1845	33.0761	14.1014	9.88185	0.227781	0	0	0	0	0	0	0	0
00.000,00.000	39.9	0	-200	0	4.5	6813.25	2367.98	1731.67	1057.53	709.108	371.065	266.96	179.126	71.8505	33.5383	14.3142	9.88185	0.227781	0	0	0	0	0	0	0	0
00.000,00.000	40	0	-200	0	4.5	6821.18	2372.87	1732.1	1057.59	709.289	371.458	267.202	179.31	72.554	34.1694	14.54	9.88185	0.227781	0	0	0	0	0	0	0	0
00.000,00.000	40.1	0	-200	0	4.5	6829.41	2377.9	1732.52	1057.64	709.459	371.845	267.441	179.479	73.2563	34.8646	14.8856	9.88185	0.227781	0	0	0	0	0	0	0	0
00.000,00.000	40.2	0	-200	0	4.5	6837.34	2382.97	1732.94	1057.69	709.617	372.202	267.679	179.638	73.8849	35.3677	15.2378	9.88185	0.227781	0	0	0	0	0	0	0	0
00.000,00.000	40.3	0	-200	0	4.5	6844.88	2387.86	1733.35	1057.74	709.756	372.541	267.92	179.779	74.5024	35.8614	15.4698	9.8819	0.227781	0	0	0	0	0	0	0	0
00.000,00.000	40.4	0	-200	0	4.5	6852.58	2392.75	1733.74	1057.77	709.872	372.876	268.172	179.902	75.1641	36.5043	15.7171	9.88229	0.227781	0	0	0	0	0	0	0	0
00.000,00.000	40.5	0	-200	0	4.5	6860.47	2397.66	1734.12	1057.8	709.976	373.204	268.427	180.013	75.8467	37.2004	16.1053	9.88353	0.227781	0	0	0	0	0	0	0	0
00.000,00.000	40.6	0	-200	0	4.5	6868.18	2402.65	1734.5	1057.83	710.073	373.531	268.702	180.113	76.4466	37.7388	16.4873	9.88544	0.227781	0	0	0	0	0	0	0	0
00.000,00.000	40.7	0	-200	0	4.5	6875.51	2407.4	1734.86	1057.85	710.155	373.83	268.948	180.195	77.0415	38.371	16.7457	9.88762	0.227781	0	0	0	0	0	0	0	0
00.000,00.000	40.8	0	-200	0	4.5	6882.91	2412.13	1735.22	1057.87	710.229	374.119	269.2	180.268	77.6747	39.0591	17.03	9.89138	0.227781	0	0	0	0	0	0	0	0
00.000,00.000	40.9	0	-200	0	4.5	6890.56	2417.03	1735.59	1057.89	710.298	374.41	269.455	180.337	78.3255	39.6627	17.4465	9.89982	0.227781	0	0	0	0	0	0	0	0
00.000,00.000	41	0	-200	0	4.5	6897.86	2421.75	1735.94	1057.9	710.356	374.681	269.704	180.398	78.9151	40.2172	17.8524	9.91028	0.227781	0	0	0	0	0	0	0	0
00.000,00.000	41.1	0	-200	0	4.5	6905.09	2426.43	1736.32	1057.91	710.408	374.945	269.958	180.452	79.4829	40.8796	18.1496	9.91876	0.227781	0	0	0	0	0	0	0	0
00.000,00.000	41.2	0	-200	0	4.5	6912.34	2431.06	1736.7	1057.92	710.452	375.195	270.204	180.497	80.0681	41.613	18.4646	9.92938	0.227781	0	0	0	0	0	0	0	0
00.000,00.000	41.3	0	-200	0	4.5	6919.46	2435.61	1737.08	1057.93	710.491	375.437	270.435	180.534	80.6168	42.2442	18.8965	9.9502	0.227781	0	0	0	0	0	0	0	0
00.000,00.000	41.4	0	-200	0	4.5	6926.48	2440.15	1737.47	1057.94	710.524	375.673	270.649	180.567	81.0946	42.8608	19.3497	9.9761	0.227781	0	0	0	0	0	0	0	0
00.000,00.000	41.5	0	-200	0	4.5	6933.27	2444.53	1737.85	1057.94	710.552	375.888	270.82	180.595	81.5811	43.6061	19.682	9.99354	0.227781	0	0	0	0	0	0	0	0
00.000,00.000	41.6	0	-200	0	4.5	6940.03	2448.86	1738.23	1057.94	710.574	376.09	270.978	180.618	82.0679	44.396	20.0325	10.0134	0.227781	0	0	0	0	0	0	0	0
00.000,00.000	41.7	0	-200	0	4.5	6946.8	2453.19	1738.61	1057.95	710.593	376.285	271.196	180.638	82.5122	45.0575	20.4959	10.0481	0.227781	0	0	0	0	0	0	0	0
00.000,00.000	41.8	0	-200	0	4.5	6953.31	2457.33	1738.98	1057.95	710.609	376.465	271.464	180.654	82.8975	45.6782	20.9669	10.0871	0.227781	0	0	0	0	0	0	0	0
00.000,00.000	41.9	0	-200	0	4.5	6959.81	2461.47	1739.36	1057.95	710.621	376.64	271.739	180.667	83.2842	46.4022	21.339	10.1146	0.227781	0	0	0	0	0	0	0	0
00.000,00.000	42	0	-200	0	4.5	6966.14	2465.46	1739.72	1057.95	710.63	376.805	272.008	180.678	83.6311	47.159	21.7304	10.138	0.227781	0	0	0	0	0	0	0	0