
label	time(d)	x	depth	z	radius	total	0-10	10-20	20-30	30-40	40-50	50-60	60-70	70-80	80-90	90-100	100-110	110-120	120-130	130-140	140-150	150-160	160-170	170-180	180-190	190-200
05.500,00.000	0	5.5	-200	0	4.5	0	0	0	0	0	0	0	0	0	0	0	0	0	0	0	0	0	0	0	0	0
05.500,00.000	0.1	5.5	-200	0	4.5	0	0	0	0	0	0	0	0	0	0	0	0	0	0	0	0	0	0	0	0	0
05.500,00.000	0.2	5.5	-200	0	4.5	0	0	0	0	0	0	0	0	0	0	0	0	0	0	0	0	0	0	0	0	0
05.500,00.000	0.3	5.5	-200	0	4.5	0	0	0	0	0	0	0	0	0	0	0	0	0	0	0	0	0	0	0	0	0
05.500,00.000	0.4	5.5	-200	0	4.5	0	0	0	0	0	0	0	0	0	0	0	0	0	0	0	0	0	0	0	0	0
05.500,00.000	0.5	5.5	-200	0	4.5	0	0	0	0	0	0	0	0	0	0	0	0	0	0	0	0	0	0	0	0	0
05.500,00.000	0.6	5.5	-200	0	4.5	0	0	0	0	0	0	0	0	0	0	0	0	0	0	0	0	0	0	0	0	0
05.500,00.000	0.7	5.5	-200	0	4.5	0	0	0	0	0	0	0	0	0	0	0	0	0	0	0	0	0	0	0	0	0
05.500,00.000	0.8	5.5	-200	0	4.5	0	0	0	0	0	0	0	0	0	0	0	0	0	0	0	0	0	0	0	0	0
05.500,00.000	0.9	5.5	-200	0	4.5	0	0	0	0	0	0	0	0	0	0	0	0	0	0	0	0	0	0	0	0	0
05.500,00.000	1	5.5	-200	0	4.5	0	0	0	0	0	0	0	0	0	0	0	0	0	0	0	0	0	0	0	0	0
05.500,00.000	1.1	5.5	-200	0	4.5	0	0	0	0	0	0	0	0	0	0	0	0	0	0	0	0	0	0	0	0	0
05.500,00.000	1.2	5.5	-200	0	4.5	0	0	0	0	0	0	0	0	0	0	0	0	0	0	0	0	0	0	0	0	0
05.500,00.000	1.3	5.5	-200	0	4.5	0	0	0	0	0	0	0	0	0	0	0	0	0	0	0	0	0	0	0	0	0
05.500,00.000	1.4	5.5	-200	0	4.5	0	0	0	0	0	0	0	0	0	0	0	0	0	0	0	0	0	0	0	0	0
05.500,00.000	1.5	5.5	-200	0	4.5	0	0	0	0	0	0	0	0	0	0	0	0	0	0	0	0	0	0	0	0	0
05.500,00.000	1.6	5.5	-200	0	4.5	0	0	0	0	0	0	0	0	0	0	0	0	0	0	0	0	0	0	0	0	0
05.500,00.000	1.7	5.5	-200	0	4.5	0	0	0	0	0	0	0	0	0	0	0	0	0	0	0	0	0	0	0	0	0
05.500,00.000	1.8	5.5	-200	0	4.5	0	0	0	0	0	0	0	0	0	0	0	0	0	0	0	0	0	0	0	0	0
05.500,00.000	1.9	5.5	-200	0	4.5	0	0	0	0	0	0	0	0	0	0	0	0	0	0	0	0	0	0	0	0	0
05.500,00.000	2	5.5	-200	0	4.5	0	0	0	0	0	0	0	0	0	0	0	0	0	0	0	0	0	0	0	0	0
05.500,00.000	2.1	5.5	-200	0	4.5	0	0	0	0	0	0	0	0	0	0	0	0	0	0	0	0	0	0	0	0	0
05.500,00.000	2.2	5.5	-200	0	4.5	0	0	0	0	0	0	0	0	0	0	0	0	0	0	0	0	0	0	0	0	0
05.500,00.000	2.3	5.5	-200	0	4.5	0	0	0	0	0	0	0	0	0	0	0	0	0	0	0	0	0	0	0	0	0
05.500,00.000	2.4	5.5	-200	0	4.5	0	0	0	0	0	0	0	0	0	0	0	0	0	0	0	0	0	0	0	0	0
05.500,00.000	2.5	5.5	-200	0	4.5	0	0	0	0	0	0	0	0	0	0	0	0	0	0	0	0	0	0	0	0	0
05.500,00.000	2.6	5.5	-200	0	4.5	0	0	0	0	0	0	0	0	0	0	0	0	0	0	0	0	0	0	0	0	0
05.500,00.000	2.7	5.5	-200	0	4.5	0	0	0	0	0	0	0	0	0	0	0	0	0	0	0	0	0	0	0	0	0
05.500,00.000	2.8	5.5	-200	0	4.5	0	0	0	0	0	0	0	0	0	0	0	0	0	0	0	0	0	0	0	0	0
05.500,00.000	2.9	5.5	-200	0	4.5	0	0	0	0	0	0	0	0	0	0	0	0	0	0	0	0	0	0	0	0	0
05.500,00.000	3	5.5	-200	0	4.5	3.9968e-15	3.9968e-15	0	0	0	0	0	0	0	0	0	0	0	0	0	0	0	0	0	0	0
05.500,00.000	3.1	5.5	-200	0	4.5	0.299175	0.299175	0	0	0	0	0	0	0	0	0	0	0	0	0	0	0	0	0	0	0
05.500,00.000	3.2	5.5	-200	0	4.5	0.593163	0.593163	0	0	0	0	0	0	0	0	0	0	0	0	0	0	0	0	0	0	0
05.500,00.000	3.3	5.5	-200	0	4.5	0.886582	0.886582	0	0	0	0	0	0	0	0	0	0	0	0	0	0	0	0	0	0	0
05.500,00.000	3.4	5.5	-200	0	4.5	1.17843	1.17843	0	0	0	0	0	0	0	0	0	0	0	0	0	0	0	0	0	0	0
05.500,00.000	3.5	5.5	-200	0	4.5	1.46551	1.46551	0	0	0	0	0	0	0	0	0	0	0	0	0	0	0	0	0	0	0
05.500,00.000	3.6	5.5	-200	0	4.5	1.74776	1.74776	0	0	0	0	0	0	0	0	0	0	0	0	0	0	0	0	0	0	0
05.500,00.000	3.7	5.5	-200	0	4.5	2.02703	2.02703	0	0	0	0	0	0	0	0	0	0	0	0	0	0	0	0	0	0	0
05.500,00.000	3.8	5.5	-200	0	4.5	2.30542	2.30542	0	0	0	0	0	0	0	0	0	0	0	0	0	0	0	0	0	0	0
05.500,00.000	3.9	5.5	-200	0	4.5	2.58388	2.58388	0	0	0	0	0	0	0	0	0	0	0	0	0	0	0	0	0	0	0
05.500,00.000	4	5.5	-200	0	4.5	2.86502	2.86502	0	0	0	0	0	0	0	0	0	0	0	0	0	0	0	0	0	0	0
05.500,00.000	4.1	5.5	-200	0	4.5	3.14842	3.14842	0	0	0	0	0	0	0	0	0	0	0	0	0	0	0	0	0	0	0
05.500,00.000	4.2	5.5	-200	0	4.5	3.43361	3.43361	0	0	0	0	0	0	0	0	0	0	0	0	0	0	0	0	0	0	0
05.500,00.000	4.3	5.5	-200	0	4.5	3.72037	3.72037	0	0	0	0	0	0	0	0	0	0	0	0	0	0	0	0	0	0	0
05.500,00.000	4.4	5.5	-200	0	4.5	4.00789	4.00789	0	0	0	0	0	0	0	0	0	0	0	0	0	0	0	0	0	0	0
05.500,00.000	4.5	5.5	-200	0	4.5	4.29325	4.29325	0	0	0	0	0	0	0	0	0	0	0	0	0	0	0	0	0	0	0
05.500,00.000	4.6	5.5	-200	0	4.5	4.57626	4.57626	0	0	0	0	0	0	0	0	0	0	0	0	0	0	0	0	0	0	0
05.500,00.000	4.7	5.5	-200	0	4.5	4.85717	4.59564	0.261537	0	0	0	0	0	0	0	0	0	0	0	0	0	0	0	0	0	0
05.500,00.000	4.8	5.5	-200	0	4.5	5.13642	4.596	0.54042	0	0	0	0	0	0	0	0	0	0	0	0	0	0	0	0	0	0
05.500,00.000	4.9	5.5	-200	0	4.5	5.41479	4.596	0.818789	0	0	0	0	0	0	0	0	0	0	0	0	0	0	0	0	0	0
05.500,00.000	5	5.5	-200	0	4.5	5.69205	4.596	1.09604	0	0	0	0	0	0	0	0	0	0	0	0	0	0	0	0	0	0
05.500,00.000	5.1	5.5	-200	0	4.5	5.96868	4.596	1.37267	0	0	0	0	0	0	0	0	0	0	0	0	0	0	0	0	0	0
05.500,00.000	5.2	5.5	-200	0	4.5	6.24521	4.596	1.64921	0	0	0	0	0	0	0	0	0	0	0	0	0	0	0	0	0	0
05.500,00.000	5.3	5.5	-200	0	4.5	6.52257	4.596	1.92657	0	0	0	0	0	0	0	0	0	0	0	0	0	0	0	0	0	0
05.500,00.000	5.4	5.5	-200	0	4.5	6.80125	4.596	2.20525	0	0	0	0	0	0	0	0	0	0	0	0	0	0	0	0	0	0
05.500,00.000	5.5	5.5	-200	0	4.5	7.07973	4.596	2.48373	0	0	0	0	0	0	0	0	0	0	0	0	0	0	0	0	0	0
05.500,00.000	5.6	5.5	-200	0	4.5	7.35744	4.596	2.76144	0	0	0	0	0	0	0	0	0	0	0	0	0	0	0	0	0	0
05.500,00.000	5.7	5.5	-200	0	4.5	7.63428	4.596	3.03827	0	0	0	0	0	0	0	0	0	0	0	0	0	0	0	0	0	0
05.500,00.000	5.8	5.5	-200	0	4.5	7.90996	4.596	3.31395	0	0	0	0	0	0	0	0	0	0	0	0	0	0	0	0	0	0
05.500,00.000	5.9	5.5	-200	0	4.5	8.18517	4.596	3.58917	0	0	0	0	0	0	0	0	0	0	0	0	0	0	0	0	0	0
05.500,00.000	6	5.5	-200	0	4.5	8.46005	4.596	3.86404	0	0	0	0	0	0	0	0	0	0	0	0	0	0	0	0	0	0
05.500,00.000	6.1	5.5	-200	0	4.5	8.73492	4.596	4.13892	0	0	0	0	0	0	0	0	0	0	0	0	0	0	0	0	0	0
05.500,00.000	6.2	5.5	-200	0	4.5	9.01041	4.596	4.41441	0	0	0	0	0	0	0	0	0	0	0	0	0	0	0	0	0	0
05.500,00.000	6.3	5.5	-200	0	4.5	9.28643	4.596	4.69042	0	0	0	0	0	0	0	0	0	0	0	0	0	0	0	0	0	0
05.500,00.000	6.4	5.5	-200	0	4.5	9.56286	4.596	4.96686	0	0	0	0	0	0	0	0	0	0	0	0	0	0	0	0	0	0
05.500,00.000	6.5	5.5	-200	0	4.5	9.8391	4.596	5.24309	0	0	0	0	0	0	0	0	0	0	0	0	0	0	0	0	0	0
05.500,00.000	6.6	5.5	-200	0	4.5	10.115	4.596	5.51901	0	0	0	0	0	0	0	0	0	0	0	0	0	0	0	0	0	0
05.500,00.000	6.7	5.5	-200	0	4.5	10.3904	4.596	5.79442	0	0	0	0	0	0	0	0	0	0	0	0	0	0	0	0	0	0
05.500,00.000	6.8	5.5	-200	0	4.5	10.6653	4.596	6.06933	0	0	0	0	0	0	0	0	0	0	0	0	0	0	0	0	0	0
05.500,00.000	6.9	5.5	-200	0	4.5	10.9403	4.59648	6.34379	0	0	0	0	0	0	0	0	0	0	0	0	0	0	0	0	0	0
05.500,00.000	7	5.5	-200	0	4.5	11.2176	4.59974	6.61785	0	0	0	0	0	0	0	0	0	0	0	0	0	0	0	0	0	0
05.500,00.000	7.1	5.5	-200	0	4.5	11.4982	4.60651	6.89173	0	0	0	0	0	0	0	0	0	0	0	0	0	0	0	0	0	0
05.500,00.000	7.2	5.5	-200	0	4.5	11.7839	4.61863	7.16526	0	0	0	0	0	0	0	0	0	0	0	0	0	0	0	0	0	0
05.500,00.000	7.3	5.5	-200	0	4.5	12.0747	4.63605	7.43863	0	0	0	0	0	0	0	0	0	0	0	0	0	0	0	0	0	0
05.500,00.000	7.4	5.5	-200	0	4.5	12.3719	4.65987	7.71201	0	0	0	0	0	0	0	0	0	0	0	0	0	0	0	0	0	0
05.500,00.000	7.5	5.5	-200	0	4.5	12.676	4.69102	7.98496	0	0	0	0	0	0	0	0	0	0	0	0	0	0	0	0	0	0
05.500,00.000	7.6	5.5	-200	0	4.5	12.988	4.73011	8.25788	0	0	0	0	0	0	0	0	0	0	0	0	0	0	0	0	0	0
05.500,00.000	7.7	5.5	-200	0	4.5	13.3105	4.77981	8.53066	0	0	0	0	0	0	0	0	0	0	0	0	0	0	0	0	0	0
05.500,00.000	7.8	5.5	-200	0	4.5	13.6424	4.83903	8.80336	0	0	0	0	0	0	0	0	0	0	0	0	0	0	0	0	0	0
05.500,00.000	7.9	5.5	-200	0	4.5	13.9856	4.9095	9.07609	0	0	0	0	0	0	0	0	0	0	0	0	0	0	0	0	0	0
05.500,00.000	8	5.5	-200	0	4.5	14.3414	4.99273	9.34871	0	0	0	0	0	0	0	0	0	0	0	0	0	0	0	0	0	0
05.500,00.000	8.1	5.5	-200	0	4.5	14.7153	5.09415	9.62113	0	0	0	0	0	0	0	0	0	0	0	0	0	0	0	0	0	0
05.500,00.000	8.2	5.5	-200	0	4.5	15.1052	5.21167	9.89356	0	0	0	0	0	0	0	0	0	0	0	0	0	0	0	0	0	0
05.500,00.000	8.3	5.5	-200	0	4.5	15.5145	5.34851	10.166	0	0	0	0	0	0	0	0	0	0	0	0	0	0	0	0	0	0
05.500,00.000	8.4	5.5	-200	0	4.5	15.9422	5.50376	10.4384	0	0	0	0	0	0	0	0	0	0	0	0	0	0	0	0	0	0
05.500,00.000	8.5	5.5	-200	0	4.5	16.3836	5.67288	10.7107	0	0	0	0	0	0	0	0	0	0	0	0	0	0	0	0	0	0
05.500,00.000	8.6	5.5	-200	0	4.5	16.8392	5.85555	10.8226	0.161082	0	0	0	0	0	0	0	0	0	0	0	0	0	0	0	0	0
05.500,00.000	8.7	5.5	-200	0	4.5	17.3095	6.05273	10.8224	0.434374	0	0	0	0	0	0	0	0	0	0	0	0	0	0	0	0	0
05.500,00.000	8.8	5.5	-200	0	4.5	17.7951	6.26406	10.8238	0.707214	0	0	0	0	0	0	0	0	0	0	0	0	0	0	0	0	0
05.500,00.000	8.9	5.5	-200	0	4.5	18.3013	6.49368	10.8275	0.980099	0	0	0	0	0	0	0	0	0	0	0	0	0	0	0	0	0
05.500,00.000	9	5.5	-200	0	4.5	18.8309	6.74324	10.835	1.25266	0	0	0	0	0	0	0	0	0	0	0	0	0	0	0	0	0
05.500,00.000	9.1	5.5	-200	0	4.5	19.3828	7.01204	10.8457	1.52514	0	0	0	0	0	0	0	0	0	0	0	0	0	0	0	0	0
05.500,00.000	9.2	5.5	-200	0	4.5	19.9578	7.29815	10.8619	1.79776	0	0	0	0	0	0	0	0	0	0	0	0	0	0	0	0	0
05.500,00.000	9.3	5.5	-200	0	4.5	20.5567	7.60074	10.8851	2.0708	0	0	0	0	0	0	0	0	0	0	0	0	0	0	0	0	0
05.500,00.000	9.4	5.5	-200	0	4.5	21.1789	7.91765	10.9165	2.34476	0	0	0	0	0	0	0	0	0	0	0	0	0	0	0	0	0
05.500,00.000	9.5	5.5	-200	0	4.5	21.8184	8.24181	10.9572	2.61947	0	0	0	0	0	0	0	0	0	0	0	0	0	0	0	0	0
05.500,00.000	9.6	5.5	-200	0	4.5	22.4762	8.57349	11.0076	2.89509	0	0	0	0	0	0	0	0	0	0	0	0	0	0	0	0	0
05.500,00.000	9.7	5.5	-200	0	4.5	23.1537	8.91249	11.0702	3.171	0	0	0	0	0	0	0	0	0	0	0	0	0	0	0	0	0
05.500,00.000	9.8	5.5	-200	0	4.5	23.8637	9.27291	11.1438	3.44692	0	0	0	0	0	0	0	0	0	0	0	0	0	0	0	0	0
05.500,00.000	9.9	5.5	-200	0	4.5	24.6373	9.68484	11.2296	3.72285	0	0	0	0	0	0	0	0	0	0	0	0	0	0	0	0	0
05.500,00.000	10	5.5	-200	0	4.5	25.4442	10.116	11.3298	3.99848	0	0	0	0	0	0	0	0	0	0	0	0	0	0	0	0	0
05.500,00.000	10.1	5.5	-200	0	4.5	26.2872	10.5659	11.4477	4.27371	0	0	0	0	0	0	0	0	0	0	0	0	0	0	0	0	0
05.500,00.000	10.2	5.5	-200	0	4.5	27.1646	11.034	11.5816	4.54898	0	0	0	0	0	0	0	0	0	0	0	0	0	0	0	0	0
05.500,00.000	10.3	5.5	-200	0	4.5	28.0795	11.5206	11.7342	4.8247	0	0	0	0	0	0	0	0	0	0	0	0	0	0	0	0	0
05.500,00.000	10.4	5.5	-200	0	4.5	29.0296	12.0238	11.905	5.10082	0	0	0	0	0	0	0	0	0	0	0	0	0	0	0	0	0
05.500,00.000	10.5	5.5	-200	0	4.5	30.0045	12.5335	12.0938	5.37722	0	0	0	0	0	0	0	0	0	0	0	0	0	0	0	0	0
05.500,00.000	10.6	5.5	-200	0	4.5	30.9852	13.0288	12.3022	5.65418	0	0	0	0	0	0	0	0	0	0	0	0	0	0	0	0	0
05.500,00.000	10.7	5.5	-200	0	4.5	32.0102	13.5501	12.529	5.93109	0	0	0	0	0	0	0	0	0	0	0	0	0	0	0	0	0
05.500,00.000	10.8	5.5	-200	0	4.5	33.1034	14.1203	12.7755	6.20769	0	0	0	0	0	0	0	0	0	0	0	0	0	0	0	0	0
05.500,00.000	10.9	5.5	-200	0	4.5	34.2412	14.7133	13.044	6.48395	0	0	0	0	0	0	0	0	0	0	0	0	0	0	0	0	0
05.500,00.000	11	5.5	-200	0	4.5	35.4272	15.3317	13.3358	6.7597	0	0	0	0	0	0	0	0	0	0	0	0	0	0	0	0	0
05.500,00.000	11.1	5.5	-200	0	4.5	36.6817	15.9949	13.6519	7.03497	0	0	0	0	0	0	0	0	0	0	0	0	0	0	0	0	0
05.500,00.000	11.2	5.5	-200	0	4.5	38.017	16.7125	13.9947	7.30978	0	0	0	0	0	0	0	0	0	0	0	0	0	0	0	0	0
05.500,00.000	11.3	5.5	-200	0	4.5	39.4087	17.4595	14.3647	7.58447	0	0	0	0	0	0	0	0	0	0	0	0	0	0	0	0	0
05.500,00.000	11.4	5.5	-200	0	4.5	40.8565	18.2331	14.7639	7.85952	0	0	0	0	0	0	0	0	0	0	0	0	0	0	0	0	0
05.500,00.000	11.5	5.5	-200	0	4.5	42.3697	19.0477	15.1872	8.13488	0	0	0	0	0	0	0	0	0	0	0	0	0	0	0	0	0
05.500,00.000	11.6	5.5	-200	0	4.5	43.9099	19.8663	15.6331	8.4106	0	0	0	0	0	0	0	0	0	0	0	0	0	0	0	0	0
05.500,00.000	11.7	5.5	-200	0	4.5	45.4992	20.7109	16.1017	8.68661	0	0	0	0	0	0	0	0	0	0	0	0	0	0	0	0	0
05.500,00.000	11.8	5.5	-200	0	4.5	47.1522	21.591	16.5985	8.96272	0	0	0	0	0	0	0	0	0	0	0	0	0	0	0	0	0
05.500,00.000	11.9	5.5	-200	0	4.5	48.8772	22.5063	17.1323	9.23859	0	0	0	0	0	0	0	0	0	0	0	0	0	0	0	0	0
05.500,00.000	12	5.5	-200	0	4.5	50.722	23.506	17.7018	9.51431	0	0	0	0	0	0	0	0	0	0	0	0	0	0	0	0	0
05.500,00.000	12.1	5.5	-200	0	4.5	52.5929	24.5653	18.3118	9.71577	0	0	0	0	0	0	0	0	0	0	0	0	0	0	0	0	0
05.500,00.000	12.2	5.5	-200	0	4.5	54.3404	25.6777	18.9463	9.71647	0	0	0	0	0	0	0	0	0	0	0	0	0	0	0	0	0
05.500,00.000	12.3	5.5	-200	0	4.5	56.1638	26.8058	19.6027	9.71647	0.0388604	0	0	0	0	0	0	0	0	0	0	0	0	0	0	0	0
05.500,00.000	12.4	5.5	-200	0	4.5	57.9906	27.943	20.2923	9.71647	0.0388604	0	0	0	0	0	0	0	0	0	0	0	0	0	0	0	0
05.500,00.000	12.5	5.5	-200	0	4.5	59.8607	29.0861	21.0192	9.71647	0.0388604	0	0	0	0	0	0	0	0	0	0	0	0	0	0	0	0
05.500,00.000	12.6	5.5	-200	0	4.5	61.7554	30.2261	21.7737	9.71672	0.0388604	0	0	0	0	0	0	0	0	0	0	0	0	0	0	0	0
05.500,00.000	12.7	5.5	-200	0	4.5	63.6835	31.3648	22.5598	9.72006	0.0388604	0	0	0	0	0	0	0	0	0	0	0	0	0	0	0	0
05.500,00.000	12.8	5.5	-200	0	4.5	65.6602	32.5156	23.3773	9.72849	0.0388604	0	0	0	0	0	0	0	0	0	0	0	0	0	0	0	0
05.500,00.000	12.9	5.5	-200	0	4.5	67.7831	33.7142	24.2869	9.74311	0.0388604	0	0	0	0	0	0	0	0	0	0	0	0	0	0	0	0
05.500,00.000	13	5.5	-200	0	4.5	69.9834	34.942	25.2367	9.76586	0.0388604	0	0	0	0	0	0	0	0	0	0	0	0	0	0	0	0
05.500,00.000	13.1	5.5	-200	0	4.5	72.2513	36.1922	26.2232	9.797	0.0388604	0	0	0	0	0	0	0	0	0	0	0	0	0	0	0	0
05.500,00.000	13.2	5.5	-200	0	4.5	74.6078	37.4841	27.2451	9.83979	0.0388604	0	0	0	0	0	0	0	0	0	0	0	0	0	0	0	0
05.500,00.000	13.3	5.5	-200	0	4.5	77.0441	38.8055	28.3057	9.89403	0.0388604	0	0	0	0	0	0	0	0	0	0	0	0	0	0	0	0
05.500,00.000	13.4	5.5	-200	0	4.5	79.5939	40.1513	29.4405	9.96322	0.0388604	0	0	0	0	0	0	0	0	0	0	0	0	0	0	0	0
05.500,00.000	13.5	5.5	-200	0	4.5	82.2373	41.5022	30.6494	10.0469	0.0388604	0	0	0	0	0	0	0	0	0	0	0	0	0	0	0	0
05.500,00.000	13.6	5.5	-200	0	4.5	84.8932	42.8373	31.8731	10.144	0.0388604	0	0	0	0	0	0	0	0	0	0	0	0	0	0	0	0
05.500,00.000	13.7	5.5	-200	0	4.5	87.6112	44.1877	33.1282	10.2564	0.0388604	0	0	0	0	0	0	0	0	0	0	0	0	0	0	0	0
05.500,00.000	13.8	5.5	-200	0	4.5	90.4114	45.5725	34.416	10.3841	0.0388604	0	0	0	0	0	0	0	0	0	0	0	0	0	0	0	0
05.500,00.000	13.9	5.5	-200	0	4.5	93.3717	47.0122	35.7938	10.527	0.0388604	0	0	0	0	0	0	0	0	0	0	0	0	0	0	0	0
05.500,00.000	14	5.5	-200	0	4.5	96.4225	48.4851	37.2125	10.686	0.0388604	0	0	0	0	0	0	0	0	0	0	0	0	0	0	0	0
05.500,00.000	14.1	5.5	-200	0	4.5	99.5563	49.9788	38.6769	10.8617	0.0388604	0	0	0	0	0	0	0	0	0	0	0	0	0	0	0	0
05.500,00.000	14.2	5.5	-200	0	4.5	102.773	51.4923	40.1873	11.0549	0.0388604	0	0	0	0	0	0	0	0	0	0	0	0	0	0	0	0
05.500,00.000	14.3	5.5	-200	0	4.5	106.052	53.0068	41.741	11.2653	0.0388604	0	0	0	0	0	0	0	0	0	0	0	0	0	0	0	0
05.500,00.000	14.4	5.5	-200	0	4.5	109.383	54.5122	43.3373	11.4949	0.0388604	0	0	0	0	0	0	0	0	0	0	0	0	0	0	0	0
05.500,00.000	14.5	5.5	-200	0	4.5	112.75	55.942	45.0233	11.7457	0.0388604	0	0	0	0	0	0	0	0	0	0	0	0	0	0	0	0
05.500,00.000	14.6	5.5	-200	0	4.5	116.136	57.3551	46.7272	12.0153	0.0388604	0	0	0	0	0	0	0	0	0	0	0	0	0	0	0	0
05.500,00.000	14.7	5.5	-200	0	4.5	119.555	58.7529	48.4561	12.3068	0.0388604	0	0	0	0	0	0	0	0	0	0	0	0	0	0	0	0
05.500,00.000	14.8	5.5	-200	0	4.5	122.989	60.114	50.2169	12.6195	0.0388604	0	0	0	0	0	0	0	0	0	0	0	0	0	0	0	0
05.500,00.000	14.9	5.5	-200	0	4.5	126.456	61.4543	52.0086	12.9546	0.0388604	0	0	0	0	0	0	0	0	0	0	0	0	0	0	0	0
05.500,00.000	15	5.5	-200	0	4.5	129.966	62.7868	53.8261	13.314	0.0388604	0	0	0	0	0	0	0	0	0	0	0	0	0	0	0	0
05.500,00.000	15.1	5.5	-200	0	4.5	133.538	64.1111	55.6903	13.6977	0.0388604	0	0	0	0	0	0	0	0	0	0	0	0	0	0	0	0
05.500,00.000	15.2	5.5	-200	0	4.5	137.163	65.4187	57.5992	14.1062	0.0388604	0	0	0	0	0	0	0	0	0	0	0	0	0	0	0	0
05.500,00.000	15.3	5.5	-200	0	4.5	140.834	66.744	59.5097	14.5417	0.0388604	0	0	0	0	0	0	0	0	0	0	0	0	0	0	0	0
05.500,00.000	15.4	5.5	-200	0	4.5	144.529	68.0439	61.4429	15.0031	0.0388604	0	0	0	0	0	0	0	0	0	0	0	0	0	0	0	0
05.500,00.000	15.5	5.5	-200	0	4.5	148.228	69.2922	63.405	15.492	0.0388604	0	0	0	0	0	0	0	0	0	0	0	0	0	0	0	0
05.500,00.000	15.6	5.5	-200	0	4.5	153.239	70.9059	66.1084	16.1859	0.0388604	0	0	0	0	0	0	0	0	0	0	0	0	0	0	0	0
05.500,00.000	15.7	5.5	-200	0	4.5	157.389	72.1793	68.3838	16.7869	0.0388604	0	0	0	0	0	0	0	0	0	0	0	0	0	0	0	0
05.500,00.000	15.8	5.5	-200	0	4.5	160.125	72.9826	69.899	17.2048	0.0388604	0	0	0	0	0	0	0	0	0	0	0	0	0	0	0	0
05.500,00.000	15.9	5.5	-200	0	4.5	164.338	74.17	72.2461	17.8835	0.0388604	0	0	0	0	0	0	0	0	0	0	0	0	0	0	0	0
05.500,00.000	16	5.5	-200	0	4.5	168.312	75.2518	74.4711	18.5506	0.0388604	0	0	0	0	0	0	0	0	0	0	0	0	0	0	0	0
05.500,00.000	16.1	5.5	-200	0	4.5	172.165	76.2535	76.6183	19.2546	0.0388604	0	0	0	0	0	0	0	0	0	0	0	0	0	0	0	0
05.500,00.000	16.2	5.5	-200	0	4.5	176.125	77.2145	78.8301	20.0418	0.0388604	0	0	0	0	0	0	0	0	0	0	0	0	0	0	0	0
05.500,00.000	16.3	5.5	-200	0	4.5	180.088	78.1214	81.063	20.8651	0.0388604	0	0	0	0	0	0	0	0	0	0	0	0	0	0	0	0
05.500,00.000	16.4	5.5	-200	0	4.5	184.079	79.0081	83.3095	21.723	0.0388604	0	0	0	0	0	0	0	0	0	0	0	0	0	0	0	0
05.500,00.000	16.5	5.5	-200	0	4.5	189.197	80.1037	86.1915	22.8627	0.0388604	0	0	0	0	0	0	0	0	0	0	0	0	0	0	0	0
05.500,00.000	16.6	5.5	-200	0	4.5	195.021	81.3019	89.4753	24.2048	0.0388604	0	0	0	0	0	0	0	0	0	0	0	0	0	0	0	0
05.500,00.000	16.7	5.5	-200	0	4.5	197.347	81.7598	90.7901	24.7579	0.0388604	0	0	0	0	0	0	0	0	0	0	0	0	0	0	0	0
05.500,00.000	16.8	5.5	-200	0	4.5	199.21	82.0959	91.8494	25.2253	0.0388604	0	0	0	0	0	0	0	0	0	0	0	0	0	0	0	0
05.500,00.000	16.9	5.5	-200	0	4.5	202.805	82.7156	93.892	26.1582	0.0388604	0	0	0	0	0	0	0	0	0	0	0	0	0	0	0	0
05.500,00.000	17	5.5	-200	0	4.5	207.514	83.4863	96.5684	27.4201	0.0388604	0	0	0	0	0	0	0	0	0	0	0	0	0	0	0	0
05.500,00.000	17.1	5.5	-200	0	4.5	211.642	84.126	98.9152	28.5619	0.0388604	0	0	0	0	0	0	0	0	0	0	0	0	0	0	0	0
05.500,00.000	17.2	5.5	-200	0	4.5	215.531	84.6924	101.126	29.6744	0.0388604	0	0	0	0	0	0	0	0	0	0	0	0	0	0	0	0
05.500,00.000	17.3	5.5	-200	0	4.5	219.418	85.2261	103.333	30.8192	0.0388604	0	0	0	0	0	0	0	0	0	0	0	0	0	0	0	0
05.500,00.000	17.4	5.5	-200	0	4.5	223.298	85.7269	105.536	31.9966	0.0388604	0	0	0	0	0	0	0	0	0	0	0	0	0	0	0	0
05.500,00.000	17.5	5.5	-200	0	4.5	229.789	86.492	109.21	34.048	0.0388604	0	0	0	0	0	0	0	0	0	0	0	0	0	0	0	0
05.500,00.000	17.6	5.5	-200	0	4.5	235.225	87.0671	112.357	35.7618	0.0388604	0	0	0	0	0	0	0	0	0	0	0	0	0	0	0	0
05.500,00.000	17.7	5.5	-200	0	4.5	236.806	87.2154	113.284	36.2674	0.0388604	0	0	0	0	0	0	0	0	0	0	0	0	0	0	0	0
05.500,00.000	17.8	5.5	-200	0	4.5	237.839	87.3017	113.884	36.6144	0.0388604	0	0	0	0	0	0	0	0	0	0	0	0	0	0	0	0
05.500,00.000	17.9	5.5	-200	0	4.5	240.288	87.4887	115.307	37.4542	0.0388604	0	0	0	0	0	0	0	0	0	0	0	0	0	0	0	0
05.500,00.000	18	5.5	-200	0	4.5	245.283	87.8375	118.186	39.2202	0.0388604	0	0	0	0	0	0	0	0	0	0	0	0	0	0	0	0
05.500,00.000	18.1	5.5	-200	0	4.5	249.371	88.0978	120.532	40.7026	0.0388604	0	0	0	0	0	0	0	0	0	0	0	0	0	0	0	0
05.500,00.000	18.2	5.5	-200	0	4.5	252.981	88.3061	122.574	42.0623	0.0388604	0	0	0	0	0	0	0	0	0	0	0	0	0	0	0	0
05.500,00.000	18.3	5.5	-200	0	4.5	256.579	88.4901	124.597	43.4529	0.0388604	0	0	0	0	0	0	0	0	0	0	0	0	0	0	0	0
05.500,00.000	18.4	5.5	-200	0	4.5	260.165	88.6506	126.601	44.875	0.0388604	0	0	0	0	0	0	0	0	0	0	0	0	0	0	0	0
05.500,00.000	18.5	5.5	-200	0	4.5	266.88	88.9058	130.309	47.627	0.0388604	0	0	0	0	0	0	0	0	0	0	0	0	0	0	0	0
05.500,00.000	18.6	5.5	-200	0	4.5	271.86	89.0677	133.019	49.7344	0.0388604	0	0	0	0	0	0	0	0	0	0	0	0	0	0	0	0
05.500,00.000	18.7	5.5	-200	0	4.5	272.766	89.0934	133.505	50.1244	0.0426353	0	0	0	0	0	0	0	0	0	0	0	0	0	0	0	0
05.500,00.000	18.8	5.5	-200	0	4.5	273.373	89.1069	133.823	50.3983	0.0451515	0	0	0	0	0	0	0	0	0	0	0	0	0	0	0	0
05.500,00.000	18.9	5.5	-200	0	4.5	276.124	89.1579	135.233	51.6764	0.0569617	0	0	0	0	0	0	0	0	0	0	0	0	0	0	0	0
05.500,00.000	19	5.5	-200	0	4.5	280.852	89.2318	137.645	53.8965	0.0782628	0	0	0	0	0	0	0	0	0	0	0	0	0	0	0	0
05.500,00.000	19.1	5.5	-200	0	4.5	284.62	89.2808	139.545	55.698	0.0965993	0	0	0	0	0	0	0	0	0	0	0	0	0	0	0	0
05.500,00.000	19.2	5.5	-200	0	4.5	287.935	89.3155	141.203	57.3042	0.112536	0	0	0	0	0	0	0	0	0	0	0	0	0	0	0	0
05.500,00.000	19.3	5.5	-200	0	4.5	291.178	89.3423	142.809	58.8981	0.128693	0	0	0	0	0	0	0	0	0	0	0	0	0	0	0	0
05.500,00.000	19.4	5.5	-200	0	4.5	294.603	89.3625	144.359	60.5296	0.144634	0	0.207662	0	0	0	0	0	0	0	0	0	0	0	0	0	0
05.500,00.000	19.5	5.5	-200	0	4.5	298.038	89.3852	145.857	62.2011	0.160983	0	0.433677	0	0	0	0	0	0	0	0	0	0	0	0	0	0
05.500,00.000	19.6	5.5	-200	0	4.5	304.792	89.4184	148.689	65.6023	0.191603	0	0.89037	0	0	0	0	0	0	0	0	0	0	0	0	0	0
05.500,00.000	19.7	5.5	-200	0	4.5	308.209	89.4382	150.055	67.3797	0.210102	0	1.12527	0	0	0	0	0	0	0	0	0	0	0	0	0	0
05.500,00.000	19.8	5.5	-200	0	4.5	309.489	89.4471	150.536	68.0595	0.234113	0	1.2122	0	0	0	0	0	0	0	0	0	0	0	0	0	0
05.500,00.000	19.9	5.5	-200	0	4.5	309.785	89.45	150.643	68.2156	0.243593	0	1.23247	0	0	0	0	0	0	0	0	0	0	0	0	0	0
05.500,00.000	20	5.5	-200	0	4.5	315.031	89.4836	152.467	71.1185	0.362145	0	1.5995	0	0	0	0	0	0	0	0	0	0	0	0	0	0
05.500,00.000	20.1	5.5	-200	0	4.5	318.99	89.5154	153.835	73.2873	0.467659	0	1.88521	0	0	0	0	0	0	0	0	0	0	0	0	0	0
05.500,00.000	20.2	5.5	-200	0	4.5	322.065	89.5327	154.853	75.0375	0.531752	0	2.10934	0	0	0	0	0	0	0	0	0	0	0	0	0	0
05.500,00.000	20.3	5.5	-200	0	4.5	325.071	89.5492	155.815	76.7774	0.597415	0	2.33203	0	0	0	0	0	0	0	0	0	0	0	0	0	0
05.500,00.000	20.4	5.5	-200	0	4.5	328.007	89.5639	156.725	78.4974	0.665379	0	2.55467	0	0	0	0	0	0	0	0	0	0	0	0	0	0
05.500,00.000	20.5	5.5	-200	0	4.5	330.908	89.5779	157.589	80.2278	0.735416	0	2.77824	0	0	0	0	0	0	0	0	0	0	0	0	0	0
05.500,00.000	20.6	5.5	-200	0	4.5	343.329	89.6199	161.147	87.7429	1.04483	0	3.7746	0	0	0	0	0	0	0	0	0	0	0	0	0	0
05.500,00.000	20.7	5.5	-200	0	4.5	345.715	89.6377	161.845	89.1426	1.11536	0	3.97493	0	0	0	0	0	0	0	0	0	0	0	0	0	0
05.500,00.000	20.8	5.5	-200	0	4.5	345.862	89.6382	161.884	89.2338	1.11942	0	3.98717	0	0	0	0	0	0	0	0	0	0	0	0	0	0
05.500,00.000	20.9	5.5	-200	0	4.5	346.226	89.6403	161.976	89.4603	1.13081	0	4.01865	0	0	0	0	0	0	0	0	0	0	0	0	0	0
05.500,00.000	21	5.5	-200	0	4.5	351.137	89.6608	163.203	92.5459	1.28176	0	4.44519	0	0	0	0	0	0	0	0	0	0	0	0	0	0
05.500,00.000	21.1	5.5	-200	0	4.5	354.381	89.6775	164.027	94.5484	1.38987	0	4.73757	0	0	0	0	0	0	0	0	0	0	0	0	0	0
05.500,00.000	21.2	5.5	-200	0	4.5	356.772	89.6883	164.578	96.0788	1.47076	0	4.95571	0	0	0	0	0	0	0	0	0	0	0	0	0	0
05.500,00.000	21.3	5.5	-200	0	4.5	359.108	89.6988	165.094	97.5849	1.55433	0	5.17571	0	0	0	0	0	0	0	0	0	0	0	0	0	0
05.500,00.000	21.4	5.5	-200	0	4.5	361.401	89.7084	165.581	99.073	1.64125	0	5.39806	0	0	0	0	0	0	0	0	0	0	0	0	0	0
05.500,00.000	21.5	5.5	-200	0	4.5	363.633	89.7174	166.028	100.537	1.7298	0	5.62014	0	0	0	0	0	0	0	0	0	0	0	0	0	0
05.500,00.000	21.6	5.5	-200	0	4.5	366.052	89.7256	166.486	102.141	1.83023	0	5.86865	0	0	0	0	0	0	0	0	0	0	0	0	0	0
05.500,00.000	21.7	5.5	-200	0	4.5	379.936	89.898	168.885	111.279	2.53265	0	7.34142	0	0	0	0	0	0	0	0	0	0	0	0	0	0
05.500,00.000	21.8	5.5	-200	0	4.5	382.691	90.137	169.359	112.87	2.69503	0	7.37049	0.259975	0	0	0	0	0	0	0	0	0	0	0	0	0
05.500,00.000	21.9	5.5	-200	0	4.5	391.845	90.8676	170.723	118.348	3.27821	0	7.39373	1.23408	0	0	0	0	0	0	0	0	0	0	0	0	0
05.500,00.000	22	5.5	-200	0	4.5	394.532	91.3315	171.127	119.695	3.45349	0	7.39373	1.53133	0	0	0	0	0	0	0	0	0	0	0	0	0
05.500,00.000	22.1	5.5	-200	0	4.5	398.08	91.8541	171.608	121.612	3.69104	0	7.39373	1.92105	0	0	0	0	0	0	0	0	0	0	0	0	0
05.500,00.000	22.2	5.5	-200	0	4.5	400.638	92.2607	171.962	122.922	3.89581	0	7.39373	2.20377	0	0	0	0	0	0	0	0	0	0	0	0	0
05.500,00.000	22.3	5.5	-200	0	4.5	402.465	92.558	172.19	123.868	4.04712	0	7.39373	2.40829	0	0	0	0	0	0	0	0	0	0	0	0	0
05.500,00.000	22.4	5.5	-200	0	4.5	404.616	92.9029	172.412	125.068	4.21234	0	7.39373	2.62741	0	0	0	0	0	0	0	0	0	0	0	0	0
05.500,00.000	22.5	5.5	-200	0	4.5	406.861	93.2454	172.662	126.333	4.38062	0	7.39373	2.84681	0	0	0	0	0	0	0	0	0	0	0	0	0
05.500,00.000	22.6	5.5	-200	0	4.5	409.159	93.6021	172.897	127.61	4.58129	0	7.39373	3.07446	0	0	0	0	0	0	0	0	0	0	0	0	0
05.500,00.000	22.7	5.5	-200	0	4.5	418.181	94.969	173.904	132.544	5.39166	0	7.39392	3.97811	0	0	0	0	0	0	0	0	0	0	0	0	0
05.500,00.000	22.8	5.5	-200	0	4.5	420.11	95.3237	174.173	133.5	5.55768	0	7.39429	4.16147	0	0	0	0	0	0	0	0	0	0	0	0	0
05.500,00.000	22.9	5.5	-200	0	4.5	429.823	96.9433	175.365	138.534	6.45413	0	7.40403	5.12175	0	0	0	0	0	0	0	0	0	0	0	0	0
05.500,00.000	23	5.5	-200	0	4.5	432.616	97.5578	175.681	139.87	6.7199	0	7.40841	5.37945	0	0	0	0	0	0	0	0	0	0	0	0	0
05.500,00.000	23.1	5.5	-200	0	4.5	437.484	98.7863	176.443	141.891	7.1521	0	7.42767	5.7835	0	0	0	0	0	0	0	0	0	0	0	0	0
05.500,00.000	23.2	5.5	-200	0	4.5	440.813	99.354	177.222	143.245	7.48598	0	7.44402	6.0623	0	0	0	0	0	0	0	0	0	0	0	0	0
05.500,00.000	23.3	5.5	-200	0	4.5	443.31	99.7785	177.81	144.238	7.75237	0	7.46085	6.27	0	0	0	0	0	0	0	0	0	0	0	0	0
05.500,00.000	23.4	5.5	-200	0	4.5	445.874	100.212	178.421	145.242	8.03153	0	7.48233	6.48439	0	0	0	0	0	0	0	0	0	0	0	0	0
05.500,00.000	23.5	5.5	-200	0	4.5	448.457	100.627	179.068	146.23	8.32318	0	7.50922	6.69986	0	0	0	0	0	0	0	0	0	0	0	0	0
05.500,00.000	23.6	5.5	-200	0	4.5	451.056	100.998	179.732	147.212	8.65267	0	7.54212	6.91944	0	0	0	0	0	0	0	0	0	0	0	0	0
05.500,00.000	23.7	5.5	-200	0	4.5	466.942	102.821	183.768	153.42	10.7717	0	7.8078	8.35318	0	0	0	0	0	0	0	0	0	0	0	0	0
05.500,00.000	23.8	5.5	-200	0	4.5	473.038	103.616	185.291	155.454	11.8818	0	7.91774	8.87609	0	0	0	0	0	0	0	0	0	0	0	0	0
05.500,00.000	23.9	5.5	-200	0	4.5	473.048	103.625	185.291	155.451	11.8867	0	7.91763	8.87609	0	0	0	0	0	0	0	0	0	0	0	0	0
05.500,00.000	24	5.5	-200	0	4.5	487.522	105.36	189.237	159.189	15.3248	0	8.35307	9.47612	0.581751	0	0	0	0	0	0	0	0	0	0	0	0
05.500,00.000	24.1	5.5	-200	0	4.5	494.236	106.196	191.083	160.789	16.9901	0	8.58297	9.4762	1.11867	0	0	0	0	0	0	0	0	0	0	0	0
05.500,00.000	24.2	5.5	-200	0	4.5	496.881	106.515	191.826	161.425	17.6317	0	8.67974	9.47675	1.32668	0	0	0	0	0	0	0	0	0	0	0	0
05.500,00.000	24.3	5.5	-200	0	4.5	499.527	106.828	192.579	162.048	18.2758	0	8.78572	9.47764	1.53244	0	0	0	0	0	0	0	0	0	0	0	0
05.500,00.000	24.4	5.5	-200	0	4.5	502.3	107.139	193.42	162.669	18.9447	0	8.90417	9.47891	1.74355	0	0	0	0	0	0	0	0	0	0	0	0
05.500,00.000	24.5	5.5	-200	0	4.5	505.074	107.433	194.259	163.286	19.6259	0	9.03314	9.48065	1.95598	0	0	0	0	0	0	0	0	0	0	0	0
05.500,00.000	24.6	5.5	-200	0	4.5	517.655	108.381	198.159	166.129	22.8488	0	9.67476	9.49565	2.96642	0	0	0	0	0	0	0	0	0	0	0	0
05.500,00.000	24.7	5.5	-200	0	4.5	529.135	109.36	200.822	169.522	25.7332	0.0323697	10.2849	9.51816	3.86331	0	0	0	0	0	0	0	0	0	0	0	0
05.500,00.000	24.8	5.5	-200	0	4.5	530.245	109.465	201.051	169.86	26.0127	0.0434188	10.3465	9.52121	3.94558	0	0	0	0	0	0	0	0	0	0	0	0
05.500,00.000	24.9	5.5	-200	0	4.5	545.816	110.71	204.399	174.91	29.7444	0.170404	11.2224	9.59926	5.05991	0	0	0	0	0	0	0	0	0	0	0	0
05.500,00.000	25	5.5	-200	0	4.5	553.494	111.474	206.082	177.316	31.5398	0.230886	11.6407	9.64449	5.56662	0	0	0	0	0	0	0	0	0	0	0	0
05.500,00.000	25.1	5.5	-200	0	4.5	557.05	111.849	206.853	178.449	32.3335	0.258696	11.836	9.67621	5.79462	0	0	0	0	0	0	0	0	0	0	0	0
05.500,00.000	25.2	5.5	-200	0	4.5	560.349	112.197	207.56	179.489	33.0524	0.317061	12.0202	9.71234	6.00177	0	0	0	0	0	0	0	0	0	0	0	0
05.500,00.000	25.3	5.5	-200	0	4.5	563.527	112.551	208.221	180.478	33.7534	0.373329	12.1993	9.75347	6.19657	0	0	0	0	0	0	0	0	0	0	0	0
05.500,00.000	25.4	5.5	-200	0	4.5	567.053	112.952	208.961	181.575	34.5132	0.436138	12.4012	9.80613	6.40822	0	0	0	0	0	0	0	0	0	0	0	0
05.500,00.000	25.5	5.5	-200	0	4.5	570.605	113.349	209.699	182.691	35.067	0.703028	12.6095	9.86703	6.61981	0	0	0	0	0	0	0	0	0	0	0	0
05.500,00.000	25.6	5.5	-200	0	4.5	575.587	113.765	210.655	184.326	35.8375	1.17718	12.9227	9.96956	6.93362	0	0	0	0	0	0	0	0	0	0	0	0
05.500,00.000	25.7	5.5	-200	0	4.5	604.56	116.943	215.79	193.337	40.3125	3.91395	14.9249	10.6266	8.71295	0	0	0	0	0	0	0	0	0	0	0	0
05.500,00.000	25.8	5.5	-200	0	4.5	610.489	117.603	216.904	195.175	41.2174	4.43158	15.348	10.7605	9.04888	0	0	0	0	0	0	0	0	0	0	0	0
05.500,00.000	25.9	5.5	-200	0	4.5	642.101	123.134	222.378	203.691	46.1852	6.97014	17.568	11.5395	9.63056	1.00432	0	0	0	0	0	0	0	0	0	0	0
05.500,00.000	26	5.5	-200	0	4.5	650.798	124.113	224.299	205.583	48.0178	7.735	18.2382	11.7576	9.63082	1.42397	0	0	0	0	0	0	0	0	0	0	0
05.500,00.000	26.1	5.5	-200	0	4.5	663.081	124.764	227.842	208.313	50.5328	8.753	19.1374	12.1083	9.63808	1.99291	0	0	0	0	0	0	0	0	0	0	0
05.500,00.000	26.2	5.5	-200	0	4.5	670.159	124.999	230.155	209.922	52.0727	9.06368	19.6615	12.3219	9.64382	2.31881	0	0	0	0	0	0	0	0	0	0	0
05.500,00.000	26.3	5.5	-200	0	4.5	674.656	125.172	231.659	210.965	53.0348	9.18756	20.0001	12.4681	9.64977	2.52019	0	0	0	0	0	0	0	0	0	0	0
05.500,00.000	26.4	5.5	-200	0	4.5	679.335	125.34	233.247	212.049	54.0206	9.31619	20.3527	12.6276	9.65771	2.72394	0	0	0	0	0	0	0	0	0	0	0
05.500,00.000	26.5	5.5	-200	0	4.5	684.146	125.5	234.899	213.153	55.0202	9.4476	20.7318	12.7985	9.6681	2.9278	0	0	0	0	0	0	0	0	0	0	0
05.500,00.000	26.6	5.5	-200	0	4.5	689.865	125.69	236.832	214.416	56.2407	9.60894	21.1985	13.0182	9.68351	3.17667	0	0	0	0	0	0	0	0	0	0	0
05.500,00.000	26.7	5.5	-200	0	4.5	704.68	126.17	241.84	217.688	59.3965	10.0196	22.4286	13.6057	9.73118	3.8009	0	0	0	0	0	0	0	0	0	0	0
05.500,00.000	26.8	5.5	-200	0	4.5	708.98	126.317	243.268	218.625	60.3628	10.1404	22.7653	13.7779	9.74644	3.97771	0	0	0	0	0	0	0	0	0	0	0
05.500,00.000	26.9	5.5	-200	0	4.5	709.259	126.326	243.364	218.686	60.4228	10.1478	22.7877	13.7892	9.74761	3.98853	0	0	0	0	0	0	0	0	0	0	0
05.500,00.000	27	5.5	-200	0	4.5	710.302	126.36	243.719	218.92	60.6447	10.1763	22.8689	13.8322	9.75262	4.0278	0	0	0	0	0	0	0	0	0	0	0
05.500,00.000	27.1	5.5	-200	0	4.5	720.345	126.713	247.187	221.144	62.6792	10.4849	23.6841	14.25	9.80391	4.3987	0	0	0	0	0	0	0	0	0	0	0
05.500,00.000	27.2	5.5	-200	0	4.5	727.62	127.087	249.633	222.772	64.103	10.7178	24.2571	14.5493	9.84295	4.65708	0	0	0	0	0	0	0	0	0	0	0
05.500,00.000	27.3	5.5	-200	0	4.5	733.468	127.405	251.551	224.141	65.2234	10.8978	24.7226	14.7912	9.87727	4.85815	0	0	0	0	0	0	0	0	0	0	0
05.500,00.000	27.4	5.5	-200	0	4.5	739.485	127.777	253.489	225.558	66.3655	11.0775	25.2021	15.0419	9.91522	5.05981	0	0	0	0	0	0	0	0	0	0	0
05.500,00.000	27.5	5.5	-200	0	4.5	745.639	128.176	255.429	227.015	67.5475	11.2586	25.6931	15.3006	9.95661	5.26169	0	0	0	0	0	0	0	0	0	0	0
05.500,00.000	27.6	5.5	-200	0	4.5	753.279	128.686	257.804	228.849	69.0094	11.4763	26.3043	15.6263	10.0125	5.51174	0	0	0	0	0	0	0	0	0	0	0
05.500,00.000	27.7	5.5	-200	0	4.5	767.027	129.618	262.036	232.183	71.6398	11.857	27.4065	16.2181	10.1196	5.94931	0	0	0	0	0	0	0	0	0	0	0
05.500,00.000	27.8	5.5	-200	0	4.5	778.212	130.409	265.523	234.717	73.8397	12.1759	28.3164	16.7121	10.2142	6.305	0	0	0	0	0	0	0	0	0	0	0
05.500,00.000	27.9	5.5	-200	0	4.5	779.635	130.519	265.963	235.025	74.1295	12.2183	28.4302	16.7752	10.2268	6.34922	0	0	0	0	0	0	0	0	0	0	0
05.500,00.000	28	5.5	-200	0	4.5	785.1	130.931	267.623	236.296	75.1954	12.3697	28.8725	17.0197	10.281	6.51193	0	0	0	0	0	0	0	0	0	0	0
05.500,00.000	28.1	5.5	-200	0	4.5	796.798	131.834	271.111	239.072	77.4729	12.6904	29.8164	17.5463	10.4029	6.85134	0	0	0	0	0	0	0	0	0	0	0
05.500,00.000	28.2	5.5	-200	0	4.5	805.274	132.605	273.509	241.09	78.9335	13.1065	30.5145	17.9296	10.4957	7.08937	0	0	0	0	0	0	0	0	0	0	0
05.500,00.000	28.3	5.5	-200	0	4.5	812.495	133.312	275.485	242.821	80.0713	13.5644	31.1139	18.2613	10.5801	7.28644	0	0	0	0	0	0	0	0	0	0	0
05.500,00.000	28.4	5.5	-200	0	4.5	819.826	134.047	277.456	244.585	81.2094	14.0479	31.7257	18.6025	10.6705	7.48126	0	0	0	0	0	0	0	0	0	0	0
05.500,00.000	28.5	5.5	-200	0	4.5	827.36	134.859	279.472	246.373	82.3683	14.5413	32.3501	18.954	10.768	7.67437	0	0	0	0	0	0	0	0	0	0	0
05.500,00.000	28.6	5.5	-200	0	4.5	835.148	135.718	281.553	248.199	83.5508	15.0563	33.0007	19.3232	10.8749	7.87227	0	0	0	0	0	0	0	0	0	0	0
05.500,00.000	28.7	5.5	-200	0	4.5	851.023	137.519	285.223	252.339	86.0566	16.0959	34.3303	20.0889	11.1044	8.26502	0	0	0	0	0	0	0	0	0	0	0
05.500,00.000	28.8	5.5	-200	0	4.5	858.289	138.403	286.751	254.297	87.2238	16.5914	34.9272	20.4418	11.2131	8.44047	0	0	0	0	0	0	0	0	0	0	0
05.500,00.000	28.9	5.5	-200	0	4.5	858.89	138.481	286.878	254.455	87.3197	16.6334	34.9739	20.4716	11.2226	8.45461	0	0	0	0	0	0	0	0	0	0	0
05.500,00.000	29	5.5	-200	0	4.5	872.329	140.232	289.289	258.365	89.4545	17.5539	36.081	21.1496	11.4443	8.75974	0	0	0	0	0	0	0	0	0	0	0
05.500,00.000	29.1	5.5	-200	0	4.5	883.072	141.883	291.027	261.358	91.0686	18.2621	37.1867	21.6766	11.6201	8.98988	0	0	0	0	0	0	0	0	0	0	0
05.500,00.000	29.2	5.5	-200	0	4.5	891.767	143.214	292.464	263.724	92.3468	18.8245	38.1537	22.1046	11.7671	9.16874	0	0	0	0	0	0	0	0	0	0	0
05.500,00.000	29.3	5.5	-200	0	4.5	900.57	144.599	293.921	266.107	93.6691	19.3942	39.0657	22.5454	11.9219	9.21034	0.135632	0	0	0	0	0	0	0	0	0	0
05.500,00.000	29.4	5.5	-200	0	4.5	909.472	146.049	295.435	268.468	94.9651	19.979	39.9721	22.9983	12.0849	9.21611	0.305113	0	0	0	0	0	0	0	0	0	0
05.500,00.000	29.5	5.5	-200	0	4.5	918.662	147.522	297.01	270.879	96.3086	20.5961	40.911	23.474	12.2598	9.21611	0.484063	0	0	0	0	0	0	0	0	0	0
05.500,00.000	29.6	5.5	-200	0	4.5	927.566	148.925	298.512	273.242	97.6057	21.1994	41.8264	23.9461	12.4372	9.21611	0.656248	0	0	0	0	0	0	0	0	0	0
05.500,00.000	29.7	5.5	-200	0	4.5	945.149	152.383	301.406	277.511	100.09	22.3461	43.588	24.8399	12.7901	9.21611	0.977798	0	0	0	0	0	0	0	0	0	0
05.500,00.000	29.8	5.5	-200	0	4.5	962.672	156.042	304.304	281.434	102.671	23.4977	45.3483	25.7044	13.1578	9.21611	1.29617	0	0	0	0	0	0	0	0	0	0
05.500,00.000	29.9	5.5	-200	0	4.5	965.222	156.622	304.728	281.967	103.056	23.6649	45.592	25.822	13.2127	9.21611	1.34179	0	0	0	0	0	0	0	0	0	0
05.500,00.000	30	5.5	-200	0	4.5	979.623	159.863	307.172	285.111	105.122	24.5678	46.9316	26.533	13.526	9.21611	1.58084	0	0	0	0	0	0	0	0	0	0
05.500,00.000	30.1	5.5	-200	0	4.5	994.395	163.281	309.692	288.272	107.217	25.4949	48.2632	27.2816	13.8561	9.21611	1.82213	0	0	0	0	0	0	0	0	0	0
05.500,00.000	30.2	5.5	-200	0	4.5	1005.14	165.772	311.558	290.551	108.726	26.1638	49.2054	27.847	14.1027	9.2162	1.99305	0	0	0	0	0	0	0	0	0	0
05.500,00.000	30.3	5.5	-200	0	4.5	1015.18	168.1	313.345	292.678	110.148	26.8126	50.0041	28.3855	14.3415	9.21711	2.15014	0	0	0	0	0	0	0	0	0	0
05.500,00.000	30.4	5.5	-200	0	4.5	1025.54	170.503	315.156	294.865	111.631	27.4891	50.8427	28.9344	14.5896	9.2188	2.30547	0	0	0	0	0	0	0	0	0	0
05.500,00.000	30.5	5.5	-200	0	4.5	1035.7	172.929	317.005	297.05	113.078	28.1696	51.4453	29.4954	14.8466	9.22168	2.45899	0	0	0	0	0	0	0	0	0	0
05.500,00.000	30.6	5.5	-200	0	4.5	1046.22	175.208	318.918	299.366	114.621	28.9281	52.0983	30.1035	15.1286	9.22591	2.62214	0	0	0	0	0	0	0	0	0	0
05.500,00.000	30.7	5.5	-200	0	4.5	1072.66	181.135	323.609	305.056	118.492	30.8726	53.7465	31.6392	15.8525	9.23996	3.02045	0	0	0	0	0	0	0	0	0	0
05.500,00.000	30.8	5.5	-200	0	4.5	1077.78	182.295	324.534	306.124	119.197	31.257	54.0718	31.9547	15.9993	9.24357	3.09915	0	0	0	0	0	0	0	0	0	0
05.500,00.000	30.9	5.5	-200	0	4.5	1078.34	182.428	324.638	306.242	119.276	31.2966	54.1058	31.9882	16.0153	9.24414	3.10717	0	0	0	0	0	0	0	0	0	0
05.500,00.000	31	5.5	-200	0	4.5	1090.52	185.234	326.925	308.771	121.018	32.1433	54.812	32.7145	16.3688	9.25955	3.27505	0	0	0	0	0	0	0	0	0	0
05.500,00.000	31.1	5.5	-200	0	4.5	1104.64	188.512	329.624	311.59	123.05	33.1292	55.6156	33.5783	16.792	9.28046	3.4689	0	0	0	0	0	0	0	0	0	0
05.500,00.000	31.2	5.5	-200	0	4.5	1115.65	191.167	331.738	313.699	124.646	33.7701	56.3356	34.2523	17.1266	9.29935	3.61578	0	0	0	0	0	0	0	0	0	0
05.500,00.000	31.3	5.5	-200	0	4.5	1126.15	193.752	333.792	315.536	126.242	34.2303	57.1623	34.8554	17.506	9.32007	3.7539	0	0	0	0	0	0	0	0	0	0
05.500,00.000	31.4	5.5	-200	0	4.5	1136.77	196.348	335.875	317.377	127.872	34.7212	57.9814	35.472	17.8894	9.34358	3.88964	0	0	0	0	0	0	0	0	0	0
05.500,00.000	31.5	5.5	-200	0	4.5	1147.39	198.798	338.12	319.218	129.496	35.2099	58.7807	36.0975	18.2788	9.36988	4.02291	0	0	0	0	0	0	0	0	0	0
05.500,00.000	31.6	5.5	-200	0	4.5	1158.47	200.739	340.633	321.248	131.337	35.749	59.6618	36.808	18.7233	9.40336	4.17157	0	0	0	0	0	0	0	0	0	0
05.500,00.000	31.7	5.5	-200	0	4.5	1181.06	205.313	345.691	325.186	135.017	36.7325	61.3489	38.2234	19.612	9.47622	4.45817	0	0	0	0	0	0	0	0	0	0
05.500,00.000	31.8	5.5	-200	0	4.5	1189.64	206.446	347.962	326.745	136.498	37.1123	62.0206	38.7849	19.9888	9.50818	4.57343	0	0	0	0	0	0	0	0	0	0
05.500,00.000	31.9	5.5	-200	0	4.5	1190.28	206.568	348.123	326.854	136.602	37.1395	62.0658	38.8239	20.0152	9.51061	4.58123	0	0	0	0	0	0	0	0	0	0
05.500,00.000	32	5.5	-200	0	4.5	1191.29	206.743	348.392	327.028	136.767	37.1787	62.1351	38.8841	20.0593	9.51481	4.59334	0	0	0	0	0	0	0	0	0	0
05.500,00.000	32.1	5.5	-200	0	4.5	1207.98	209.581	352.808	329.916	139.486	37.8881	63.2501	39.8919	20.7794	9.58794	4.78821	0	0	0	0	0	0	0	0	0	0
05.500,00.000	32.2	5.5	-200	0	4.5	1220.67	211.872	356.211	332.096	141.465	38.3957	64.0742	40.6401	21.3366	9.64682	4.93354	0	0	0	0	0	0	0	0	0	0
05.500,00.000	32.3	5.5	-200	0	4.5	1231.21	213.821	358.922	333.917	143.154	38.8461	64.7359	41.2567	21.8067	9.69917	5.05113	0	0	0	0	0	0	0	0	0	0
05.500,00.000	32.4	5.5	-200	0	4.5	1241.61	215.613	361.638	335.76	144.858	39.2835	65.3811	41.8693	22.2877	9.75491	5.16665	0	0	0	0	0	0	0	0	0	0
05.500,00.000	32.5	5.5	-200	0	4.5	1252.08	217.381	364.398	337.621	146.584	39.7233	66.0172	42.4799	22.7797	9.81443	5.28045	0	0	0	0	0	0	0	0	0	0
05.500,00.000	32.6	5.5	-200	0	4.5	1262.88	218.481	367.351	339.701	148.556	40.2287	66.7347	43.1739	23.3541	9.88664	5.4095	0	0	0	0	0	0	0	0	0	0
05.500,00.000	32.7	5.5	-200	0	4.5	1280.2	221.353	371.762	342.761	151.478	40.9798	67.8372	44.2035	24.2268	10.0004	5.59835	0	0	0	0	0	0	0	0	0	0
05.500,00.000	32.8	5.5	-200	0	4.5	1293.09	222.828	375.203	345.167	153.788	41.5758	68.7351	45.0127	24.9378	10.0964	5.74691	0	0	0	0	0	0	0	0	0	0
05.500,00.000	32.9	5.5	-200	0	4.5	1318.39	225.221	382.201	350.012	158.366	42.8881	70.4486	46.5603	26.3668	10.2953	6.03075	0	0	0	0	0	0	0	0	0	0
05.500,00.000	33	5.5	-200	0	4.5	1322.8	225.783	383.398	350.828	159.11	43.0409	70.7782	46.8345	26.6156	10.3307	6.07935	0	0	0	0	0	0	0	0	0	0
05.500,00.000	33.1	5.5	-200	0	4.5	1354.67	228.82	392.317	356.789	164.701	44.7226	73.1123	48.7533	28.4333	10.6099	6.41563	0	0	0	0	0	0	0	0	0	0
05.500,00.000	33.2	5.5	-200	0	4.5	1371.39	231.217	396.786	359.715	167.394	45.5258	74.3927	49.6507	29.3638	10.7569	6.58456	0	0	0	0	0	0	0	0	0	0
05.500,00.000	33.3	5.5	-200	0	4.5	1380.3	232.576	399.108	361.297	168.801	46.0082	75.0423	50.1082	29.8517	10.8386	6.66991	0	0	0	0	0	0	0	0	0	0
05.500,00.000	33.4	5.5	-200	0	4.5	1390.77	234.15	401.823	363.181	170.45	46.5949	75.7989	50.6312	30.4313	10.9401	6.76833	0	0	0	0	0	0	0	0	0	0
05.500,00.000	33.5	5.5	-200	0	4.5	1401.23	235.832	404.489	365.079	172.06	47.1945	76.5329	51.1299	30.9982	11.0504	6.86269	0	0	0	0	0	0	0	0	0	0
05.500,00.000	33.6	5.5	-200	0	4.5	1411.92	236.904	407.201	367.174	173.85	47.9122	77.4015	51.679	31.6385	11.1876	6.9682	0	0	0	0	0	0	0	0	0	0
05.500,00.000	33.7	5.5	-200	0	4.5	1444.05	242.642	414.646	372.755	178.66	50.0889	79.8039	53.1809	33.4377	11.5836	7.25572	0	0	0	0	0	0	0	0	0	0
05.500,00.000	33.8	5.5	-200	0	4.5	1462.95	245.471	419.248	376.099	181.474	51.4438	81.3326	54.0762	34.5402	11.8372	7.42775	0	0	0	0	0	0	0	0	0	0
05.500,00.000	33.9	5.5	-200	0	4.5	1464.29	245.636	419.592	376.341	181.67	51.5431	81.4513	54.136	34.6194	11.8574	7.43997	0	0	0	0	0	0	0	0	0	0
05.500,00.000	34	5.5	-200	0	4.5	1497.55	250.044	428.13	382.282	186.739	54.168	83.7172	55.85	36.5536	12.3477	7.7207	0	0	0	0	0	0	0	0	0	0
05.500,00.000	34.1	5.5	-200	0	4.5	1515.64	252.699	432.719	385.352	189.449	55.7044	84.5231	57.091	37.6001	12.631	7.87121	0	0	0	0	0	0	0	0	0	0
05.500,00.000	34.2	5.5	-200	0	4.5	1525.53	254.163	435.216	387.039	190.936	56.5363	85.0031	57.7338	38.1611	12.7917	7.94932	0	0	0	0	0	0	0	0	0	0
05.500,00.000	34.3	5.5	-200	0	4.5	1535.61	255.816	437.666	388.742	192.432	57.3924	85.4788	58.3689	38.7271	12.9584	8.02585	0	0	0	0	0	0	0	0	0	0
05.500,00.000	34.4	5.5	-200	0	4.5	1545.83	257.547	440.157	390.439	193.937	58.2641	85.9585	58.9986	39.2965	13.1347	8.10097	0	0	0	0	0	0	0	0	0	0
05.500,00.000	34.5	5.5	-200	0	4.5	1555.59	258.778	442.594	392.091	195.451	59.1634	86.4957	59.6354	39.8812	13.3238	8.17637	0	0	0	0	0	0	0	0	0	0
05.500,00.000	34.6	5.5	-200	0	4.5	1627.19	269.181	456.841	403.828	206.651	66.2662	91.0609	64.8775	44.7559	14.9387	8.79326	0	0	0	0	0	0	0	0	0	0
05.500,00.000	34.7	5.5	-200	0	4.5	1641.39	271.299	459.723	406.086	208.619	67.6554	92.2153	65.8976	45.7061	15.2795	8.91426	0	0	0	0	0	0	0	0	0	0
05.500,00.000	34.8	5.5	-200	0	4.5	1641.45	271.308	459.735	406.095	208.627	67.661	92.2194	65.9012	45.7096	15.2808	8.91468	0	0	0	0	0	0	0	0	0	0
05.500,00.000	34.9	5.5	-200	0	4.5	1714.93	283.431	474.376	417.162	219.019	75.0101	97.8774	70.9446	50.4783	17.1532	9.47433	0	0	0	0	0	0	0	0	0	0
05.500,00.000	35	5.5	-200	0	4.5	1735.04	286.836	477.979	420.365	221.896	77.0127	99.5213	72.4439	51.6881	17.6746	9.61911	0	0	0	0	0	0	0	0	0	0
05.500,00.000	35.1	5.5	-200	0	4.5	1738.23	287.36	478.603	420.866	222.352	77.3197	99.7836	72.6732	51.8732	17.7627	9.64096	0	0	0	0	0	0	0	0	0	0
05.500,00.000	35.2	5.5	-200	0	4.5	1760.51	291.011	482.857	424.347	225.492	79.5911	101.672	74.2098	53.1608	18.3826	9.78676	0	0	0	0	0	0	0	0	0	0
05.500,00.000	35.3	5.5	-200	0	4.5	1787.35	295.386	488.064	428.434	229.279	82.2857	104.012	76.0596	54.7178	19.1526	9.87963	0.0798995	0	0	0	0	0	0	0	0	0
05.500,00.000	35.4	5.5	-200	0	4.5	1794.46	296.482	489.488	429.484	230.255	82.9724	104.66	76.6088	55.1361	19.3707	9.87854	0.127178	0	0	0	0	0	0	0	0	0
05.500,00.000	35.5	5.5	-200	0	4.5	1795.07	296.574	489.61	429.572	230.338	83.0322	104.716	76.6538	55.1707	19.3899	9.87949	0.129922	0	0	0	0	0	0	0	0	0
05.500,00.000	35.6	5.5	-200	0	4.5	1827.61	301.638	496.009	434.18	234.763	86.2585	107.782	78.5189	57.7622	20.4893	9.93572	0.269272	0	0	0	0	0	0	0	0	0
05.500,00.000	35.7	5.5	-200	0	4.5	1861.19	307.82	502.513	438.638	238.894	88.7756	110.438	80.632	61.1735	21.8691	9.9496	0.490408	0	0	0	0	0	0	0	0	0
05.500,00.000	35.8	5.5	-200	0	4.5	1865.75	308.601	503.391	439.204	239.449	89.1693	110.916	80.905	61.5962	22.0478	9.9496	0.519105	0	0	0	0	0	0	0	0	0
05.500,00.000	35.9	5.5	-200	0	4.5	1865.99	308.642	503.439	439.236	239.479	89.1931	110.941	80.9172	61.616	22.0568	9.9496	0.520392	0	0	0	0	0	0	0	0	0
05.500,00.000	36	5.5	-200	0	4.5	1897.34	314.397	509.581	443.232	243.508	91.9441	114.029	82.5233	64.1732	23.3147	9.9496	0.68425	0	0	0	0	0	0	0	0	0
05.500,00.000	36.1	5.5	-200	0	4.5	1920.77	318.922	514.243	446.08	246.418	93.797	116.385	83.8604	66.0153	24.2963	9.9496	0.805794	0	0	0	0	0	0	0	0	0
05.500,00.000	36.2	5.5	-200	0	4.5	1930.14	320.613	516.21	447.228	247.546	94.6405	117.314	84.4203	66.6817	24.6848	9.9496	0.850333	0	0	0	0	0	0	0	0	0
05.500,00.000	36.3	5.5	-200	0	4.5	1935.4	321.53	517.299	447.89	248.171	95.1563	117.826	84.738	67.056	24.9151	9.9496	0.874453	0	0	0	0	0	0	0	0	0
05.500,00.000	36.4	5.5	-200	0	4.5	1944.01	323.207	519.137	448.94	249.217	95.7493	118.615	85.299	67.6667	25.3167	9.9496	0.913067	0	0	0	0	0	0	0	0	0
05.500,00.000	36.5	5.5	-200	0	4.5	1954.62	325	521.406	450.178	250.517	96.7521	119.632	86.0146	68.3878	25.8204	9.9496	0.957992	0	0	0	0	0	0	0	0	0
05.500,00.000	36.6	5.5	-200	0	4.5	1967.77	327.292	524.276	451.61	252.131	98.0639	120.784	86.9075	69.2683	26.4729	9.9496	1.01266	0	0	0	0	0	0	0	0	0
05.500,00.000	36.7	5.5	-200	0	4.5	1974.66	328.564	525.768	452.349	253.028	98.5586	121.414	87.419	69.7359	26.8343	9.9496	1.04019	0	0	0	0	0	0	0	0	0
05.500,00.000	36.8	5.5	-200	0	4.5	1977.09	329.004	526.3	452.619	253.337	98.7353	121.644	87.5943	69.8948	26.9622	9.9496	1.04883	0	0	0	0	0	0	0	0	0
05.500,00.000	36.9	5.5	-200	0	4.5	1977.26	329.034	526.336	452.637	253.358	98.7489	121.659	87.6063	69.9053	26.9713	9.9496	1.04939	0	0	0	0	0	0	0	0	0
05.500,00.000	37	5.5	-200	0	4.5	2006.31	334.469	532.648	455.893	256.691	101.354	124.313	89.643	71.6261	28.5925	9.94997	1.1337	0	0	0	0	0	0	0	0	0
05.500,00.000	37.1	5.5	-200	0	4.5	2013.09	335.712	534.189	456.598	257.386	101.916	124.968	90.2068	72.0191	28.9903	9.95033	1.15353	0	0	0	0	0	0	0	0	0
05.500,00.000	37.2	5.5	-200	0	4.5	2016.19	336.311	534.927	456.928	257.711	102.157	125.234	90.4348	72.1965	29.1745	9.95083	1.16103	0	0	0	0	0	0	0	0	0
05.500,00.000	37.3	5.5	-200	0	4.5	2027.84	338.63	537.598	458.205	258.899	103.156	126.248	91.2429	72.8442	29.8779	9.95346	1.18595	0	0	0	0	0	0	0	0	0
05.500,00.000	37.4	5.5	-200	0	4.5	2039.45	340.866	540.223	459.485	260.005	104.122	127.506	92.0997	73.4315	30.5512	9.9566	1.20741	0	0	0	0	0	0	0	0	0
05.500,00.000	37.5	5.5	-200	0	4.5	2040.99	341.161	540.571	459.636	260.151	104.254	127.677	92.2178	73.5095	30.6446	9.95709	1.21011	0	0	0	0	0	0	0	0	0
05.500,00.000	37.6	5.5	-200	0	4.5	2051.77	343.236	543.142	460.856	261.216	105.192	128.748	92.9524	73.9764	31.2655	9.9613	1.2244	0	0	0	0	0	0	0	0	0
05.500,00.000	37.7	5.5	-200	0	4.5	2057.69	344.372	544.521	461.463	261.781	105.734	129.357	93.3875	74.2541	31.6239	9.964	1.23085	0	0	0	0	0	0	0	0	0
05.500,00.000	37.8	5.5	-200	0	4.5	2063.97	345.567	545.964	462.093	262.37	106.324	130.047	93.8412	74.5468	32.012	9.96734	1.23526	0	0	0	0	0	0	0	0	0
05.500,00.000	37.9	5.5	-200	0	4.5	2070.2	346.766	547.407	462.737	262.94	106.919	130.775	94.2624	74.7887	32.3977	9.97115	1.23801	0	0	0	0	0	0	0	0	0
05.500,00.000	38	5.5	-200	0	4.5	2078.13	348.321	549.249	463.568	263.67	107.679	131.684	94.7781	75.0918	32.8759	9.97629	1.2391	0	0	0	0	0	0	0	0	0
05.500,00.000	38.1	5.5	-200	0	4.5	2084.8	349.634	550.784	464.282	264.261	108.301	132.41	95.2614	75.3722	33.2713	9.98071	1.2391	0	0	0	0	0	0	0	0	0
05.500,00.000	38.2	5.5	-200	0	4.5	2091.45	350.955	552.336	464.988	264.83	108.891	133.19	95.7236	75.6404	33.6728	9.9854	1.2391	0	0	0	0	0	0	0	0	0
05.500,00.000	38.3	5.5	-200	0	4.5	2098.35	352.355	553.953	465.752	265.402	109.516	134.022	96.1614	75.8575	34.098	9.99059	1.2391	0	0	0	0	0	0	0	0	0
05.500,00.000	38.4	5.5	-200	0	4.5	2104.95	353.706	555.504	466.468	265.914	110.107	134.8	96.625	76.1143	34.4721	9.99529	1.2391	0	0	0	0	0	0	0	0	0
05.500,00.000	38.5	5.5	-200	0	4.5	2111.84	355.132	557.105	467.22	266.421	110.727	135.63	97.118	76.374	34.8694	10.0005	1.2391	0	0	0	0	0	0	0	0	0
05.500,00.000	38.6	5.5	-200	0	4.5	2118.64	356.539	558.695	467.982	266.911	111.358	136.492	97.5532	76.5639	35.2985	10.0061	1.2391	0	0	0	0	0	0	0	0	0
05.500,00.000	38.7	5.5	-200	0	4.5	2125.16	357.899	560.206	468.672	267.367	111.971	137.328	97.9656	76.8222	35.6749	10.0114	1.2391	0	0	0	0	0	0	0	0	0
05.500,00.000	38.8	5.5	-200	0	4.5	2131.6	359.267	561.694	469.346	267.814	112.587	138.141	98.4212	77.065	36.0105	10.0164	1.2391	0	0	0	0	0	0	0	0	0
05.500,00.000	38.9	5.5	-200	0	4.5	2138.29	360.695	563.211	470.023	268.251	113.227	138.994	98.9078	77.3019	36.4208	10.0223	1.2391	0	0	0	0	0	0	0	0	0
05.500,00.000	39	5.5	-200	0	4.5	2145.1	362.16	564.786	470.715	268.68	113.878	139.918	99.3693	77.4797	36.8483	10.0292	1.2391	0	0	0	0	0	0	0	0	0
05.500,00.000	39.1	5.5	-200	0	4.5	2151.66	363.586	566.291	471.381	269.076	114.536	140.864	99.7917	77.5611	37.3033	10.0347	1.2391	0	0	0	0	0	0	0	0	0
05.500,00.000	39.2	5.5	-200	0	4.5	2158.05	365.005	567.714	472.049	269.452	115.158	141.714	100.247	77.6352	37.7987	10.0401	1.2391	0	0	0	0	0	0	0	0	0
05.500,00.000	39.3	5.5	-200	0	4.5	2164.64	366.452	569.187	472.738	269.819	115.78	142.592	100.731	77.7081	38.3441	10.0471	1.2391	0	0	0	0	0	0	0	0	0
05.500,00.000	39.4	5.5	-200	0	4.5	2171.56	367.969	570.699	473.461	270.171	116.417	143.524	101.207	77.766	39.054	10.0545	1.2391	0	0	0	0	0	0	0	0	0
05.500,00.000	39.5	5.5	-200	0	4.5	2178.31	369.452	572.163	474.164	270.492	117.025	144.44	101.647	77.8217	39.7021	10.1691	1.2391	0	0	0	0	0	0	0	0	0
05.500,00.000	39.6	5.5	-200	0	4.5	2184.96	370.912	573.573	474.855	270.789	117.635	145.328	102.1	77.8813	40.2681	10.3762	1.2391	0	0	0	0	0	0	0	0	0
05.500,00.000	39.7	5.5	-200	0	4.5	2191.58	372.416	574.968	475.551	271.073	118.246	146.238	102.567	77.9435	40.7497	10.5873	1.2391	0	0	0	0	0	0	0	0	0
05.500,00.000	39.8	5.5	-200	0	4.5	2198.41	373.982	576.403	476.265	271.346	118.871	147.209	103.042	77.9963	41.2534	10.8055	1.2391	0	0	0	0	0	0	0	0	0
05.500,00.000	39.9	5.5	-200	0	4.5	2205.05	375.517	577.802	476.953	271.591	119.451	148.174	103.559	78.05	41.6975	11.0142	1.2391	0	0	0	0	0	0	0	0	0
05.500,00.000	40	5.5	-200	0	4.5	2211.86	377.093	579.239	477.649	271.822	120.043	149.18	104.112	78.1122	42.147	11.2248	1.2391	0	0	0	0	0	0	0	0	0
05.500,00.000	40.1	5.5	-200	0	4.5	2218.67	378.704	580.646	478.359	272.041	120.635	150.144	104.673	78.1653	42.6189	11.4416	1.2391	0	0	0	0	0	0	0	0	0
05.500,00.000	40.2	5.5	-200	0	4.5	2225.49	380.331	582.056	479.06	272.244	121.226	151.125	105.229	78.2188	43.1046	11.6594	1.2391	0	0	0	0	0	0	0	0	0
05.500,00.000	40.3	5.5	-200	0	4.5	2232.08	381.92	583.457	479.725	272.425	121.777	152.117	105.759	78.2775	43.5129	11.8692	1.2391	0	0	0	0	0	0	0	0	0
05.500,00.000	40.4	5.5	-200	0	4.5	2238.65	383.486	584.87	480.391	272.592	122.314	153.127	106.298	78.3439	43.8971	12.0955	1.2391	0	0	0	0	0	0	0	0	0
05.500,00.000	40.5	5.5	-200	0	4.5	2245.16	385.04	586.221	481.044	272.745	122.847	154.109	106.861	78.4049	44.3105	12.335	1.2391	0	0	0	0	0	0	0	0	0
05.500,00.000	40.6	5.5	-200	0	4.5	2251.8	386.633	587.605	481.705	272.886	123.38	155.132	107.429	78.4683	44.7384	12.5792	1.2391	0	0	0	0	0	0	0	0	0
05.500,00.000	40.7	5.5	-200	0	4.5	2258.05	388.146	588.93	482.327	273.03	123.869	156.111	107.977	78.5363	45.0851	12.7986	1.2391	0	0	0	0	0	0	0	0	0
05.500,00.000	40.8	5.5	-200	0	4.5	2264.36	389.679	590.285	482.933	273.161	124.345	157.078	108.553	78.6124	45.4554	13.0197	1.2391	0	0	0	0	0	0	0	0	0
05.500,00.000	40.9	5.5	-200	0	4.5	2270.99	391.29	591.723	483.552	273.287	124.829	158.11	109.156	78.6865	45.8541	13.2606	1.2391	0	0	0	0	0	0	0	0	0
05.500,00.000	41	5.5	-200	0	4.5	2277.37	392.873	593.07	484.114	273.4	125.285	159.126	109.739	78.7659	46.2571	13.4987	1.2391	0	0	0	0	0	0	0	0	0
05.500,00.000	41.1	5.5	-200	0	4.5	2283.62	394.425	594.392	484.662	273.503	125.733	160.144	110.315	78.8554	46.6276	13.7262	1.2391	0	0	0	0	0	0	0	0	0
05.500,00.000	41.2	5.5	-200	0	4.5	2289.72	395.916	595.719	485.201	273.598	126.167	161.13	110.883	78.9523	46.9612	13.9478	1.2391	0	0	0	0	0	0	0	0	0
05.500,00.000	41.3	5.5	-200	0	4.5	2295.78	397.393	597.071	485.726	273.685	126.587	162.105	111.446	79.04	47.3166	14.172	1.2391	0	0	0	0	0	0	0	0	0
05.500,00.000	41.4	5.5	-200	0	4.5	2301.83	398.886	598.444	486.145	273.764	126.994	163.099	112.031	79.1315	47.6868	14.4082	1.2391	0	0	0	0	0	0	0	0	0
05.500,00.000	41.5	5.5	-200	0	4.5	2307.66	400.307	599.783	486.545	273.836	127.366	164.055	112.62	79.2468	48.0325	14.6337	1.2391	0	0	0	0	0	0	0	0	0
05.500,00.000	41.6	5.5	-200	0	4.5	2313.51	401.701	601.151	486.967	273.9	127.724	165.007	113.24	79.3822	48.343	14.8561	1.2391	0	0	0	0	0	0	0	0	0
05.500,00.000	41.7	5.5	-200	0	4.5	2319.46	403.173	602.528	487.4	273.959	128.073	165.977	113.854	79.504	48.671	15.0835	1.2391	0	0	0	0	0	0	0	0	0
05.500,00.000	41.8	5.5	-200	0	4.5	2325.17	404.599	603.877	487.822	274.01	128.401	166.926	114.458	79.6291	49.0765	15.1343	1.2391	0	0	0	0	0	0	0	0	0
05.500,00.000	41.9	5.5	-200	0	4.5	2330.83	406.037	605.273	488.219	274.057	128.721	167.89	115.084	79.7585	49.4065	15.1503	1.2391	0	0	0	0	0	0	0	0	0
05.500,00.000	42	5.5	-200	0	4.5	2336.36	407.426	606.681	488.596	274.097	129.024	168.823	115.719	79.8939	49.6989	15.1654	1.2391	0	0	0	0	0	0	0	0	0