
label	time(d)	x	depth	z	radius	total	0-10	10-20	20-30	30-40	40-50	50-60	60-70	70-80	80-90	90-100	100-110	110-120	120-130	130-140	140-150	150-160	160-170	170-180	180-190	190-200
05.500,00.000	0	5.5	-200	0	4.5	0	0	0	0	0	0	0	0	0	0	0	0	0	0	0	0	0	0	0	0	0
05.500,00.000	0.1	5.5	-200	0	4.5	0	0	0	0	0	0	0	0	0	0	0	0	0	0	0	0	0	0	0	0	0
05.500,00.000	0.2	5.5	-200	0	4.5	0	0	0	0	0	0	0	0	0	0	0	0	0	0	0	0	0	0	0	0	0
05.500,00.000	0.3	5.5	-200	0	4.5	0	0	0	0	0	0	0	0	0	0	0	0	0	0	0	0	0	0	0	0	0
05.500,00.000	0.4	5.5	-200	0	4.5	0	0	0	0	0	0	0	0	0	0	0	0	0	0	0	0	0	0	0	0	0
05.500,00.000	0.5	5.5	-200	0	4.5	0	0	0	0	0	0	0	0	0	0	0	0	0	0	0	0	0	0	0	0	0
05.500,00.000	0.6	5.5	-200	0	4.5	0	0	0	0	0	0	0	0	0	0	0	0	0	0	0	0	0	0	0	0	0
05.500,00.000	0.7	5.5	-200	0	4.5	0	0	0	0	0	0	0	0	0	0	0	0	0	0	0	0	0	0	0	0	0
05.500,00.000	0.8	5.5	-200	0	4.5	0	0	0	0	0	0	0	0	0	0	0	0	0	0	0	0	0	0	0	0	0
05.500,00.000	0.9	5.5	-200	0	4.5	0	0	0	0	0	0	0	0	0	0	0	0	0	0	0	0	0	0	0	0	0
05.500,00.000	1	5.5	-200	0	4.5	0	0	0	0	0	0	0	0	0	0	0	0	0	0	0	0	0	0	0	0	0
05.500,00.000	1.1	5.5	-200	0	4.5	0	0	0	0	0	0	0	0	0	0	0	0	0	0	0	0	0	0	0	0	0
05.500,00.000	1.2	5.5	-200	0	4.5	0	0	0	0	0	0	0	0	0	0	0	0	0	0	0	0	0	0	0	0	0
05.500,00.000	1.3	5.5	-200	0	4.5	0	0	0	0	0	0	0	0	0	0	0	0	0	0	0	0	0	0	0	0	0
05.500,00.000	1.4	5.5	-200	0	4.5	0	0	0	0	0	0	0	0	0	0	0	0	0	0	0	0	0	0	0	0	0
05.500,00.000	1.5	5.5	-200	0	4.5	0	0	0	0	0	0	0	0	0	0	0	0	0	0	0	0	0	0	0	0	0
05.500,00.000	1.6	5.5	-200	0	4.5	0	0	0	0	0	0	0	0	0	0	0	0	0	0	0	0	0	0	0	0	0
05.500,00.000	1.7	5.5	-200	0	4.5	0	0	0	0	0	0	0	0	0	0	0	0	0	0	0	0	0	0	0	0	0
05.500,00.000	1.8	5.5	-200	0	4.5	0	0	0	0	0	0	0	0	0	0	0	0	0	0	0	0	0	0	0	0	0
05.500,00.000	1.9	5.5	-200	0	4.5	0	0	0	0	0	0	0	0	0	0	0	0	0	0	0	0	0	0	0	0	0
05.500,00.000	2	5.5	-200	0	4.5	0	0	0	0	0	0	0	0	0	0	0	0	0	0	0	0	0	0	0	0	0
05.500,00.000	2.1	5.5	-200	0	4.5	0	0	0	0	0	0	0	0	0	0	0	0	0	0	0	0	0	0	0	0	0
05.500,00.000	2.2	5.5	-200	0	4.5	0	0	0	0	0	0	0	0	0	0	0	0	0	0	0	0	0	0	0	0	0
05.500,00.000	2.3	5.5	-200	0	4.5	0	0	0	0	0	0	0	0	0	0	0	0	0	0	0	0	0	0	0	0	0
05.500,00.000	2.4	5.5	-200	0	4.5	0	0	0	0	0	0	0	0	0	0	0	0	0	0	0	0	0	0	0	0	0
05.500,00.000	2.5	5.5	-200	0	4.5	0	0	0	0	0	0	0	0	0	0	0	0	0	0	0	0	0	0	0	0	0
05.500,00.000	2.6	5.5	-200	0	4.5	0	0	0	0	0	0	0	0	0	0	0	0	0	0	0	0	0	0	0	0	0
05.500,00.000	2.7	5.5	-200	0	4.5	0	0	0	0	0	0	0	0	0	0	0	0	0	0	0	0	0	0	0	0	0
05.500,00.000	2.8	5.5	-200	0	4.5	0	0	0	0	0	0	0	0	0	0	0	0	0	0	0	0	0	0	0	0	0
05.500,00.000	2.9	5.5	-200	0	4.5	0	0	0	0	0	0	0	0	0	0	0	0	0	0	0	0	0	0	0	0	0
05.500,00.000	3	5.5	-200	0	4.5	0	0	0	0	0	0	0	0	0	0	0	0	0	0	0	0	0	0	0	0	0
05.500,00.000	3.1	5.5	-200	0	4.5	0	0	0	0	0	0	0	0	0	0	0	0	0	0	0	0	0	0	0	0	0
05.500,00.000	3.2	5.5	-200	0	4.5	0	0	0	0	0	0	0	0	0	0	0	0	0	0	0	0	0	0	0	0	0
05.500,00.000	3.3	5.5	-200	0	4.5	0	0	0	0	0	0	0	0	0	0	0	0	0	0	0	0	0	0	0	0	0
05.500,00.000	3.4	5.5	-200	0	4.5	0	0	0	0	0	0	0	0	0	0	0	0	0	0	0	0	0	0	0	0	0
05.500,00.000	3.5	5.5	-200	0	4.5	0	0	0	0	0	0	0	0	0	0	0	0	0	0	0	0	0	0	0	0	0
05.500,00.000	3.6	5.5	-200	0	4.5	0	0	0	0	0	0	0	0	0	0	0	0	0	0	0	0	0	0	0	0	0
05.500,00.000	3.7	5.5	-200	0	4.5	0	0	0	0	0	0	0	0	0	0	0	0	0	0	0	0	0	0	0	0	0
05.500,00.000	3.8	5.5	-200	0	4.5	0	0	0	0	0	0	0	0	0	0	0	0	0	0	0	0	0	0	0	0	0
05.500,00.000	3.9	5.5	-200	0	4.5	0	0	0	0	0	0	0	0	0	0	0	0	0	0	0	0	0	0	0	0	0
05.500,00.000	4	5.5	-200	0	4.5	0	0	0	0	0	0	0	0	0	0	0	0	0	0	0	0	0	0	0	0	0
05.500,00.000	4.1	5.5	-200	0	4.5	0	0	0	0	0	0	0	0	0	0	0	0	0	0	0	0	0	0	0	0	0
05.500,00.000	4.2	5.5	-200	0	4.5	0	0	0	0	0	0	0	0	0	0	0	0	0	0	0	0	0	0	0	0	0
05.500,00.000	4.3	5.5	-200	0	4.5	0	0	0	0	0	0	0	0	0	0	0	0	0	0	0	0	0	0	0	0	0
05.500,00.000	4.4	5.5	-200	0	4.5	0	0	0	0	0	0	0	0	0	0	0	0	0	0	0	0	0	0	0	0	0
05.500,00.000	4.5	5.5	-200	0	4.5	0	0	0	0	0	0	0	0	0	0	0	0	0	0	0	0	0	0	0	0	0
05.500,00.000	4.6	5.5	-200	0	4.5	0	0	0	0	0	0	0	0	0	0	0	0	0	0	0	0	0	0	0	0	0
05.500,00.000	4.7	5.5	-200	0	4.5	0	0	0	0	0	0	0	0	0	0	0	0	0	0	0	0	0	0	0	0	0
05.500,00.000	4.8	5.5	-200	0	4.5	0	0	0	0	0	0	0	0	0	0	0	0	0	0	0	0	0	0	0	0	0
05.500,00.000	4.9	5.5	-200	0	4.5	0	0	0	0	0	0	0	0	0	0	0	0	0	0	0	0	0	0	0	0	0
05.500,00.000	5	5.5	-200	0	4.5	0	0	0	0	0	0	0	0	0	0	0	0	0	0	0	0	0	0	0	0	0
05.500,00.000	5.1	5.5	-200	0	4.5	0	0	0	0	0	0	0	0	0	0	0	0	0	0	0	0	0	0	0	0	0
05.500,00.000	5.2	5.5	-200	0	4.5	0	0	0	0	0	0	0	0	0	0	0	0	0	0	0	0	0	0	0	0	0
05.500,00.000	5.3	5.5	-200	0	4.5	0	0	0	0	0	0	0	0	0	0	0	0	0	0	0	0	0	0	0	0	0
05.500,00.000	5.4	5.5	-200	0	4.5	0	0	0	0	0	0	0	0	0	0	0	0	0	0	0	0	0	0	0	0	0
05.500,00.000	5.5	5.5	-200	0	4.5	0	0	0	0	0	0	0	0	0	0	0	0	0	0	0	0	0	0	0	0	0
05.500,00.000	5.6	5.5	-200	0	4.5	0	0	0	0	0	0	0	0	0	0	0	0	0	0	0	0	0	0	0	0	0
05.500,00.000	5.7	5.5	-200	0	4.5	0	0	0	0	0	0	0	0	0	0	0	0	0	0	0	0	0	0	0	0	0
05.500,00.000	5.8	5.5	-200	0	4.5	0	0	0	0	0	0	0	0	0	0	0	0	0	0	0	0	0	0	0	0	0
05.500,00.000	5.9	5.5	-200	0	4.5	0	0	0	0	0	0	0	0	0	0	0	0	0	0	0	0	0	0	0	0	0
05.500,00.000	6	5.5	-200	0	4.5	0	0	0	0	0	0	0	0	0	0	0	0	0	0	0	0	0	0	0	0	0
05.500,00.000	6.1	5.5	-200	0	4.5	0	0	0	0	0	0	0	0	0	0	0	0	0	0	0	0	0	0	0	0	0
05.500,00.000	6.2	5.5	-200	0	4.5	0	0	0	0	0	0	0	0	0	0	0	0	0	0	0	0	0	0	0	0	0
05.500,00.000	6.3	5.5	-200	0	4.5	0	0	0	0	0	0	0	0	0	0	0	0	0	0	0	0	0	0	0	0	0
05.500,00.000	6.4	5.5	-200	0	4.5	0	0	0	0	0	0	0	0	0	0	0	0	0	0	0	0	0	0	0	0	0
05.500,00.000	6.5	5.5	-200	0	4.5	0	0	0	0	0	0	0	0	0	0	0	0	0	0	0	0	0	0	0	0	0
05.500,00.000	6.6	5.5	-200	0	4.5	0	0	0	0	0	0	0	0	0	0	0	0	0	0	0	0	0	0	0	0	0
05.500,00.000	6.7	5.5	-200	0	4.5	0	0	0	0	0	0	0	0	0	0	0	0	0	0	0	0	0	0	0	0	0
05.500,00.000	6.8	5.5	-200	0	4.5	0	0	0	0	0	0	0	0	0	0	0	0	0	0	0	0	0	0	0	0	0
05.500,00.000	6.9	5.5	-200	0	4.5	0	0	0	0	0	0	0	0	0	0	0	0	0	0	0	0	0	0	0	0	0
05.500,00.000	7	5.5	-200	0	4.5	0	0	0	0	0	0	0	0	0	0	0	0	0	0	0	0	0	0	0	0	0
05.500,00.000	7.1	5.5	-200	0	4.5	0	0	0	0	0	0	0	0	0	0	0	0	0	0	0	0	0	0	0	0	0
05.500,00.000	7.2	5.5	-200	0	4.5	0	0	0	0	0	0	0	0	0	0	0	0	0	0	0	0	0	0	0	0	0
05.500,00.000	7.3	5.5	-200	0	4.5	0	0	0	0	0	0	0	0	0	0	0	0	0	0	0	0	0	0	0	0	0
05.500,00.000	7.4	5.5	-200	0	4.5	0	0	0	0	0	0	0	0	0	0	0	0	0	0	0	0	0	0	0	0	0
05.500,00.000	7.5	5.5	-200	0	4.5	0	0	0	0	0	0	0	0	0	0	0	0	0	0	0	0	0	0	0	0	0
05.500,00.000	7.6	5.5	-200	0	4.5	0	0	0	0	0	0	0	0	0	0	0	0	0	0	0	0	0	0	0	0	0
05.500,00.000	7.7	5.5	-200	0	4.5	0	0	0	0	0	0	0	0	0	0	0	0	0	0	0	0	0	0	0	0	0
05.500,00.000	7.8	5.5	-200	0	4.5	0	0	0	0	0	0	0	0	0	0	0	0	0	0	0	0	0	0	0	0	0
05.500,00.000	7.9	5.5	-200	0	4.5	0	0	0	0	0	0	0	0	0	0	0	0	0	0	0	0	0	0	0	0	0
05.500,00.000	8	5.5	-200	0	4.5	0	0	0	0	0	0	0	0	0	0	0	0	0	0	0	0	0	0	0	0	0
05.500,00.000	8.1	5.5	-200	0	4.5	0	0	0	0	0	0	0	0	0	0	0	0	0	0	0	0	0	0	0	0	0
05.500,00.000	8.2	5.5	-200	0	4.5	0	0	0	0	0	0	0	0	0	0	0	0	0	0	0	0	0	0	0	0	0
05.500,00.000	8.3	5.5	-200	0	4.5	0	0	0	0	0	0	0	0	0	0	0	0	0	0	0	0	0	0	0	0	0
05.500,00.000	8.4	5.5	-200	0	4.5	0	0	0	0	0	0	0	0	0	0	0	0	0	0	0	0	0	0	0	0	0
05.500,00.000	8.5	5.5	-200	0	4.5	0	0	0	0	0	0	0	0	0	0	0	0	0	0	0	0	0	0	0	0	0
05.500,00.000	8.6	5.5	-200	0	4.5	0	0	0	0	0	0	0	0	0	0	0	0	0	0	0	0	0	0	0	0	0
05.500,00.000	8.7	5.5	-200	0	4.5	0	0	0	0	0	0	0	0	0	0	0	0	0	0	0	0	0	0	0	0	0
05.500,00.000	8.8	5.5	-200	0	4.5	0	0	0	0	0	0	0	0	0	0	0	0	0	0	0	0	0	0	0	0	0
05.500,00.000	8.9	5.5	-200	0	4.5	0	0	0	0	0	0	0	0	0	0	0	0	0	0	0	0	0	0	0	0	0
05.500,00.000	9	5.5	-200	0	4.5	0	0	0	0	0	0	0	0	0	0	0	0	0	0	0	0	0	0	0	0	0
05.500,00.000	9.1	5.5	-200	0	4.5	0	0	0	0	0	0	0	0	0	0	0	0	0	0	0	0	0	0	0	0	0
05.500,00.000	9.2	5.5	-200	0	4.5	0	0	0	0	0	0	0	0	0	0	0	0	0	0	0	0	0	0	0	0	0
05.500,00.000	9.3	5.5	-200	0	4.5	0	0	0	0	0	0	0	0	0	0	0	0	0	0	0	0	0	0	0	0	0
05.500,00.000	9.4	5.5	-200	0	4.5	0	0	0	0	0	0	0	0	0	0	0	0	0	0	0	0	0	0	0	0	0
05.500,00.000	9.5	5.5	-200	0	4.5	0	0	0	0	0	0	0	0	0	0	0	0	0	0	0	0	0	0	0	0	0
05.500,00.000	9.6	5.5	-200	0	4.5	0	0	0	0	0	0	0	0	0	0	0	0	0	0	0	0	0	0	0	0	0
05.500,00.000	9.7	5.5	-200	0	4.5	0	0	0	0	0	0	0	0	0	0	0	0	0	0	0	0	0	0	0	0	0
05.500,00.000	9.8	5.5	-200	0	4.5	0	0	0	0	0	0	0	0	0	0	0	0	0	0	0	0	0	0	0	0	0
05.500,00.000	9.9	5.5	-200	0	4.5	0	0	0	0	0	0	0	0	0	0	0	0	0	0	0	0	0	0	0	0	0
05.500,00.000	10	5.5	-200	0	4.5	0	0	0	0	0	0	0	0	0	0	0	0	0	0	0	0	0	0	0	0	0
05.500,00.000	10.1	5.5	-200	0	4.5	0	0	0	0	0	0	0	0	0	0	0	0	0	0	0	0	0	0	0	0	0
05.500,00.000	10.2	5.5	-200	0	4.5	0	0	0	0	0	0	0	0	0	0	0	0	0	0	0	0	0	0	0	0	0
05.500,00.000	10.3	5.5	-200	0	4.5	0	0	0	0	0	0	0	0	0	0	0	0	0	0	0	0	0	0	0	0	0
05.500,00.000	10.4	5.5	-200	0	4.5	0	0	0	0	0	0	0	0	0	0	0	0	0	0	0	0	0	0	0	0	0
05.500,00.000	10.5	5.5	-200	0	4.5	0	0	0	0	0	0	0	0	0	0	0	0	0	0	0	0	0	0	0	0	0
05.500,00.000	10.6	5.5	-200	0	4.5	0	0	0	0	0	0	0	0	0	0	0	0	0	0	0	0	0	0	0	0	0
05.500,00.000	10.7	5.5	-200	0	4.5	0	0	0	0	0	0	0	0	0	0	0	0	0	0	0	0	0	0	0	0	0
05.500,00.000	10.8	5.5	-200	0	4.5	0	0	0	0	0	0	0	0	0	0	0	0	0	0	0	0	0	0	0	0	0
05.500,00.000	10.9	5.5	-200	0	4.5	0	0	0	0	0	0	0	0	0	0	0	0	0	0	0	0	0	0	0	0	0
05.500,00.000	11	5.5	-200	0	4.5	0	0	0	0	0	0	0	0	0	0	0	0	0	0	0	0	0	0	0	0	0
05.500,00.000	11.1	5.5	-200	0	4.5	0	0	0	0	0	0	0	0	0	0	0	0	0	0	0	0	0	0	0	0	0
05.500,00.000	11.2	5.5	-200	0	4.5	0	0	0	0	0	0	0	0	0	0	0	0	0	0	0	0	0	0	0	0	0
05.500,00.000	11.3	5.5	-200	0	4.5	0.0188106	0.0188106	0	0	0	0	0	0	0	0	0	0	0	0	0	0	0	0	0	0	0
05.500,00.000	11.4	5.5	-200	0	4.5	0.0793092	0.0793092	0	0	0	0	0	0	0	0	0	0	0	0	0	0	0	0	0	0	0
05.500,00.000	11.5	5.5	-200	0	4.5	0.137457	0.137457	0	0	0	0	0	0	0	0	0	0	0	0	0	0	0	0	0	0	0
05.500,00.000	11.6	5.5	-200	0	4.5	0.214988	0.214988	0	0	0	0	0	0	0	0	0	0	0	0	0	0	0	0	0	0	0
05.500,00.000	11.7	5.5	-200	0	4.5	0.310364	0.310364	0	0	0	0	0	0	0	0	0	0	0	0	0	0	0	0	0	0	0
05.500,00.000	11.8	5.5	-200	0	4.5	0.405197	0.405197	0	0	0	0	0	0	0	0	0	0	0	0	0	0	0	0	0	0	0
05.500,00.000	11.9	5.5	-200	0	4.5	0.502515	0.502515	0	0	0	0	0	0	0	0	0	0	0	0	0	0	0	0	0	0	0
05.500,00.000	12	5.5	-200	0	4.5	0.615168	0.615168	0	0	0	0	0	0	0	0	0	0	0	0	0	0	0	0	0	0	0
05.500,00.000	12.1	5.5	-200	0	4.5	0.756894	0.756894	0	0	0	0	0	0	0	0	0	0	0	0	0	0	0	0	0	0	0
05.500,00.000	12.2	5.5	-200	0	4.5	0.897443	0.897443	0	0	0	0	0	0	0	0	0	0	0	0	0	0	0	0	0	0	0
05.500,00.000	12.3	5.5	-200	0	4.5	1.05544	1.05544	0	0	0	0	0	0	0	0	0	0	0	0	0	0	0	0	0	0	0
05.500,00.000	12.4	5.5	-200	0	4.5	1.23268	1.23268	0	0	0	0	0	0	0	0	0	0	0	0	0	0	0	0	0	0	0
05.500,00.000	12.5	5.5	-200	0	4.5	1.41441	1.41441	0	0	0	0	0	0	0	0	0	0	0	0	0	0	0	0	0	0	0
05.500,00.000	12.6	5.5	-200	0	4.5	1.68397	1.68397	0	0	0	0	0	0	0	0	0	0	0	0	0	0	0	0	0	0	0
05.500,00.000	12.7	5.5	-200	0	4.5	1.96912	1.96912	0	0	0	0	0	0	0	0	0	0	0	0	0	0	0	0	0	0	0
05.500,00.000	12.8	5.5	-200	0	4.5	2.19275	2.19275	0	0	0	0	0	0	0	0	0	0	0	0	0	0	0	0	0	0	0
05.500,00.000	12.9	5.5	-200	0	4.5	2.49887	2.49887	0	0	0	0	0	0	0	0	0	0	0	0	0	0	0	0	0	0	0
05.500,00.000	13	5.5	-200	0	4.5	2.80282	2.80282	0	0	0	0	0	0	0	0	0	0	0	0	0	0	0	0	0	0	0
05.500,00.000	13.1	5.5	-200	0	4.5	3.09658	3.09658	0	0	0	0	0	0	0	0	0	0	0	0	0	0	0	0	0	0	0
05.500,00.000	13.2	5.5	-200	0	4.5	3.39578	3.39578	0	0	0	0	0	0	0	0	0	0	0	0	0	0	0	0	0	0	0
05.500,00.000	13.3	5.5	-200	0	4.5	3.7003	3.7003	0	0	0	0	0	0	0	0	0	0	0	0	0	0	0	0	0	0	0
05.500,00.000	13.4	5.5	-200	0	4.5	4.00742	4.00742	0	0	0	0	0	0	0	0	0	0	0	0	0	0	0	0	0	0	0
05.500,00.000	13.5	5.5	-200	0	4.5	4.39019	4.39019	0	0	0	0	0	0	0	0	0	0	0	0	0	0	0	0	0	0	0
05.500,00.000	13.6	5.5	-200	0	4.5	4.85136	4.85136	0	0	0	0	0	0	0	0	0	0	0	0	0	0	0	0	0	0	0
05.500,00.000	13.7	5.5	-200	0	4.5	5.26885	5.26885	0	0	0	0	0	0	0	0	0	0	0	0	0	0	0	0	0	0	0
05.500,00.000	13.8	5.5	-200	0	4.5	5.54136	5.54136	0	0	0	0	0	0	0	0	0	0	0	0	0	0	0	0	0	0	0
05.500,00.000	13.9	5.5	-200	0	4.5	5.95796	5.95796	0	0	0	0	0	0	0	0	0	0	0	0	0	0	0	0	0	0	0
05.500,00.000	14	5.5	-200	0	4.5	6.46101	6.46101	0	0	0	0	0	0	0	0	0	0	0	0	0	0	0	0	0	0	0
05.500,00.000	14.1	5.5	-200	0	4.5	6.96895	6.96895	0	0	0	0	0	0	0	0	0	0	0	0	0	0	0	0	0	0	0
05.500,00.000	14.2	5.5	-200	0	4.5	7.46918	7.46918	0	0	0	0	0	0	0	0	0	0	0	0	0	0	0	0	0	0	0
05.500,00.000	14.3	5.5	-200	0	4.5	7.97407	7.97407	0	0	0	0	0	0	0	0	0	0	0	0	0	0	0	0	0	0	0
05.500,00.000	14.4	5.5	-200	0	4.5	8.51152	8.51152	0	0	0	0	0	0	0	0	0	0	0	0	0	0	0	0	0	0	0
05.500,00.000	14.5	5.5	-200	0	4.5	9.20011	9.20011	0	0	0	0	0	0	0	0	0	0	0	0	0	0	0	0	0	0	0
05.500,00.000	14.6	5.5	-200	0	4.5	9.90374	9.90374	0	0	0	0	0	0	0	0	0	0	0	0	0	0	0	0	0	0	0
05.500,00.000	14.7	5.5	-200	0	4.5	10.5085	10.5085	0	0	0	0	0	0	0	0	0	0	0	0	0	0	0	0	0	0	0
05.500,00.000	14.8	5.5	-200	0	4.5	10.8203	10.8203	0	0	0	0	0	0	0	0	0	0	0	0	0	0	0	0	0	0	0
05.500,00.000	14.9	5.5	-200	0	4.5	11.3674	11.3356	0.0317973	0	0	0	0	0	0	0	0	0	0	0	0	0	0	0	0	0	0
05.500,00.000	15	5.5	-200	0	4.5	12.1252	11.9525	0.172659	0	0	0	0	0	0	0	0	0	0	0	0	0	0	0	0	0	0
05.500,00.000	15.1	5.5	-200	0	4.5	12.7855	12.4871	0.298398	0	0	0	0	0	0	0	0	0	0	0	0	0	0	0	0	0	0
05.500,00.000	15.2	5.5	-200	0	4.5	13.4026	12.9825	0.42002	0	0	0	0	0	0	0	0	0	0	0	0	0	0	0	0	0	0
05.500,00.000	15.3	5.5	-200	0	4.5	14.0113	13.4668	0.544508	0	0	0	0	0	0	0	0	0	0	0	0	0	0	0	0	0	0
05.500,00.000	15.4	5.5	-200	0	4.5	14.6356	13.9637	0.671968	0	0	0	0	0	0	0	0	0	0	0	0	0	0	0	0	0	0
05.500,00.000	15.5	5.5	-200	0	4.5	15.9369	15.0056	0.931282	0	0	0	0	0	0	0	0	0	0	0	0	0	0	0	0	0	0
05.500,00.000	15.6	5.5	-200	0	4.5	16.455	15.407	1.04804	0	0	0	0	0	0	0	0	0	0	0	0	0	0	0	0	0	0
05.500,00.000	15.7	5.5	-200	0	4.5	17.1823	15.9423	1.24007	0	0	0	0	0	0	0	0	0	0	0	0	0	0	0	0	0	0
05.500,00.000	15.8	5.5	-200	0	4.5	17.5356	16.1946	1.34103	0	0	0	0	0	0	0	0	0	0	0	0	0	0	0	0	0	0
05.500,00.000	15.9	5.5	-200	0	4.5	17.7739	16.3637	1.41023	0	0	0	0	0	0	0	0	0	0	0	0	0	0	0	0	0	0
05.500,00.000	16	5.5	-200	0	4.5	18.6455	16.9804	1.66513	0	0	0	0	0	0	0	0	0	0	0	0	0	0	0	0	0	0
05.500,00.000	16.1	5.5	-200	0	4.5	19.4082	17.5316	1.87656	0	0	0	0	0	0	0	0	0	0	0	0	0	0	0	0	0	0
05.500,00.000	16.2	5.5	-200	0	4.5	20.0746	18.0154	2.0592	0	0	0	0	0	0	0	0	0	0	0	0	0	0	0	0	0	0
05.500,00.000	16.3	5.5	-200	0	4.5	20.7239	18.4808	2.24308	0	0	0	0	0	0	0	0	0	0	0	0	0	0	0	0	0	0
05.500,00.000	16.4	5.5	-200	0	4.5	21.3549	18.9275	2.42741	0	0	0	0	0	0	0	0	0	0	0	0	0	0	0	0	0	0
05.500,00.000	16.5	5.5	-200	0	4.5	23.3947	20.334	3.0607	0	0	0	0	0	0	0	0	0	0	0	0	0	0	0	0	0	0
05.500,00.000	16.6	5.5	-200	0	4.5	23.8284	20.6297	3.19868	0	0	0	0	0	0	0	0	0	0	0	0	0	0	0	0	0	0
05.500,00.000	16.7	5.5	-200	0	4.5	25.8246	21.969	3.85553	0	0	0	0	0	0	0	0	0	0	0	0	0	0	0	0	0	0
05.500,00.000	16.8	5.5	-200	0	4.5	26.2861	22.2813	4.00481	0	0	0	0	0	0	0	0	0	0	0	0	0	0	0	0	0	0
05.500,00.000	16.9	5.5	-200	0	4.5	27.134	22.8453	4.28873	0	0	0	0	0	0	0	0	0	0	0	0	0	0	0	0	0	0
05.500,00.000	17	5.5	-200	0	4.5	28.1101	23.4937	4.61637	0	0	0	0	0	0	0	0	0	0	0	0	0	0	0	0	0	0
05.500,00.000	17.1	5.5	-200	0	4.5	28.7032	23.8853	4.81794	0	0	0	0	0	0	0	0	0	0	0	0	0	0	0	0	0	0
05.500,00.000	17.2	5.5	-200	0	4.5	29.1895	24.1816	5.00787	0	0	0	0	0	0	0	0	0	0	0	0	0	0	0	0	0	0
05.500,00.000	17.3	5.5	-200	0	4.5	29.656	24.4534	5.20252	0	0	0	0	0	0	0	0	0	0	0	0	0	0	0	0	0	0
05.500,00.000	17.4	5.5	-200	0	4.5	30.0979	24.7089	5.38904	0	0	0	0	0	0	0	0	0	0	0	0	0	0	0	0	0	0
05.500,00.000	17.5	5.5	-200	0	4.5	31.9068	25.7592	6.14759	0	0	0	0	0	0	0	0	0	0	0	0	0	0	0	0	0	0
05.500,00.000	17.6	5.5	-200	0	4.5	32.2589	25.9347	6.32427	0	0	0	0	0	0	0	0	0	0	0	0	0	0	0	0	0	0
05.500,00.000	17.7	5.5	-200	0	4.5	33.7878	26.7832	7.00463	0	0	0	0	0	0	0	0	0	0	0	0	0	0	0	0	0	0
05.500,00.000	17.8	5.5	-200	0	4.5	34.1368	26.9736	7.16312	0	0	0	0	0	0	0	0	0	0	0	0	0	0	0	0	0	0
05.500,00.000	17.9	5.5	-200	0	4.5	34.6268	27.2291	7.39774	0	0	0	0	0	0	0	0	0	0	0	0	0	0	0	0	0	0
05.500,00.000	18	5.5	-200	0	4.5	35.2423	27.5441	7.69823	0	0	0	0	0	0	0	0	0	0	0	0	0	0	0	0	0	0
05.500,00.000	18.1	5.5	-200	0	4.5	35.5883	27.7108	7.87749	0	0	0	0	0	0	0	0	0	0	0	0	0	0	0	0	0	0
05.500,00.000	18.2	5.5	-200	0	4.5	35.8685	27.8283	8.04016	0	0	0	0	0	0	0	0	0	0	0	0	0	0	0	0	0	0
05.500,00.000	18.3	5.5	-200	0	4.5	36.1345	27.9312	8.20332	0	0	0	0	0	0	0	0	0	0	0	0	0	0	0	0	0	0
05.500,00.000	18.4	5.5	-200	0	4.5	36.381	28.0201	8.3609	0	0	0	0	0	0	0	0	0	0	0	0	0	0	0	0	0	0
05.500,00.000	18.5	5.5	-200	0	4.5	37.4734	28.3876	9.08583	0	0	0	0	0	0	0	0	0	0	0	0	0	0	0	0	0	0
05.500,00.000	18.6	5.5	-200	0	4.5	37.6971	28.4564	9.24071	0	0	0	0	0	0	0	0	0	0	0	0	0	0	0	0	0	0
05.500,00.000	18.7	5.5	-200	0	4.5	38.7491	28.7476	10.0015	0	0	0	0	0	0	0	0	0	0	0	0	0	0	0	0	0	0
05.500,00.000	18.8	5.5	-200	0	4.5	39.0279	28.8169	10.2111	0	0	0	0	0	0	0	0	0	0	0	0	0	0	0	0	0	0
05.500,00.000	18.9	5.5	-200	0	4.5	39.4484	28.9124	10.5361	0	0	0	0	0	0	0	0	0	0	0	0	0	0	0	0	0	0
05.500,00.000	19	5.5	-200	0	4.5	39.8579	29.0008	10.8571	0	0	0	0	0	0	0	0	0	0	0	0	0	0	0	0	0	0
05.500,00.000	19.1	5.5	-200	0	4.5	40.0649	29.043	11.0219	0	0	0	0	0	0	0	0	0	0	0	0	0	0	0	0	0	0
05.500,00.000	19.2	5.5	-200	0	4.5	40.2212	29.0726	11.1485	0	0	0	0	0	0	0	0	0	0	0	0	0	0	0	0	0	0
05.500,00.000	19.3	5.5	-200	0	4.5	40.3635	29.0976	11.2659	0	0	0	0	0	0	0	0	0	0	0	0	0	0	0	0	0	0
05.500,00.000	19.4	5.5	-200	0	4.5	40.5094	29.1182	11.3912	0	0	0	0	0	0	0	0	0	0	0	0	0	0	0	0	0	0
05.500,00.000	19.5	5.5	-200	0	4.5	40.6654	29.1353	11.5301	0	0	0	0	0	0	0	0	0	0	0	0	0	0	0	0	0	0
05.500,00.000	19.6	5.5	-200	0	4.5	40.8678	29.1545	11.7132	0	0	0	0	0	0	0	0	0	0	0	0	0	0	0	0	0	0
05.500,00.000	19.7	5.5	-200	0	4.5	40.9132	29.1584	11.7548	0	0	0	0	0	0	0	0	0	0	0	0	0	0	0	0	0	0
05.500,00.000	19.8	5.5	-200	0	4.5	41.8731	29.2178	12.6183	0.0370495	0	0	0	0	0	0	0	0	0	0	0	0	0	0	0	0	0
05.500,00.000	19.9	5.5	-200	0	4.5	42.2191	29.2293	12.8237	0.166114	0	0	0	0	0	0	0	0	0	0	0	0	0	0	0	0	0
05.500,00.000	20	5.5	-200	0	4.5	42.8831	29.2499	13.2698	0.363379	0	0	0	0	0	0	0	0	0	0	0	0	0	0	0	0	0
05.500,00.000	20.1	5.5	-200	0	4.5	43.3112	29.2604	13.5545	0.496301	0	0	0	0	0	0	0	0	0	0	0	0	0	0	0	0	0
05.500,00.000	20.2	5.5	-200	0	4.5	43.5648	29.264	13.7453	0.555477	0	0	0	0	0	0	0	0	0	0	0	0	0	0	0	0	0
05.500,00.000	20.3	5.5	-200	0	4.5	43.8024	29.2661	13.9242	0.612094	0	0	0	0	0	0	0	0	0	0	0	0	0	0	0	0	0
05.500,00.000	20.4	5.5	-200	0	4.5	44.0335	29.2671	14.0963	0.670146	0	0	0	0	0	0	0	0	0	0	0	0	0	0	0	0	0
05.500,00.000	20.5	5.5	-200	0	4.5	44.2579	29.2673	14.2612	0.729379	0	0	0	0	0	0	0	0	0	0	0	0	0	0	0	0	0
05.500,00.000	20.6	5.5	-200	0	4.5	44.4759	29.2673	14.4185	0.790125	0	0	0	0	0	0	0	0	0	0	0	0	0	0	0	0	0
05.500,00.000	20.7	5.5	-200	0	4.5	45.8537	29.2673	15.2882	1.29825	0	0	0	0	0	0	0	0	0	0	0	0	0	0	0	0	0
05.500,00.000	20.8	5.5	-200	0	4.5	46.87	29.2673	15.868	1.73461	0	0	0	0	0	0	0	0	0	0	0	0	0	0	0	0	0
05.500,00.000	20.9	5.5	-200	0	4.5	46.9177	29.2673	15.896	1.75439	0	0	0	0	0	0	0	0	0	0	0	0	0	0	0	0	0
05.500,00.000	21	5.5	-200	0	4.5	48.5594	29.3037	16.757	2.49873	0	0	0	0	0	0	0	0	0	0	0	0	0	0	0	0	0
05.500,00.000	21.1	5.5	-200	0	4.5	49.3123	29.3315	17.1494	2.83139	0	0	0	0	0	0	0	0	0	0	0	0	0	0	0	0	0
05.500,00.000	21.2	5.5	-200	0	4.5	49.5806	29.3415	17.2802	2.95892	0	0	0	0	0	0	0	0	0	0	0	0	0	0	0	0	0
05.500,00.000	21.3	5.5	-200	0	4.5	49.8497	29.3514	17.407	3.09123	0	0	0	0	0	0	0	0	0	0	0	0	0	0	0	0	0
05.500,00.000	21.4	5.5	-200	0	4.5	50.4866	29.3732	17.7193	3.39413	0	0	0	0	0	0	0	0	0	0	0	0	0	0	0	0	0
05.500,00.000	21.5	5.5	-200	0	4.5	50.6449	29.378	17.804	3.46293	0	0	0	0	0	0	0	0	0	0	0	0	0	0	0	0	0
05.500,00.000	21.6	5.5	-200	0	4.5	51.1021	29.3916	18.0408	3.66963	0	0	0	0	0	0	0	0	0	0	0	0	0	0	0	0	0
05.500,00.000	21.7	5.5	-200	0	4.5	51.4471	29.4016	18.222	3.82346	0	0	0	0	0	0	0	0	0	0	0	0	0	0	0	0	0
05.500,00.000	21.8	5.5	-200	0	4.5	51.7096	29.4092	18.3567	3.94372	0	0	0	0	0	0	0	0	0	0	0	0	0	0	0	0	0
05.500,00.000	21.9	5.5	-200	0	4.5	52.4529	29.43	18.7297	4.29323	0	0	0	0	0	0	0	0	0	0	0	0	0	0	0	0	0
05.500,00.000	22	5.5	-200	0	4.5	52.624	29.4346	18.8198	4.3696	0	0	0	0	0	0	0	0	0	0	0	0	0	0	0	0	0
05.500,00.000	22.1	5.5	-200	0	4.5	53.1235	29.4802	19.053	4.59026	0	0	0	0	0	0	0	0	0	0	0	0	0	0	0	0	0
05.500,00.000	22.2	5.5	-200	0	4.5	53.4972	29.5511	19.2105	4.73567	0	0	0	0	0	0	0	0	0	0	0	0	0	0	0	0	0
05.500,00.000	22.3	5.5	-200	0	4.5	53.776	29.6208	19.3173	4.83794	0	0	0	0	0	0	0	0	0	0	0	0	0	0	0	0	0
05.500,00.000	22.4	5.5	-200	0	4.5	54.3281	29.7642	19.5256	5.03828	0	0	0	0	0	0	0	0	0	0	0	0	0	0	0	0	0
05.500,00.000	22.5	5.5	-200	0	4.5	54.6895	29.8587	19.6622	5.16874	0	0	0	0	0	0	0	0	0	0	0	0	0	0	0	0	0
05.500,00.000	22.6	5.5	-200	0	4.5	55.9576	30.1872	20.13	5.64045	0	0	0	0	0	0	0	0	0	0	0	0	0	0	0	0	0
05.500,00.000	22.7	5.5	-200	0	4.5	56.5812	30.3411	20.3629	5.87718	0	0	0	0	0	0	0	0	0	0	0	0	0	0	0	0	0
05.500,00.000	22.8	5.5	-200	0	4.5	56.7338	30.3823	20.418	5.93356	0	0	0	0	0	0	0	0	0	0	0	0	0	0	0	0	0
05.500,00.000	22.9	5.5	-200	0	4.5	56.7427	30.3847	20.4212	5.93676	0	0	0	0	0	0	0	0	0	0	0	0	0	0	0	0	0
05.500,00.000	23	5.5	-200	0	4.5	57.7096	30.6753	20.7186	6.31575	0	0	0	0	0	0	0	0	0	0	0	0	0	0	0	0	0
05.500,00.000	23.1	5.5	-200	0	4.5	58.6243	30.9379	20.9461	6.74028	0	0	0	0	0	0	0	0	0	0	0	0	0	0	0	0	0
05.500,00.000	23.2	5.5	-200	0	4.5	59.0137	31.0535	21.0447	6.91552	0	0	0	0	0	0	0	0	0	0	0	0	0	0	0	0	0
05.500,00.000	23.3	5.5	-200	0	4.5	59.3669	31.1899	21.1242	7.0528	0	0	0	0	0	0	0	0	0	0	0	0	0	0	0	0	0
05.500,00.000	23.4	5.5	-200	0	4.5	62.0135	32.2296	21.7237	8.06025	0	0	0	0	0	0	0	0	0	0	0	0	0	0	0	0	0
05.500,00.000	23.5	5.5	-200	0	4.5	62.9325	32.6053	21.9497	8.37749	0	0	0	0	0	0	0	0	0	0	0	0	0	0	0	0	0
05.500,00.000	23.6	5.5	-200	0	4.5	63.4189	32.7979	22.0727	8.5483	0	0	0	0	0	0	0	0	0	0	0	0	0	0	0	0	0
05.500,00.000	23.7	5.5	-200	0	4.5	65.0186	33.3375	22.6061	9.07506	4.21885e-14	0	0	0	0	0	0	0	0	0	0	0	0	0	0	0	0
05.500,00.000	23.8	5.5	-200	0	4.5	65.848	33.5706	22.9201	9.29138	0.0658677	0	0	0	0	0	0	0	0	0	0	0	0	0	0	0	0
05.500,00.000	23.9	5.5	-200	0	4.5	65.856	33.5728	22.9227	9.2933	0.0671349	0	0	0	0	0	0	0	0	0	0	0	0	0	0	0	0
05.500,00.000	24	5.5	-200	0	4.5	66.8566	33.842	23.2653	9.52291	0.226335	0	0	0	0	0	0	0	0	0	0	0	0	0	0	0	0
05.500,00.000	24.1	5.5	-200	0	4.5	67.4006	33.9739	23.4465	9.67419	0.306116	0	0	0	0	0	0	0	0	0	0	0	0	0	0	0	0
05.500,00.000	24.2	5.5	-200	0	4.5	67.455	33.9871	23.464	9.68939	0.314473	0	0	0	0	0	0	0	0	0	0	0	0	0	0	0	0
05.500,00.000	24.3	5.5	-200	0	4.5	67.504	33.999	23.48	9.70297	0.322061	0	0	0	0	0	0	0	0	0	0	0	0	0	0	0	0
05.500,00.000	24.4	5.5	-200	0	4.5	67.5129	34.0011	23.483	9.70538	0.323404	0	0	0	0	0	0	0	0	0	0	0	0	0	0	0	0
05.500,00.000	24.5	5.5	-200	0	4.5	67.5421	34.0079	23.4925	9.71352	0.328123	0	0	0	0	0	0	0	0	0	0	0	0	0	0	0	0
05.500,00.000	24.6	5.5	-200	0	4.5	67.5497	34.0095	23.4953	9.71552	0.329283	0	0	0	0	0	0	0	0	0	0	0	0	0	0	0	0
05.500,00.000	24.7	5.5	-200	0	4.5	67.5603	34.0119	23.499	9.71846	0.331047	0	0	0	0	0	0	0	0	0	0	0	0	0	0	0	0
05.500,00.000	24.8	5.5	-200	0	4.5	70.7394	34.6752	24.5551	10.6632	0.845999	0	0	0	0	0	0	0	0	0	0	0	0	0	0	0	0
05.500,00.000	24.9	5.5	-200	0	4.5	71.9017	34.882	24.9782	11.0319	1.00955	0	0	0	0	0	0	0	0	0	0	0	0	0	0	0	0
05.500,00.000	25	5.5	-200	0	4.5	71.94	34.889	24.9922	11.0439	1.01492	0	0	0	0	0	0	0	0	0	0	0	0	0	0	0	0
05.500,00.000	25.1	5.5	-200	0	4.5	71.9835	34.8968	25.0083	11.0574	1.02097	0	0	0	0	0	0	0	0	0	0	0	0	0	0	0	0
05.500,00.000	25.2	5.5	-200	0	4.5	72.0215	34.9035	25.0225	11.0692	1.02627	0	0	0	0	0	0	0	0	0	0	0	0	0	0	0	0
05.500,00.000	25.3	5.5	-200	0	4.5	72.054	34.9094	25.0347	11.079	1.03085	0	0	0	0	0	0	0	0	0	0	0	0	0	0	0	0
05.500,00.000	25.4	5.5	-200	0	4.5	72.0595	34.9104	25.0368	11.0807	1.03156	0	0	0	0	0	0	0	0	0	0	0	0	0	0	0	0
05.500,00.000	25.5	5.5	-200	0	4.5	72.0767	34.9135	25.0434	11.0858	1.03403	0	0	0	0	0	0	0	0	0	0	0	0	0	0	0	0
05.500,00.000	25.6	5.5	-200	0	4.5	72.0813	34.9142	25.0452	11.0872	1.03464	0	0	0	0	0	0	0	0	0	0	0	0	0	0	0	0
05.500,00.000	25.7	5.5	-200	0	4.5	72.1118	34.9195	25.0569	11.0964	1.03914	0	0	0	0	0	0	0	0	0	0	0	0	0	0	0	0
05.500,00.000	25.8	5.5	-200	0	4.5	73.6895	35.2118	25.6543	11.558	1.26539	0	0	0	0	0	0	0	0	0	0	0	0	0	0	0	0
05.500,00.000	25.9	5.5	-200	0	4.5	74.3421	35.4269	25.8611	11.7182	1.33586	0	0	0	0	0	0	0	0	0	0	0	0	0	0	0	0
05.500,00.000	26	5.5	-200	0	4.5	74.3738	35.4375	25.8711	11.7256	1.33956	0	0	0	0	0	0	0	0	0	0	0	0	0	0	0	0
05.500,00.000	26.1	5.5	-200	0	4.5	74.4099	35.4497	25.8825	11.7339	1.34368	0	0	0	0	0	0	0	0	0	0	0	0	0	0	0	0
05.500,00.000	26.2	5.5	-200	0	4.5	74.4435	35.4621	25.8928	11.7413	1.34732	0	0	0	0	0	0	0	0	0	0	0	0	0	0	0	0
05.500,00.000	26.3	5.5	-200	0	4.5	74.4745	35.4742	25.9021	11.7477	1.35053	0	0	0	0	0	0	0	0	0	0	0	0	0	0	0	0
05.500,00.000	26.4	5.5	-200	0	4.5	74.4803	35.4768	25.9037	11.7488	1.35103	0	0	0	0	0	0	0	0	0	0	0	0	0	0	0	0
05.500,00.000	26.5	5.5	-200	0	4.5	74.7246	35.5811	25.981	11.7916	1.37091	0	0	0	0	0	0	0	0	0	0	0	0	0	0	0	0
05.500,00.000	26.6	5.5	-200	0	4.5	76.9566	36.394	26.7488	12.1604	1.65336	0	0	0	0	0	0	0	0	0	0	0	0	0	0	0	0
05.500,00.000	26.7	5.5	-200	0	4.5	80.915	37.6663	28.1355	12.7126	2.40056	0	0	0	0	0	0	0	0	0	0	0	0	0	0	0	0
05.500,00.000	26.8	5.5	-200	0	4.5	81.7349	37.9657	28.4056	12.8198	2.54383	0	0	0	0	0	0	0	0	0	0	0	0	0	0	0	0
05.500,00.000	26.9	5.5	-200	0	4.5	81.7733	37.9804	28.4176	12.825	2.55035	0	0	0	0	0	0	0	0	0	0	0	0	0	0	0	0
05.500,00.000	27	5.5	-200	0	4.5	85.1221	39.3444	29.4365	13.2483	3.09279	0	0	0	0	0	0	0	0	0	0	0	0	0	0	0	0
05.500,00.000	27.1	5.5	-200	0	4.5	87.3924	40.2806	30.1148	13.6279	3.36918	0	0	0	0	0	0	0	0	0	0	0	0	0	0	0	0
05.500,00.000	27.2	5.5	-200	0	4.5	88.3968	40.7293	30.4029	13.7843	3.48035	0	0	0	0	0	0	0	0	0	0	0	0	0	0	0	0
05.500,00.000	27.3	5.5	-200	0	4.5	89.3975	41.1832	30.6869	13.9388	3.58847	0	0	0	0	0	0	0	0	0	0	0	0	0	0	0	0
05.500,00.000	27.4	5.5	-200	0	4.5	93.5228	42.9282	32.0973	14.5214	3.97588	0	0	0	0	0	0	0	0	0	0	0	0	0	0	0	0
05.500,00.000	27.5	5.5	-200	0	4.5	95.8476	43.836	32.8795	14.8279	4.30421	0	0	0	0	0	0	0	0	0	0	0	0	0	0	0	0
05.500,00.000	27.6	5.5	-200	0	4.5	97.0639	44.3405	33.2621	14.981	4.48029	0	0	0	0	0	0	0	0	0	0	0	0	0	0	0	0
05.500,00.000	27.7	5.5	-200	0	4.5	98.0205	44.7484	33.5547	15.0987	4.6187	0	0	0	0	0	0	0	0	0	0	0	0	0	0	0	0
05.500,00.000	27.8	5.5	-200	0	4.5	104.151	47.4673	35.3738	15.8055	5.50414	0	0	0	0	0	0	0	0	0	0	0	0	0	0	0	0
05.500,00.000	27.9	5.5	-200	0	4.5	105.501	48.0926	35.7566	15.9651	5.68702	0	0	0	0	0	0	0	0	0	0	0	0	0	0	0	0
05.500,00.000	28	5.5	-200	0	4.5	109.546	50.1065	36.888	16.363	6.1883	0	0	0	0	0	0	0	0	0	0	0	0	0	0	0	0
05.500,00.000	28.1	5.5	-200	0	4.5	111.807	51.2852	37.4967	16.577	6.44847	0	0	0	0	0	0	0	0	0	0	0	0	0	0	0	0
05.500,00.000	28.2	5.5	-200	0	4.5	113.017	51.9399	37.8154	16.6805	6.5812	0	0	0	0	0	0	0	0	0	0	0	0	0	0	0	0
05.500,00.000	28.3	5.5	-200	0	4.5	114.217	52.6053	38.1253	16.7778	6.70901	0	0	0	0	0	0	0	0	0	0	0	0	0	0	0	0
05.500,00.000	28.4	5.5	-200	0	4.5	120.551	56.1594	39.671	17.3664	7.35459	9.50351e-14	0	0	0	0	0	0	0	0	0	0	0	0	0	0	0
05.500,00.000	28.5	5.5	-200	0	4.5	123.786	57.9127	40.5394	17.6211	7.64007	0.0724007	0	0	0	0	0	0	0	0	0	0	0	0	0	0	0
05.500,00.000	28.6	5.5	-200	0	4.5	128.715	60.5674	41.82	17.9799	8.07693	0.182407	0	0	0	0.0883666	0	0	0	0	0	0	0	0	0	0	0
05.500,00.000	28.7	5.5	-200	0	4.5	130.554	61.4789	42.1952	18.1199	8.20855	0.213139	0	0	0	0.338326	0	0	0	0	0	0	0	0	0	0	0
05.500,00.000	28.8	5.5	-200	0	4.5	130.798	61.6052	42.2485	18.1394	8.22596	0.217589	0	0	0	0.361097	0	0	0	0	0	0	0	0	0	0	0
05.500,00.000	28.9	5.5	-200	0	4.5	130.922	61.6709	42.2751	18.1487	8.23421	0.219738	0	0	0	0.373672	0	0	0	0	0	0	0	0	0	0	0
05.500,00.000	29	5.5	-200	0	4.5	135.463	64.0068	43.3028	18.4565	8.56577	0.292858	0	0	0	0.838564	0	0	0	0	0	0	0	0	0	0	0
05.500,00.000	29.1	5.5	-200	0	4.5	138.333	65.3875	43.9761	18.6695	8.78056	0.385441	0	0	0	1.13355	0	0	0	0	0	0	0	0	0	0	0
05.500,00.000	29.2	5.5	-200	0	4.5	140.058	66.2363	44.3706	18.7999	8.90055	0.441687	0	0	0	1.3088	0	0	0	0	0	0	0	0	0	0	0
05.500,00.000	29.3	5.5	-200	0	4.5	141.78	67.0964	44.7606	18.9274	9.01443	0.497775	0	0	0	1.48309	0	0	0	0	0	0	0	0	0	0	0
05.500,00.000	29.4	5.5	-200	0	4.5	143.496	67.9749	45.14	19.0505	9.12152	0.553675	0	0	0	1.65566	0	0	0	0	0	0	0	0	0	0	0
05.500,00.000	29.5	5.5	-200	0	4.5	145.196	68.8533	45.5114	19.1695	9.22186	0.613636	0	0	0	1.82659	0	0	0	0	0	0	0	0	0	0	0
05.500,00.000	29.6	5.5	-200	0	4.5	146.919	69.7304	45.878	19.2966	9.31777	0.695349	0	0	0	2.00061	0	0	0	0	0	0	0	0	0	0	0
05.500,00.000	29.7	5.5	-200	0	4.5	155.641	74.1176	47.7097	20.0073	9.77827	1.12648	0	0	0	2.90203	0	0	0	0	0	0	0	0	0	0	0
05.500,00.000	29.8	5.5	-200	0	4.5	157.612	75.0626	48.1385	20.1638	9.89522	1.26886	0	0	0	3.08301	0	0	0	0	0	0	0	0	0	0	0
05.500,00.000	29.9	5.5	-200	0	4.5	157.716	75.1157	48.1614	20.1716	9.90109	1.27392	0	0	0	3.09277	0	0	0	0	0	0	0	0	0	0	0
05.500,00.000	30	5.5	-200	0	4.5	163.645	78.1899	49.4413	20.6035	10.2136	1.55551	0	0	0	3.64107	0	0	0	0	0	0	0	0	0	0	0
05.500,00.000	30.1	5.5	-200	0	4.5	166.903	79.881	50.1228	20.8644	10.3756	1.7244	0	0	0	3.93518	0	0	0	0	0	0	0	0	0	0	0
05.500,00.000	30.2	5.5	-200	0	4.5	168.635	80.7882	50.4904	21.0086	10.4537	1.80067	0	0	0	4.0931	0	0	0	0	0	0	0	0	0	0	0
05.500,00.000	30.3	5.5	-200	0	4.5	170.368	81.6943	50.8665	21.1708	10.5136	1.87334	0	0	0	4.24994	0	0	0	0	0	0	0	0	0	0	0
05.500,00.000	30.4	5.5	-200	0	4.5	172.093	82.5948	51.2372	21.3468	10.5677	1.9417	0	0	0	4.40502	0	0	0	0	0	0	0	0	0	0	0
05.500,00.000	30.5	5.5	-200	0	4.5	173.791	83.2239	51.8584	21.5257	10.617	2.00663	0	0	0	4.55913	0	0	0	0	0	0	0	0	0	0	0
05.500,00.000	30.6	5.5	-200	0	4.5	179.139	84.9907	53.969	22.132	10.7688	2.20691	0	0	0	4.7234	0.347923	0	0	0	0	0	0	0	0	0	0
05.500,00.000	30.7	5.5	-200	0	4.5	181.353	85.7478	54.8125	22.4067	10.8197	2.28846	0	0	0	4.7234	0.554957	0	0	0	0	0	0	0	0	0	0
05.500,00.000	30.8	5.5	-200	0	4.5	181.467	85.7859	54.856	22.4221	10.8221	2.29223	0	0	0	4.7234	0.565733	0	0	0	0	0	0	0	0	0	0
05.500,00.000	30.9	5.5	-200	0	4.5	181.602	85.833	54.9066	22.4399	10.8246	2.29632	0	0	0	4.7234	0.578247	0	0	0	0	0	0	0	0	0	0
05.500,00.000	31	5.5	-200	0	4.5	185.695	87.271	56.4386	22.992	10.894	2.41208	0	0	0	4.7234	0.963472	0	0	0	0	0	0	0	0	0	0
05.500,00.000	31.1	5.5	-200	0	4.5	188.136	88.1325	57.3311	23.351	10.927	2.48021	0	0	0	4.7234	1.19094	0	0	0	0	0	0	0	0	0	0
05.500,00.000	31.2	5.5	-200	0	4.5	189.68	88.6907	57.8853	23.5629	10.9703	2.51613	0	0	0	4.7234	1.33117	0	0	0	0	0	0	0	0	0	0
05.500,00.000	31.3	5.5	-200	0	4.5	191.233	89.2579	58.4341	23.7808	11.0115	2.55438	5.55112e-14	0	0	4.7234	1.47056	0	0	0	0	0	0	0	0	0	0
05.500,00.000	31.4	5.5	-200	0	4.5	192.789	89.8189	58.9952	23.9684	11.0502	2.59283	0.0318682	0	0	4.7234	1.60819	0	0	0	0	0	0	0	0	0	0
05.500,00.000	31.5	5.5	-200	0	4.5	194.309	90.371	59.5443	24.1506	11.0864	2.62679	0.062504	0	0	4.7234	1.74383	0	0	0	0	0	0	0	0	0	0
05.500,00.000	31.6	5.5	-200	0	4.5	198.152	91.7414	60.9104	24.5974	11.2395	2.70173	0.140275	0	0	4.7234	2.09793	0	0	0	0	0	0	0	0	0	0
05.500,00.000	31.7	5.5	-200	0	4.5	198.836	92.0789	60.9792	24.7153	11.2854	2.72139	0.157068	0	0	4.7234	2.1756	0	0	0	0	0	0	0	0	0	0
05.500,00.000	31.8	5.5	-200	0	4.5	199.646	92.4258	61.169	24.819	11.338	2.7352	0.174665	0	0	4.7234	2.26092	0	0	0	0	0	0	0	0	0	0
05.500,00.000	31.9	5.5	-200	0	4.5	201.48	93.2759	61.5559	25.0462	11.4558	2.76153	0.21236	0	0	4.7234	2.44903	0	0	0	0	0	0	0	0	0	0
05.500,00.000	32	5.5	-200	0	4.5	202.917	93.9355	61.8521	25.2211	11.5752	2.7786	0.24	0	0	4.7234	2.59129	0	0	0	0	0	0	0	0	0	0
05.500,00.000	32.1	5.5	-200	0	4.5	204.191	94.5228	62.1172	25.3702	11.6854	2.79075	0.263674	0	0	4.7234	2.71788	0	0	0	0	0	0	0	0	0	0
05.500,00.000	32.2	5.5	-200	0	4.5	205.502	95.1445	62.3981	25.5137	11.7957	2.80085	0.285688	0	0	4.7234	2.84008	0	0	0	0	0	0	0	0	0	0
05.500,00.000	32.3	5.5	-200	0	4.5	206.847	95.7712	62.7071	25.6561	11.9102	2.80913	0.306851	0	0	4.7234	2.96252	0	0	0	0	0	0	0	0	0	0
05.500,00.000	32.4	5.5	-200	0	4.5	208.193	96.4107	63.0142	25.7929	12.0266	2.81548	0.326719	0	0	4.7234	3.0826	0	0	0	0	0	0	0	0	0	0
05.500,00.000	32.5	5.5	-200	0	4.5	209.562	97.0889	63.3138	25.9253	12.1447	2.81989	0.34532	0	0	4.7234	3.20047	0	0	0	0	0	0	0	0	0	0
05.500,00.000	32.6	5.5	-200	0	4.5	212.117	98.297	63.8789	26.183	12.3901	2.82468	0.38107	0	0	4.7234	3.43944	0	0	0	0	0	0	0	0	0	0
05.500,00.000	32.7	5.5	-200	0	4.5	212.755	98.6161	64.0135	26.2458	12.4472	2.82563	0.388988	0	0	4.7234	3.49412	0	0	0	0	0	0	0	0	0	0
05.500,00.000	32.8	5.5	-200	0	4.5	214.121	99.2708	64.2977	26.3772	12.6002	2.82581	0.405654	0	0	4.7234	3.62034	0	0	0	0	0	0	0	0	0	0
05.500,00.000	32.9	5.5	-200	0	4.5	216.961	100.749	64.8219	26.6163	12.9361	2.82581	0.434565	0	0	4.7234	3.8534	0	0	0	0	0	0	0	0	0	0
05.500,00.000	33	5.5	-200	0	4.5	217.565	101.048	64.9393	26.6693	13.0147	2.82582	0.440533	0	0	4.7234	3.90368	0	0	0	0	0	0	0	0	0	0
05.500,00.000	33.1	5.5	-200	0	4.5	219.707	102.133	65.3329	26.8431	13.3079	2.82582	0.459168	0	0	4.7234	4.08136	0	0	0	0	0	0	0	0	0	0
05.500,00.000	33.2	5.5	-200	0	4.5	221.35	102.976	65.6529	26.9671	13.5238	2.82582	0.471623	0	0	4.7234	4.20886	0	0	0	0	0	0	0	0	0	0
05.500,00.000	33.3	5.5	-200	0	4.5	222.747	103.714	65.9136	27.065	13.7095	2.82582	0.480765	0	0	4.7234	4.31443	0	0	0	0	0	0	0	0	0	0
05.500,00.000	33.4	5.5	-200	0	4.5	224.136	104.459	66.1671	27.1575	13.8969	2.82582	0.488639	0	0	4.7234	4.41718	0	0	0	0	0	0	0	0	0	0
05.500,00.000	33.5	5.5	-200	0	4.5	225.526	105.205	66.4164	27.2453	14.0963	2.82582	0.495314	0	0	4.7234	4.51827	0	0	0	0	0	0	0	0	0	0
05.500,00.000	33.6	5.5	-200	0	4.5	228.692	106.688	67.007	27.4623	14.6923	2.82582	0.509752	0	0	4.7234	4.78346	0	0	0	0	0	0	0	0	0	0
05.500,00.000	33.7	5.5	-200	0	4.5	231.416	107.992	67.6246	27.6232	15.1052	2.8754	0.517459	0	0	4.7234	4.95464	0	0	0	0	0	0	0	0	0	0
05.500,00.000	33.8	5.5	-200	0	4.5	231.717	108.127	67.6954	27.6445	15.1532	2.88123	0.518134	0	0	4.7234	4.97404	0	0	0	0	0	0	0	0	0	0
05.500,00.000	33.9	5.5	-200	0	4.5	233.51	108.994	68.1006	27.7526	15.4249	2.91476	0.520068	0	0	4.7234	5.08009	0	0	0	0	0	0	0	0	0	0
05.500,00.000	34	5.5	-200	0	4.5	236.497	110.38	68.8305	27.9262	15.8878	2.9725	0.521295	0	0	4.7234	5.25562	0	0	0	0	0	0	0	0	0	0
05.500,00.000	34.1	5.5	-200	0	4.5	238.357	111.281	69.2876	28.0225	16.1588	3.00667	0.521346	0	0	4.7234	5.35599	0	0	0	0	0	0	0	0	0	0
05.500,00.000	34.2	5.5	-200	0	4.5	239.841	112.006	69.651	28.0923	16.3798	3.03404	0.521346	0	0	4.7234	5.43295	0	0	0	0	0	0	0	0	0	0
05.500,00.000	34.3	5.5	-200	0	4.5	241.635	112.857	70.0875	28.1688	16.6492	3.10709	0.521346	0	0	4.7234	5.5212	0	0	0	0	0	0	0	0	0	0
05.500,00.000	34.4	5.5	-200	0	4.5	243.516	113.762	70.5268	28.239	16.9116	3.22607	0.521346	0	0	4.7234	5.60573	0	0	0	0	0	0	0	0	0	0
05.500,00.000	34.5	5.5	-200	0	4.5	245.435	114.686	70.9834	28.307	17.1743	3.34919	0.521346	0	0	4.7234	5.68967	0	0	0	0	0	0	0	0	0	0
05.500,00.000	34.6	5.5	-200	0	4.5	247.304	115.463	71.4784	28.3872	17.4613	3.48777	0.521346	0	0	4.7234	5.78166	0	0	0	0	0	0	0	0	0	0
05.500,00.000	34.7	5.5	-200	0	4.5	251.048	117.231	72.3966	28.5169	17.952	3.76577	0.521346	0	0	4.7234	5.94019	0	0	0	0	0	0	0	0	0	0
05.500,00.000	34.8	5.5	-200	0	4.5	252.265	117.762	72.714	28.5622	18.1193	3.87062	0.521346	0	0	4.7234	5.99253	0	0	0	0	0	0	0	0	0	0
05.500,00.000	34.9	5.5	-200	0	4.5	266.792	124.316	76.4641	28.9771	20.0222	5.0654	0.665745	0	0	4.7253	6.55631	0	0	0	0	0	0	0	0	0	0
05.500,00.000	35	5.5	-200	0	4.5	269.918	125.614	77.2397	29.0678	20.4786	5.32428	0.743705	0	0.0303164	4.7564	6.66241	0	0	0	0	0	0	0	0	0	0
05.500,00.000	35.1	5.5	-200	0	4.5	282.79	131.026	80.4752	29.414	22.0247	6.54058	1.00781	0	0.25552	4.95486	7.09136	0	0	0	0	0	0	0	0	0	0
05.500,00.000	35.2	5.5	-200	0	4.5	288.988	133.719	81.7633	29.5883	22.6687	7.2609	1.12476	0	0.486837	5.10024	7.27642	0	0	0	0	0	0	0	0	0	0
05.500,00.000	35.3	5.5	-200	0	4.5	291.589	134.828	82.3371	29.649	22.9236	7.5786	1.17063	0	0.584189	5.16574	7.35304	0	0	0	0	0	0	0	0	0	0
05.500,00.000	35.4	5.5	-200	0	4.5	293.692	135.734	82.7976	29.695	23.1189	7.83681	1.20603	0	0.666576	5.22385	7.41279	0	0	0	0	0	0	0	0	0	0
05.500,00.000	35.5	5.5	-200	0	4.5	296.199	136.811	83.3512	29.7436	23.3581	8.14655	1.24565	0	0.763821	5.29847	7.48115	0	0	0	0	0	0	0	0	0	0
05.500,00.000	35.6	5.5	-200	0	4.5	298.566	137.635	83.9249	29.791	23.6265	8.48223	1.28644	0	0.871921	5.39572	7.5528	0	0	0	0	0	0	0	0	0	0
05.500,00.000	35.7	5.5	-200	0	4.5	308.267	141.355	86.188	30.0453	24.5858	9.65608	1.54558	0	1.28198	5.79206	7.81646	0	0	0	0	0	0	0	0	0	0
05.500,00.000	35.8	5.5	-200	0	4.5	323.038	146.548	89.8152	30.6749	25.9195	11.3263	1.93323	0	1.98482	6.6323	8.20419	0	0	0	0	0	0	0	0	0	0
05.500,00.000	35.9	5.5	-200	0	4.5	325.083	147.128	90.4178	30.7789	26.0797	11.5587	1.98722	0	2.10273	6.77316	8.25764	0	0	0	0	0	0	0	0	0	0
05.500,00.000	36	5.5	-200	0	4.5	339.752	151.972	94.2959	31.4246	27.1216	13.3253	2.32973	0	2.94763	7.74769	8.58794	0	0	0	0	0	0	0	0	0	0
05.500,00.000	36.1	5.5	-200	0	4.5	348.077	154.15	96.7779	31.7792	27.7219	14.4723	2.51929	0	3.46553	8.42155	8.76868	0	0	0	0	0	0	0	0	0	0
05.500,00.000	36.2	5.5	-200	0	4.5	351.042	154.995	97.6237	31.8992	27.936	14.8689	2.58376	0	3.64613	8.66029	8.82892	0	0	0	0	0	0	0	0	0	0
05.500,00.000	36.3	5.5	-200	0	4.5	353.591	155.782	98.3098	31.9984	28.1166	15.1974	2.63731	0	3.79988	8.87239	8.87787	0	0	0	0	0	0	0	0	0	0
05.500,00.000	36.4	5.5	-200	0	4.5	364.598	159.166	101.257	32.4217	28.8484	16.6	2.9098	0	4.48205	9.82749	9.08518	0	0	0	0	0	0	0	0	0	0
05.500,00.000	36.5	5.5	-200	0	4.5	366.938	159.873	101.873	32.5416	29.0152	16.8822	2.97381	0	4.62273	10.029	9.12682	0	0	0	0	0	0	0	0	0	0
05.500,00.000	36.6	5.5	-200	0	4.5	380.397	163.404	105.507	33.2473	29.8333	18.7213	3.36765	0	5.58344	11.3611	9.37232	0	0	0	0	0	0	0	0	0	0
05.500,00.000	36.7	5.5	-200	0	4.5	400.206	168.755	110.697	34.2081	30.9317	21.338	3.91303	0	7.12507	13.536	9.70287	0	0	0	0	0	0	0	0	0	0
05.500,00.000	36.8	5.5	-200	0	4.5	402.893	169.452	111.414	34.3375	31.082	21.6904	3.98653	0	7.34687	13.8383	9.67659	0.0698428	0	0	0	0	0	0	0	0	0
05.500,00.000	36.9	5.5	-200	0	4.5	410.489	171.649	113.466	34.6541	31.4233	22.6241	4.18075	0	7.93339	14.705	9.68089	0.172752	0	0	0	0	0	0	0	0	0
05.500,00.000	37	5.5	-200	0	4.5	413.24	172.457	114.189	34.7661	31.5479	22.9582	4.25018	0	8.16614	15.0141	9.68089	0.210595	0	0	0	0	0	0	0	0	0
05.500,00.000	37.1	5.5	-200	0	4.5	422.941	175.364	116.771	35.1313	31.9177	24.095	4.49398	0	8.93076	16.2218	9.68089	0.334471	0	0	0	0	0	0	0	0	0
05.500,00.000	37.2	5.5	-200	0	4.5	426.596	176.549	117.735	35.2612	32.0485	24.4776	4.58076	0	9.21603	16.6683	9.68089	0.378314	0	0	0	0	0	0	0	0	0
05.500,00.000	37.3	5.5	-200	0	4.5	428.843	177.249	118.347	35.337	32.1206	24.7252	4.62472	0	9.38716	16.9673	9.68089	0.403728	0	0	0	0	0	0	0	0	0
05.500,00.000	37.4	5.5	-200	0	4.5	447.309	183.252	122.975	35.9525	32.6637	26.7198	5.07563	0	10.7981	19.5878	9.68089	0.603561	0	0	0	0	0	0	0	0	0
05.500,00.000	37.5	5.5	-200	0	4.5	450.891	184.352	123.876	36.0812	32.7702	27.1482	5.16437	0	11.0945	20.0831	9.68089	0.641271	0	0	0	0	0	0	0	0	0
05.500,00.000	37.6	5.5	-200	0	4.5	465.397	188.617	127.529	36.5564	33.118	28.657	5.6672	0	12.3605	22.4198	9.68089	0.791638	0	0	0	0	0	0	0	0	0
05.500,00.000	37.7	5.5	-200	0	4.5	478.361	192.348	131.133	36.9385	33.4136	29.9378	6.18695	2.66454e-14	13.4211	24.3903	9.68089	0.910418	0	0	0	0	0	0	0	0	0
05.500,00.000	37.8	5.5	-200	0	4.5	479.769	192.735	131.539	36.9783	33.4456	30.0675	6.2541	0.0101713	13.5317	24.6038	9.68089	0.922255	0	0	0	0	0	0	0	0	0
05.500,00.000	37.9	5.5	-200	0	4.5	479.793	192.743	131.546	36.9789	33.446	30.07	6.25488	0.0103304	13.5335	24.608	9.68089	0.922433	0	0	0	0	0	0	0	0	0
05.500,00.000	38	5.5	-200	0	4.5	502.3	199.312	137.771	37.4836	33.7648	32.0702	7.39516	0.212547	15.1205	28.4214	9.68089	1.06753	0	0	0	0	0	0	0	0	0
05.500,00.000	38.1	5.5	-200	0	4.5	508.988	201.205	139.596	37.7009	33.8507	32.6445	7.83225	0.287232	15.5911	29.4917	9.68089	1.10784	0	0	0	0	0	0	0	0	0
05.500,00.000	38.2	5.5	-200	0	4.5	509.912	201.478	139.836	37.7248	33.861	32.7215	7.88676	0.297429	15.654	29.659	9.68089	1.11267	0	0	0	0	0	0	0	0	0
05.500,00.000	38.3	5.5	-200	0	4.5	516.612	203.437	141.588	37.8997	33.9155	33.2736	8.30096	0.36921	16.0943	30.9094	9.68089	1.14304	0	0	0	0	0	0	0	0	0
05.500,00.000	38.4	5.5	-200	0	4.5	520.855	204.665	142.722	38.0026	33.9462	33.6321	8.569	0.412887	16.3645	31.7001	9.68089	1.16007	0	0	0	0	0	0	0	0	0
05.500,00.000	38.5	5.5	-200	0	4.5	521.088	204.732	142.78	38.0096	33.9477	33.6512	8.58565	0.415304	16.3795	31.7445	9.68089	1.16093	0	0	0	0	0	0	0	0	0
05.500,00.000	38.6	5.5	-200	0	4.5	527.719	206.596	144.457	38.1703	33.9801	34.1495	9.04352	0.490164	16.8088	33.162	9.68089	1.18019	0	0	0	0	0	0	0	0	0
05.500,00.000	38.7	5.5	-200	0	4.5	530.015	207.24	145.031	38.2241	33.9907	34.3328	9.21029	0.525256	16.9502	33.6431	9.68089	1.18584	0	0	0	0	0	0	0	0	0
05.500,00.000	38.8	5.5	-200	0	4.5	532.278	207.897	145.593	38.271	33.9987	34.5145	9.35987	0.556643	17.0828	34.1337	9.68089	1.18935	0	0	0	0	0	0	0	0	0
05.500,00.000	38.9	5.5	-200	0	4.5	533.974	208.394	145.992	38.3057	34.0041	34.6357	9.48192	0.583371	17.1797	34.5256	9.68089	1.19106	0	0	0	0	0	0	0	0	0
05.500,00.000	39	5.5	-200	0	4.5	534.794	208.634	146.187	38.3195	34.0064	34.6977	9.54273	0.597007	17.2243	34.7132	9.68089	1.19134	0	0	0	0	0	0	0	0	0
05.500,00.000	39.1	5.5	-200	0	4.5	541.925	210.771	147.919	38.4309	34.0226	35.2106	10.0428	0.696774	17.7424	36.2174	9.68089	1.19134	0	0	0	0	0	0	0	0	0
05.500,00.000	39.2	5.5	-200	0	4.5	544.225	211.477	148.461	38.471	34.028	35.3705	10.2057	0.732091	17.924	36.684	9.68089	1.19134	0	0	0	0	0	0	0	0	0
05.500,00.000	39.3	5.5	-200	0	4.5	546.026	212.013	148.878	38.4955	34.0313	35.4986	10.3394	0.760213	18.0605	37.077	9.68089	1.19134	0	0	0	0	0	0	0	0	0
05.500,00.000	39.4	5.5	-200	0	4.5	549.039	212.93	149.599	38.538	34.0364	35.6965	10.5564	0.79959	18.2743	37.7365	9.68089	1.19134	0	0	0	0	0	0	0	0	0
05.500,00.000	39.5	5.5	-200	0	4.5	551.469	213.674	150.154	38.5685	34.04	35.8438	10.7621	0.839145	18.4504	38.2651	9.68089	1.19134	0	0	0	0	0	0	0	0	0
05.500,00.000	39.6	5.5	-200	0	4.5	553.991	214.45	150.755	38.603	34.0431	36.0021	10.9438	0.877099	18.6211	38.8239	9.68089	1.19134	0	0	0	0	0	0	0	0	0
05.500,00.000	39.7	5.5	-200	0	4.5	556.364	215.176	151.29	38.63	34.046	36.1398	11.1544	0.932801	18.7698	39.3533	9.68089	1.19134	0	0	0	0	0	0	0	0	0
05.500,00.000	39.8	5.5	-200	0	4.5	558.956	215.97	151.895	38.6615	34.049	36.2862	11.3655	0.979316	18.9213	39.9554	9.68089	1.19134	0	0	0	0	0	0	0	0	0
05.500,00.000	39.9	5.5	-200	0	4.5	561.465	216.722	152.482	38.6902	34.0515	36.4155	11.5736	1.02634	19.0601	40.5717	9.68089	1.19134	0	0	0	0	0	0	0	0	0
05.500,00.000	40	5.5	-200	0	4.5	563.885	217.455	153.034	38.7158	34.0539	36.5301	11.7991	1.08757	19.1938	41.1434	9.68089	1.19134	0	0	0	0	0	0	0	0	0
05.500,00.000	40.1	5.5	-200	0	4.5	566.278	218.183	153.589	38.7407	34.0557	36.6268	12.0329	1.15327	19.3235	41.7009	9.68089	1.19134	0	0	0	0	0	0	0	0	0
05.500,00.000	40.2	5.5	-200	0	4.5	568.705	218.905	154.158	38.7655	34.0573	36.7213	12.2381	1.20071	19.4498	42.337	9.68089	1.19134	0	0	0	0	0	0	0	0	0
05.500,00.000	40.3	5.5	-200	0	4.5	571.01	219.577	154.7	38.7873	34.0588	36.8077	12.4392	1.25076	19.5653	42.9511	9.68089	1.19134	0	0	0	0	0	0	0	0	0
05.500,00.000	40.4	5.5	-200	0	4.5	573.185	220.233	155.201	38.8056	34.06	36.8866	12.6642	1.31443	19.6791	43.4691	9.68089	1.19134	0	0	0	0	0	0	0	0	0
05.500,00.000	40.5	5.5	-200	0	4.5	575.467	220.882	155.73	38.8242	34.0611	36.9632	12.8808	1.37849	19.7876	44.0869	9.68089	1.19134	0	0	0	0	0	0	0	0	0
05.500,00.000	40.6	5.5	-200	0	4.5	577.535	221.398	156.295	38.8378	34.0617	37.0285	13.1145	1.46721	19.8916	44.5679	9.68089	1.19134	0	0	0	0	0	0	0	0	0
05.500,00.000	40.7	5.5	-200	0	4.5	579.637	221.886	156.862	38.8508	34.0623	37.0911	13.3127	1.52814	19.9855	45.1859	9.68089	1.19134	0	0	0	0	0	0	0	0	0
05.500,00.000	40.8	5.5	-200	0	4.5	581.741	222.37	157.42	38.8631	34.0627	37.1515	13.5101	1.58733	20.0782	45.8249	9.68089	1.19134	0	0	0	0	0	0	0	0	0
05.500,00.000	40.9	5.5	-200	0	4.5	583.746	222.846	157.962	38.8746	34.0628	37.2079	13.7425	1.67726	20.1692	46.3319	9.68089	1.19134	0	0	0	0	0	0	0	0	0
05.500,00.000	41	5.5	-200	0	4.5	585.75	223.299	158.491	38.885	34.0628	37.2588	13.9886	1.77092	20.2497	46.8715	9.68089	1.19134	0	0	0	0	0	0	0	0	0
05.500,00.000	41.1	5.5	-200	0	4.5	587.773	223.734	159.023	38.8949	34.0628	37.2985	14.2052	1.85184	20.3244	47.506	9.68089	1.19134	0	0	0	0	0	0	0	0	0
05.500,00.000	41.2	5.5	-200	0	4.5	589.725	224.122	159.579	38.9037	34.0628	37.3356	14.4068	1.92527	20.3991	48.1189	9.68089	1.19134	0	0	0	0	0	0	0	0	0
05.500,00.000	41.3	5.5	-200	0	4.5	591.537	224.424	160.163	38.9117	34.0628	37.3702	14.6337	2.02043	20.4713	48.6075	9.68089	1.19134	0	0	0	0	0	0	0	0	0
05.500,00.000	41.4	5.5	-200	0	4.5	593.4	224.681	160.763	38.9182	34.0628	37.4023	14.8488	2.11111	20.5298	49.2104	9.68089	1.19134	0	0	0	0	0	0	0	0	0
05.500,00.000	41.5	5.5	-200	0	4.5	595.174	224.938	161.373	38.9241	34.0628	37.4321	15.0712	2.2025	20.5933	49.7042	9.68089	1.19134	0	0	0	0	0	0	0	0	0
05.500,00.000	41.6	5.5	-200	0	4.5	596.917	225.156	161.921	38.9288	34.0628	37.4567	15.2814	2.29997	20.6486	50.2896	9.68089	1.19134	0	0	0	0	0	0	0	0	0
05.500,00.000	41.7	5.5	-200	0	4.5	598.586	225.373	162.491	38.9334	34.0628	37.4806	15.4957	2.40166	20.7029	50.7723	9.68089	1.19134	0	0	0	0	0	0	0	0	0
05.500,00.000	41.8	5.5	-200	0	4.5	600.303	225.567	163.048	38.9377	34.0628	37.5033	15.7025	2.51306	20.7515	51.3448	9.68089	1.19134	0	0	0	0	0	0	0	0	0
05.500,00.000	41.9	5.5	-200	0	4.5	602.065	225.75	163.621	38.942	34.0628	37.5264	15.9128	2.63131	20.7971	51.949	9.68089	1.19134	0	0	0	0	0	0	0	0	0
05.500,00.000	42	5.5	-200	0	4.5	603.716	225.925	164.189	38.9463	34.0628	37.5525	16.125	2.75725	20.8423	52.4435	9.68089	1.19134	0	0	0	0	0	0	0	0	0