
label	time(d)	x	depth	z	radius	total	0-10	10-20	20-30	30-40	40-50	50-60	60-70	70-80	80-90	90-100	100-110	110-120	120-130	130-140	140-150	150-160	160-170	170-180	180-190	190-200
05.500,00.000	0	5.5	-200	0	4.5	0	0	0	0	0	0	0	0	0	0	0	0	0	0	0	0	0	0	0	0	0
05.500,00.000	0.1	5.5	-200	0	4.5	0	0	0	0	0	0	0	0	0	0	0	0	0	0	0	0	0	0	0	0	0
05.500,00.000	0.2	5.5	-200	0	4.5	0	0	0	0	0	0	0	0	0	0	0	0	0	0	0	0	0	0	0	0	0
05.500,00.000	0.3	5.5	-200	0	4.5	0	0	0	0	0	0	0	0	0	0	0	0	0	0	0	0	0	0	0	0	0
05.500,00.000	0.4	5.5	-200	0	4.5	0	0	0	0	0	0	0	0	0	0	0	0	0	0	0	0	0	0	0	0	0
05.500,00.000	0.5	5.5	-200	0	4.5	0	0	0	0	0	0	0	0	0	0	0	0	0	0	0	0	0	0	0	0	0
05.500,00.000	0.6	5.5	-200	0	4.5	0	0	0	0	0	0	0	0	0	0	0	0	0	0	0	0	0	0	0	0	0
05.500,00.000	0.7	5.5	-200	0	4.5	0	0	0	0	0	0	0	0	0	0	0	0	0	0	0	0	0	0	0	0	0
05.500,00.000	0.8	5.5	-200	0	4.5	0	0	0	0	0	0	0	0	0	0	0	0	0	0	0	0	0	0	0	0	0
05.500,00.000	0.9	5.5	-200	0	4.5	0	0	0	0	0	0	0	0	0	0	0	0	0	0	0	0	0	0	0	0	0
05.500,00.000	1	5.5	-200	0	4.5	0	0	0	0	0	0	0	0	0	0	0	0	0	0	0	0	0	0	0	0	0
05.500,00.000	1.1	5.5	-200	0	4.5	0	0	0	0	0	0	0	0	0	0	0	0	0	0	0	0	0	0	0	0	0
05.500,00.000	1.2	5.5	-200	0	4.5	0	0	0	0	0	0	0	0	0	0	0	0	0	0	0	0	0	0	0	0	0
05.500,00.000	1.3	5.5	-200	0	4.5	0	0	0	0	0	0	0	0	0	0	0	0	0	0	0	0	0	0	0	0	0
05.500,00.000	1.4	5.5	-200	0	4.5	0	0	0	0	0	0	0	0	0	0	0	0	0	0	0	0	0	0	0	0	0
05.500,00.000	1.5	5.5	-200	0	4.5	0	0	0	0	0	0	0	0	0	0	0	0	0	0	0	0	0	0	0	0	0
05.500,00.000	1.6	5.5	-200	0	4.5	0	0	0	0	0	0	0	0	0	0	0	0	0	0	0	0	0	0	0	0	0
05.500,00.000	1.7	5.5	-200	0	4.5	0	0	0	0	0	0	0	0	0	0	0	0	0	0	0	0	0	0	0	0	0
05.500,00.000	1.8	5.5	-200	0	4.5	0	0	0	0	0	0	0	0	0	0	0	0	0	0	0	0	0	0	0	0	0
05.500,00.000	1.9	5.5	-200	0	4.5	0	0	0	0	0	0	0	0	0	0	0	0	0	0	0	0	0	0	0	0	0
05.500,00.000	2	5.5	-200	0	4.5	0	0	0	0	0	0	0	0	0	0	0	0	0	0	0	0	0	0	0	0	0
05.500,00.000	2.1	5.5	-200	0	4.5	0	0	0	0	0	0	0	0	0	0	0	0	0	0	0	0	0	0	0	0	0
05.500,00.000	2.2	5.5	-200	0	4.5	0	0	0	0	0	0	0	0	0	0	0	0	0	0	0	0	0	0	0	0	0
05.500,00.000	2.3	5.5	-200	0	4.5	0	0	0	0	0	0	0	0	0	0	0	0	0	0	0	0	0	0	0	0	0
05.500,00.000	2.4	5.5	-200	0	4.5	0	0	0	0	0	0	0	0	0	0	0	0	0	0	0	0	0	0	0	0	0
05.500,00.000	2.5	5.5	-200	0	4.5	0	0	0	0	0	0	0	0	0	0	0	0	0	0	0	0	0	0	0	0	0
05.500,00.000	2.6	5.5	-200	0	4.5	0	0	0	0	0	0	0	0	0	0	0	0	0	0	0	0	0	0	0	0	0
05.500,00.000	2.7	5.5	-200	0	4.5	0	0	0	0	0	0	0	0	0	0	0	0	0	0	0	0	0	0	0	0	0
05.500,00.000	2.8	5.5	-200	0	4.5	0.0839356	0.0839356	0	0	0	0	0	0	0	0	0	0	0	0	0	0	0	0	0	0	0
05.500,00.000	2.9	5.5	-200	0	4.5	0.320498	0.320498	0	0	0	0	0	0	0	0	0	0	0	0	0	0	0	0	0	0	0
05.500,00.000	3	5.5	-200	0	4.5	0.586892	0.586892	0	0	0	0	0	0	0	0	0	0	0	0	0	0	0	0	0	0	0
05.500,00.000	3.1	5.5	-200	0	4.5	0.869808	0.869808	0	0	0	0	0	0	0	0	0	0	0	0	0	0	0	0	0	0	0
05.500,00.000	3.2	5.5	-200	0	4.5	1.14682	1.14682	0	0	0	0	0	0	0	0	0	0	0	0	0	0	0	0	0	0	0
05.500,00.000	3.3	5.5	-200	0	4.5	1.45075	1.45075	0	0	0	0	0	0	0	0	0	0	0	0	0	0	0	0	0	0	0
05.500,00.000	3.4	5.5	-200	0	4.5	1.93111	1.93111	0	0	0	0	0	0	0	0	0	0	0	0	0	0	0	0	0	0	0
05.500,00.000	3.5	5.5	-200	0	4.5	2.40545	2.40545	0	0	0	0	0	0	0	0	0	0	0	0	0	0	0	0	0	0	0
05.500,00.000	3.6	5.5	-200	0	4.5	2.86414	2.86414	0	0	0	0	0	0	0	0	0	0	0	0	0	0	0	0	0	0	0
05.500,00.000	3.7	5.5	-200	0	4.5	3.33447	3.33447	0	0	0	0	0	0	0	0	0	0	0	0	0	0	0	0	0	0	0
05.500,00.000	3.8	5.5	-200	0	4.5	3.8024	3.8024	0	0	0	0	0	0	0	0	0	0	0	0	0	0	0	0	0	0	0
05.500,00.000	3.9	5.5	-200	0	4.5	4.27303	4.27303	0	0	0	0	0	0	0	0	0	0	0	0	0	0	0	0	0	0	0
05.500,00.000	4	5.5	-200	0	4.5	4.75045	4.75045	0	0	0	0	0	0	0	0	0	0	0	0	0	0	0	0	0	0	0
05.500,00.000	4.1	5.5	-200	0	4.5	5.23196	5.23196	0	0	0	0	0	0	0	0	0	0	0	0	0	0	0	0	0	0	0
05.500,00.000	4.2	5.5	-200	0	4.5	5.7167	5.7167	0	0	0	0	0	0	0	0	0	0	0	0	0	0	0	0	0	0	0
05.500,00.000	4.3	5.5	-200	0	4.5	6.20412	6.20412	0	0	0	0	0	0	0	0	0	0	0	0	0	0	0	0	0	0	0
05.500,00.000	4.4	5.5	-200	0	4.5	6.69165	6.69165	0	0	0	0	0	0	0	0	0	0	0	0	0	0	0	0	0	0	0
05.500,00.000	4.5	5.5	-200	0	4.5	7.17238	7.17238	0	0	0	0	0	0	0	0	0	0	0	0	0	0	0	0	0	0	0
05.500,00.000	4.6	5.5	-200	0	4.5	7.64526	7.64526	0	0	0	0	0	0	0	0	0	0	0	0	0	0	0	0	0	0	0
05.500,00.000	4.7	5.5	-200	0	4.5	8.11225	8.11225	0	0	0	0	0	0	0	0	0	0	0	0	0	0	0	0	0	0	0
05.500,00.000	4.8	5.5	-200	0	4.5	8.57568	8.57568	0	0	0	0	0	0	0	0	0	0	0	0	0	0	0	0	0	0	0
05.500,00.000	4.9	5.5	-200	0	4.5	9.03703	9.03703	0	0	0	0	0	0	0	0	0	0	0	0	0	0	0	0	0	0	0
05.500,00.000	5	5.5	-200	0	4.5	9.49645	9.49645	0	0	0	0	0	0	0	0	0	0	0	0	0	0	0	0	0	0	0
05.500,00.000	5.1	5.5	-200	0	4.5	9.95619	9.95619	0	0	0	0	0	0	0	0	0	0	0	0	0	0	0	0	0	0	0
05.500,00.000	5.2	5.5	-200	0	4.5	10.4196	10.4196	0	0	0	0	0	0	0	0	0	0	0	0	0	0	0	0	0	0	0
05.500,00.000	5.3	5.5	-200	0	4.5	10.8861	10.8861	0	0	0	0	0	0	0	0	0	0	0	0	0	0	0	0	0	0	0
05.500,00.000	5.4	5.5	-200	0	4.5	11.2312	11.2312	0	0	0	0	0	0	0	0	0	0	0	0	0	0	0	0	0	0	0
05.500,00.000	5.5	5.5	-200	0	4.5	11.4822	11.4822	0	0	0	0	0	0	0	0	0	0	0	0	0	0	0	0	0	0	0
05.500,00.000	5.6	5.5	-200	0	4.5	11.7254	11.7254	0	0	0	0	0	0	0	0	0	0	0	0	0	0	0	0	0	0	0
05.500,00.000	5.7	5.5	-200	0	4.5	11.9759	11.9759	0	0	0	0	0	0	0	0	0	0	0	0	0	0	0	0	0	0	0
05.500,00.000	5.8	5.5	-200	0	4.5	12.2303	12.2303	0	0	0	0	0	0	0	0	0	0	0	0	0	0	0	0	0	0	0
05.500,00.000	5.9	5.5	-200	0	4.5	12.4841	12.4841	0	0	0	0	0	0	0	0	0	0	0	0	0	0	0	0	0	0	0
05.500,00.000	6	5.5	-200	0	4.5	12.7385	12.7385	0	0	0	0	0	0	0	0	0	0	0	0	0	0	0	0	0	0	0
05.500,00.000	6.1	5.5	-200	0	4.5	12.9946	12.9946	0	0	0	0	0	0	0	0	0	0	0	0	0	0	0	0	0	0	0
05.500,00.000	6.2	5.5	-200	0	4.5	13.2521	13.2521	0	0	0	0	0	0	0	0	0	0	0	0	0	0	0	0	0	0	0
05.500,00.000	6.3	5.5	-200	0	4.5	13.5103	13.5103	0	0	0	0	0	0	0	0	0	0	0	0	0	0	0	0	0	0	0
05.500,00.000	6.4	5.5	-200	0	4.5	13.7691	13.7691	0	0	0	0	0	0	0	0	0	0	0	0	0	0	0	0	0	0	0
05.500,00.000	6.5	5.5	-200	0	4.5	14.027	14.027	0	0	0	0	0	0	0	0	0	0	0	0	0	0	0	0	0	0	0
05.500,00.000	6.6	5.5	-200	0	4.5	14.2834	14.1861	0.0972697	0	0	0	0	0	0	0	0	0	0	0	0	0	0	0	0	0	0
05.500,00.000	6.7	5.5	-200	0	4.5	14.5384	14.1861	0.352265	0	0	0	0	0	0	0	0	0	0	0	0	0	0	0	0	0	0
05.500,00.000	6.8	5.5	-200	0	4.5	14.7919	14.1829	0.608992	0	0	0	0	0	0	0	0	0	0	0	0	0	0	0	0	0	0
05.500,00.000	6.9	5.5	-200	0	4.5	14.8977	14.1819	0.715708	0	0	0	0	0	0	0	0	0	0	0	0	0	0	0	0	0	0
05.500,00.000	7	5.5	-200	0	4.5	14.8977	14.182	0.715708	0	0	0	0	0	0	0	0	0	0	0	0	0	0	0	0	0	0
05.500,00.000	7.1	5.5	-200	0	4.5	14.8987	14.183	0.715708	0	0	0	0	0	0	0	0	0	0	0	0	0	0	0	0	0	0
05.500,00.000	7.2	5.5	-200	0	4.5	14.9	14.1843	0.715708	0	0	0	0	0	0	0	0	0	0	0	0	0	0	0	0	0	0
05.500,00.000	7.3	5.5	-200	0	4.5	14.9025	14.1868	0.715708	0	0	0	0	0	0	0	0	0	0	0	0	0	0	0	0	0	0
05.500,00.000	7.4	5.5	-200	0	4.5	14.9072	14.1915	0.715708	0	0	0	0	0	0	0	0	0	0	0	0	0	0	0	0	0	0
05.500,00.000	7.5	5.5	-200	0	4.5	14.9132	14.1975	0.715708	0	0	0	0	0	0	0	0	0	0	0	0	0	0	0	0	0	0
05.500,00.000	7.6	5.5	-200	0	4.5	14.9224	14.2067	0.715708	0	0	0	0	0	0	0	0	0	0	0	0	0	0	0	0	0	0
05.500,00.000	7.7	5.5	-200	0	4.5	14.9366	14.2209	0.715708	0	0	0	0	0	0	0	0	0	0	0	0	0	0	0	0	0	0
05.500,00.000	7.8	5.5	-200	0	4.5	14.9546	14.2389	0.715708	0	0	0	0	0	0	0	0	0	0	0	0	0	0	0	0	0	0
05.500,00.000	7.9	5.5	-200	0	4.5	14.977	14.2613	0.715708	0	0	0	0	0	0	0	0	0	0	0	0	0	0	0	0	0	0
05.500,00.000	8	5.5	-200	0	4.5	15.0049	14.2892	0.715708	0	0	0	0	0	0	0	0	0	0	0	0	0	0	0	0	0	0
05.500,00.000	8.1	5.5	-200	0	4.5	15.0389	14.3232	0.715708	0	0	0	0	0	0	0	0	0	0	0	0	0	0	0	0	0	0
05.500,00.000	8.2	5.5	-200	0	4.5	15.0806	14.3649	0.715708	0	0	0	0	0	0	0	0	0	0	0	0	0	0	0	0	0	0
05.500,00.000	8.3	5.5	-200	0	4.5	15.131	14.4153	0.715708	0	0	0	0	0	0	0	0	0	0	0	0	0	0	0	0	0	0
05.500,00.000	8.4	5.5	-200	0	4.5	15.1886	14.4729	0.715708	0	0	0	0	0	0	0	0	0	0	0	0	0	0	0	0	0	0
05.500,00.000	8.5	5.5	-200	0	4.5	15.2719	14.5562	0.715708	0	0	0	0	0	0	0	0	0	0	0	0	0	0	0	0	0	0
05.500,00.000	8.6	5.5	-200	0	4.5	15.3947	14.679	0.715708	0	0	0	0	0	0	0	0	0	0	0	0	0	0	0	0	0	0
05.500,00.000	8.7	5.5	-200	0	4.5	15.526	14.8103	0.715708	0	0	0	0	0	0	0	0	0	0	0	0	0	0	0	0	0	0
05.500,00.000	8.8	5.5	-200	0	4.5	15.6707	14.955	0.715708	0	0	0	0	0	0	0	0	0	0	0	0	0	0	0	0	0	0
05.500,00.000	8.9	5.5	-200	0	4.5	15.8294	15.1137	0.715708	0	0	0	0	0	0	0	0	0	0	0	0	0	0	0	0	0	0
05.500,00.000	9	5.5	-200	0	4.5	16.007	15.2913	0.715708	0	0	0	0	0	0	0	0	0	0	0	0	0	0	0	0	0	0
05.500,00.000	9.1	5.5	-200	0	4.5	16.2047	15.489	0.715708	0	0	0	0	0	0	0	0	0	0	0	0	0	0	0	0	0	0
05.500,00.000	9.2	5.5	-200	0	4.5	16.4228	15.7071	0.715708	0	0	0	0	0	0	0	0	0	0	0	0	0	0	0	0	0	0
05.500,00.000	9.3	5.5	-200	0	4.5	16.6632	15.9475	0.715708	0	0	0	0	0	0	0	0	0	0	0	0	0	0	0	0	0	0
05.500,00.000	9.4	5.5	-200	0	4.5	16.9239	16.2082	0.715708	0	0	0	0	0	0	0	0	0	0	0	0	0	0	0	0	0	0
05.500,00.000	9.5	5.5	-200	0	4.5	17.2005	16.4848	0.715708	0	0	0	0	0	0	0	0	0	0	0	0	0	0	0	0	0	0
05.500,00.000	9.6	5.5	-200	0	4.5	17.494	16.7783	0.715708	0	0	0	0	0	0	0	0	0	0	0	0	0	0	0	0	0	0
05.500,00.000	9.7	5.5	-200	0	4.5	17.8052	17.0895	0.715708	0	0	0	0	0	0	0	0	0	0	0	0	0	0	0	0	0	0
05.500,00.000	9.8	5.5	-200	0	4.5	18.1366	17.4209	0.715708	0	0	0	0	0	0	0	0	0	0	0	0	0	0	0	0	0	0
05.500,00.000	9.9	5.5	-200	0	4.5	18.5167	17.801	0.715708	0	0	0	0	0	0	0	0	0	0	0	0	0	0	0	0	0	0
05.500,00.000	10	5.5	-200	0	4.5	18.9418	18.2261	0.715708	0	0	0	0	0	0	0	0	0	0	0	0	0	0	0	0	0	0
05.500,00.000	10.1	5.5	-200	0	4.5	19.3904	18.6747	0.715708	0	0	0	0	0	0	0	0	0	0	0	0	0	0	0	0	0	0
05.500,00.000	10.2	5.5	-200	0	4.5	19.8668	19.1511	0.715708	0	0	0	0	0	0	0	0	0	0	0	0	0	0	0	0	0	0
05.500,00.000	10.3	5.5	-200	0	4.5	20.3716	19.6559	0.715708	0	0	0	0	0	0	0	0	0	0	0	0	0	0	0	0	0	0
05.500,00.000	10.4	5.5	-200	0	4.5	20.9024	20.1866	0.715708	0	0	0	0	0	0	0	0	0	0	0	0	0	0	0	0	0	0
05.500,00.000	10.5	5.5	-200	0	4.5	21.45	20.7343	0.715708	0	0	0	0	0	0	0	0	0	0	0	0	0	0	0	0	0	0
05.500,00.000	10.6	5.5	-200	0	4.5	22.0161	21.3004	0.715708	0	0	0	0	0	0	0	0	0	0	0	0	0	0	0	0	0	0
05.500,00.000	10.7	5.5	-200	0	4.5	22.6029	21.8872	0.715708	0	0	0	0	0	0	0	0	0	0	0	0	0	0	0	0	0	0
05.500,00.000	10.8	5.5	-200	0	4.5	23.2161	22.5004	0.715708	0	0	0	0	0	0	0	0	0	0	0	0	0	0	0	0	0	0
05.500,00.000	10.9	5.5	-200	0	4.5	23.8669	23.151	0.715909	0	0	0	0	0	0	0	0	0	0	0	0	0	0	0	0	0	0
05.500,00.000	11	5.5	-200	0	4.5	24.559	23.841	0.717994	0	0	0	0	0	0	0	0	0	0	0	0	0	0	0	0	0	0
05.500,00.000	11.1	5.5	-200	0	4.5	25.2754	24.5518	0.723641	0	0	0	0	0	0	0	0	0	0	0	0	0	0	0	0	0	0
05.500,00.000	11.2	5.5	-200	0	4.5	26.0315	25.2995	0.731958	0	0	0	0	0	0	0	0	0	0	0	0	0	0	0	0	0	0
05.500,00.000	11.3	5.5	-200	0	4.5	26.8282	26.0852	0.743001	0	0	0	0	0	0	0	0	0	0	0	0	0	0	0	0	0	0
05.500,00.000	11.4	5.5	-200	0	4.5	27.659	26.9023	0.756759	0	0	0	0	0	0	0	0	0	0	0	0	0	0	0	0	0	0
05.500,00.000	11.5	5.5	-200	0	4.5	28.5092	27.7362	0.77303	0	0	0	0	0	0	0	0	0	0	0	0	0	0	0	0	0	0
05.500,00.000	11.6	5.5	-200	0	4.5	29.3829	28.5911	0.791732	0	0	0	0	0	0	0	0	0	0	0	0	0	0	0	0	0	0
05.500,00.000	11.7	5.5	-200	0	4.5	30.2713	29.4585	0.812839	0	0	0	0	0	0	0	0	0	0	0	0	0	0	0	0	0	0
05.500,00.000	11.8	5.5	-200	0	4.5	31.1872	30.3489	0.838319	0	0	0	0	0	0	0	0	0	0	0	0	0	0	0	0	0	0
05.500,00.000	11.9	5.5	-200	0	4.5	32.335	31.4605	0.874495	0	0	0	0	0	0	0	0	0	0	0	0	0	0	0	0	0	0
05.500,00.000	12	5.5	-200	0	4.5	33.6126	32.6991	0.913544	0	0	0	0	0	0	0	0	0	0	0	0	0	0	0	0	0	0
05.500,00.000	12.1	5.5	-200	0	4.5	34.9415	33.9865	0.954998	0	0	0	0	0	0	0	0	0	0	0	0	0	0	0	0	0	0
05.500,00.000	12.2	5.5	-200	0	4.5	36.2869	35.2887	0.998177	0	0	0	0	0	0	0	0	0	0	0	0	0	0	0	0	0	0
05.500,00.000	12.3	5.5	-200	0	4.5	37.6386	36.5958	1.04285	0	0	0	0	0	0	0	0	0	0	0	0	0	0	0	0	0	0
05.500,00.000	12.4	5.5	-200	0	4.5	39.0039	37.9152	1.0887	0	0	0	0	0	0	0	0	0	0	0	0	0	0	0	0	0	0
05.500,00.000	12.5	5.5	-200	0	4.5	40.3724	39.2373	1.13509	0	0	0	0	0	0	0	0	0	0	0	0	0	0	0	0	0	0
05.500,00.000	12.6	5.5	-200	0	4.5	41.7432	40.5839	1.15928	0	0	0	0	0	0	0	0	0	0	0	0	0	0	0	0	0	0
05.500,00.000	12.7	5.5	-200	0	4.5	43.0986	41.9131	1.18552	0	0	0	0	0	0	0	0	0	0	0	0	0	0	0	0	0	0
05.500,00.000	12.8	5.5	-200	0	4.5	44.4092	43.1977	1.21152	0	0	0	0	0	0	0	0	0	0	0	0	0	0	0	0	0	0
05.500,00.000	12.9	5.5	-200	0	4.5	45.7638	44.525	1.23885	0	0	0	0	0	0	0	0	0	0	0	0	0	0	0	0	0	0
05.500,00.000	13	5.5	-200	0	4.5	47.1959	45.9251	1.27081	0	0	0	0	0	0	0	0	0	0	0	0	0	0	0	0	0	0
05.500,00.000	13.1	5.5	-200	0	4.5	48.6829	47.1201	1.56279	0	0	0	0	0	0	0	0	0	0	0	0	0	0	0	0	0	0
05.500,00.000	13.2	5.5	-200	0	4.5	50.2127	48.3414	1.87134	0	0	0	0	0	0	0	0	0	0	0	0	0	0	0	0	0	0
05.500,00.000	13.3	5.5	-200	0	4.5	51.7811	49.5981	2.18293	0	0	0	0	0	0	0	0	0	0	0	0	0	0	0	0	0	0
05.500,00.000	13.4	5.5	-200	0	4.5	53.4051	50.8865	2.51851	0	0	0	0	0	0	0	0	0	0	0	0	0	0	0	0	0	0
05.500,00.000	13.5	5.5	-200	0	4.5	55.0505	52.1887	2.86173	0	0	0	0	0	0	0	0	0	0	0	0	0	0	0	0	0	0
05.500,00.000	13.6	5.5	-200	0	4.5	56.9266	53.6729	3.25375	0	0	0	0	0	0	0	0	0	0	0	0	0	0	0	0	0	0
05.500,00.000	13.7	5.5	-200	0	4.5	58.6877	55.0656	3.62212	0	0	0	0	0	0	0	0	0	0	0	0	0	0	0	0	0	0
05.500,00.000	13.8	5.5	-200	0	4.5	60.0675	56.159	3.90853	0	0	0	0	0	0	0	0	0	0	0	0	0	0	0	0	0	0
05.500,00.000	13.9	5.5	-200	0	4.5	61.8388	57.5506	4.28827	0	0	0	0	0	0	0	0	0	0	0	0	0	0	0	0	0	0
05.500,00.000	14	5.5	-200	0	4.5	63.603	58.9343	4.6687	0	0	0	0	0	0	0	0	0	0	0	0	0	0	0	0	0	0
05.500,00.000	14.1	5.5	-200	0	4.5	65.361	60.3195	5.04143	0	0	0	0	0	0	0	0	0	0	0	0	0	0	0	0	0	0
05.500,00.000	14.2	5.5	-200	0	4.5	67.1544	61.7396	5.41481	0	0	0	0	0	0	0	0	0	0	0	0	0	0	0	0	0	0
05.500,00.000	14.3	5.5	-200	0	4.5	68.9974	63.2064	5.791	0	0	0	0	0	0	0	0	0	0	0	0	0	0	0	0	0	0
05.500,00.000	14.4	5.5	-200	0	4.5	70.8653	64.6947	6.17057	0	0	0	0	0	0	0	0	0	0	0	0	0	0	0	0	0	0
05.500,00.000	14.5	5.5	-200	0	4.5	72.7348	66.1835	6.55121	0	0	0	0	0	0	0	0	0	0	0	0	0	0	0	0	0	0
05.500,00.000	14.6	5.5	-200	0	4.5	75.1699	68.1246	7.04527	0	0	0	0	0	0	0	0	0	0	0	0	0	0	0	0	0	0
05.500,00.000	14.7	5.5	-200	0	4.5	77.234	69.7677	7.46632	0	0	0	0	0	0	0	0	0	0	0	0	0	0	0	0	0	0
05.500,00.000	14.8	5.5	-200	0	4.5	78.5796	70.8273	7.75231	0	0	0	0	0	0	0	0	0	0	0	0	0	0	0	0	0	0
05.500,00.000	14.9	5.5	-200	0	4.5	80.6689	72.4655	8.2034	0	0	0	0	0	0	0	0	0	0	0	0	0	0	0	0	0	0
05.500,00.000	15	5.5	-200	0	4.5	82.6755	74.0416	8.63386	0	0	0	0	0	0	0	0	0	0	0	0	0	0	0	0	0	0
05.500,00.000	15.1	5.5	-200	0	4.5	84.6052	75.5665	9.03864	0	0	0	0	0	0	0	0	0	0	0	0	0	0	0	0	0	0
05.500,00.000	15.2	5.5	-200	0	4.5	86.5556	77.1075	9.44812	0	0	0	0	0	0	0	0	0	0	0	0	0	0	0	0	0	0
05.500,00.000	15.3	5.5	-200	0	4.5	88.522	78.6631	9.85887	0	0	0	0	0	0	0	0	0	0	0	0	0	0	0	0	0	0
05.500,00.000	15.4	5.5	-200	0	4.5	90.4987	80.2319	10.2668	0	0	0	0	0	0	0	0	0	0	0	0	0	0	0	0	0	0
05.500,00.000	15.5	5.5	-200	0	4.5	93.284	82.4433	10.8407	0	0	0	0	0	0	0	0	0	0	0	0	0	0	0	0	0	0
05.500,00.000	15.6	5.5	-200	0	4.5	96.044	84.6047	11.4393	0	0	0	0	0	0	0	0	0	0	0	0	0	0	0	0	0	0
05.500,00.000	15.7	5.5	-200	0	4.5	98.2682	86.2877	11.9805	0	0	0	0	0	0	0	0	0	0	0	0	0	0	0	0	0	0
05.500,00.000	15.8	5.5	-200	0	4.5	99.4611	87.1678	12.2932	0	0	0	0	0	0	0	0	0	0	0	0	0	0	0	0	0	0
05.500,00.000	15.9	5.5	-200	0	4.5	101.222	88.4776	12.744	0	0	0	0	0	0	0	0	0	0	0	0	0	0	0	0	0	0
05.500,00.000	16	5.5	-200	0	4.5	103.638	90.2701	13.3676	0	0	0	0	0	0	0	0	0	0	0	0	0	0	0	0	0	0
05.500,00.000	16.1	5.5	-200	0	4.5	105.73	91.8078	13.9219	0	0	0	0	0	0	0	0	0	0	0	0	0	0	0	0	0	0
05.500,00.000	16.2	5.5	-200	0	4.5	107.774	93.2494	14.5246	0	0	0	0	0	0	0	0	0	0	0	0	0	0	0	0	0	0
05.500,00.000	16.3	5.5	-200	0	4.5	109.812	94.6805	15.1316	0	0	0	0	0	0	0	0	0	0	0	0	0	0	0	0	0	0
05.500,00.000	16.4	5.5	-200	0	4.5	111.843	96.1044	15.739	0	0	0	0	0	0	0	0	0	0	0	0	0	0	0	0	0	0
05.500,00.000	16.5	5.5	-200	0	4.5	116.267	99.1882	17.0789	0	0	0	0	0	0	0	0	0	0	0	0	0	0	0	0	0	0
05.500,00.000	16.6	5.5	-200	0	4.5	117.965	100.343	17.6221	0	0	0	0	0	0	0	0	0	0	0	0	0	0	0	0	0	0
05.500,00.000	16.7	5.5	-200	0	4.5	119.02	101.071	17.9137	0.0355832	0	0	0	0	0	0	0	0	0	0	0	0	0	0	0	0	0
05.500,00.000	16.8	5.5	-200	0	4.5	119.932	101.695	18.0642	0.173286	0	0	0	0	0	0	0	0	0	0	0	0	0	0	0	0	0
05.500,00.000	16.9	5.5	-200	0	4.5	120.208	101.882	18.0876	0.238033	0	0	0	0	0	0	0	0	0	0	0	0	0	0	0	0	0
05.500,00.000	17	5.5	-200	0	4.5	122.924	103.746	18.5729	0.605432	0	0	0	0	0	0	0	0	0	0	0	0	0	0	0	0	0
05.500,00.000	17.1	5.5	-200	0	4.5	125.06	105.196	18.9303	0.934177	0	0	0	0	0	0	0	0	0	0	0	0	0	0	0	0	0
05.500,00.000	17.2	5.5	-200	0	4.5	126.794	106.368	19.222	1.2036	0	0	0	0	0	0	0	0	0	0	0	0	0	0	0	0	0
05.500,00.000	17.3	5.5	-200	0	4.5	128.524	107.529	19.5213	1.4731	0	0	0	0	0	0	0	0	0	0	0	0	0	0	0	0	0
05.500,00.000	17.4	5.5	-200	0	4.5	130.237	108.673	19.8214	1.74235	0	0	0	0	0	0	0	0	0	0	0	0	0	0	0	0	0
05.500,00.000	17.5	5.5	-200	0	4.5	135.653	112.24	20.8039	2.60941	0	0	0	0	0	0	0	0	0	0	0	0	0	0	0	0	0
05.500,00.000	17.6	5.5	-200	0	4.5	136.701	112.931	20.9876	2.78223	0	0	0	0	0	0	0	0	0	0	0	0	0	0	0	0	0
05.500,00.000	17.7	5.5	-200	0	4.5	139.053	114.405	21.4746	3.17391	0	0	0	0	0	0	0	0	0	0	0	0	0	0	0	0	0
05.500,00.000	17.8	5.5	-200	0	4.5	139.573	114.724	21.5889	3.26072	0	0	0	0	0	0	0	0	0	0	0	0	0	0	0	0	0
05.500,00.000	17.9	5.5	-200	0	4.5	139.961	114.957	21.6757	3.32796	0	0	0	0	0	0	0	0	0	0	0	0	0	0	0	0	0
05.500,00.000	18	5.5	-200	0	4.5	142.782	116.662	22.3011	3.81934	0	0	0	0	0	0	0	0	0	0	0	0	0	0	0	0	0
05.500,00.000	18.1	5.5	-200	0	4.5	144.704	117.834	22.7416	4.12791	0	0	0	0	0	0	0	0	0	0	0	0	0	0	0	0	0
05.500,00.000	18.2	5.5	-200	0	4.5	146.006	118.711	23.0874	4.20703	0	0	0	0	0	0	0	0	0	0	0	0	0	0	0	0	0
05.500,00.000	18.3	5.5	-200	0	4.5	147.268	119.561	23.436	4.27145	0	0	0	0	0	0	0	0	0	0	0	0	0	0	0	0	0
05.500,00.000	18.4	5.5	-200	0	4.5	148.499	120.383	23.7898	4.32635	0	0	0	0	0	0	0	0	0	0	0	0	0	0	0	0	0
05.500,00.000	18.5	5.5	-200	0	4.5	153.419	123.73	25.155	4.53376	0	0	0	0	0	0	0	0	0	0	0	0	0	0	0	0	0
05.500,00.000	18.6	5.5	-200	0	4.5	154.515	124.48	25.4394	4.59555	0	0	0	0	0	0	0	0	0	0	0	0	0	0	0	0	0
05.500,00.000	18.7	5.5	-200	0	4.5	157.818	126.718	26.3612	4.73839	0	0	0	0	0	0	0	0	0	0	0	0	0	0	0	0	0
05.500,00.000	18.8	5.5	-200	0	4.5	158.598	127.198	26.6265	4.77389	0	0	0	0	0	0	0	0	0	0	0	0	0	0	0	0	0
05.500,00.000	18.9	5.5	-200	0	4.5	160.063	128.111	27.1117	4.84025	0	0	0	0	0	0	0	0	0	0	0	0	0	0	0	0	0
05.500,00.000	19	5.5	-200	0	4.5	162.487	129.585	27.952	4.94954	0	0	0	0	0	0	0	0	0	0	0	0	0	0	0	0	0
05.500,00.000	19.1	5.5	-200	0	4.5	163.988	130.477	28.4938	5.01685	0	0	0	0	0	0	0	0	0	0	0	0	0	0	0	0	0
05.500,00.000	19.2	5.5	-200	0	4.5	165.192	131.193	28.9284	5.07038	0	0	0	0	0	0	0	0	0	0	0	0	0	0	0	0	0
05.500,00.000	19.3	5.5	-200	0	4.5	166.379	131.886	29.3639	5.12981	0	0	0	0	0	0	0	0	0	0	0	0	0	0	0	0	0
05.500,00.000	19.4	5.5	-200	0	4.5	167.544	132.551	29.7982	5.19429	0	0	0	0	0	0	0	0	0	0	0	0	0	0	0	0	0
05.500,00.000	19.5	5.5	-200	0	4.5	168.687	133.19	30.2286	5.26794	0	0	0	0	0	0	0	0	0	0	0	0	0	0	0	0	0
05.500,00.000	19.6	5.5	-200	0	4.5	170.728	134.306	31.0044	5.4174	0	0	0	0	0	0	0	0	0	0	0	0	0	0	0	0	0
05.500,00.000	19.7	5.5	-200	0	4.5	171.18	134.548	31.1818	5.45045	0	0	0	0	0	0	0	0	0	0	0	0	0	0	0	0	0
05.500,00.000	19.8	5.5	-200	0	4.5	174.061	136.059	32.3522	5.64952	0	0	0	0	0	0	0	0	0	0	0	0	0	0	0	0	0
05.500,00.000	19.9	5.5	-200	0	4.5	174.835	136.196	32.939	5.69924	0	0	0	0	0	0	0	0	0	0	0	0	0	0	0	0	0
05.500,00.000	20	5.5	-200	0	4.5	176.365	136.664	33.9074	5.79343	0	0	0	0	0	0	0	0	0	0	0	0	0	0	0	0	0
05.500,00.000	20.1	5.5	-200	0	4.5	177.75	137.051	34.8227	5.87656	0	0	0	0	0	0	0	0	0	0	0	0	0	0	0	0	0
05.500,00.000	20.2	5.5	-200	0	4.5	179.055	137.351	35.5452	5.94044	0	0	0.217971	0	0	0	0	0	0	0	0	0	0	0	0	0	0
05.500,00.000	20.3	5.5	-200	0	4.5	180.322	137.637	36.2475	5.99968	0	0	0.437849	0	0	0	0	0	0	0	0	0	0	0	0	0	0
05.500,00.000	20.4	5.5	-200	0	4.5	181.581	137.914	36.9515	6.05749	0	0	0.65838	0	0	0	0	0	0	0	0	0	0	0	0	0	0
05.500,00.000	20.5	5.5	-200	0	4.5	182.839	138.186	37.6586	6.1135	0	0	0.881185	0	0	0	0	0	0	0	0	0	0	0	0	0	0
05.500,00.000	20.6	5.5	-200	0	4.5	184.064	138.447	38.3488	6.16739	0	0	1.10143	0	0	0	0	0	0	0	0	0	0	0	0	0	0
05.500,00.000	20.7	5.5	-200	0	4.5	185.272	138.704	39.0289	6.21957	0	0	1.31949	0	0	0	0	0	0	0	0	0	0	0	0	0	0
05.500,00.000	20.8	5.5	-200	0	4.5	195.712	141.063	45.9617	6.73597	0	0	1.95075	0	0	0	0	0	0	0	0	0	0	0	0	0	0
05.500,00.000	20.9	5.5	-200	0	4.5	197.784	141.471	47.5172	6.84488	0	0	1.95075	0	0	0	0	0	0	0	0	0	0	0	0	0	0
05.500,00.000	21	5.5	-200	0	4.5	201.606	142.367	50.2258	7.06278	0	0	1.95075	0	0	0	0	0	0	0	0	0	0	0	0	0	0
05.500,00.000	21.1	5.5	-200	0	4.5	204.729	143.126	52.409	7.24311	0	0	1.95075	0	0	0	0	0	0	0	0	0	0	0	0	0	0
05.500,00.000	21.2	5.5	-200	0	4.5	206.089	143.488	53.3278	7.32315	0	0	1.95075	0	0	0	0	0	0	0	0	0	0	0	0	0	0
05.500,00.000	21.3	5.5	-200	0	4.5	207.197	143.791	54.0645	7.39107	3.10862e-14	0	1.95075	0	0	0	0	0	0	0	0	0	0	0	0	0	0
05.500,00.000	21.4	5.5	-200	0	4.5	209.114	144.286	55.2765	7.50415	0.0970015	0	1.95075	0	0	0	0	0	0	0	0	0	0	0	0	0	0
05.500,00.000	21.5	5.5	-200	0	4.5	209.587	144.403	55.5807	7.53212	0.12059	0	1.95075	0	0	0	0	0	0	0	0	0	0	0	0	0	0
05.500,00.000	21.6	5.5	-200	0	4.5	211.123	144.783	56.5643	7.62739	0.197047	0	1.95075	0	0	0	0	0	0	0	0	0	0	0	0	0	0
05.500,00.000	21.7	5.5	-200	0	4.5	212.645	145.214	57.4953	7.71767	0.267539	0	1.95075	0	0	0	0	0	0	0	0	0	0	0	0	0	0
05.500,00.000	21.8	5.5	-200	0	4.5	214.142	145.691	58.3641	7.80307	0.332686	0	1.95075	0	0	0	0	0	0	0	0	0	0	0	0	0	0
05.500,00.000	21.9	5.5	-200	0	4.5	218.106	146.944	60.6654	8.03645	0.509806	0	1.95075	0	0	0	0	0	0	0	0	0	0	0	0	0	0
05.500,00.000	22	5.5	-200	0	4.5	219.026	147.248	61.1884	8.08895	0.549334	0	1.95075	0	0	0	0	0	0	0	0	0	0	0	0	0	0
05.500,00.000	22.1	5.5	-200	0	4.5	222.033	148.312	62.5665	8.52544	0.678036	0	1.95075	0	0	0	0	0	0	0	0	0	0	0	0	0	0
05.500,00.000	22.2	5.5	-200	0	4.5	224.178	149.108	63.3785	8.97375	0.767657	0	1.95075	0	0	0	0	0	0	0	0	0	0	0	0	0	0
05.500,00.000	22.3	5.5	-200	0	4.5	225.856	149.75	64.0003	9.31706	0.837222	0	1.95075	0	0	0	0	0	0	0	0	0	0	0	0	0	0
05.500,00.000	22.4	5.5	-200	0	4.5	227.614	150.435	64.6461	9.67165	0.909912	0	1.95075	0	0	0	0	0	0	0	0	0	0	0	0	0	0
05.500,00.000	22.5	5.5	-200	0	4.5	229.408	151.139	65.3029	10.0314	0.984552	0	1.95075	0	0	0	0	0	0	0	0	0	0	0	0	0	0
05.500,00.000	22.6	5.5	-200	0	4.5	237.054	154.092	68.1436	11.5521	1.31548	0	1.95075	0	0	0	0	0	0	0	0	0	0	0	0	0	0
05.500,00.000	22.7	5.5	-200	0	4.5	241.017	155.575	69.6721	12.3225	1.49611	0	1.95075	0	0	0	0	0	0	0	0	0	0	0	0	0	0
05.500,00.000	22.8	5.5	-200	0	4.5	241.863	155.912	69.9824	12.4856	1.53309	0	1.95075	0	0	0	0	0	0	0	0	0	0	0	0	0	0
05.500,00.000	22.9	5.5	-200	0	4.5	241.938	155.942	70.0097	12.4992	1.53629	0	1.95075	0	0	0	0	0	0	0	0	0	0	0	0	0	0
05.500,00.000	23	5.5	-200	0	4.5	247.081	158.331	72.1026	12.9246	1.77188	0	1.95075	0	0	0	0	0	0	0	0	0	0	0	0	0	0
05.500,00.000	23.1	5.5	-200	0	4.5	250.916	160.211	73.6931	13.1032	1.95639	0	1.95142	0	0	0	0	0	0	0	0	0	0	0	0	0	0
05.500,00.000	23.2	5.5	-200	0	4.5	252.82	161.159	74.466	13.1997	2.04173	0	1.95355	0	0	0	0	0	0	0	0	0	0	0	0	0	0
05.500,00.000	23.3	5.5	-200	0	4.5	254.48	161.932	75.1943	13.2871	2.11126	0	1.95621	0	0	0	0	0	0	0	0	0	0	0	0	0	0
05.500,00.000	23.4	5.5	-200	0	4.5	265.669	165.403	81.8319	13.8906	2.55723	0	1.98662	0	0	0	0	0	0	0	0	0	0	0	0	0	0
05.500,00.000	23.5	5.5	-200	0	4.5	268.912	166.361	83.8256	14.0362	2.68431	0	2.00538	0	0	0	0	0	0	0	0	0	0	0	0	0	0
05.500,00.000	23.6	5.5	-200	0	4.5	277.956	168.848	89.5076	14.5089	3.03191	6.15064e-14	2.05964	0	0	0	0	0	0	0	0	0	0	0	0	0	0
05.500,00.000	23.7	5.5	-200	0	4.5	282.702	170.066	92.5058	14.7336	3.215	0.0961146	2.08535	0	0	0	0	0	0	0	0	0	0	0	0	0	0
05.500,00.000	23.8	5.5	-200	0	4.5	282.825	170.1	92.581	14.739	3.21966	0.09869	2.08596	0	0	0	0	0	0	0	0	0	0	0	0	0	0
05.500,00.000	23.9	5.5	-200	0	4.5	282.946	170.133	92.6556	14.7456	3.22383	0.101167	2.08675	0	0	0	0	0	0	0	0	0	0	0	0	0	0
05.500,00.000	24	5.5	-200	0	4.5	289.321	171.875	96.5952	15.0559	3.43176	0.232327	2.13065	0	0	0	0	0	0	0	0	0	0	0	0	0	0
05.500,00.000	24.1	5.5	-200	0	4.5	292.617	172.76	98.5918	15.274	3.53774	0.301368	2.15186	0	0	0	0	0	0	0	0	0	0	0	0	0	0
05.500,00.000	24.2	5.5	-200	0	4.5	294.395	173.23	99.6553	15.4128	3.58938	0.337421	2.16447	0.00533372	0	0	0	0	0	0	0	0	0	0	0	0	0
05.500,00.000	24.3	5.5	-200	0	4.5	296.194	173.707	100.728	15.5542	3.63884	0.373911	2.17756	0.0144644	0	0	0	0	0	0	0	0	0	0	0	0	0
05.500,00.000	24.4	5.5	-200	0	4.5	306.73	176.69	106.692	16.4225	3.92102	0.664546	2.25914	0.0805156	0	0	0	0	0	0	0	0	0	0	0	0	0
05.500,00.000	24.5	5.5	-200	0	4.5	309.508	177.678	107.938	16.7011	4.01211	0.782788	2.28357	0.112589	0	0	0	0	0	0	0	0	0	0	0	0	0
05.500,00.000	24.6	5.5	-200	0	4.5	314.59	179.275	110.351	17.3013	4.17691	0.998685	2.33474	0.152853	0	0	0	0	0	0	0	0	0	0	0	0	0
05.500,00.000	24.7	5.5	-200	0	4.5	316.743	180.092	111.232	17.5265	4.24395	1.1196	2.35621	0.17297	0	0	0	0	0	0	0	0	0	0	0	0	0
05.500,00.000	24.8	5.5	-200	0	4.5	316.894	180.144	111.299	17.5432	4.24834	1.12786	2.35776	0.174237	0	0	0	0	0	0	0	0	0	0	0	0	0
05.500,00.000	24.9	5.5	-200	0	4.5	325.917	183.386	115.23	18.605	4.38062	1.61418	2.45101	0.250987	0	0	0	0	0	0	0	0	0	0	0	0	0
05.500,00.000	25	5.5	-200	0	4.5	328.116	184.287	116.043	18.8863	4.3911	1.76293	2.47155	0.274765	0	0	0	0	0	0	0	0	0	0	0	0	0
05.500,00.000	25.1	5.5	-200	0	4.5	334.059	186.74	118.246	19.6687	4.43843	2.11889	2.52513	0.322076	0	0	0	0	0	0	0	0	0	0	0	0	0
05.500,00.000	25.2	5.5	-200	0	4.5	336.124	187.622	118.947	19.9778	4.45528	2.239	2.54257	0.341025	0	0	0	0	0	0	0	0	0	0	0	0	0
05.500,00.000	25.3	5.5	-200	0	4.5	336.349	187.721	119.025	20.0078	4.45763	2.25148	2.5445	0.342748	0	0	0	0	0	0	0	0	0	0	0	0	0
05.500,00.000	25.4	5.5	-200	0	4.5	336.386	187.736	119.037	20.013	4.45804	2.2535	2.5448	0.343089	0	0	0	0	0	0	0	0	0	0	0	0	0
05.500,00.000	25.5	5.5	-200	0	4.5	337.857	188.38	119.532	20.2207	4.47843	2.33253	2.55728	0.356687	0	0	0	0	0	0	0	0	0	0	0	0	0
05.500,00.000	25.6	5.5	-200	0	4.5	339.136	188.931	119.964	20.4043	4.49657	2.4023	2.5682	0.369172	0	0	0	0	0	0	0	0	0	0	0	0	0
05.500,00.000	25.7	5.5	-200	0	4.5	339.237	188.975	120	20.4174	4.49812	2.40757	2.5691	0.369985	0	0	0	0	0	0	0	0	0	0	0	0	0
05.500,00.000	25.8	5.5	-200	0	4.5	351.926	194.458	124.462	22.0645	4.70824	3.0734	2.68391	0.476587	0	0	0	0	0	0	0	0	0	0	0	0	0
05.500,00.000	25.9	5.5	-200	0	4.5	355.922	196.18	125.868	22.5749	4.77826	3.28564	2.71944	0.51556	0	0	0	0	0	0	0	0	0	0	0	0	0
05.500,00.000	26	5.5	-200	0	4.5	356.111	196.264	125.935	22.5969	4.78163	3.29504	2.72115	0.517139	0	0	0	0	0	0	0	0	0	0	0	0	0
05.500,00.000	26.1	5.5	-200	0	4.5	356.329	196.361	126.012	22.622	4.78554	3.30577	2.72314	0.519002	0	0	0	0	0	0	0	0	0	0	0	0	0
05.500,00.000	26.2	5.5	-200	0	4.5	356.535	196.454	126.085	22.6455	4.7892	3.31569	2.72504	0.52077	0	0	0	0	0	0	0	0	0	0	0	0	0
05.500,00.000	26.3	5.5	-200	0	4.5	356.731	196.541	126.156	22.6675	4.79262	3.32484	2.72686	0.522447	0	0	0	0	0	0	0	0	0	0	0	0	0
05.500,00.000	26.4	5.5	-200	0	4.5	356.762	196.555	126.167	22.6709	4.79318	3.32631	2.72715	0.522759	0	0	0	0	0	0	0	0	0	0	0	0	0
05.500,00.000	26.5	5.5	-200	0	4.5	359.634	197.809	127.237	22.9856	4.84341	3.45434	2.75463	0.55001	0	0	0	0	0	0	0	0	0	0	0	0	0
05.500,00.000	26.6	5.5	-200	0	4.5	361.765	198.721	128.054	23.2139	4.88078	3.54914	2.77475	0.571024	0	0	0	0	0	0	0	0	0	0	0	0	0
05.500,00.000	26.7	5.5	-200	0	4.5	368.163	201.22	130.646	23.9651	4.99584	3.83414	2.87094	0.631922	0	0	0	0	0	0	0	0	0	0	0	0	0
05.500,00.000	26.8	5.5	-200	0	4.5	378.307	204.884	134.921	25.1933	5.18216	4.32616	3.06549	0.734333	0	0	0	0	0	0	0	0	0	0	0	0	0
05.500,00.000	26.9	5.5	-200	0	4.5	380.291	205.585	135.764	25.4397	5.21766	4.42625	3.10302	0.755905	0	0	0	0	0	0	0	0	0	0	0	0	0
05.500,00.000	27	5.5	-200	0	4.5	380.561	205.682	135.877	25.474	5.22217	4.43941	3.10823	0.758648	0	0	0	0	0	0	0	0	0	0	0	0	0
05.500,00.000	27.1	5.5	-200	0	4.5	380.854	205.787	136	25.5114	5.22688	4.45344	3.11393	0.761683	0	0	0	0	0	0	0	0	0	0	0	0	0
05.500,00.000	27.2	5.5	-200	0	4.5	381.121	205.882	136.112	25.5456	5.23101	4.46601	3.11917	0.764492	0	0	0	0	0	0	0	0	0	0	0	0	0
05.500,00.000	27.3	5.5	-200	0	4.5	381.363	205.968	136.215	25.577	5.23464	4.47727	3.12399	0.767085	0	0	0	0	0	0	0	0	0	0	0	0	0
05.500,00.000	27.4	5.5	-200	0	4.5	381.402	205.981	136.232	25.5819	5.23521	4.47906	3.12475	0.767538	0	0	0	0	0	0	0	0	0	0	0	0	0
05.500,00.000	27.5	5.5	-200	0	4.5	390.295	209.06	140.044	26.7906	5.3577	4.87467	3.30281	0.864755	0	0	0	0	0	0	0	0	0	0	0	0	0
05.500,00.000	27.6	5.5	-200	0	4.5	393.86	210.273	141.589	27.281	5.40637	5.0321	3.37294	0.904379	0	0	0	0	0	0	0	0	0	0	0	0	0
05.500,00.000	27.7	5.5	-200	0	4.5	394.092	210.35	141.692	27.3135	5.40938	5.04197	3.37765	0.907006	0	0	0	0	0	0	0	0	0	0	0	0	0
05.500,00.000	27.8	5.5	-200	0	4.5	406.47	214.528	147.186	28.9687	5.56407	5.54924	3.62646	1.04741	0	0	0	0	0	0	0	0	0	0	0	0	0
05.500,00.000	27.9	5.5	-200	0	4.5	410.088	215.734	148.841	29.4239	5.60833	5.69437	3.69769	1.08826	0	0	0	0	0	0	0	0	0	0	0	0	0
05.500,00.000	28	5.5	-200	0	4.5	410.317	215.805	148.952	29.453	5.61099	5.70289	3.70231	1.09088	0	0	0	0	0	0	0	0	0	0	0	0	0
05.500,00.000	28.1	5.5	-200	0	4.5	410.58	215.884	149.083	29.4859	5.61396	5.71229	3.70766	1.09393	0	0	0	0	0	0	0	0	0	0	0	0	0
05.500,00.000	28.2	5.5	-200	0	4.5	410.823	215.955	149.205	29.516	5.61667	5.72075	3.71273	1.09683	0	0	0	0	0	0	0	0	0	0	0	0	0
05.500,00.000	28.3	5.5	-200	0	4.5	411.05	216.021	149.32	29.5438	5.61913	5.72839	3.71756	1.0996	0	0	0	0	0	0	0	0	0	0	0	0	0
05.500,00.000	28.4	5.5	-200	0	4.5	411.087	216.03	149.34	29.5481	5.61952	5.72961	3.71834	1.10005	0	0	0	0	0	0	0	0	0	0	0	0	0
05.500,00.000	28.5	5.5	-200	0	4.5	431.599	221.573	160.155	32.1364	5.83738	6.36737	4.16912	1.36034	0	0	0	0	0	0	0	0	0	0	0	0	0
05.500,00.000	28.6	5.5	-200	0	4.5	445.453	225.263	167.191	34.0693	6.02191	6.80919	4.48931	1.60896	0	0	0	0	0	0	0	0	0	0	0	0	0
05.500,00.000	28.7	5.5	-200	0	4.5	449.746	226.529	169.247	34.6222	6.12265	6.9354	4.58656	1.70293	0	0	0	0	0	0	0	0	0	0	0	0	0
05.500,00.000	28.8	5.5	-200	0	4.5	453.926	227.818	171.23	35.1338	6.21451	7.0509	4.68241	1.79556	0	0	0	0	0	0	0	0	0	0	0	0	0
05.500,00.000	28.9	5.5	-200	0	4.5	454.694	228.055	171.596	35.2283	6.23212	7.07101	4.69954	1.81231	0	0	0	0	0	0	0	0	0	0	0	0	0
05.500,00.000	29	5.5	-200	0	4.5	464.055	231.042	176.043	36.2467	6.42682	7.29736	4.92915	2.06937	0	0	0	0	0	0	0	0	0	0	0	0	0
05.500,00.000	29.1	5.5	-200	0	4.5	469.863	232.913	178.777	36.8543	6.55018	7.43316	5.08028	2.25568	0	0	0	0	0	0	0	0	0	0	0	0	0
05.500,00.000	29.2	5.5	-200	0	4.5	473.578	234.183	180.49	37.2186	6.62309	7.51324	5.17533	2.37577	0	0	0	0	0	0	0	0	0	0	0	0	0
05.500,00.000	29.3	5.5	-200	0	4.5	477.397	235.55	182.207	37.5918	6.69305	7.5885	5.26975	2.49771	0	0	0	0	0	0	0	0	0	0	0	0	0
05.500,00.000	29.4	5.5	-200	0	4.5	489.88	240.114	187.762	38.774	6.9065	7.81453	5.5699	2.93916	0	0	0	0	0	0	0	0	0	0	0	0	0
05.500,00.000	29.5	5.5	-200	0	4.5	496.709	242.673	190.743	39.3985	7.0213	7.93298	5.73919	3.20106	0	0	0	0	0	0	0	0	0	0	0	0	0
05.500,00.000	29.6	5.5	-200	0	4.5	500.978	244.286	192.583	39.7917	7.0889	8.00344	5.85335	3.37089	0	0	0	0	0	0	0	0	0	0	0	0	0
05.500,00.000	29.7	5.5	-200	0	4.5	504.398	245.623	194.026	40.0994	7.14022	8.05637	5.94455	3.50844	0	0	0	0	0	0	0	0	0	0	0	0	0
05.500,00.000	29.8	5.5	-200	0	4.5	513.949	249.484	197.969	40.928	7.27441	8.19479	6.19779	3.90111	0	0	0	0	0	0	0	0	0	0	0	0	0
05.500,00.000	29.9	5.5	-200	0	4.5	515.992	250.356	198.743	41.1177	7.30384	8.2239	6.25942	3.98727	0	0	0	0	0	0	0	0	0	0	0	0	0
05.500,00.000	30	5.5	-200	0	4.5	520.707	252.365	200.589	41.5482	7.36127	8.2814	6.37894	4.18298	0	0	0	0	0	0	0	0	0	0	0	0	0
05.500,00.000	30.1	5.5	-200	0	4.5	526.125	254.731	202.671	42.0314	7.42398	8.34296	6.51559	4.40975	0	0	0	0	0	0	0	0	0	0	0	0	0
05.500,00.000	30.2	5.5	-200	0	4.5	530.497	256.645	204.345	42.4325	7.47105	8.38869	6.61961	4.59503	0	0	0	0	0	0	0	0	0	0	0	0	0
05.500,00.000	30.3	5.5	-200	0	4.5	534.657	258.468	205.928	42.8205	7.51258	8.42886	6.71443	4.78494	0	0	0	0	0	0	0	0	0	0	0	0	0
05.500,00.000	30.4	5.5	-200	0	4.5	558.572	268.859	214.941	45.0518	7.91303	8.63715	7.22787	5.94161	0	0	0	0	0	0	0	0	0	0	0	0	0
05.500,00.000	30.5	5.5	-200	0	4.5	568.549	272.86	218.868	46.0427	8.11853	8.72734	7.46412	6.46856	0	0	0	0	0	0	0	0	0	0	0	0	0
05.500,00.000	30.6	5.5	-200	0	4.5	577.158	276.227	222.372	46.9574	8.21324	8.79809	7.65517	6.93491	0	0	0	0	0	0	0	0	0	0	0	0	0
05.500,00.000	30.7	5.5	-200	0	4.5	582.101	278.204	224.351	47.4824	8.26165	8.83578	7.76293	7.20359	0	0	0	0	0	0	0	0	0	0	0	0	0
05.500,00.000	30.8	5.5	-200	0	4.5	587.005	280.109	226.362	48.0131	8.30346	8.87009	7.86741	7.48021	0	0	0	0	0	0	0	0	0	0	0	0	0
05.500,00.000	30.9	5.5	-200	0	4.5	587.832	280.408	226.712	48.1127	8.30685	8.87587	7.88706	7.52992	0	0	0	0	0	0	0	0	0	0	0	0	0
05.500,00.000	31	5.5	-200	0	4.5	596.794	283.711	230.483	49.1693	8.3685	8.92691	8.07136	8.06365	0	0	0	0	0	0	0	0	0	0	0	0	0
05.500,00.000	31.1	5.5	-200	0	4.5	602.101	285.743	232.657	49.773	8.40105	8.95559	8.1784	8.39333	0	0	0	0	0	0	0	0	0	0	0	0	0
05.500,00.000	31.2	5.5	-200	0	4.5	605.601	287.087	234.119	50.1618	8.43092	8.97097	8.22663	8.60506	0	0	0	0	0	0	0	0	0	0	0	0	0
05.500,00.000	31.3	5.5	-200	0	4.5	609.089	288.437	235.575	50.5463	8.45957	8.98368	8.2721	8.81571	0	0	0	0	0	0	0	0	0	0	0	0	0
05.500,00.000	31.4	5.5	-200	0	4.5	614.239	290.458	237.72	51.1075	8.49686	8.99513	8.33952	9.12205	0	0	0	0	0	0	0	0	0	0	0	0	0
05.500,00.000	31.5	5.5	-200	0	4.5	618.258	292.063	239.384	51.5387	8.52438	8.99961	8.38723	9.36048	0	0	0	0	0	0	0	0	0	0	0	0	0
05.500,00.000	31.6	5.5	-200	0	4.5	622.209	293.571	241.058	51.9943	8.54863	9.00315	8.4346	9.59975	0	0	0	0	0	0	0	0	0	0	0	0	0
05.500,00.000	31.7	5.5	-200	0	4.5	624.752	294.569	242.115	52.2901	8.56239	9.00429	8.46157	9.74968	0	0	0	0	0	0	0	0	0	0	0	0	0
05.500,00.000	31.8	5.5	-200	0	4.5	645.534	302.472	250.837	54.8555	8.67801	9.00767	8.69209	10.9917	8.50431e-14	0	0	0	0	0	0	0	0	0	0	0	0
05.500,00.000	31.9	5.5	-200	0	4.5	649.806	304.183	252.474	55.4059	8.71224	9.00766	8.7239	11.2416	0.0578119	0	0	0	0	0	0	0	0	0	0	0	0
05.500,00.000	32	5.5	-200	0	4.5	662.325	309.271	257.276	56.8986	8.83792	9.00765	8.8276	11.9452	0.260833	0	0	0	0	0	0	0	0	0	0	0	0
05.500,00.000	32.1	5.5	-200	0	4.5	669.364	312.212	259.914	57.7331	8.90144	9.00765	8.87399	12.3373	0.38436	0	0	0	0	0	0	0	0	0	0	0	0
05.500,00.000	32.2	5.5	-200	0	4.5	672.953	313.739	261.244	58.1464	8.93475	9.00765	8.89815	12.5363	0.44706	0	0	0	0	0	0	0	0	0	0	0	0
05.500,00.000	32.3	5.5	-200	0	4.5	676.451	315.232	262.515	58.5703	8.96714	9.00765	8.92062	12.7288	0.509386	0	0	0	0	0	0	0	0	0	0	0	0
05.500,00.000	32.4	5.5	-200	0	4.5	679.927	316.74	263.755	58.9924	8.99796	9.00765	8.9408	12.9201	0.573051	0	0	0	0	0	0	0	0	0	0	0	0
05.500,00.000	32.5	5.5	-200	0	4.5	683.397	318.251	264.987	59.4151	9.02701	9.00765	8.95871	13.1112	0.638373	0	0	0	0	0	0	0	0	0	0	0	0
05.500,00.000	32.6	5.5	-200	0	4.5	703.744	325.881	272.822	62.2034	9.32576	9.00765	9.06999	14.3595	1.07413	0	0	0	0	0	0	0	0	0	0	0	0
05.500,00.000	32.7	5.5	-200	0	4.5	707.95	327.537	274.328	62.7948	9.40673	9.00765	9.08524	14.6067	1.18384	0	0	0	0	0	0	0	0	0	0	0	0
05.500,00.000	32.8	5.5	-200	0	4.5	708.077	327.589	274.374	62.8113	9.40908	9.00764	9.08559	14.6138	1.18706	0	0	0	0	0	0	0	0	0	0	0	0
05.500,00.000	32.9	5.5	-200	0	4.5	725.245	334.625	280.515	64.9721	9.71861	9.00764	9.12611	15.5624	1.7176	0	0	0	0	0	0	0	0	0	0	0	0
05.500,00.000	33	5.5	-200	0	4.5	729.526	336.346	282.034	65.5155	9.79384	9.00764	9.13564	15.7971	1.89521	0	0	0	0	0	0	0	0	0	0	0	0
05.500,00.000	33.1	5.5	-200	0	4.5	738.469	339.931	285.274	66.5764	9.94743	9.00764	9.15249	16.2716	2.30863	0	0	0	0	0	0	0	0	0	0	0	0
05.500,00.000	33.2	5.5	-200	0	4.5	743.715	342.083	287.132	67.1867	10.0351	9.00764	9.16157	16.5442	2.56422	0	0	0	0	0	0	0	0	0	0	0	0
05.500,00.000	33.3	5.5	-200	0	4.5	747.171	343.532	288.344	67.5783	10.0917	9.00764	9.16674	16.7208	2.72976	0	0	0	0	0	0	0	0	0	0	0	0
05.500,00.000	33.4	5.5	-200	0	4.5	750.562	344.978	289.514	67.9576	10.1465	9.00764	9.17118	16.8927	2.8949	0	0	0	0	0	0	0	0	0	0	0	0
05.500,00.000	33.5	5.5	-200	0	4.5	753.889	346.401	290.651	68.3299	10.2004	9.00764	9.17496	17.0626	3.06181	0	0	0	0	0	0	0	0	0	0	0	0
05.500,00.000	33.6	5.5	-200	0	4.5	757.317	347.737	291.881	68.7446	10.2606	9.00764	9.1785	17.2538	3.25412	0	0	0	0	0	0	0	0	0	0	0	0
05.500,00.000	33.7	5.5	-200	0	4.5	759.688	348.663	292.717	69.034	10.3028	9.00764	9.18053	17.3893	3.39351	0	0	0	0	0	0	0	0	0	0	0	0
05.500,00.000	33.8	5.5	-200	0	4.5	787.689	360.283	302.305	72.2971	10.7612	9.00764	9.19604	18.8785	4.9607	0	0	0	0	0	0	0	0	0	0	0	0
05.500,00.000	33.9	5.5	-200	0	4.5	793.47	362.652	304.186	72.984	10.9578	9.00764	9.19864	19.2044	5.27934	0	0	0	0	0	0	0	0	0	0	0	0
05.500,00.000	34	5.5	-200	0	4.5	794.938	363.275	304.657	73.1467	11.0011	9.00764	9.19869	19.2932	5.35893	0	0	0	0	0	0	0	0	0	0	0	0
05.500,00.000	34.1	5.5	-200	0	4.5	804.617	367.494	307.768	74.1761	11.2518	9.00764	9.19877	19.8389	5.88102	0	0	0	0	0	0	0	0	0	0	0	0
05.500,00.000	34.2	5.5	-200	0	4.5	809.399	369.601	309.285	74.667	11.3842	9.00764	9.19877	20.116	6.13919	0	0	0	0	0	0	0	0	0	0	0	0
05.500,00.000	34.3	5.5	-200	0	4.5	813.119	371.266	310.44	75.068	11.4821	9.00764	9.19877	20.3196	6.33667	0	0	0	0	0	0	0	0	0	0	0	0
05.500,00.000	34.4	5.5	-200	0	4.5	816.072	372.514	311.277	75.5672	11.5562	9.00764	9.19877	20.47	6.48148	0	0	0	0	0	0	0	0	0	0	0	0
05.500,00.000	34.5	5.5	-200	0	4.5	819.779	374.093	312.332	76.1653	11.6517	9.00764	9.19877	20.6634	6.66692	0	0	0	0	0	0	0	0	0	0	0	0
05.500,00.000	34.6	5.5	-200	0	4.5	836.99	380.124	317.731	79.3661	12.1725	9.00764	9.19877	21.7155	7.67511	0	0	0	0	0	0	0	0	0	0	0	0
05.500,00.000	34.7	5.5	-200	0	4.5	840.594	381.415	318.853	80.0323	12.2844	9.00764	9.19877	21.9322	7.82288	0.0481332	0	0	0	0	0	0	0	0	0	0	0
05.500,00.000	34.8	5.5	-200	0	4.5	840.674	381.446	318.877	80.0467	12.2867	9.00764	9.19877	21.9369	7.82619	0.049204	0	0	0	0	0	0	0	0	0	0	0
05.500,00.000	34.9	5.5	-200	0	4.5	841.665	381.846	319.16	80.2168	12.3142	9.00764	9.19877	21.9947	7.86124	0.0662113	0	0	0	0	0	0	0	0	0	0	0
05.500,00.000	35	5.5	-200	0	4.5	842.108	382.023	319.287	80.2936	12.3272	9.00764	9.19877	22.0211	7.87205	0.078545	0	0	0	0	0	0	0	0	0	0	0
05.500,00.000	35.1	5.5	-200	0	4.5	852.836	386.625	322.194	82.0571	12.6219	9.00764	9.19877	22.6316	8.21244	0.288496	0	0	0	0	0	0	0	0	0	0	0
05.500,00.000	35.2	5.5	-200	0	4.5	858.577	389.132	323.718	82.9893	12.7803	9.00764	9.19877	22.9604	8.36383	0.426509	0	0	0	0	0	0	0	0	0	0	0
05.500,00.000	35.3	5.5	-200	0	4.5	861.615	390.504	324.481	83.4562	12.9045	9.00764	9.19877	23.1244	8.44852	0.489617	0	0	0	0	0	0	0	0	0	0	0
05.500,00.000	35.4	5.5	-200	0	4.5	864.694	391.929	325.231	83.9223	13.0312	9.00764	9.19877	23.2874	8.53089	0.555708	0	0	0	0	0	0	0	0	0	0	0
05.500,00.000	35.5	5.5	-200	0	4.5	867.819	393.372	325.952	84.3764	13.1575	9.00764	9.27599	23.4453	8.60893	0.623376	0	0	0	0	0	0	0	0	0	0	0
05.500,00.000	35.6	5.5	-200	0	4.5	870.727	394.533	326.591	84.8556	13.2938	9.00764	9.44513	23.6116	8.68841	0.700711	0	0	0	0	0	0	0	0	0	0	0
05.500,00.000	35.7	5.5	-200	0	4.5	894.468	404.442	331.375	87.4925	15.4328	9.00764	11.185	24.8961	9.28501	1.35179	0	0	0	0	0	0	0	0	0	0	0
05.500,00.000	35.8	5.5	-200	0	4.5	899.121	406.473	332.217	87.719	16.145	9.00764	11.5242	25.1559	9.39894	1.47953	0	0	0	0	0	0	0	0	0	0	0
05.500,00.000	35.9	5.5	-200	0	4.5	908.405	410.785	333.95	88.1781	17.3981	9.00764	12.0903	25.673	9.59561	1.7274	0	0	0	0	0	0	0	0	0	0	0
05.500,00.000	36	5.5	-200	0	4.5	915.897	414.208	335.343	88.5358	18.4491	9.00764	12.0903	26.573	9.75328	1.93644	0	0	0	0	0	0	0	0	0	0	0
05.500,00.000	36.1	5.5	-200	0	4.5	919.338	415.83	335.967	88.694	18.9244	9.00764	12.0903	26.9733	9.82025	2.03144	0	0	0	0	0	0	0	0	0	0	0
05.500,00.000	36.2	5.5	-200	0	4.5	922.166	417.19	336.461	88.8122	19.3264	9.00764	12.0903	27.2884	9.87037	2.12002	0	0	0	0	0	0	0	0	0	0	0
05.500,00.000	36.3	5.5	-200	0	4.5	925.035	418.609	336.932	88.9233	19.7325	9.00764	12.0903	27.6011	9.91872	2.22152	0	0	0	0	0	0	0	0	0	0	0
05.500,00.000	36.4	5.5	-200	0	4.5	935.64	424.009	338.656	89.3229	21.1752	9.00764	12.0981	28.7028	10.0862	2.58241	0	0	0	0	0	0	0	0	0	0	0
05.500,00.000	36.5	5.5	-200	0	4.5	937.735	425.049	339.02	89.3929	21.4689	9.00764	12.1045	28.9187	10.1195	2.65397	0	0	0	0	0	0	0	0	0	0	0
05.500,00.000	36.6	5.5	-200	0	4.5	944.441	428.436	340.091	89.6509	22.3978	9.00764	12.1126	29.6257	10.2327	2.88687	0	0	0	0	0	0	0	0	0	0	0
05.500,00.000	36.7	5.5	-200	0	4.5	951.478	431.765	341.183	89.9358	23.4825	9.00764	12.1236	30.4503	10.3695	3.16013	0	0	0	0	0	0	0	0	0	0	0
05.500,00.000	36.8	5.5	-200	0	4.5	966.25	439.161	343.483	90.5323	25.5722	9.00764	12.1388	32.0073	10.6565	3.69108	0	0	0	0	0	0	0	0	0	0	0
05.500,00.000	36.9	5.5	-200	0	4.5	968.3	440.341	343.845	90.6208	25.9173	9.00764	12.1451	31.9392	10.7055	3.77802	0	0	0	0	0	0	0	0	0	0	0
05.500,00.000	37	5.5	-200	0	4.5	979.054	446.275	345.573	91.1233	27.3031	9.00764	12.1568	32.3939	11.0272	4.19502	0	0	0	0	0	0	0	0	0	0	0
05.500,00.000	37.1	5.5	-200	0	4.5	983.815	449.077	346.397	91.368	27.5777	9.00764	12.1663	32.577	11.2052	4.43936	0	0	0	0	0	0	0	0	0	0	0
05.500,00.000	37.2	5.5	-200	0	4.5	985.959	450.347	346.761	91.4893	27.6924	9.00764	12.1684	32.6555	11.2932	4.54404	0	0	0	0	0	0	0	0	0	0	0
05.500,00.000	37.3	5.5	-200	0	4.5	988.092	451.62	347.112	91.6166	27.8015	9.00764	12.1703	32.7306	11.3874	4.64585	0	0	0	0	0	0	0	0	0	0	0
05.500,00.000	37.4	5.5	-200	0	4.5	990.246	452.915	347.46	91.7541	27.9047	9.00764	12.1719	32.8018	11.4866	4.74447	0	0	0	0	0	0	0	0	0	0	0
05.500,00.000	37.5	5.5	-200	0	4.5	992.383	454.212	347.792	91.8969	28.002	9.00764	12.1733	32.8692	11.5895	4.8399	0	0	0	0	0	0	0	0	0	0	0
05.500,00.000	37.6	5.5	-200	0	4.5	994.692	455.614	348.146	92.0535	28.1022	9.00764	12.1746	32.9387	11.7063	4.94944	0	0	0	0	0	0	0	0	0	0	0
05.500,00.000	37.7	5.5	-200	0	4.5	999.938	458.758	348.879	92.3859	28.3433	9.00764	12.1767	33.1052	12.0162	5.26594	0	0	0	0	0	0	0	0	0	0	0
05.500,00.000	37.8	5.5	-200	0	4.5	1008.89	464.113	350.2	93.0443	28.7076	9.00764	12.1793	33.3602	12.5216	5.76072	0	0	0	0	0	0	0	0	0	0	0
05.500,00.000	37.9	5.5	-200	0	4.5	1010.16	464.864	350.387	93.1435	28.7591	9.00764	12.1801	33.3954	12.5949	5.83235	0	0	0	0	0	0	0	0	0	0	0
05.500,00.000	38	5.5	-200	0	4.5	1018.96	470.209	351.631	93.795	29.1004	9.00764	12.183	33.621	13.1005	6.31622	0	0	0	0	0	0	0	0	0	0	0
05.500,00.000	38.1	5.5	-200	0	4.5	1025.34	474.029	352.61	94.2815	29.339	9.00764	12.1869	33.7734	13.4563	6.65888	0	0	0	0	0	0	0	0	0	0	0
05.500,00.000	38.2	5.5	-200	0	4.5	1026.15	474.504	352.741	94.3445	29.3691	9.00764	12.1878	33.7916	13.5006	6.70246	0	0	0	0	0	0	0	0	0	0	0
05.500,00.000	38.3	5.5	-200	0	4.5	1028.86	476.135	353.152	94.5613	29.4722	9.00764	12.1935	33.8471	13.6461	6.85064	0	0	0	0	0	0	0	0	0	0	0
05.500,00.000	38.4	5.5	-200	0	4.5	1034.66	479.639	354.034	94.9983	29.6905	9.00764	12.2109	33.9579	13.954	7.17202	0	0	0	0	0	0	0	0	0	0	0
05.500,00.000	38.5	5.5	-200	0	4.5	1035.73	480.262	354.207	95.0853	29.7353	9.00764	12.2149	33.9777	14.0108	7.23261	0	0	0	0	0	0	0	0	0	0	0
05.500,00.000	38.6	5.5	-200	0	4.5	1041.51	483.739	355.051	95.4939	29.9563	9.00764	12.2487	34.0715	14.3115	7.57448	0.055715	0	0	0	0	0	0	0	0	0	0
05.500,00.000	38.7	5.5	-200	0	4.5	1049.52	488.358	356.266	96.1325	30.2902	9.00764	12.3005	34.1912	14.7161	8.05322	0.20569	0	0	0	0	0	0	0	0	0	0
05.500,00.000	38.8	5.5	-200	0	4.5	1050.61	488.972	356.441	96.212	30.3392	9.00764	12.3073	34.2074	14.7716	8.12095	0.226799	0	0	0	0	0	0	0	0	0	0
05.500,00.000	38.9	5.5	-200	0	4.5	1055	491.509	357.08	96.5452	30.5321	9.00764	12.3514	34.2669	14.991	8.39961	0.316094	0	0	0	0	0	0	0	0	0	0
05.500,00.000	39	5.5	-200	0	4.5	1056.57	492.364	357.325	96.6763	30.6126	9.00764	12.3675	34.2888	15.0741	8.50253	0.349417	0	0	0	0	0	0	0	0	0	0
05.500,00.000	39.1	5.5	-200	0	4.5	1059.31	493.916	357.713	96.9144	30.7415	9.00764	12.4033	34.3279	15.2049	8.67607	0.408266	0	0	0	0	0	0	0	0	0	0
05.500,00.000	39.2	5.5	-200	0	4.5	1062.24	495.605	358.13	97.132	30.8678	9.00764	12.4433	34.3727	15.3463	8.86571	0.474772	0	0	0	0	0	0	0	0	0	0
05.500,00.000	39.3	5.5	-200	0	4.5	1063.5	496.325	358.303	97.2261	30.9283	9.00764	12.4625	34.393	15.4052	8.94663	0.503985	0	0	0	0	0	0	0	0	0	0
05.500,00.000	39.4	5.5	-200	0	4.5	1068.9	499.383	358.989	97.6639	31.1734	9.00764	12.6607	34.4825	15.6351	9.27578	0.62789	0	0	0	0	0	0	0	0	0	0
05.500,00.000	39.5	5.5	-200	0	4.5	1069.95	499.962	359.12	97.7448	31.2208	9.00764	12.723	34.5008	15.6798	9.34036	0.652483	0	0	0	0	0	0	0	0	0	0
05.500,00.000	39.6	5.5	-200	0	4.5	1076.33	503.54	359.856	98.217	31.5161	9.00764	13.0861	34.6267	15.9413	9.72884	0.811254	0	0	0	0	0	0	0	0	0	0
05.500,00.000	39.7	5.5	-200	0	4.5	1078.08	504.504	360.055	98.3544	31.5992	9.00764	13.1923	34.6633	16.0009	9.84985	0.856435	0	0	0	0	0	0	0	0	0	0
05.500,00.000	39.8	5.5	-200	0	4.5	1078.09	504.508	360.056	98.3552	31.5997	9.00764	13.1928	34.6636	16.0013	9.8504	0.856673	0	0	0	0	0	0	0	0	0	0
05.500,00.000	39.9	5.5	-200	0	4.5	1079.54	505.295	360.206	98.4857	31.6735	9.00764	13.2847	34.7043	16.05	9.93962	0.896762	0	0	0	0	0	0	0	0	0	0
05.500,00.000	40	5.5	-200	0	4.5	1081.14	506.156	360.371	98.6239	31.7634	9.00764	13.3835	34.752	16.1008	10.0396	0.942743	0	0	0	0	0	0	0	0	0	0
05.500,00.000	40.1	5.5	-200	0	4.5	1084.88	508.151	360.736	98.9407	31.9906	9.00764	13.6131	34.8721	16.2207	10.2603	1.08824	0	0	0	0	0	0	0	0	0	0
05.500,00.000	40.2	5.5	-200	0	4.5	1085.63	508.543	360.808	99.007	32.0309	9.00764	13.6634	34.8964	16.2392	10.309	1.1244	0	0	0	0	0	0	0	0	0	0
05.500,00.000	40.3	5.5	-200	0	4.5	1087.82	509.687	361.008	99.2088	32.1673	9.00764	13.7968	34.9751	16.3064	10.4311	1.23565	0	0	0	0	0	0	0	0	0	0
05.500,00.000	40.4	5.5	-200	0	4.5	1090.56	511.105	361.259	99.4594	32.3374	9.00764	13.9632	35.0778	16.3859	10.5819	1.3783	0	0	0	0	0	0	0	0	0	0
05.500,00.000	40.5	5.5	-200	0	4.5	1091.4	511.537	361.334	99.5417	32.3918	9.00764	14.0149	35.1094	16.4091	10.6285	1.42372	0	0	0	0	0	0	0	0	0	0
05.500,00.000	40.6	5.5	-200	0	4.5	1092.57	512.145	361.43	99.6528	32.4755	9.00764	14.0835	35.1547	16.443	10.69	1.49143	0	0	0	0	0	0	0	0	0	0
05.500,00.000	40.7	5.5	-200	0	4.5	1093.94	512.837	361.537	99.7941	32.5745	9.00764	14.1661	35.2094	16.4792	10.7595	1.5711	0	0	0	0	0	0	0	0	0	0
05.500,00.000	40.8	5.5	-200	0	4.5	1095.27	513.519	361.637	99.9297	32.6742	9.00764	14.2401	35.2673	16.5139	10.8263	1.65263	0	0	0	0	0	0	0	0	0	0
05.500,00.000	40.9	5.5	-200	0	4.5	1096.59	514.186	361.73	100.069	32.7809	9.00764	14.3167	35.3312	16.5469	10.8888	1.73308	0	0	0	0	0	0	0	0	0	0
05.500,00.000	41	5.5	-200	0	4.5	1097.91	514.851	361.816	100.214	32.8929	9.00764	14.3974	35.3881	16.5787	10.9487	1.81282	0	0	0	0	0	0	0	0	0	0
05.500,00.000	41.1	5.5	-200	0	4.5	1099.19	515.497	361.894	100.365	33.005	9.00764	14.4705	35.4438	16.6098	11.0054	1.88977	0	0	0	0	0	0	0	0	0	0
05.500,00.000	41.2	5.5	-200	0	4.5	1100.43	516.13	361.962	100.505	33.1168	9.00764	14.5402	35.5061	16.6387	11.0589	1.96439	0	0	0	0	0	0	0	0	0	0
05.500,00.000	41.3	5.5	-200	0	4.5	1101.63	516.736	362.026	100.645	33.2353	9.00764	14.6069	35.5649	16.6659	11.1092	2.03645	0	0	0	0	0	0	0	0	0	0
05.500,00.000	41.4	5.5	-200	0	4.5	1102.82	517.125	362.302	100.793	33.3556	9.00764	14.6661	35.6182	16.6922	11.1582	2.10822	0	0	0	0	0	0	0	0	0	0
05.500,00.000	41.5	5.5	-200	0	4.5	1103.97	517.474	362.577	100.943	33.4803	9.00764	14.7236	35.6661	16.7154	11.2036	2.17585	0	0	0	0	0	0	0	0	0	0
05.500,00.000	41.6	5.5	-200	0	4.5	1105.08	517.815	362.835	101.094	33.6085	9.00764	14.7823	35.7051	16.7369	11.2482	2.24287	0	0	0	0	0	0	0	0	0	0
05.500,00.000	41.7	5.5	-200	0	4.5	1106.18	518.135	363.096	101.249	33.7413	9.00764	14.8363	35.758	16.7558	11.2901	2.30618	0	0	0	0	0	0	0	0	0	0
05.500,00.000	41.8	5.5	-200	0	4.5	1107.25	518.443	363.357	101.403	33.8803	9.00764	14.8914	35.7942	16.7725	11.3306	2.36769	0	0	0	0	0	0	0	0	0	0
05.500,00.000	41.9	5.5	-200	0	4.5	1108.32	518.741	363.617	101.56	34.0193	9.00764	14.9496	35.8377	16.7878	11.3691	2.42742	0	0	0	0	0	0	0	0	0	0
05.500,00.000	42	5.5	-200	0	4.5	1109.4	519.034	363.881	101.721	34.1566	9.00764	15.0053	35.9009	16.8017	11.407	2.48669	0	0	0	0	0	0	0	0	0	0