
label	time(d)	x	depth	z	radius	total	0-10	10-20	20-30	30-40	40-50	50-60	60-70	70-80	80-90	90-100	100-110	110-120	120-130	130-140	140-150	150-160	160-170	170-180	180-190	190-200
00.000,00.000	0	0	-200	0	4.5	0	0	0	0	0	0	0	0	0	0	0	0	0	0	0	0	0	0	0	0	0
00.000,00.000	0.1	0	-200	0	4.5	0.37949	0.37949	0	0	0	0	0	0	0	0	0	0	0	0	0	0	0	0	0	0	0
00.000,00.000	0.2	0	-200	0	4.5	0.761527	0.761527	0	0	0	0	0	0	0	0	0	0	0	0	0	0	0	0	0	0	0
00.000,00.000	0.3	0	-200	0	4.5	1.14629	1.14629	0	0	0	0	0	0	0	0	0	0	0	0	0	0	0	0	0	0	0
00.000,00.000	0.4	0	-200	0	4.5	1.53366	1.53366	0	0	0	0	0	0	0	0	0	0	0	0	0	0	0	0	0	0	0
00.000,00.000	0.5	0	-200	0	4.5	1.92317	1.92317	0	0	0	0	0	0	0	0	0	0	0	0	0	0	0	0	0	0	0
00.000,00.000	0.6	0	-200	0	4.5	2.31464	2.31464	0	0	0	0	0	0	0	0	0	0	0	0	0	0	0	0	0	0	0
00.000,00.000	0.7	0	-200	0	4.5	2.70824	2.70824	0	0	0	0	0	0	0	0	0	0	0	0	0	0	0	0	0	0	0
00.000,00.000	0.8	0	-200	0	4.5	3.10392	3.10392	0	0	0	0	0	0	0	0	0	0	0	0	0	0	0	0	0	0	0
00.000,00.000	0.9	0	-200	0	4.5	3.50189	3.50189	0	0	0	0	0	0	0	0	0	0	0	0	0	0	0	0	0	0	0
00.000,00.000	1	0	-200	0	4.5	3.90291	3.90291	0	0	0	0	0	0	0	0	0	0	0	0	0	0	0	0	0	0	0
00.000,00.000	1.1	0	-200	0	4.5	4.3145	4.3145	0	0	0	0	0	0	0	0	0	0	0	0	0	0	0	0	0	0	0
00.000,00.000	1.2	0	-200	0	4.5	4.73764	4.73764	0	0	0	0	0	0	0	0	0	0	0	0	0	0	0	0	0	0	0
00.000,00.000	1.3	0	-200	0	4.5	5.17215	5.17215	0	0	0	0	0	0	0	0	0	0	0	0	0	0	0	0	0	0	0
00.000,00.000	1.4	0	-200	0	4.5	5.61775	5.61775	0	0	0	0	0	0	0	0	0	0	0	0	0	0	0	0	0	0	0
00.000,00.000	1.5	0	-200	0	4.5	6.07273	6.07273	0	0	0	0	0	0	0	0	0	0	0	0	0	0	0	0	0	0	0
00.000,00.000	1.6	0	-200	0	4.5	6.53529	6.53529	0	0	0	0	0	0	0	0	0	0	0	0	0	0	0	0	0	0	0
00.000,00.000	1.7	0	-200	0	4.5	7.0101	7.0101	0	0	0	0	0	0	0	0	0	0	0	0	0	0	0	0	0	0	0
00.000,00.000	1.8	0	-200	0	4.5	7.49901	7.36431	0.134691	0	0	0	0	0	0	0	0	0	0	0	0	0	0	0	0	0	0
00.000,00.000	1.9	0	-200	0	4.5	8.00093	7.59342	0.407509	0	0	0	0	0	0	0	0	0	0	0	0	0	0	0	0	0	0
00.000,00.000	2	0	-200	0	4.5	8.51677	7.83775	0.67902	0	0	0	0	0	0	0	0	0	0	0	0	0	0	0	0	0	0
00.000,00.000	2.1	0	-200	0	4.5	9.09892	8.14828	0.95064	0	0	0	0	0	0	0	0	0	0	0	0	0	0	0	0	0	0
00.000,00.000	2.2	0	-200	0	4.5	9.79841	8.57624	1.22217	0	0	0	0	0	0	0	0	0	0	0	0	0	0	0	0	0	0
00.000,00.000	2.3	0	-200	0	4.5	10.614	9.12136	1.4926	0	0	0	0	0	0	0	0	0	0	0	0	0	0	0	0	0	0
00.000,00.000	2.4	0	-200	0	4.5	11.5467	9.78411	1.76263	0	0	0	0	0	0	0	0	0	0	0	0	0	0	0	0	0	0
00.000,00.000	2.5	0	-200	0	4.5	12.5954	10.5631	2.03234	0	0	0	0	0	0	0	0	0	0	0	0	0	0	0	0	0	0
00.000,00.000	2.6	0	-200	0	4.5	13.7572	11.4557	2.30157	0	0	0	0	0	0	0	0	0	0	0	0	0	0	0	0	0	0
00.000,00.000	2.7	0	-200	0	4.5	15.0402	12.4703	2.56984	0	0	0	0	0	0	0	0	0	0	0	0	0	0	0	0	0	0
00.000,00.000	2.8	0	-200	0	4.5	16.4289	13.5917	2.83723	0	0	0	0	0	0	0	0	0	0	0	0	0	0	0	0	0	0
00.000,00.000	2.9	0	-200	0	4.5	17.9469	14.8417	3.10523	0	0	0	0	0	0	0	0	0	0	0	0	0	0	0	0	0	0
00.000,00.000	3	0	-200	0	4.5	19.5868	16.2144	3.37244	0	0	0	0	0	0	0	0	0	0	0	0	0	0	0	0	0	0
00.000,00.000	3.1	0	-200	0	4.5	21.282	17.6436	3.63838	0	0	0	0	0	0	0	0	0	0	0	0	0	0	0	0	0	0
00.000,00.000	3.2	0	-200	0	4.5	22.9765	19.0725	3.90401	0	0	0	0	0	0	0	0	0	0	0	0	0	0	0	0	0	0
00.000,00.000	3.3	0	-200	0	4.5	24.6702	20.5006	4.16963	0	0	0	0	0	0	0	0	0	0	0	0	0	0	0	0	0	0
00.000,00.000	3.4	0	-200	0	4.5	26.3621	21.9279	4.43423	0	0	0	0	0	0	0	0	0	0	0	0	0	0	0	0	0	0
00.000,00.000	3.5	0	-200	0	4.5	28.0459	23.348	4.69789	0	0	0	0	0	0	0	0	0	0	0	0	0	0	0	0	0	0
00.000,00.000	3.6	0	-200	0	4.5	29.7116	24.7505	4.96108	0	0	0	0	0	0	0	0	0	0	0	0	0	0	0	0	0	0
00.000,00.000	3.7	0	-200	0	4.5	31.373	26.1492	5.22387	0	0	0	0	0	0	0	0	0	0	0	0	0	0	0	0	0	0
00.000,00.000	3.8	0	-200	0	4.5	33.0285	27.5427	5.48578	0	0	0	0	0	0	0	0	0	0	0	0	0	0	0	0	0	0
00.000,00.000	3.9	0	-200	0	4.5	34.6786	28.9313	5.74726	0	0	0	0	0	0	0	0	0	0	0	0	0	0	0	0	0	0
00.000,00.000	4	0	-200	0	4.5	36.3282	30.3197	6.0085	0	0	0	0	0	0	0	0	0	0	0	0	0	0	0	0	0	0
00.000,00.000	4.1	0	-200	0	4.5	37.9756	31.7062	6.26942	0	0	0	0	0	0	0	0	0	0	0	0	0	0	0	0	0	0
00.000,00.000	4.2	0	-200	0	4.5	39.6177	33.0884	6.52932	0	0	0	0	0	0	0	0	0	0	0	0	0	0	0	0	0	0
00.000,00.000	4.3	0	-200	0	4.5	41.2533	34.4647	6.78861	0	0	0	0	0	0	0	0	0	0	0	0	0	0	0	0	0	0
00.000,00.000	4.4	0	-200	0	4.5	42.8838	35.8362	7.04762	0	0	0	0	0	0	0	0	0	0	0	0	0	0	0	0	0	0
00.000,00.000	4.5	0	-200	0	4.5	44.5036	36.8988	7.60481	0	0	0	0	0	0	0	0	0	0	0	0	0	0	0	0	0	0
00.000,00.000	4.6	0	-200	0	4.5	46.1135	37.9355	8.17808	0	0	0	0	0	0	0	0	0	0	0	0	0	0	0	0	0	0
00.000,00.000	4.7	0	-200	0	4.5	47.6218	38.7616	8.86022	0	0	0	0	0	0	0	0	0	0	0	0	0	0	0	0	0	0
00.000,00.000	4.8	0	-200	0	4.5	48.7846	39.2413	9.54323	0	0	0	0	0	0	0	0	0	0	0	0	0	0	0	0	0	0
00.000,00.000	4.9	0	-200	0	4.5	49.7863	39.7181	10.0682	0	0	0	0	0	0	0	0	0	0	0	0	0	0	0	0	0	0
00.000,00.000	5	0	-200	0	4.5	50.7835	40.191	10.5925	0	0	0	0	0	0	0	0	0	0	0	0	0	0	0	0	0	0
00.000,00.000	5.1	0	-200	0	4.5	51.7791	40.6624	11.1167	0	0	0	0	0	0	0	0	0	0	0	0	0	0	0	0	0	0
00.000,00.000	5.2	0	-200	0	4.5	52.776	40.9875	11.7885	0	0	0	0	0	0	0	0	0	0	0	0	0	0	0	0	0	0
00.000,00.000	5.3	0	-200	0	4.5	53.5273	41.2001	12.3272	0	0	0	0	0	0	0	0	0	0	0	0	0	0	0	0	0	0
00.000,00.000	5.4	0	-200	0	4.5	54.2796	41.2116	13.068	0	0	0	0	0	0	0	0	0	0	0	0	0	0	0	0	0	0
00.000,00.000	5.5	0	-200	0	4.5	55.0304	41.2255	13.805	0	0	0	0	0	0	0	0	0	0	0	0	0	0	0	0	0	0
00.000,00.000	5.6	0	-200	0	4.5	55.6001	41.243	14.2943	0.0628492	0	0	0	0	0	0	0	0	0	0	0	0	0	0	0	0	0
00.000,00.000	5.7	0	-200	0	4.5	56.0887	41.2626	14.5123	0.313733	0	0	0	0	0	0	0	0	0	0	0	0	0	0	0	0	0
00.000,00.000	5.8	0	-200	0	4.5	56.5823	41.2849	14.7335	0.563847	0	0	0	0	0	0	0	0	0	0	0	0	0	0	0	0	0
00.000,00.000	5.9	0	-200	0	4.5	57.0745	41.3109	14.9499	0.813604	0	0	0	0	0	0	0	0	0	0	0	0	0	0	0	0	0
00.000,00.000	6	0	-200	0	4.5	57.5686	41.3401	15.1656	1.06277	0	0	0	0	0	0	0	0	0	0	0	0	0	0	0	0	0
00.000,00.000	6.1	0	-200	0	4.5	58.0668	41.3739	15.3814	1.31147	0	0	0	0	0	0	0	0	0	0	0	0	0	0	0	0	0
00.000,00.000	6.2	0	-200	0	4.5	58.5133	41.4121	15.5417	1.55941	0	0	0	0	0	0	0	0	0	0	0	0	0	0	0	0	0
00.000,00.000	6.3	0	-200	0	4.5	58.8389	41.4549	15.5772	1.80679	0	0	0	0	0	0	0	0	0	0	0	0	0	0	0	0	0
00.000,00.000	6.4	0	-200	0	4.5	59.1517	41.5034	15.5946	2.05364	0	0	0	0	0	0	0	0	0	0	0	0	0	0	0	0	0
00.000,00.000	6.5	0	-200	0	4.5	59.4531	41.5555	15.5981	2.29952	0	0	0	0	0	0	0	0	0	0	0	0	0	0	0	0	0
00.000,00.000	6.6	0	-200	0	4.5	59.7627	41.6152	15.6028	2.54471	0	0	0	0	0	0	0	0	0	0	0	0	0	0	0	0	0
00.000,00.000	6.7	0	-200	0	4.5	60.0798	41.6815	15.6091	2.7892	0	0	0	0	0	0	0	0	0	0	0	0	0	0	0	0	0
00.000,00.000	6.8	0	-200	0	4.5	60.4112	41.7601	15.6178	3.03339	0	0	0	0	0	0	0	0	0	0	0	0	0	0	0	0	0
00.000,00.000	6.9	0	-200	0	4.5	60.7568	41.851	15.6287	3.27706	0	0	0	0	0	0	0	0	0	0	0	0	0	0	0	0	0
00.000,00.000	7	0	-200	0	4.5	61.1188	41.9563	15.6424	3.5201	0	0	0	0	0	0	0	0	0	0	0	0	0	0	0	0	0
00.000,00.000	7.1	0	-200	0	4.5	61.5017	42.0794	15.6598	3.7625	0	0	0	0	0	0	0	0	0	0	0	0	0	0	0	0	0
00.000,00.000	7.2	0	-200	0	4.5	61.9085	42.2236	15.6805	4.00443	0	0	0	0	0	0	0	0	0	0	0	0	0	0	0	0	0
00.000,00.000	7.3	0	-200	0	4.5	62.3404	42.3901	15.7045	4.24587	0	0	0	0	0	0	0	0	0	0	0	0	0	0	0	0	0
00.000,00.000	7.4	0	-200	0	4.5	62.7987	42.5801	15.7321	4.48651	0	0	0	0	0	0	0	0	0	0	0	0	0	0	0	0	0
00.000,00.000	7.5	0	-200	0	4.5	63.2762	42.7875	15.7623	4.72629	0	0	0	0	0	0	0	0	0	0	0	0	0	0	0	0	0
00.000,00.000	7.6	0	-200	0	4.5	63.783	43.0212	15.7961	4.96564	0	0	0	0	0	0	0	0	0	0	0	0	0	0	0	0	0
00.000,00.000	7.7	0	-200	0	4.5	64.3216	43.2837	15.8334	5.20448	0	0	0	0	0	0	0	0	0	0	0	0	0	0	0	0	0
00.000,00.000	7.8	0	-200	0	4.5	64.8952	43.5787	15.8738	5.44266	0	0	0	0	0	0	0	0	0	0	0	0	0	0	0	0	0
00.000,00.000	7.9	0	-200	0	4.5	65.5132	43.9151	15.9178	5.68034	0	0	0	0	0	0	0	0	0	0	0	0	0	0	0	0	0
00.000,00.000	8	0	-200	0	4.5	66.172	44.2885	15.966	5.91757	0	0	0	0	0	0	0	0	0	0	0	0	0	0	0	0	0
00.000,00.000	8.1	0	-200	0	4.5	66.8779	44.7059	16.0178	6.15425	0	0	0	0	0	0	0	0	0	0	0	0	0	0	0	0	0
00.000,00.000	8.2	0	-200	0	4.5	67.6337	45.1681	16.0752	6.39033	0	0	0	0	0	0	0	0	0	0	0	0	0	0	0	0	0
00.000,00.000	8.3	0	-200	0	4.5	68.4427	45.678	16.1388	6.62595	0	0	0	0	0	0	0	0	0	0	0	0	0	0	0	0	0
00.000,00.000	8.4	0	-200	0	4.5	69.3035	46.2336	16.2089	6.86092	0	0	0	0	0	0	0	0	0	0	0	0	0	0	0	0	0
00.000,00.000	8.5	0	-200	0	4.5	70.1968	46.8177	16.284	7.09501	0	0	0	0	0	0	0	0	0	0	0	0	0	0	0	0	0
00.000,00.000	8.6	0	-200	0	4.5	71.1445	47.4496	16.3662	7.32875	0	0	0	0	0	0	0	0	0	0	0	0	0	0	0	0	0
00.000,00.000	8.7	0	-200	0	4.5	72.139	48.1227	16.4546	7.56173	0	0	0	0	0	0	0	0	0	0	0	0	0	0	0	0	0
00.000,00.000	8.8	0	-200	0	4.5	73.1863	48.8421	16.55	7.7942	0	0	0	0	0	0	0	0	0	0	0	0	0	0	0	0	0
00.000,00.000	8.9	0	-200	0	4.5	74.2962	49.6173	16.6524	8.02639	0	0	0	0	0	0	0	0	0	0	0	0	0	0	0	0	0
00.000,00.000	9	0	-200	0	4.5	75.4603	50.4399	16.7625	8.25793	0	0	0	0	0	0	0	0	0	0	0	0	0	0	0	0	0
00.000,00.000	9.1	0	-200	0	4.5	76.6921	51.3216	16.8816	8.48884	0	0	0	0	0	0	0	0	0	0	0	0	0	0	0	0	0
00.000,00.000	9.2	0	-200	0	4.5	78.0019	52.2733	17.0092	8.71928	0	0	0	0	0	0	0	0	0	0	0	0	0	0	0	0	0
00.000,00.000	9.3	0	-200	0	4.5	79.3902	53.2949	17.1462	8.94913	0	0	0	0	0	0	0	0	0	0	0	0	0	0	0	0	0
00.000,00.000	9.4	0	-200	0	4.5	80.859	54.387	17.2935	9.17838	0	0	0	0	0	0	0	0	0	0	0	0	0	0	0	0	0
00.000,00.000	9.5	0	-200	0	4.5	82.3693	55.512	17.4505	9.40687	0	0	0	0	0	0	0	0	0	0	0	0	0	0	0	0	0
00.000,00.000	9.6	0	-200	0	4.5	83.96	56.7052	17.6199	9.63487	0	0	0	0	0	0	0	0	0	0	0	0	0	0	0	0	0
00.000,00.000	9.7	0	-200	0	4.5	85.6232	57.9589	17.8021	9.86225	0	0	0	0	0	0	0	0	0	0	0	0	0	0	0	0	0
00.000,00.000	9.8	0	-200	0	4.5	87.3647	59.2779	17.9976	10.037	0.0521584	0	0	0	0	0	0	0	0	0	0	0	0	0	0	0	0
00.000,00.000	9.9	0	-200	0	4.5	89.203	60.6798	18.2076	10.037	0.278606	0	0	0	0	0	0	0	0	0	0	0	0	0	0	0	0
00.000,00.000	10	0	-200	0	4.5	91.124	62.1518	18.4309	10.0369	0.504371	0	0	0	0	0	0	0	0	0	0	0	0	0	0	0	0
00.000,00.000	10.1	0	-200	0	4.5	93.1412	63.7057	18.6691	10.0369	0.72947	0	0	0	0	0	0	0	0	0	0	0	0	0	0	0	0
00.000,00.000	10.2	0	-200	0	4.5	95.2578	65.3465	18.9202	10.0369	0.954194	0	0	0	0	0	0	0	0	0	0	0	0	0	0	0	0
00.000,00.000	10.3	0	-200	0	4.5	97.4728	67.0728	19.1846	10.0369	1.17843	0	0	0	0	0	0	0	0	0	0	0	0	0	0	0	0
00.000,00.000	10.4	0	-200	0	4.5	99.793	68.891	19.462	10.0379	1.4021	0	0	0	0	0	0	0	0	0	0	0	0	0	0	0	0
00.000,00.000	10.5	0	-200	0	4.5	102.151	70.7388	19.7485	10.0392	1.62477	0	0	0	0	0	0	0	0	0	0	0	0	0	0	0	0
00.000,00.000	10.6	0	-200	0	4.5	104.606	72.6595	20.0588	10.0411	1.84689	0	0	0	0	0	0	0	0	0	0	0	0	0	0	0	0
00.000,00.000	10.7	0	-200	0	4.5	107.146	74.651	20.3816	10.0449	2.06865	0	0	0	0	0	0	0	0	0	0	0	0	0	0	0	0
00.000,00.000	10.8	0	-200	0	4.5	109.783	76.7268	20.7165	10.0495	2.28989	0	0	0	0	0	0	0	0	0	0	0	0	0	0	0	0
00.000,00.000	10.9	0	-200	0	4.5	112.549	78.917	21.0654	10.0557	2.51055	0	0	0	0	0	0	0	0	0	0	0	0	0	0	0	0
00.000,00.000	11	0	-200	0	4.5	115.421	81.1995	21.427	10.0637	2.73056	0	0	0	0	0	0	0	0	0	0	0	0	0	0	0	0
00.000,00.000	11.1	0	-200	0	4.5	118.408	83.5817	21.8029	10.0734	2.95015	0	0	0	0	0	0	0	0	0	0	0	0	0	0	0	0
00.000,00.000	11.2	0	-200	0	4.5	121.536	86.0881	22.1928	10.0862	3.16926	0	0	0	0	0	0	0	0	0	0	0	0	0	0	0	0
00.000,00.000	11.3	0	-200	0	4.5	124.822	88.7333	22.5996	10.1012	3.38781	0	0	0	0	0	0	0	0	0	0	0	0	0	0	0	0
00.000,00.000	11.4	0	-200	0	4.5	128.254	91.5053	23.0248	10.1186	3.6058	0	0	0	0	0	0	0	0	0	0	0	0	0	0	0	0
00.000,00.000	11.5	0	-200	0	4.5	131.748	94.3092	23.4778	10.1382	3.82287	0	0	0	0	0	0	0	0	0	0	0	0	0	0	0	0
00.000,00.000	11.6	0	-200	0	4.5	135.365	97.2081	23.9565	10.1607	4.03952	0	0	0	0	0	0	0	0	0	0	0	0	0	0	0	0
00.000,00.000	11.7	0	-200	0	4.5	139.073	100.183	24.4485	10.1855	4.25564	0	0	0	0	0	0	0	0	0	0	0	0	0	0	0	0
00.000,00.000	11.8	0	-200	0	4.5	142.893	103.252	24.9572	10.2127	4.47115	0	0	0	0	0	0	0	0	0	0	0	0	0	0	0	0
00.000,00.000	11.9	0	-200	0	4.5	146.872	106.459	25.4845	10.2422	4.6863	0	0	0	0	0	0	0	0	0	0	0	0	0	0	0	0
00.000,00.000	12	0	-200	0	4.5	151.013	109.804	26.0337	10.2745	4.90177	0	0	0	0	0	0	0	0	0	0	0	0	0	0	0	0
00.000,00.000	12.1	0	-200	0	4.5	155.293	113.262	26.605	10.3092	5.11755	0	0	0	0	0	0	0	0	0	0	0	0	0	0	0	0
00.000,00.000	12.2	0	-200	0	4.5	159.632	116.774	27.1808	10.3461	5.33153	0	0	0	0	0	0	0	0	0	0	0	0	0	0	0	0
00.000,00.000	12.3	0	-200	0	4.5	164.056	120.351	27.7755	10.3851	5.54469	0	0	0	0	0	0	0	0	0	0	0	0	0	0	0	0
00.000,00.000	12.4	0	-200	0	4.5	168.566	124.008	28.3728	10.4277	5.75722	0	0	0	0	0	0	0	0	0	0	0	0	0	0	0	0
00.000,00.000	12.5	0	-200	0	4.5	173.155	127.733	28.9769	10.4729	5.97203	0	0	0	0	0	0	0	0	0	0	0	0	0	0	0	0
00.000,00.000	12.6	0	-200	0	4.5	178.445	132.001	29.6984	10.5286	6.21684	0	0	0	0	0	0	0	0	0	0	0	0	0	0	0	0
00.000,00.000	12.7	0	-200	0	4.5	183.113	135.459	30.6434	10.5802	6.43053	0	0	0	0	0	0	0	0	0	0	0	0	0	0	0	0
00.000,00.000	12.8	0	-200	0	4.5	187.168	138.339	31.5884	10.6271	6.61335	0	0	0	0	0	0	0	0	0	0	0	0	0	0	0	0
00.000,00.000	12.9	0	-200	0	4.5	192.016	141.656	32.8492	10.6856	6.82516	0	0	0	0	0	0	0	0	0	0	0	0	0	0	0	0
00.000,00.000	13	0	-200	0	4.5	197.044	145.101	34.1509	10.749	7.04246	0	0	0	0	0	0	0	0	0	0	0	0	0	0	0	0
00.000,00.000	13.1	0	-200	0	4.5	201.969	148.497	35.4051	10.8141	7.25285	0	0	0	0	0	0	0	0	0	0	0	0	0	0	0	0
00.000,00.000	13.2	0	-200	0	4.5	206.94	151.718	36.8794	10.8823	7.46105	0	0	0	0	0	0	0	0	0	0	0	0	0	0	0	0
00.000,00.000	13.3	0	-200	0	4.5	212.008	155.015	38.3701	10.9543	7.6684	0	0	0	0	0	0	0	0	0	0	0	0	0	0	0	0
00.000,00.000	13.4	0	-200	0	4.5	217.163	158.379	39.8788	11.0299	7.87567	0	0	0	0	0	0	0	0	0	0	0	0	0	0	0	0
00.000,00.000	13.5	0	-200	0	4.5	222.787	162.04	41.5284	11.1161	8.10205	0	0	0	0	0	0	0	0	0	0	0	0	0	0	0	0
00.000,00.000	13.6	0	-200	0	4.5	229.074	166.151	43.3531	11.217	8.35294	0	0	0	0	0	0	0	0	0	0	0	0	0	0	0	0
00.000,00.000	13.7	0	-200	0	4.5	234.271	169.56	44.8474	11.3038	8.55925	0	0	0	0	0	0	0	0	0	0	0	0	0	0	0	0
00.000,00.000	13.8	0	-200	0	4.5	238.518	172.354	46.0587	11.3778	8.72725	0	0	0	0	0	0	0	0	0	0	0	0	0	0	0	0
00.000,00.000	13.9	0	-200	0	4.5	243.435	175.54	47.5104	11.466	8.91834	0	0	0	0	0	0	0	0	0	0	0	0	0	0	0	0
00.000,00.000	14	0	-200	0	4.5	249.234	179.313	49.2064	11.5737	9.14076	0	0	0	0	0	0	0	0	0	0	0	0	0	0	0	0
00.000,00.000	14.1	0	-200	0	4.5	254.74	182.9	50.8079	11.6793	9.35284	0	0	0	0	0	0	0	0	0	0	0	0	0	0	0	0
00.000,00.000	14.2	0	-200	0	4.5	260.137	186.41	52.385	11.7864	9.5562	0	0	0	0	0	0	0	0	0	0	0	0	0	0	0	0
00.000,00.000	14.3	0	-200	0	4.5	265.506	189.788	54.0609	11.8984	9.75909	0	0	0	0	0	0	0	0	0	0	0	0	0	0	0	0
00.000,00.000	14.4	0	-200	0	4.5	270.869	193.16	55.7331	12.0147	9.96136	0	0	0	0	0	0	0	0	0	0	0	0	0	0	0	0
00.000,00.000	14.5	0	-200	0	4.5	278.239	197.778	58.0441	12.1819	10.0829	0.151704	0	0	0	0	0	0	0	0	0	0	0	0	0	0	0
00.000,00.000	14.6	0	-200	0	4.5	284.605	201.747	60.0473	12.3333	10.0829	0.395083	0	0	0	0	0	0	0	0	0	0	0	0	0	0	0
00.000,00.000	14.7	0	-200	0	4.5	290.293	205.273	61.8492	12.4745	10.0829	0.612877	0	0	0	0	0	0	0	0	0	0	0	0	0	0	0
00.000,00.000	14.8	0	-200	0	4.5	296.022	208.81	63.672	12.6234	10.0829	0.833281	0	0	0	0	0	0	0	0	0	0	0	0	0	0	0
00.000,00.000	14.9	0	-200	0	4.5	298.885	210.573	64.5847	12.7008	10.0829	0.943482	0	0	0	0	0	0	0	0	0	0	0	0	0	0	0
00.000,00.000	15	0	-200	0	4.5	305.093	214.45	66.4976	12.8784	10.0829	1.18473	0	0	0	0	0	0	0	0	0	0	0	0	0	0	0
00.000,00.000	15.1	0	-200	0	4.5	310.65	217.865	68.2543	13.045	10.083	1.40324	0	0	0	0	0	0	0	0	0	0	0	0	0	0	0
00.000,00.000	15.2	0	-200	0	4.5	315.633	220.81	69.9369	13.2016	10.0839	1.6009	0	0	0	0	0	0	0	0	0	0	0	0	0	0	0
00.000,00.000	15.3	0	-200	0	4.5	320.561	223.695	71.6187	13.3637	10.0854	1.79819	0	0	0	0	0	0	0	0	0	0	0	0	0	0	0
00.000,00.000	15.4	0	-200	0	4.5	325.407	226.534	73.2587	13.5314	10.0874	1.99539	0	0	0	0	0	0	0	0	0	0	0	0	0	0	0
00.000,00.000	15.5	0	-200	0	4.5	335.67	232.505	76.7484	13.9047	10.0932	2.41944	0	0	0	0	0	0	0	0	0	0	0	0	0	0	0
00.000,00.000	15.6	0	-200	0	4.5	337.676	233.68	77.4171	13.9805	10.0947	2.50403	0	0	0	0	0	0	0	0	0	0	0	0	0	0	0
00.000,00.000	15.7	0	-200	0	4.5	341.843	236.025	78.8898	14.1471	10.0994	2.68223	0	0	0	0	0	0	0	0	0	0	0	0	0	0	0
00.000,00.000	15.8	0	-200	0	4.5	342.77	236.553	79.209	14.1855	10.1005	2.72254	0	0	0	0	0	0	0	0	0	0	0	0	0	0	0
00.000,00.000	15.9	0	-200	0	4.5	346.27	238.484	80.465	14.3378	10.1064	2.87616	0	0	0	0	0	0	0	0	0	0	0	0	0	0	0
00.000,00.000	16	0	-200	0	4.5	352.415	241.805	82.6584	14.6838	10.1194	3.14859	0	0	0	0	0	0	0	0	0	0	0	0	0	0	0
00.000,00.000	16.1	0	-200	0	4.5	357.266	244.401	84.1443	15.2152	10.1309	3.37481	0	0	0	0	0	0	0	0	0	0	0	0	0	0	0
00.000,00.000	16.2	0	-200	0	4.5	361.604	246.724	85.4788	15.69	10.1428	3.56774	0	0	0	0	0	0	0	0	0	0	0	0	0	0	0
00.000,00.000	16.3	0	-200	0	4.5	365.916	249.013	86.8119	16.1745	10.1561	3.7603	0	0	0	0	0	0	0	0	0	0	0	0	0	0	0
00.000,00.000	16.4	0	-200	0	4.5	370.209	251.287	88.0553	16.7408	10.1735	3.95246	0	0	0	0	0	0	0	0	0	0	0	0	0	0	0
00.000,00.000	16.5	0	-200	0	4.5	383.15	258.01	91.4345	18.9752	10.2335	4.49706	0	0	0	0	0	0	0	0	0	0	0	0	0	0	0
00.000,00.000	16.6	0	-200	0	4.5	385.717	259.296	92.1321	19.4289	10.2465	4.61318	0	0	0	0	0	0	0	0	0	0	0	0	0	0	0
00.000,00.000	16.7	0	-200	0	4.5	405.483	269.168	97.2953	23.1534	10.3775	5.48854	0	0	0	0	0	0	0	0	0	0	0	0	0	0	0
00.000,00.000	16.8	0	-200	0	4.5	410.167	271.443	98.5189	24.0865	10.4105	5.70809	0	0	0	0	0	0	0	0	0	0	0	0	0	0	0
00.000,00.000	16.9	0	-200	0	4.5	421.823	277.088	101.131	26.8215	10.5149	6.26813	0	0	0	0	0	0	0	0	0	0	0	0	0	0	0
00.000,00.000	17	0	-200	0	4.5	428.603	280.454	102.572	28.4217	10.578	6.57735	0	0	0	0	0	0	0	0	0	0	0	0	0	0	0
00.000,00.000	17.1	0	-200	0	4.5	432.701	282.488	103.429	29.3974	10.6224	6.76403	0	0	0	0	0	0	0	0	0	0	0	0	0	0	0
00.000,00.000	17.2	0	-200	0	4.5	436.782	284.519	104.273	30.3706	10.6705	6.94937	0	0	0	0	0	0	0	0	0	0	0	0	0	0	0
00.000,00.000	17.3	0	-200	0	4.5	440.891	286.557	105.137	31.3413	10.7233	7.13293	0	0	0	0	0	0	0	0	0	0	0	0	0	0	0
00.000,00.000	17.4	0	-200	0	4.5	445.029	288.604	106.009	32.3172	10.7831	7.31647	0	0	0	0	0	0	0	0	0	0	0	0	0	0	0
00.000,00.000	17.5	0	-200	0	4.5	460.338	296.138	109.396	35.8404	11.0204	7.94322	0	0	0	0	0	0	0	0	0	0	0	0	0	0	0
00.000,00.000	17.6	0	-200	0	4.5	463.393	297.609	110.124	36.512	11.0698	8.078	0	0	0	0	0	0	0	0	0	0	0	0	0	0	0
00.000,00.000	17.7	0	-200	0	4.5	482.345	306.13	114.653	41.2088	11.4447	8.9077	0	0	0	0	0	0	0	0	0	0	0	0	0	0	0
00.000,00.000	17.8	0	-200	0	4.5	486.924	308.302	115.734	42.2409	11.5337	9.11318	0	0	0	0	0	0	0	0	0	0	0	0	0	0	0
00.000,00.000	17.9	0	-200	0	4.5	501.272	314.563	119.121	45.8463	11.9419	9.51514	0.284945	0	0	0	0	0	0	0	0	0	0	0	0	0	0
00.000,00.000	18	0	-200	0	4.5	508.378	317.757	120.729	47.1162	12.6323	9.51113	0.631824	0	0	0	0	0	0	0	0	0	0	0	0	0	0
00.000,00.000	18.1	0	-200	0	4.5	512.16	319.709	121.507	47.7055	12.9411	9.51467	0.782349	0	0	0	0	0	0	0	0	0	0	0	0	0	0
00.000,00.000	18.2	0	-200	0	4.5	517.184	322.39	122.493	48.4635	13.3435	9.51467	0.979416	0	0	0	0	0	0	0	0	0	0	0	0	0	0
00.000,00.000	18.3	0	-200	0	4.5	522.293	324.99	123.536	49.2768	13.7843	9.51467	1.1914	0	0	0	0	0	0	0	0	0	0	0	0	0	0
00.000,00.000	18.4	0	-200	0	4.5	526.443	327.05	124.447	49.8526	14.2168	9.51467	1.36094	0	0	0	0	0	0	0	0	0	0	0	0	0	0
00.000,00.000	18.5	0	-200	0	4.5	551.001	338.711	130.395	52.5467	17.5456	9.51538	2.28685	0	0	0	0	0	0	0	0	0	0	0	0	0	0
00.000,00.000	18.6	0	-200	0	4.5	555.971	340.955	131.717	53.0441	18.251	9.51609	2.48798	0	0	0	0	0	0	0	0	0	0	0	0	0	0
00.000,00.000	18.7	0	-200	0	4.5	604.472	359.081	145.853	59.1314	26.2035	9.55019	4.65336	0	0	0	0	0	0	0	0	0	0	0	0	0	0
00.000,00.000	18.8	0	-200	0	4.5	617.59	363.28	150.725	60.1116	28.7014	9.562	5.20967	0	0	0	0	0	0	0	0	0	0	0	0	0	0
00.000,00.000	18.9	0	-200	0	4.5	638.185	369.686	159.592	61.4937	31.9102	9.6018	5.90227	0	0	0	0	0	0	0	0	0	0	0	0	0	0
00.000,00.000	19	0	-200	0	4.5	650.489	372.8	165.284	62.4205	33.9869	9.63397	6.3634	0	0	0	0	0	0	0	0	0	0	0	0	0	0
00.000,00.000	19.1	0	-200	0	4.5	655.764	374.13	167.74	62.8298	34.8568	9.65161	6.55559	0	0	0	0	0	0	0	0	0	0	0	0	0	0
00.000,00.000	19.2	0	-200	0	4.5	660.591	375.362	169.979	63.2143	35.6381	9.67121	6.72697	0	0	0	0	0	0	0	0	0	0	0	0	0	0
00.000,00.000	19.3	0	-200	0	4.5	665.613	376.653	172.302	63.6247	36.4064	9.72489	6.90126	0	0	0	0	0	0	0	0	0	0	0	0	0	0
00.000,00.000	19.4	0	-200	0	4.5	670.721	377.973	174.657	64.0557	36.9886	9.97133	7.07497	0	0	0	0	0	0	0	0	0	0	0	0	0	0
00.000,00.000	19.5	0	-200	0	4.5	676.106	379.344	177.137	64.529	37.6063	10.233	7.25755	0	0	0	0	0	0	0	0	0	0	0	0	0	0
00.000,00.000	19.6	0	-200	0	4.5	681.043	380.574	179.402	64.982	38.1822	10.4767	7.4264	0	0	0	0	0	0	0	0	0	0	0	0	0	0
00.000,00.000	19.7	0	-200	0	4.5	685.975	381.875	181.57	65.4535	38.7607	10.722	7.59429	0	0	0	0	0	0	0	0	0	0	0	0	0	0
00.000,00.000	19.8	0	-200	0	4.5	690.949	383.163	183.716	65.9579	39.3647	10.9793	7.76824	0	0	0	0	0	0	0	0	0	0	0	0	0	0
00.000,00.000	19.9	0	-200	0	4.5	717.009	389.819	194.823	68.6834	42.6179	12.3646	8.70072	0	0	0	0	0	0	0	0	0	0	0	0	0	0
00.000,00.000	20	0	-200	0	4.5	722.519	391.294	197.145	69.2494	43.2188	12.7199	8.89164	0	0	0	0	0	0	0	0	0	0	0	0	0	0
00.000,00.000	20.1	0	-200	0	4.5	740.637	396.473	204.607	71.1468	44.7608	14.1726	9.05821	0.418402	0	0	0	0	0	0	0	0	0	0	0	0	0
00.000,00.000	20.2	0	-200	0	4.5	750.468	399.28	208.673	72.1844	45.5319	15.0094	9.05821	0.730623	0	0	0	0	0	0	0	0	0	0	0	0	0
00.000,00.000	20.3	0	-200	0	4.5	756.078	400.944	210.964	72.7777	45.9639	15.4693	9.05821	0.900202	0	0	0	0	0	0	0	0	0	0	0	0	0
00.000,00.000	20.4	0	-200	0	4.5	768.418	404.678	215.514	74.54	46.9075	16.4578	9.05821	1.26213	0	0	0	0	0	0	0	0	0	0	0	0	0
00.000,00.000	20.5	0	-200	0	4.5	771.256	405.528	216.544	74.9722	47.1255	16.6844	9.05821	1.34482	0	0	0	0	0	0	0	0	0	0	0	0	0
00.000,00.000	20.6	0	-200	0	4.5	780.241	408.338	219.674	76.3404	47.8263	17.4006	9.05821	1.60306	0	0	0	0	0	0	0	0	0	0	0	0	0
00.000,00.000	20.7	0	-200	0	4.5	787.618	410.674	222.246	77.462	48.3954	17.9733	9.05821	1.80858	0	0	0	0	0	0	0	0	0	0	0	0	0
00.000,00.000	20.8	0	-200	0	4.5	793.866	412.689	224.388	78.4151	48.8815	18.4539	9.05821	1.97955	0	0	0	0	0	0	0	0	0	0	0	0	0
00.000,00.000	20.9	0	-200	0	4.5	825.136	423.074	234.772	83.1859	51.356	20.8591	9.05854	2.83067	0	0	0	0	0	0	0	0	0	0	0	0	0
00.000,00.000	21	0	-200	0	4.5	831.774	425.311	237.025	84.1491	51.8734	21.3521	9.05904	3.00468	0	0	0	0	0	0	0	0	0	0	0	0	0
00.000,00.000	21.1	0	-200	0	4.5	853.159	432.839	244.051	87.2953	53.5208	22.8567	9.06601	3.53005	0	0	0	0	0	0	0	0	0	0	0	0	0
00.000,00.000	21.2	0	-200	0	4.5	865.215	437.042	247.947	89.1809	54.4395	23.7124	9.07094	3.82276	0	0	0	0	0	0	0	0	0	0	0	0	0
00.000,00.000	21.3	0	-200	0	4.5	872.453	439.635	249.986	90.561	54.8691	24.334	9.07524	3.99189	0	0	0	0	0	0	0	0	0	0	0	0	0
00.000,00.000	21.4	0	-200	0	4.5	889.918	446.006	254.712	94.0039	55.8871	25.8321	9.08858	4.38908	0	0	0	0	0	0	0	0	0	0	0	0	0
00.000,00.000	21.5	0	-200	0	4.5	893.834	447.429	255.734	94.8149	56.1074	26.1787	9.09201	4.47767	0	0	0	0	0	0	0	0	0	0	0	0	0
00.000,00.000	21.6	0	-200	0	4.5	906.4	452.056	258.995	97.3669	56.8463	27.2736	9.10655	4.75625	0	0	0	0	0	0	0	0	0	0	0	0	0
00.000,00.000	21.7	0	-200	0	4.5	946.303	465.405	269.232	106.018	59.542	31.1765	9.16706	5.76218	0	0	0	0	0	0	0	0	0	0	0	0	0
00.000,00.000	21.8	0	-200	0	4.5	960.683	470.884	272.907	108.751	60.4445	32.2398	9.37459	6.08282	0	0	0	0	0	0	0	0	0	0	0	0	0
00.000,00.000	21.9	0	-200	0	4.5	960.998	470.996	272.992	108.813	60.4652	32.2605	9.38134	6.08964	0	0	0	0	0	0	0	0	0	0	0	0	0
00.000,00.000	22	0	-200	0	4.5	963.173	471.84	273.563	109.212	60.6046	32.3814	9.43822	6.13308	0	0	0	0	0	0	0	0	0	0	0	0	0
00.000,00.000	22.1	0	-200	0	4.5	986.369	480.673	279.756	113.493	62.1303	33.7476	9.97298	6.59562	0	0	0	0	0	0	0	0	0	0	0	0	0
00.000,00.000	22.2	0	-200	0	4.5	999.689	485.519	283.485	115.982	63.0302	34.5095	10.3039	6.85975	0	0	0	0	0	0	0	0	0	0	0	0	0
00.000,00.000	22.3	0	-200	0	4.5	1008.17	488.735	285.807	117.524	63.6028	34.977	10.5075	7.0202	0	0	0	0	0	0	0	0	0	0	0	0	0
00.000,00.000	22.4	0	-200	0	4.5	1039.23	500.552	294.496	122.909	65.7577	36.6705	11.2452	7.59625	0	0	0	0	0	0	0	0	0	0	0	0	0
00.000,00.000	22.5	0	-200	0	4.5	1046.9	503.379	296.843	123.907	66.5073	37.0961	11.431	7.74048	0	0	0	0	0	0	0	0	0	0	0	0	0
00.000,00.000	22.6	0	-200	0	4.5	1062.84	509.172	301.588	126.107	68.1211	37.9918	11.821	8.03911	0	0	0	0	0	0	0	0	0	0	0	0	0
00.000,00.000	22.7	0	-200	0	4.5	1108.8	523.624	315.509	132.888	73.568	40.1697	13.9909	9.05151	0	0	0	0	0	0	0	0	0	0	0	0	0
00.000,00.000	22.8	0	-200	0	4.5	1158.41	542.892	328.985	139.647	78.7123	42.0048	16.193	9.501	0.472221	0	0	0	0	0	0	0	0	0	0	0	0
00.000,00.000	22.9	0	-200	0	4.5	1162.92	544.438	330.346	140.309	79.1865	42.1809	16.4004	9.501	0.558374	0	0	0	0	0	0	0	0	0	0	0	0
00.000,00.000	23	0	-200	0	4.5	1224.31	560.939	353.117	149.63	85.6835	44.5979	19.1578	9.501	1.68008	0	0	0	0	0	0	0	0	0	0	0	0
00.000,00.000	23.1	0	-200	0	4.5	1250.28	567.331	363.046	153.782	88.469	45.6518	20.3385	9.50149	2.15814	0	0	0	0	0	0	0	0	0	0	0	0
00.000,00.000	23.2	0	-200	0	4.5	1259.57	569.712	366.543	155.231	89.501	46.0281	20.7399	9.50289	2.318	0	0	0	0	0	0	0	0	0	0	0	0
00.000,00.000	23.3	0	-200	0	4.5	1269.54	572.31	370.259	156.78	90.6105	46.4345	21.1619	9.50468	2.48437	0	0	0	0	0	0	0	0	0	0	0	0
00.000,00.000	23.4	0	-200	0	4.5	1289.11	577.626	377.462	159.763	92.7598	47.2286	21.9607	9.50926	2.79607	0	0	0	0	0	0	0	0	0	0	0	0
00.000,00.000	23.5	0	-200	0	4.5	1293.63	578.844	379.127	160.461	93.2619	47.4151	22.1453	9.51047	2.86767	0	0	0	0	0	0	0	0	0	0	0	0
00.000,00.000	23.6	0	-200	0	4.5	1333.01	589.046	393.272	166.598	97.9691	49.2	23.8696	9.52555	3.53069	0	0	0	0	0	0	0	0	0	0	0	0
00.000,00.000	23.7	0	-200	0	4.5	1343.17	591.964	396.814	168.15	99.0861	49.659	24.2788	9.52971	3.68701	0	0	0	0	0	0	0	0	0	0	0	0
00.000,00.000	23.8	0	-200	0	4.5	1344.19	592.257	397.173	168.304	99.2005	49.7043	24.3189	9.53025	3.70218	0	0	0	0	0	0	0	0	0	0	0	0
00.000,00.000	23.9	0	-200	0	4.5	1382.09	603.772	410.284	173.829	103.331	51.3407	25.7467	9.55305	4.23731	0	0	0	0	0	0	0	0	0	0	0	0
00.000,00.000	24	0	-200	0	4.5	1391.95	606.753	413.738	175.283	104.371	51.6341	26.2432	9.55943	4.37372	0	0	0	0	0	0	0	0	0	0	0	0
00.000,00.000	24.1	0	-200	0	4.5	1420.23	615.654	423.509	179.42	107.24	52.5655	27.3537	9.74296	4.74058	0	0	0	0	0	0	0	0	0	0	0	0
00.000,00.000	24.2	0	-200	0	4.5	1438.78	621.45	429.932	182.2	109.118	53.1279	27.9479	10.0287	4.9777	0	0	0	0	0	0	0	0	0	0	0	0
00.000,00.000	24.3	0	-200	0	4.5	1452.03	625.737	434.442	184.143	110.342	53.6392	28.3606	10.227	5.14059	0	0	0	0	0	0	0	0	0	0	0	0
00.000,00.000	24.4	0	-200	0	4.5	1465.65	630.217	439.013	186.141	111.489	54.2763	28.7778	10.4272	5.30398	0	0	0	0	0	0	0	0	0	0	0	0
00.000,00.000	24.5	0	-200	0	4.5	1479.39	634.845	443.548	188.179	112.647	54.8805	29.1976	10.6287	5.46721	0	0	0	0	0	0	0	0	0	0	0	0
00.000,00.000	24.6	0	-200	0	4.5	1493.15	639.559	448.094	190.232	113.808	55.3696	29.6213	10.8327	5.6315	0	0	0	0	0	0	0	0	0	0	0	0
00.000,00.000	24.7	0	-200	0	4.5	1506.94	644.429	452.471	192.316	114.962	55.8915	30.0412	11.034	5.79261	0	0	0	0	0	0	0	0	0	0	0	0
00.000,00.000	24.8	0	-200	0	4.5	1520.73	649.484	456.549	194.456	116.154	56.4249	30.4692	11.2396	5.95579	0	0	0	0	0	0	0	0	0	0	0	0
00.000,00.000	24.9	0	-200	0	4.5	1569.1	667.379	470.67	201.942	120.384	58.2833	31.9621	11.9576	6.52211	0	0	0	0	0	0	0	0	0	0	0	0
00.000,00.000	25	0	-200	0	4.5	1579.23	671.244	473.456	203.564	121.262	58.6819	32.2744	12.1071	6.63941	0	0	0	0	0	0	0	0	0	0	0	0
00.000,00.000	25.1	0	-200	0	4.5	1612.83	684.217	482.378	209.159	124.246	59.9716	33.2691	12.5797	7.00561	0	0	0	0	0	0	0	0	0	0	0	0
00.000,00.000	25.2	0	-200	0	4.5	1634.6	692.727	487.976	212.843	126.218	60.8027	33.9164	12.8721	7.24219	0	0	0	0	0	0	0	0	0	0	0	0
00.000,00.000	25.3	0	-200	0	4.5	1649.69	698.736	491.886	215.442	127.597	61.3875	34.2993	12.9337	7.40358	0	0	0	0	0	0	0	0	0	0	0	0
00.000,00.000	25.4	0	-200	0	4.5	1673.11	708.19	497.884	219.552	129.737	62.3072	34.7038	13.0887	7.65021	0	0	0	0	0	0	0	0	0	0	0	0
00.000,00.000	25.5	0	-200	0	4.5	1684.69	712.847	500.835	221.583	130.741	62.762	34.8987	13.2512	7.77162	0	0	0	0	0	0	0	0	0	0	0	0
00.000,00.000	25.6	0	-200	0	4.5	1684.64	712.845	500.826	221.587	130.696	62.7588	34.8862	13.2709	7.77162	0	0	0	0	0	0	0	0	0	0	0	0
00.000,00.000	25.7	0	-200	0	4.5	1684.82	712.919	500.871	221.619	130.711	62.7665	34.89	13.2717	7.77347	0	0	0	0	0	0	0	0	0	0	0	0
00.000,00.000	25.8	0	-200	0	4.5	1778.92	751.623	524.202	237.975	139.124	66.8233	36.8332	13.6	8.73526	0	0	0	0	0	0	0	0	0	0	0	0
00.000,00.000	25.9	0	-200	0	4.5	1810.18	764.507	531.701	243.483	142.001	68.2656	37.4749	13.6803	8.9405	0.126341	0	0	0	0	0	0	0	0	0	0	0
00.000,00.000	26	0	-200	0	4.5	1811.46	765.048	532.011	243.698	142.117	68.3228	37.501	13.6838	8.94469	0.134849	0	0	0	0	0	0	0	0	0	0	0
00.000,00.000	26.1	0	-200	0	4.5	1814.25	766.231	532.676	244.163	142.367	68.45	37.5595	13.6921	8.94891	0.158018	0	0	0	0	0	0	0	0	0	0	0
00.000,00.000	26.2	0	-200	0	4.5	1816.95	767.376	533.326	244.609	142.609	68.5753	37.6168	13.7004	8.95204	0.181273	0	0	0	0	0	0	0	0	0	0	0
00.000,00.000	26.3	0	-200	0	4.5	1818.4	767.992	533.675	244.845	142.741	68.6426	37.648	13.705	8.95568	0.191474	0	0	0	0	0	0	0	0	0	0	0
00.000,00.000	26.4	0	-200	0	4.5	1818.63	768.093	533.732	244.883	142.762	68.6536	37.6532	13.7058	8.95548	0.193922	0	0	0	0	0	0	0	0	0	0	0
00.000,00.000	26.5	0	-200	0	4.5	1819.65	768.529	533.978	245.045	142.857	68.7018	37.6761	13.7095	8.95832	0.200663	0	0	0	0	0	0	0	0	0	0	0
00.000,00.000	26.6	0	-200	0	4.5	1821.11	769.141	534.326	245.28	142.995	68.7735	37.7102	13.7151	8.96161	0.211474	0	0	0	0	0	0	0	0	0	0	0
00.000,00.000	26.7	0	-200	0	4.5	1876.19	792.702	547.451	253.903	148.053	71.4639	38.9966	13.9321	9.04468	0.641066	0	0	0	0	0	0	0	0	0	0	0
00.000,00.000	26.8	0	-200	0	4.5	1906.28	803.613	556.381	258.706	150.842	72.9789	39.7256	14.0571	9.04468	0.927733	0	0	0	0	0	0	0	0	0	0	0
00.000,00.000	26.9	0	-200	0	4.5	1947.6	818.318	568.5	265.329	154.863	75.1724	40.7927	14.2442	9.04468	1.3333	0	0	0	0	0	0	0	0	0	0	0
00.000,00.000	27	0	-200	0	4.5	1956.52	821.505	571.079	266.754	155.741	75.6565	41.0288	14.2861	9.04468	1.42148	0	0	0	0	0	0	0	0	0	0	0
00.000,00.000	27.1	0	-200	0	4.5	1986.26	832.033	579.759	271.434	158.71	77.2979	41.8372	14.4331	9.04468	1.71112	0	0	0	0	0	0	0	0	0	0	0
00.000,00.000	27.2	0	-200	0	4.5	2000.88	837.32	583.736	273.786	160.226	78.1423	42.2554	14.51	9.04468	1.85856	0	0	0	0	0	0	0	0	0	0	0
00.000,00.000	27.3	0	-200	0	4.5	2003.45	838.249	584.437	274.192	160.493	78.2916	42.3303	14.5241	9.04468	1.88418	0	0	0	0	0	0	0	0	0	0	0
00.000,00.000	27.4	0	-200	0	4.5	2003.73	838.355	584.514	274.237	160.523	78.3086	42.3389	14.5258	9.04468	1.88707	0	0	0	0	0	0	0	0	0	0	0
00.000,00.000	27.5	0	-200	0	4.5	2098.49	872.592	610.457	288.769	170.464	83.967	45.2666	15.0968	9.04489	2.8314	0	0	0	0	0	0	0	0	0	0	0
00.000,00.000	27.6	0	-200	0	4.5	2128.21	883.127	618.818	293.161	173.646	85.728	46.2477	15.289	9.04533	3.14558	0	0	0	0	0	0	0	0	0	0	0
00.000,00.000	27.7	0	-200	0	4.5	2129.57	883.622	619.195	293.36	173.79	85.8104	46.2931	15.2979	9.04544	3.15928	0	0	0	0	0	0	0	0	0	0	0
00.000,00.000	27.8	0	-200	0	4.5	2170.18	898.217	630.405	298.898	178.471	88.2968	47.6909	15.5768	9.04977	3.57114	0	0	0	0	0	0	0	0	0	0	0
00.000,00.000	27.9	0	-200	0	4.5	2182.31	902.574	633.709	300.457	179.974	89.0521	48.1286	15.6645	9.05128	3.69888	0	0	0	0	0	0	0	0	0	0	0
00.000,00.000	28	0	-200	0	4.5	2183.7	903.082	634.09	300.632	180.143	89.1385	48.1784	15.6745	9.05152	3.71272	0	0	0	0	0	0	0	0	0	0	0
00.000,00.000	28.1	0	-200	0	4.5	2185.22	903.635	634.504	300.819	180.327	89.2329	48.2333	15.6857	9.05182	3.7276	0	0	0	0	0	0	0	0	0	0	0
00.000,00.000	28.2	0	-200	0	4.5	2186.56	904.125	634.873	300.98	180.489	89.3167	48.2825	15.6958	9.05212	3.74051	0	0	0	0	0	0	0	0	0	0	0
00.000,00.000	28.3	0	-200	0	4.5	2187.73	904.56	635.195	301.12	180.631	89.3908	48.3264	15.7048	9.05243	3.75165	0	0	0	0	0	0	0	0	0	0	0
00.000,00.000	28.4	0	-200	0	4.5	2187.92	904.627	635.248	301.141	180.653	89.4023	48.3334	15.7063	9.05248	3.75339	0	0	0	0	0	0	0	0	0	0	0
00.000,00.000	28.5	0	-200	0	4.5	2291.85	943.993	662.35	313.165	193.436	96.1191	52.2204	16.752	9.0876	4.72219	0	0	0	0	0	0	0	0	0	0	0
00.000,00.000	28.6	0	-200	0	4.5	2331.44	957.33	672.659	318.164	198.896	98.9655	53.6131	17.557	9.10521	5.15427	0	0	0	0	0	0	0	0	0	0	0
00.000,00.000	28.7	0	-200	0	4.5	2430.68	991.455	696.73	330.651	212.8	106.524	57.3919	19.7027	9.1644	6.26475	0	0	0	0	0	0	0	0	0	0	0
00.000,00.000	28.8	0	-200	0	4.5	2452.05	999.743	701.756	333.039	215.517	108.048	58.156	20.1298	9.17721	6.48104	0	0	0	0	0	0	0	0	0	0	0
00.000,00.000	28.9	0	-200	0	4.5	2486.33	1013.23	709.885	336.763	219.758	110.476	59.3926	20.8097	9.20384	6.80577	0	0	0	0	0	0	0	0	0	0	0
00.000,00.000	29	0	-200	0	4.5	2516.19	1025.43	716.982	339.871	223.272	112.546	60.3944	21.3904	9.22865	7.07679	0	0	0	0	0	0	0	0	0	0	0
00.000,00.000	29.1	0	-200	0	4.5	2538.48	1034.77	722.249	342.068	225.86	114.071	61.1185	21.8207	9.24936	7.27036	0	0	0	0	0	0	0	0	0	0	0
00.000,00.000	29.2	0	-200	0	4.5	2555.99	1042.2	726.334	343.748	227.885	115.275	61.698	22.1615	9.26734	7.41849	0	0	0	0	0	0	0	0	0	0	0
00.000,00.000	29.3	0	-200	0	4.5	2572.48	1049.36	730.136	345.276	229.746	116.397	62.2457	22.4812	9.28632	7.55251	0	0	0	0	0	0	0	0	0	0	0
00.000,00.000	29.4	0	-200	0	4.5	2620.78	1070.79	741.122	349.523	235.08	119.69	63.8691	23.4264	9.34881	7.9338	0	0	0	0	0	0	0	0	0	0	0
00.000,00.000	29.5	0	-200	0	4.5	2647.83	1082.86	747.354	351.704	238.041	121.569	64.7943	23.9697	9.38728	8.14787	0	0	0	0	0	0	0	0	0	0	0
00.000,00.000	29.6	0	-200	0	4.5	2664.6	1090.34	751.082	353.071	239.879	122.761	65.3723	24.3154	9.49864	8.27939	0	0	0	0	0	0	0	0	0	0	0
00.000,00.000	29.7	0	-200	0	4.5	2733.06	1118.31	765.567	359.018	248.318	128.369	68.2062	26.0273	10.3348	8.56984	0.348218	0	0	0	0	0	0	0	0	0	0
00.000,00.000	29.8	0	-200	0	4.5	2795.11	1147.46	778.639	363.319	254.593	132.801	70.4259	27.3743	11.0905	8.56984	0.834742	0	0	0	0	0	0	0	0	0	0
00.000,00.000	29.9	0	-200	0	4.5	2799.25	1149.07	779.755	363.608	255.037	133.125	70.5924	27.4741	11.1462	8.56984	0.86999	0	0	0	0	0	0	0	0	0	0
00.000,00.000	30	0	-200	0	4.5	2883.64	1184.49	801.201	369.717	263.117	139.46	73.8666	29.4487	12.2398	8.56984	1.53039	0	0	0	0	0	0	0	0	0	0
00.000,00.000	30.1	0	-200	0	4.5	2920.91	1199.5	811.55	372.293	266.519	142.196	75.3517	30.3499	12.7456	8.56984	1.83097	0	0	0	0	0	0	0	0	0	0
00.000,00.000	30.2	0	-200	0	4.5	2936.34	1205.72	815.836	373.393	267.902	143.332	75.9614	30.7177	12.9545	8.56984	1.95022	0	0	0	0	0	0	0	0	0	0
00.000,00.000	30.3	0	-200	0	4.5	2951.87	1212	820.163	374.505	269.273	144.459	76.5794	31.0893	13.1662	8.56984	2.0677	0	0	0	0	0	0	0	0	0	0
00.000,00.000	30.4	0	-200	0	4.5	2967.67	1218.47	824.557	375.616	270.631	145.586	77.2077	31.4669	13.3812	8.56984	2.18379	0	0	0	0	0	0	0	0	0	0
00.000,00.000	30.5	0	-200	0	4.5	2983.65	1225.07	828.964	376.727	271.996	146.719	77.8488	31.8513	13.6008	8.56984	2.29917	0	0	0	0	0	0	0	0	0	0
00.000,00.000	30.6	0	-200	0	4.5	2998.99	1231.28	833.184	377.812	273.351	147.832	78.4886	32.2351	13.8255	8.56984	2.41439	0	0	0	0	0	0	0	0	0	0
00.000,00.000	30.7	0	-200	0	4.5	3014.49	1237.88	837.369	378.883	274.643	148.883	79.1071	32.591	14.043	8.5699	2.52297	0	0	0	0	0	0	0	0	0	0
00.000,00.000	30.8	0	-200	0	4.5	3030.12	1244.46	841.511	380.043	275.957	149.952	79.7579	32.9647	14.2714	8.57021	2.63413	0	0	0	0	0	0	0	0	0	0
00.000,00.000	30.9	0	-200	0	4.5	3086.49	1268.84	855.535	384.289	280.696	153.854	82.1843	34.3585	15.1213	8.57218	3.03684	0	0	0	0	0	0	0	0	0	0
00.000,00.000	31	0	-200	0	4.5	3098.04	1273.97	858.431	385.148	281.668	154.599	82.6177	34.624	15.2957	8.57287	3.11841	0	0	0	0	0	0	0	0	0	0
00.000,00.000	31.1	0	-200	0	4.5	3136.54	1291.26	868.022	387.96	284.732	157.099	84.1055	35.547	15.8629	8.57759	3.37282	0	0	0	0	0	0	0	0	0	0
00.000,00.000	31.2	0	-200	0	4.5	3160.1	1301.98	873.892	389.707	286.532	158.582	85.0007	36.0777	16.2205	8.58123	3.53057	0	0	0	0	0	0	0	0	0	0
00.000,00.000	31.3	0	-200	0	4.5	3175.65	1309.15	877.634	390.858	287.723	159.562	85.623	36.4309	16.4579	8.58438	3.63223	0	0	0	0	0	0	0	0	0	0
00.000,00.000	31.4	0	-200	0	4.5	3272.27	1353.73	900.98	398.071	294.992	165.482	89.5219	38.3455	18.2875	8.60936	4.25251	0	0	0	0	0	0	0	0	0	0
00.000,00.000	31.5	0	-200	0	4.5	3313.37	1372.34	911.166	401.338	298.004	167.929	91.1282	38.9492	19.1138	8.872	4.52388	0	0	0	0	0	0	0	0	0	0
00.000,00.000	31.6	0	-200	0	4.5	3325.28	1377.47	914.121	402.311	298.928	168.719	91.6508	39.1429	19.3282	8.99484	4.60742	0	0	0	0	0	0	0	0	0	0
00.000,00.000	31.7	0	-200	0	4.5	3339.95	1384.39	917.586	403.41	299.955	169.601	92.2488	39.3604	19.5653	9.13741	4.69883	0	0	0	0	0	0	0	0	0	0
00.000,00.000	31.8	0	-200	0	4.5	3355.25	1391.11	921.354	404.633	301.095	170.58	92.9292	39.6077	19.821	9.31247	4.79985	0	0	0	0	0	0	0	0	0	0
00.000,00.000	31.9	0	-200	0	4.5	3424.11	1424.22	937.063	409.741	305.77	174.67	95.8	40.6512	20.8769	10.0949	5.21964	0	0	0	0	0	0	0	0	0	0
00.000,00.000	32	0	-200	0	4.5	3437.64	1430.72	940.194	410.781	306.571	175.509	96.3491	40.8721	21.0883	10.2508	5.30227	0	0	0	0	0	0	0	0	0	0
00.000,00.000	32.1	0	-200	0	4.5	3483.46	1452.6	951.026	414.207	309.454	178.217	98.2761	41.566	21.7903	10.7666	5.56385	0	0	0	0	0	0	0	0	0	0
00.000,00.000	32.2	0	-200	0	4.5	3510.31	1466.13	956.951	416.151	310.996	179.774	99.365	41.9773	22.1934	11.0621	5.71125	0	0	0	0	0	0	0	0	0	0
00.000,00.000	32.3	0	-200	0	4.5	3526.86	1474.61	960.584	417.307	311.957	180.683	100.03	42.2183	22.4368	11.2398	5.79707	0	0	0	0	0	0	0	0	0	0
00.000,00.000	32.4	0	-200	0	4.5	3529.61	1476.04	961.168	417.501	312.099	180.839	100.139	42.2625	22.4781	11.2699	5.8114	0	0	0	0	0	0	0	0	0	0
00.000,00.000	32.5	0	-200	0	4.5	3558.61	1491.36	967.341	419.461	313.673	182.342	101.298	42.6939	22.9073	11.5812	5.95298	0	0	0	0	0	0	0	0	0	0
00.000,00.000	32.6	0	-200	0	4.5	3571.28	1498.05	969.995	420.329	314.335	183.004	101.807	42.9062	23.1079	11.7269	6.01893	0	0	0	0	0	0	0	0	0	0
00.000,00.000	32.7	0	-200	0	4.5	3572.25	1498.57	970.196	420.391	314.387	183.05	101.847	42.9204	23.1225	11.7374	6.02347	0	0	0	0	0	0	0	0	0	0
00.000,00.000	32.8	0	-200	0	4.5	3640.25	1535.54	984.221	424.698	317.988	186.262	104.627	43.9243	24.1638	12.4867	6.33921	0	0	0	0	0	0	0	0	0	0
00.000,00.000	32.9	0	-200	0	4.5	3678.21	1556.36	991.767	427.121	319.978	188.083	106.173	44.5373	24.7608	12.9134	6.51605	0	0	0	0	0	0	0	0	0	0
00.000,00.000	33	0	-200	0	4.5	3681.49	1558.18	992.43	427.325	320.144	188.236	106.299	44.5894	24.8116	12.9495	6.53063	0	0	0	0	0	0	0	0	0	0
00.000,00.000	33.1	0	-200	0	4.5	3711.59	1574.97	998.481	429.167	321.647	189.558	107.518	45.0418	25.2715	13.2739	6.65647	0	0	0	0	0	0	0	0	0	0
00.000,00.000	33.2	0	-200	0	4.5	3721.16	1580.33	1000.4	429.771	322.107	189.98	107.884	45.1947	25.4198	13.3781	6.69643	0	0	0	0	0	0	0	0	0	0
00.000,00.000	33.3	0	-200	0	4.5	3722.53	1581.1	1000.67	429.855	322.172	190.037	107.94	45.2156	25.4409	13.3928	6.70185	0	0	0	0	0	0	0	0	0	0
00.000,00.000	33.4	0	-200	0	4.5	3722.75	1581.23	1000.72	429.869	322.182	190.046	107.949	45.2192	25.4443	13.3952	6.7027	0	0	0	0	0	0	0	0	0	0
00.000,00.000	33.5	0	-200	0	4.5	3820.66	1637.22	1019.81	435.796	326.655	193.946	112.059	46.6721	26.9709	14.4574	7.06702	0	0	0	0	0	0	0	0	0	0
00.000,00.000	33.6	0	-200	0	4.5	3863.51	1662.08	1027.71	438.387	328.721	195.689	113.755	47.2873	27.6851	14.9551	7.23548	0	0	0	0	0	0	0	0	0	0
00.000,00.000	33.7	0	-200	0	4.5	3947.57	1711.53	1043.21	443.202	332.605	198.94	117.102	48.4022	29.0945	15.9292	7.55072	0	0	0	0	0	0	0	0	0	0
00.000,00.000	33.8	0	-200	0	4.5	3963.96	1721.2	1046.24	444.194	333.395	199.586	117.666	48.6093	29.3421	16.1202	7.61167	0	0	0	0	0	0	0	0	0	0
00.000,00.000	33.9	0	-200	0	4.5	3966.73	1722.83	1046.77	444.359	333.52	199.687	117.768	48.6452	29.3845	16.1512	7.62098	0	0	0	0	0	0	0	0	0	0
00.000,00.000	34	0	-200	0	4.5	3999.38	1742.19	1052.98	446.269	334.955	200.695	119.059	49.0883	29.8953	16.5163	7.72765	0	0	0	0	0	0	0	0	0	0
00.000,00.000	34.1	0	-200	0	4.5	4026.38	1758.23	1058.1	447.828	336.185	201.527	120.116	49.4566	30.3162	16.8194	7.81378	0	0	0	0	0	0	0	0	0	0
00.000,00.000	34.2	0	-200	0	4.5	4046.7	1770.62	1061.93	448.902	337.037	202.104	120.867	49.7151	30.6118	17.0294	7.87126	0	0	0	0	0	0	0	0	0	0
00.000,00.000	34.3	0	-200	0	4.5	4068.09	1783.49	1066.21	450.081	337.901	202.691	121.645	49.9824	30.9178	17.2445	7.92803	0	0	0	0	0	0	0	0	0	0
00.000,00.000	34.4	0	-200	0	4.5	4089.75	1796.41	1070.63	451.367	338.757	203.259	122.411	50.2566	31.2231	17.4578	7.98231	0	0	0	0	0	0	0	0	0	0
00.000,00.000	34.5	0	-200	0	4.5	4111.78	1809.51	1075.11	452.737	339.647	203.82	123.176	50.5398	31.5306	17.6708	8.03452	0	0	0	0	0	0	0	0	0	0
00.000,00.000	34.6	0	-200	0	4.5	4134.6	1823.11	1079.76	454.148	340.615	204.381	123.921	50.8304	31.8492	17.8924	8.08685	0	0	0	0	0	0	0	0	0	0
00.000,00.000	34.7	0	-200	0	4.5	4170.08	1844.06	1087.13	456.361	342.233	205.209	125.071	51.2774	32.3396	18.2318	8.16386	0	0	0	0	0	0	0	0	0	0
00.000,00.000	34.8	0	-200	0	4.5	4195.44	1858.8	1092.54	457.948	343.488	205.796	125.899	51.5945	32.6852	18.4701	8.21599	0	0	0	0	0	0	0	0	0	0
00.000,00.000	34.9	0	-200	0	4.5	4199.35	1861.04	1093.41	458.192	343.688	205.886	126.018	51.6447	32.7383	18.507	8.22381	0	0	0	0	0	0	0	0	0	0
00.000,00.000	35	0	-200	0	4.5	4231.68	1879.57	1100.4	460.179	345.376	206.797	127.057	52.0488	33.1735	18.8038	8.283	0	0	0	0	0	0	0	0	0	0
00.000,00.000	35.1	0	-200	0	4.5	4260.02	1895.74	1106.55	461.925	346.864	207.637	127.96	52.4087	33.5307	19.0648	8.33321	0	0	0	0	0	0	0	0	0	0
00.000,00.000	35.2	0	-200	0	4.5	4284.4	1909.49	1111.77	463.429	348.155	208.403	128.876	52.7513	33.8393	19.3073	8.37769	0	0	0	0	0	0	0	0	0	0
00.000,00.000	35.3	0	-200	0	4.5	4306.72	1922.11	1116.55	464.799	349.295	209.094	129.722	53.0772	34.1258	19.4355	8.51585	0	0	0	0	0	0	0	0	0	0
00.000,00.000	35.4	0	-200	0	4.5	4329.05	1934.68	1121.34	466.187	350.422	209.791	130.579	53.418	34.4174	19.5138	8.70682	0	0	0	0	0	0	0	0	0	0
00.000,00.000	35.5	0	-200	0	4.5	4351.47	1947.29	1126.17	467.572	351.542	210.495	131.414	53.7828	34.7152	19.5952	8.89832	0	0	0	0	0	0	0	0	0	0
00.000,00.000	35.6	0	-200	0	4.5	4373.78	1959.83	1130.95	468.942	352.646	211.191	132.26	54.1659	34.9767	19.721	9.09156	0	0	0	0	0	0	0	0	0	0
00.000,00.000	35.7	0	-200	0	4.5	4404.4	1977.15	1137.42	470.819	354.118	212.131	133.429	54.7291	35.2193	20.0248	9.35709	0	0	0	0	0	0	0	0	0	0
00.000,00.000	35.8	0	-200	0	4.5	4428.31	1990.7	1142.5	472.28	355.252	212.818	134.328	55.1922	35.3996	20.2772	9.56391	0	0	0	0	0	0	0	0	0	0
00.000,00.000	35.9	0	-200	0	4.5	4432.13	1992.87	1143.32	472.506	355.427	212.925	134.459	55.2715	35.4157	20.3291	9.59759	0	0	0	0	0	0	0	0	0	0
00.000,00.000	36	0	-200	0	4.5	4458.47	2007.87	1148.93	474.031	356.666	213.616	135.462	55.8146	35.6459	20.6009	9.82334	0	0	0	0	0	0	0	0	0	0
00.000,00.000	36.1	0	-200	0	4.5	4482.21	2021.45	1153.97	475.409	357.725	214.231	136.34	56.345	35.8388	20.8656	10.0288	0	0	0	0	0	0	0	0	0	0
00.000,00.000	36.2	0	-200	0	4.5	4503.01	2033.45	1158.27	476.608	358.659	214.752	137.119	56.8187	36.0143	21.1024	10.2083	0	0	0	0	0	0	0	0	0	0
00.000,00.000	36.3	0	-200	0	4.5	4523.8	2045.45	1162.59	477.793	359.585	215.257	137.89	57.3086	36.1936	21.3435	10.3869	0	0	0	0	0	0	0	0	0	0
00.000,00.000	36.4	0	-200	0	4.5	4544.59	2057.46	1166.9	478.992	360.504	215.744	138.652	57.8068	36.3763	21.5884	10.5641	0	0	0	0	0	0	0	0	0	0
00.000,00.000	36.5	0	-200	0	4.5	4565.14	2069.36	1171.13	480.17	361.414	216.211	139.402	58.3128	36.5624	21.837	10.7398	0	0	0	0	0	0	0	0	0	0
00.000,00.000	36.6	0	-200	0	4.5	4597.77	2088.31	1177.71	482.013	362.871	216.933	140.622	59.1738	36.8716	22.2449	11.0241	0	0	0	0	0	0	0	0	0	0
00.000,00.000	36.7	0	-200	0	4.5	4621.12	2101.96	1182.31	483.319	363.894	217.461	141.484	59.8175	37.0944	22.544	11.2271	0	0	0	0	0	0	0	0	0	0
00.000,00.000	36.8	0	-200	0	4.5	4633.69	2109.33	1184.8	484.015	364.438	217.732	141.943	60.1826	37.2118	22.7082	11.3354	0	0	0	0	0	0	0	0	0	0
00.000,00.000	36.9	0	-200	0	4.5	4635.7	2110.51	1185.19	484.13	364.524	217.775	142.012	60.2435	37.2305	22.7352	11.3529	0	0	0	0	0	0	0	0	0	0
00.000,00.000	37	0	-200	0	4.5	4662.95	2126.72	1190.42	485.617	365.672	218.314	142.972	61.0509	37.4967	23.1043	11.5831	0	0	0	0	0	0	0	0	0	0
00.000,00.000	37.1	0	-200	0	4.5	4685.95	2140.47	1194.77	486.89	366.596	218.759	143.762	61.7874	37.7181	23.424	11.778	0	0	0	0	0	0	0	0	0	0
00.000,00.000	37.2	0	-200	0	4.5	4705.57	2152.37	1198.43	487.922	367.37	219.114	144.417	62.4092	37.9035	23.6949	11.9377	0	0	0	0	0	0	0	0	0	0
00.000,00.000	37.3	0	-200	0	4.5	4725.81	2164.68	1202.22	488.986	368.157	219.462	145.075	63.0624	38.0958	23.9758	12.0981	0	0	0	0	0	0	0	0	0	0
00.000,00.000	37.4	0	-200	0	4.5	4746.01	2177.06	1205.96	490.023	368.931	219.793	145.715	63.7146	38.2892	24.2602	12.255	0	0	0	0	0	0	0	0	0	0
00.000,00.000	37.5	0	-200	0	4.5	4766.21	2189.49	1209.75	491.029	369.697	220.108	146.338	64.3616	38.4837	24.5478	12.4085	0	0	0	0	0	0	0	0	0	0
00.000,00.000	37.6	0	-200	0	4.5	4786.4	2201.96	1213.52	492.006	370.462	220.41	146.944	65.0119	38.6816	24.8429	12.5614	0	0	0	0	0	0	0	0	0	0
00.000,00.000	37.7	0	-200	0	4.5	4812.1	2218.01	1218.26	493.182	371.434	220.776	147.687	65.8359	38.9373	25.2254	12.7523	0	0	0	0	0	0	0	0	0	0
00.000,00.000	37.8	0	-200	0	4.5	4832.84	2231.06	1222.04	494.1	372.211	221.059	148.272	66.5105	39.1457	25.5387	12.9033	0	0	0	0	0	0	0	0	0	0
00.000,00.000	37.9	0	-200	0	4.5	4840.9	2236.15	1223.52	494.449	372.501	221.165	148.492	66.7782	39.2271	25.6623	12.9609	0	0	0	0	0	0	0	0	0	0
00.000,00.000	38	0	-200	0	4.5	4863.66	2250.63	1227.63	495.411	373.31	221.448	149.112	67.5175	39.4635	26.0172	13.1194	0	0	0	0	0	0	0	0	0	0
00.000,00.000	38.1	0	-200	0	4.5	4885.2	2264.36	1231.51	496.329	374.053	221.71	149.685	68.2285	39.6899	26.36	13.2689	0	0	0	0	0	0	0	0	0	0
00.000,00.000	38.2	0	-200	0	4.5	4904.57	2276.7	1234.99	497.137	374.708	221.942	150.206	68.8945	39.9055	26.6838	13.4068	0	0	0	0	0	0	0	0	0	0
00.000,00.000	38.3	0	-200	0	4.5	4923	2288.45	1238.3	497.873	375.323	222.169	150.685	69.54	40.1186	27.0015	13.5392	0	0	0	0	0	0	0	0	0	0
00.000,00.000	38.4	0	-200	0	4.5	4941.21	2300.12	1241.54	498.568	375.924	222.395	151.141	70.1914	40.3367	27.3236	13.6705	0	0	0	0	0	0	0	0	0	0
00.000,00.000	38.5	0	-200	0	4.5	4959.11	2311.39	1244.94	499.231	376.507	222.608	151.576	70.845	40.5595	27.6494	13.8008	0	0	0	0	0	0	0	0	0	0
00.000,00.000	38.6	0	-200	0	4.5	4976.62	2322	1248.66	499.868	377.065	222.811	151.999	71.5118	40.7902	27.9831	13.9324	0	0	0	0	0	0	0	0	0	0
00.000,00.000	38.7	0	-200	0	4.5	5010.24	2341.6	1256.66	501.063	378.122	223.181	152.801	72.7565	41.2214	28.6449	14.1883	0	0	0	0	0	0	0	0	0	0
00.000,00.000	38.8	0	-200	0	4.5	5016.47	2344.97	1258.42	501.299	378.303	223.251	152.979	72.9927	41.2401	28.7734	14.2374	0	0	0	0	0	0	0	0	0	0
00.000,00.000	38.9	0	-200	0	4.5	5038.56	2356.94	1264.68	502.014	378.976	223.47	153.532	73.8261	41.4908	29.2297	14.4067	0	0	0	0	0	0	0	0	0	0
00.000,00.000	39	0	-200	0	4.5	5057.63	2366.73	1270.63	502.632	379.536	223.654	154.012	74.5649	41.6784	29.6314	14.5565	0	0	0	0	0	0	0	0	0	0
00.000,00.000	39.1	0	-200	0	4.5	5073.2	2374.65	1275.61	503.112	379.992	223.794	154.389	75.1729	41.8509	29.9499	14.6794	0	0	0	0	0	0	0	0	0	0
00.000,00.000	39.2	0	-200	0	4.5	5088.38	2382.32	1280.57	503.553	380.428	223.921	154.744	75.7676	42.0115	30.2661	14.7995	0	0	0	0	0	0	0	0	0	0
00.000,00.000	39.3	0	-200	0	4.5	5103.19	2389.63	1285.63	503.94	380.849	224.037	155.08	76.3488	42.1763	30.5842	14.9184	0	0	0	0	0	0	0	0	0	0
00.000,00.000	39.4	0	-200	0	4.5	5117.67	2396.32	1291.07	504.29	381.255	224.141	155.398	76.9118	42.3517	30.9033	15.0359	0	0	0	0	0	0	0	0	0	0
00.000,00.000	39.5	0	-200	0	4.5	5131.75	2402.56	1296.62	504.612	381.646	224.235	155.698	77.4697	42.5323	31.2242	15.152	0	0	0	0	0	0	0	0	0	0
00.000,00.000	39.6	0	-200	0	4.5	5145.47	2408.39	1302.26	504.908	382.027	224.319	155.986	78.0338	42.7156	31.5544	15.2698	0	0	0	0	0	0	0	0	0	0
00.000,00.000	39.7	0	-200	0	4.5	5171.96	2419.27	1313.55	505.442	382.754	224.468	156.521	79.1349	43.1085	32.2106	15.4992	0	0	0	0	0	0	0	0	0	0
00.000,00.000	39.8	0	-200	0	4.5	5176.89	2421.25	1315.73	505.536	382.877	224.495	156.624	79.343	43.1568	32.3353	15.5434	0	0	0	0	0	0	0	0	0	0
00.000,00.000	39.9	0	-200	0	4.5	5193.47	2428.04	1322.82	505.837	383.318	224.58	156.935	80.0509	43.4301	32.769	15.6899	0	0	0	0	0	0	0	0	0	0
00.000,00.000	40	0	-200	0	4.5	5208.5	2434.13	1329.35	506.095	383.7	224.656	157.21	80.6973	43.6639	33.1701	15.8242	0	0	0	0	0	0	0	0	0	0
00.000,00.000	40.1	0	-200	0	4.5	5220.66	2439.09	1334.57	506.295	384.009	224.715	157.433	81.2298	43.8756	33.5067	15.9346	0	0	0	0	0	0	0	0	0	0
00.000,00.000	40.2	0	-200	0	4.5	5232.19	2443.79	1339.51	506.473	384.298	224.77	157.636	81.7441	44.092	33.8372	16.0411	0	0	0	0	0	0	0	0	0	0
00.000,00.000	40.3	0	-200	0	4.5	5243.46	2448.38	1344.35	506.636	384.574	224.822	157.826	82.2503	44.3164	34.1675	16.1461	0	0	0	0	0	0	0	0	0	0
00.000,00.000	40.4	0	-200	0	4.5	5254.51	2452.85	1349.12	506.783	384.836	224.87	158.002	82.7494	44.548	34.4988	16.2495	0	0	0	0	0	0	0	0	0	0
00.000,00.000	40.5	0	-200	0	4.5	5265.1	2457.21	1353.6	506.918	385.084	224.916	158.166	83.2415	44.7865	34.8307	16.3516	0	0	0	0	0	0	0	0	0	0
00.000,00.000	40.6	0	-200	0	4.5	5279	2462.89	1359.45	507.085	385.407	224.975	158.368	83.9129	45.1289	35.2927	16.4916	0	0	0	0	0	0	0	0	0	0
00.000,00.000	40.7	0	-200	0	4.5	5290.5	2467.56	1364.34	507.214	385.662	225.021	158.524	84.4696	45.418	35.6819	16.6079	0	0	0	0	0	0	0	0	0	0
00.000,00.000	40.8	0	-200	0	4.5	5295.05	2469.39	1366.29	507.263	385.758	225.038	158.582	84.6895	45.5336	35.8382	16.6538	0	0	0	0	0	0	0	0	0	0
00.000,00.000	40.9	0	-200	0	4.5	5300.92	2471.77	1368.83	507.322	385.875	225.06	158.651	84.9716	45.6907	36.0428	16.7125	0	0	0	0	0	0	0	0	0	0
00.000,00.000	41	0	-200	0	4.5	5312.63	2476.41	1373.97	507.434	386.097	225.101	158.78	85.5376	46.0144	36.4598	16.8303	0	0	0	0	0	0	0	0	0	0
00.000,00.000	41.1	0	-200	0	4.5	5322.44	2480.36	1378.17	507.528	386.278	225.136	158.884	86.0278	46.3029	36.8253	16.932	0	0	0	0	0	0	0	0	0	0
00.000,00.000	41.2	0	-200	0	4.5	5331.18	2483.87	1381.89	507.609	386.432	225.167	158.971	86.4734	46.5798	37.161	17.0235	0	0	0	0	0	0	0	0	0	0
00.000,00.000	41.3	0	-200	0	4.5	5339.7	2487.26	1385.54	507.686	386.576	225.197	159.051	86.9146	46.8593	37.4973	17.1136	0	0	0	0	0	0	0	0	0	0
00.000,00.000	41.4	0	-200	0	4.5	5347.79	2490.49	1388.96	507.76	386.709	225.227	159.123	87.3513	47.1413	37.8344	17.2022	0	0	0	0	0	0	0	0	0	0
00.000,00.000	41.5	0	-200	0	4.5	5355.28	2493.52	1392	507.829	386.831	225.255	159.187	87.7715	47.4262	38.1716	17.2892	0	0	0	0	0	0	0	0	0	0
00.000,00.000	41.6	0	-200	0	4.5	5362.5	2496.35	1394.94	507.907	386.944	225.302	159.245	88.193	47.7219	38.5164	17.3768	0	0	0	0	0	0	0	0	0	0
00.000,00.000	41.7	0	-200	0	4.5	5374.2	2500.86	1399.04	508.727	387.115	225.395	159.327	88.8605	48.2607	39.0907	17.5196	0	0	0	0	0	0	0	0	0	0
00.000,00.000	41.8	0	-200	0	4.5	5376.57	2501.75	1399.83	508.957	387.148	225.419	159.342	88.994	48.3702	39.2089	17.5487	0	0	0	0	0	0	0	0	0	0
00.000,00.000	41.9	0	-200	0	4.5	5384.58	2504.77	1402.34	509.889	387.244	225.482	159.382	89.4426	48.7656	39.6155	17.6452	0	0	0	0	0	0	0	0	0	0
00.000,00.000	42	0	-200	0	4.5	5392.29	2507.54	1404.58	510.971	387.33	225.547	159.548	89.8748	49.1475	40.0129	17.7377	0	0	0	0	0	0	0	0	0	0