
label	time(d)	x	depth	z	radius	total	0-10	10-20	20-30	30-40	40-50	50-60	60-70	70-80	80-90	90-100	100-110	110-120	120-130	130-140	140-150	150-160	160-170	170-180	180-190	190-200
05.500,00.000	0	5.5	-200	0	4.5	0	0	0	0	0	0	0	0	0	0	0	0	0	0	0	0	0	0	0	0	0
05.500,00.000	0.1	5.5	-200	0	4.5	0	0	0	0	0	0	0	0	0	0	0	0	0	0	0	0	0	0	0	0	0
05.500,00.000	0.2	5.5	-200	0	4.5	0	0	0	0	0	0	0	0	0	0	0	0	0	0	0	0	0	0	0	0	0
05.500,00.000	0.3	5.5	-200	0	4.5	0	0	0	0	0	0	0	0	0	0	0	0	0	0	0	0	0	0	0	0	0
05.500,00.000	0.4	5.5	-200	0	4.5	0	0	0	0	0	0	0	0	0	0	0	0	0	0	0	0	0	0	0	0	0
05.500,00.000	0.5	5.5	-200	0	4.5	0	0	0	0	0	0	0	0	0	0	0	0	0	0	0	0	0	0	0	0	0
05.500,00.000	0.6	5.5	-200	0	4.5	0	0	0	0	0	0	0	0	0	0	0	0	0	0	0	0	0	0	0	0	0
05.500,00.000	0.7	5.5	-200	0	4.5	0	0	0	0	0	0	0	0	0	0	0	0	0	0	0	0	0	0	0	0	0
05.500,00.000	0.8	5.5	-200	0	4.5	0	0	0	0	0	0	0	0	0	0	0	0	0	0	0	0	0	0	0	0	0
05.500,00.000	0.9	5.5	-200	0	4.5	0	0	0	0	0	0	0	0	0	0	0	0	0	0	0	0	0	0	0	0	0
05.500,00.000	1	5.5	-200	0	4.5	0	0	0	0	0	0	0	0	0	0	0	0	0	0	0	0	0	0	0	0	0
05.500,00.000	1.1	5.5	-200	0	4.5	0	0	0	0	0	0	0	0	0	0	0	0	0	0	0	0	0	0	0	0	0
05.500,00.000	1.2	5.5	-200	0	4.5	0	0	0	0	0	0	0	0	0	0	0	0	0	0	0	0	0	0	0	0	0
05.500,00.000	1.3	5.5	-200	0	4.5	0	0	0	0	0	0	0	0	0	0	0	0	0	0	0	0	0	0	0	0	0
05.500,00.000	1.4	5.5	-200	0	4.5	0	0	0	0	0	0	0	0	0	0	0	0	0	0	0	0	0	0	0	0	0
05.500,00.000	1.5	5.5	-200	0	4.5	0	0	0	0	0	0	0	0	0	0	0	0	0	0	0	0	0	0	0	0	0
05.500,00.000	1.6	5.5	-200	0	4.5	0	0	0	0	0	0	0	0	0	0	0	0	0	0	0	0	0	0	0	0	0
05.500,00.000	1.7	5.5	-200	0	4.5	0	0	0	0	0	0	0	0	0	0	0	0	0	0	0	0	0	0	0	0	0
05.500,00.000	1.8	5.5	-200	0	4.5	0	0	0	0	0	0	0	0	0	0	0	0	0	0	0	0	0	0	0	0	0
05.500,00.000	1.9	5.5	-200	0	4.5	0	0	0	0	0	0	0	0	0	0	0	0	0	0	0	0	0	0	0	0	0
05.500,00.000	2	5.5	-200	0	4.5	0	0	0	0	0	0	0	0	0	0	0	0	0	0	0	0	0	0	0	0	0
05.500,00.000	2.1	5.5	-200	0	4.5	0	0	0	0	0	0	0	0	0	0	0	0	0	0	0	0	0	0	0	0	0
05.500,00.000	2.2	5.5	-200	0	4.5	0	0	0	0	0	0	0	0	0	0	0	0	0	0	0	0	0	0	0	0	0
05.500,00.000	2.3	5.5	-200	0	4.5	0	0	0	0	0	0	0	0	0	0	0	0	0	0	0	0	0	0	0	0	0
05.500,00.000	2.4	5.5	-200	0	4.5	0	0	0	0	0	0	0	0	0	0	0	0	0	0	0	0	0	0	0	0	0
05.500,00.000	2.5	5.5	-200	0	4.5	0	0	0	0	0	0	0	0	0	0	0	0	0	0	0	0	0	0	0	0	0
05.500,00.000	2.6	5.5	-200	0	4.5	0	0	0	0	0	0	0	0	0	0	0	0	0	0	0	0	0	0	0	0	0
05.500,00.000	2.7	5.5	-200	0	4.5	0	0	0	0	0	0	0	0	0	0	0	0	0	0	0	0	0	0	0	0	0
05.500,00.000	2.8	5.5	-200	0	4.5	0	0	0	0	0	0	0	0	0	0	0	0	0	0	0	0	0	0	0	0	0
05.500,00.000	2.9	5.5	-200	0	4.5	0	0	0	0	0	0	0	0	0	0	0	0	0	0	0	0	0	0	0	0	0
05.500,00.000	3	5.5	-200	0	4.5	0	0	0	0	0	0	0	0	0	0	0	0	0	0	0	0	0	0	0	0	0
05.500,00.000	3.1	5.5	-200	0	4.5	0.179263	0.179263	0	0	0	0	0	0	0	0	0	0	0	0	0	0	0	0	0	0	0
05.500,00.000	3.2	5.5	-200	0	4.5	0.479384	0.479384	0	0	0	0	0	0	0	0	0	0	0	0	0	0	0	0	0	0	0
05.500,00.000	3.3	5.5	-200	0	4.5	0.792436	0.792436	0	0	0	0	0	0	0	0	0	0	0	0	0	0	0	0	0	0	0
05.500,00.000	3.4	5.5	-200	0	4.5	1.10481	1.10481	0	0	0	0	0	0	0	0	0	0	0	0	0	0	0	0	0	0	0
05.500,00.000	3.5	5.5	-200	0	4.5	1.41573	1.41573	0	0	0	0	0	0	0	0	0	0	0	0	0	0	0	0	0	0	0
05.500,00.000	3.6	5.5	-200	0	4.5	1.72501	1.72501	0	0	0	0	0	0	0	0	0	0	0	0	0	0	0	0	0	0	0
05.500,00.000	3.7	5.5	-200	0	4.5	2.03313	2.03313	0	0	0	0	0	0	0	0	0	0	0	0	0	0	0	0	0	0	0
05.500,00.000	3.8	5.5	-200	0	4.5	2.34093	2.34093	0	0	0	0	0	0	0	0	0	0	0	0	0	0	0	0	0	0	0
05.500,00.000	3.9	5.5	-200	0	4.5	2.64923	2.64923	0	0	0	0	0	0	0	0	0	0	0	0	0	0	0	0	0	0	0
05.500,00.000	4	5.5	-200	0	4.5	2.9582	2.9582	0	0	0	0	0	0	0	0	0	0	0	0	0	0	0	0	0	0	0
05.500,00.000	4.1	5.5	-200	0	4.5	3.26752	3.26752	0	0	0	0	0	0	0	0	0	0	0	0	0	0	0	0	0	0	0
05.500,00.000	4.2	5.5	-200	0	4.5	3.57536	3.57536	0	0	0	0	0	0	0	0	0	0	0	0	0	0	0	0	0	0	0
05.500,00.000	4.3	5.5	-200	0	4.5	3.88255	3.88255	0	0	0	0	0	0	0	0	0	0	0	0	0	0	0	0	0	0	0
05.500,00.000	4.4	5.5	-200	0	4.5	4.18819	4.18819	0	0	0	0	0	0	0	0	0	0	0	0	0	0	0	0	0	0	0
05.500,00.000	4.5	5.5	-200	0	4.5	4.49123	4.49123	0	0	0	0	0	0	0	0	0	0	0	0	0	0	0	0	0	0	0
05.500,00.000	4.6	5.5	-200	0	4.5	4.79154	4.79154	0	0	0	0	0	0	0	0	0	0	0	0	0	0	0	0	0	0	0
05.500,00.000	4.7	5.5	-200	0	4.5	5.08965	5.08965	0	0	0	0	0	0	0	0	0	0	0	0	0	0	0	0	0	0	0
05.500,00.000	4.8	5.5	-200	0	4.5	5.38634	5.38634	0	0	0	0	0	0	0	0	0	0	0	0	0	0	0	0	0	0	0
05.500,00.000	4.9	5.5	-200	0	4.5	5.68145	5.68145	0	0	0	0	0	0	0	0	0	0	0	0	0	0	0	0	0	0	0
05.500,00.000	5	5.5	-200	0	4.5	5.97524	5.79491	0.180329	0	0	0	0	0	0	0	0	0	0	0	0	0	0	0	0	0	0
05.500,00.000	5.1	5.5	-200	0	4.5	6.2032	5.7903	0.412896	0	0	0	0	0	0	0	0	0	0	0	0	0	0	0	0	0	0
05.500,00.000	5.2	5.5	-200	0	4.5	6.2032	5.7903	0.412896	0	0	0	0	0	0	0	0	0	0	0	0	0	0	0	0	0	0
05.500,00.000	5.3	5.5	-200	0	4.5	6.2032	5.7903	0.412896	0	0	0	0	0	0	0	0	0	0	0	0	0	0	0	0	0	0
05.500,00.000	5.4	5.5	-200	0	4.5	6.2032	5.7903	0.412896	0	0	0	0	0	0	0	0	0	0	0	0	0	0	0	0	0	0
05.500,00.000	5.5	5.5	-200	0	4.5	6.2032	5.7903	0.412896	0	0	0	0	0	0	0	0	0	0	0	0	0	0	0	0	0	0
05.500,00.000	5.6	5.5	-200	0	4.5	6.2032	5.7903	0.412896	0	0	0	0	0	0	0	0	0	0	0	0	0	0	0	0	0	0
05.500,00.000	5.7	5.5	-200	0	4.5	6.2032	5.7903	0.412896	0	0	0	0	0	0	0	0	0	0	0	0	0	0	0	0	0	0
05.500,00.000	5.8	5.5	-200	0	4.5	6.2032	5.7903	0.412896	0	0	0	0	0	0	0	0	0	0	0	0	0	0	0	0	0	0
05.500,00.000	5.9	5.5	-200	0	4.5	6.2032	5.7903	0.412896	0	0	0	0	0	0	0	0	0	0	0	0	0	0	0	0	0	0
05.500,00.000	6	5.5	-200	0	4.5	6.2032	5.7903	0.412896	0	0	0	0	0	0	0	0	0	0	0	0	0	0	0	0	0	0
05.500,00.000	6.1	5.5	-200	0	4.5	6.2032	5.7903	0.412896	0	0	0	0	0	0	0	0	0	0	0	0	0	0	0	0	0	0
05.500,00.000	6.2	5.5	-200	0	4.5	6.2032	5.7903	0.412896	0	0	0	0	0	0	0	0	0	0	0	0	0	0	0	0	0	0
05.500,00.000	6.3	5.5	-200	0	4.5	6.2032	5.7903	0.412896	0	0	0	0	0	0	0	0	0	0	0	0	0	0	0	0	0	0
05.500,00.000	6.4	5.5	-200	0	4.5	6.2032	5.7903	0.412896	0	0	0	0	0	0	0	0	0	0	0	0	0	0	0	0	0	0
05.500,00.000	6.5	5.5	-200	0	4.5	6.2032	5.7903	0.412896	0	0	0	0	0	0	0	0	0	0	0	0	0	0	0	0	0	0
05.500,00.000	6.6	5.5	-200	0	4.5	6.2032	5.7903	0.412896	0	0	0	0	0	0	0	0	0	0	0	0	0	0	0	0	0	0
05.500,00.000	6.7	5.5	-200	0	4.5	6.2032	5.7903	0.412896	0	0	0	0	0	0	0	0	0	0	0	0	0	0	0	0	0	0
05.500,00.000	6.8	5.5	-200	0	4.5	6.2032	5.7903	0.412896	0	0	0	0	0	0	0	0	0	0	0	0	0	0	0	0	0	0
05.500,00.000	6.9	5.5	-200	0	4.5	6.20336	5.79046	0.412896	0	0	0	0	0	0	0	0	0	0	0	0	0	0	0	0	0	0
05.500,00.000	7	5.5	-200	0	4.5	6.20456	5.79166	0.412896	0	0	0	0	0	0	0	0	0	0	0	0	0	0	0	0	0	0
05.500,00.000	7.1	5.5	-200	0	4.5	6.20753	5.79464	0.412896	0	0	0	0	0	0	0	0	0	0	0	0	0	0	0	0	0	0
05.500,00.000	7.2	5.5	-200	0	4.5	6.21452	5.80162	0.412896	0	0	0	0	0	0	0	0	0	0	0	0	0	0	0	0	0	0
05.500,00.000	7.3	5.5	-200	0	4.5	6.22503	5.81214	0.412896	0	0	0	0	0	0	0	0	0	0	0	0	0	0	0	0	0	0
05.500,00.000	7.4	5.5	-200	0	4.5	6.24161	5.82871	0.412896	0	0	0	0	0	0	0	0	0	0	0	0	0	0	0	0	0	0
05.500,00.000	7.5	5.5	-200	0	4.5	6.26417	5.85128	0.412896	0	0	0	0	0	0	0	0	0	0	0	0	0	0	0	0	0	0
05.500,00.000	7.6	5.5	-200	0	4.5	6.29438	5.88149	0.412896	0	0	0	0	0	0	0	0	0	0	0	0	0	0	0	0	0	0
05.500,00.000	7.7	5.5	-200	0	4.5	6.33591	5.92301	0.412896	0	0	0	0	0	0	0	0	0	0	0	0	0	0	0	0	0	0
05.500,00.000	7.8	5.5	-200	0	4.5	6.39123	5.97833	0.412896	0	0	0	0	0	0	0	0	0	0	0	0	0	0	0	0	0	0
05.500,00.000	7.9	5.5	-200	0	4.5	6.45549	6.04259	0.412896	0	0	0	0	0	0	0	0	0	0	0	0	0	0	0	0	0	0
05.500,00.000	8	5.5	-200	0	4.5	6.53008	6.11719	0.412896	0	0	0	0	0	0	0	0	0	0	0	0	0	0	0	0	0	0
05.500,00.000	8.1	5.5	-200	0	4.5	6.61429	6.20139	0.412896	0	0	0	0	0	0	0	0	0	0	0	0	0	0	0	0	0	0
05.500,00.000	8.2	5.5	-200	0	4.5	6.70824	6.29534	0.412896	0	0	0	0	0	0	0	0	0	0	0	0	0	0	0	0	0	0
05.500,00.000	8.3	5.5	-200	0	4.5	6.81349	6.40059	0.412896	0	0	0	0	0	0	0	0	0	0	0	0	0	0	0	0	0	0
05.500,00.000	8.4	5.5	-200	0	4.5	6.92814	6.51524	0.412896	0	0	0	0	0	0	0	0	0	0	0	0	0	0	0	0	0	0
05.500,00.000	8.5	5.5	-200	0	4.5	7.05436	6.64146	0.412896	0	0	0	0	0	0	0	0	0	0	0	0	0	0	0	0	0	0
05.500,00.000	8.6	5.5	-200	0	4.5	7.19007	6.77717	0.412896	0	0	0	0	0	0	0	0	0	0	0	0	0	0	0	0	0	0
05.500,00.000	8.7	5.5	-200	0	4.5	7.33619	6.9233	0.412896	0	0	0	0	0	0	0	0	0	0	0	0	0	0	0	0	0	0
05.500,00.000	8.8	5.5	-200	0	4.5	7.49345	7.08056	0.412896	0	0	0	0	0	0	0	0	0	0	0	0	0	0	0	0	0	0
05.500,00.000	8.9	5.5	-200	0	4.5	7.66211	7.24921	0.412896	0	0	0	0	0	0	0	0	0	0	0	0	0	0	0	0	0	0
05.500,00.000	9	5.5	-200	0	4.5	7.84377	7.43087	0.412896	0	0	0	0	0	0	0	0	0	0	0	0	0	0	0	0	0	0
05.500,00.000	9.1	5.5	-200	0	4.5	8.0369	7.624	0.412896	0	0	0	0	0	0	0	0	0	0	0	0	0	0	0	0	0	0
05.500,00.000	9.2	5.5	-200	0	4.5	8.24689	7.834	0.412896	0	0	0	0	0	0	0	0	0	0	0	0	0	0	0	0	0	0
05.500,00.000	9.3	5.5	-200	0	4.5	8.47073	8.05783	0.412896	0	0	0	0	0	0	0	0	0	0	0	0	0	0	0	0	0	0
05.500,00.000	9.4	5.5	-200	0	4.5	8.70723	8.29433	0.412896	0	0	0	0	0	0	0	0	0	0	0	0	0	0	0	0	0	0
05.500,00.000	9.5	5.5	-200	0	4.5	8.95515	8.54226	0.412896	0	0	0	0	0	0	0	0	0	0	0	0	0	0	0	0	0	0
05.500,00.000	9.6	5.5	-200	0	4.5	9.2142	8.8013	0.412896	0	0	0	0	0	0	0	0	0	0	0	0	0	0	0	0	0	0
05.500,00.000	9.7	5.5	-200	0	4.5	9.4846	9.0717	0.412896	0	0	0	0	0	0	0	0	0	0	0	0	0	0	0	0	0	0
05.500,00.000	9.8	5.5	-200	0	4.5	9.76747	9.35458	0.412896	0	0	0	0	0	0	0	0	0	0	0	0	0	0	0	0	0	0
05.500,00.000	9.9	5.5	-200	0	4.5	10.0644	9.65148	0.412896	0	0	0	0	0	0	0	0	0	0	0	0	0	0	0	0	0	0
05.500,00.000	10	5.5	-200	0	4.5	10.3761	9.96324	0.412896	0	0	0	0	0	0	0	0	0	0	0	0	0	0	0	0	0	0
05.500,00.000	10.1	5.5	-200	0	4.5	10.6981	10.2852	0.412896	0	0	0	0	0	0	0	0	0	0	0	0	0	0	0	0	0	0
05.500,00.000	10.2	5.5	-200	0	4.5	11.0064	10.5935	0.412896	0	0	0	0	0	0	0	0	0	0	0	0	0	0	0	0	0	0
05.500,00.000	10.3	5.5	-200	0	4.5	11.3241	10.9113	0.412896	0	0	0	0	0	0	0	0	0	0	0	0	0	0	0	0	0	0
05.500,00.000	10.4	5.5	-200	0	4.5	11.6697	11.2568	0.412896	0	0	0	0	0	0	0	0	0	0	0	0	0	0	0	0	0	0
05.500,00.000	10.5	5.5	-200	0	4.5	12.0447	11.6296	0.415025	0	0	0	0	0	0	0	0	0	0	0	0	0	0	0	0	0	0
05.500,00.000	10.6	5.5	-200	0	4.5	12.446	12.0187	0.427296	0	0	0	0	0	0	0	0	0	0	0	0	0	0	0	0	0	0
05.500,00.000	10.7	5.5	-200	0	4.5	12.8703	12.4309	0.439433	0	0	0	0	0	0	0	0	0	0	0	0	0	0	0	0	0	0
05.500,00.000	10.8	5.5	-200	0	4.5	13.3018	12.8501	0.451756	0	0	0	0	0	0	0	0	0	0	0	0	0	0	0	0	0	0
05.500,00.000	10.9	5.5	-200	0	4.5	13.7468	13.272	0.474872	0	0	0	0	0	0	0	0	0	0	0	0	0	0	0	0	0	0
05.500,00.000	11	5.5	-200	0	4.5	14.2187	13.7102	0.508528	0	0	0	0	0	0	0	0	0	0	0	0	0	0	0	0	0	0
05.500,00.000	11.1	5.5	-200	0	4.5	14.7481	14.1999	0.548192	0	0	0	0	0	0	0	0	0	0	0	0	0	0	0	0	0	0
05.500,00.000	11.2	5.5	-200	0	4.5	15.2839	14.6979	0.586078	0	0	0	0	0	0	0	0	0	0	0	0	0	0	0	0	0	0
05.500,00.000	11.3	5.5	-200	0	4.5	15.7713	15.1458	0.625482	0	0	0	0	0	0	0	0	0	0	0	0	0	0	0	0	0	0
05.500,00.000	11.4	5.5	-200	0	4.5	16.2773	15.6073	0.669967	0	0	0	0	0	0	0	0	0	0	0	0	0	0	0	0	0	0
05.500,00.000	11.5	5.5	-200	0	4.5	16.8277	16.099	0.72878	0	0	0	0	0	0	0	0	0	0	0	0	0	0	0	0	0	0
05.500,00.000	11.6	5.5	-200	0	4.5	17.4238	16.6333	0.79049	0	0	0	0	0	0	0	0	0	0	0	0	0	0	0	0	0	0
05.500,00.000	11.7	5.5	-200	0	4.5	18.0478	17.1901	0.857696	0	0	0	0	0	0	0	0	0	0	0	0	0	0	0	0	0	0
05.500,00.000	11.8	5.5	-200	0	4.5	18.7331	17.7748	0.958323	0	0	0	0	0	0	0	0	0	0	0	0	0	0	0	0	0	0
05.500,00.000	11.9	5.5	-200	0	4.5	19.4335	18.3722	1.06139	0	0	0	0	0	0	0	0	0	0	0	0	0	0	0	0	0	0
05.500,00.000	12	5.5	-200	0	4.5	20.1488	18.9833	1.16546	0	0	0	0	0	0	0	0	0	0	0	0	0	0	0	0	0	0
05.500,00.000	12.1	5.5	-200	0	4.5	20.9766	19.7021	1.27445	0	0	0	0	0	0	0	0	0	0	0	0	0	0	0	0	0	0
05.500,00.000	12.2	5.5	-200	0	4.5	21.8344	20.4481	1.38635	0	0	0	0	0	0	0	0	0	0	0	0	0	0	0	0	0	0
05.500,00.000	12.3	5.5	-200	0	4.5	22.703	21.2017	1.50132	0	0	0	0	0	0	0	0	0	0	0	0	0	0	0	0	0	0
05.500,00.000	12.4	5.5	-200	0	4.5	23.581	21.9656	1.61542	0	0	0	0	0	0	0	0	0	0	0	0	0	0	0	0	0	0
05.500,00.000	12.5	5.5	-200	0	4.5	24.4672	22.7353	1.73199	0	0	0	0	0	0	0	0	0	0	0	0	0	0	0	0	0	0
05.500,00.000	12.6	5.5	-200	0	4.5	25.5223	23.6518	1.87057	0	0	0	0	0	0	0	0	0	0	0	0	0	0	0	0	0	0
05.500,00.000	12.7	5.5	-200	0	4.5	26.6103	24.593	2.01728	0	0	0	0	0	0	0	0	0	0	0	0	0	0	0	0	0	0
05.500,00.000	12.8	5.5	-200	0	4.5	27.4767	25.3398	2.1369	0	0	0	0	0	0	0	0	0	0	0	0	0	0	0	0	0	0
05.500,00.000	12.9	5.5	-200	0	4.5	28.5051	26.2202	2.28497	0	0	0	0	0	0	0	0	0	0	0	0	0	0	0	0	0	0
05.500,00.000	13	5.5	-200	0	4.5	29.5188	27.0849	2.43392	0	0	0	0	0	0	0	0	0	0	0	0	0	0	0	0	0	0
05.500,00.000	13.1	5.5	-200	0	4.5	30.498	27.9165	2.5815	0	0	0	0	0	0	0	0	0	0	0	0	0	0	0	0	0	0
05.500,00.000	13.2	5.5	-200	0	4.5	31.5559	28.8241	2.73181	0	0	0	0	0	0	0	0	0	0	0	0	0	0	0	0	0	0
05.500,00.000	13.3	5.5	-200	0	4.5	32.6496	29.7623	2.8873	0	0	0	0	0	0	0	0	0	0	0	0	0	0	0	0	0	0
05.500,00.000	13.4	5.5	-200	0	4.5	33.7506	30.7048	3.04579	0	0	0	0	0	0	0	0	0	0	0	0	0	0	0	0	0	0
05.500,00.000	13.5	5.5	-200	0	4.5	34.8551	31.6486	3.20652	0	0	0	0	0	0	0	0	0	0	0	0	0	0	0	0	0	0
05.500,00.000	13.6	5.5	-200	0	4.5	36.0812	32.6951	3.38617	0	0	0	0	0	0	0	0	0	0	0	0	0	0	0	0	0	0
05.500,00.000	13.7	5.5	-200	0	4.5	37.342	33.7692	3.57284	0	0	0	0	0	0	0	0	0	0	0	0	0	0	0	0	0	0
05.500,00.000	13.8	5.5	-200	0	4.5	38.3296	34.6059	3.72374	0	0	0	0	0	0	0	0	0	0	0	0	0	0	0	0	0	0
05.500,00.000	13.9	5.5	-200	0	4.5	39.4627	35.5624	3.90025	0	0	0	0	0	0	0	0	0	0	0	0	0	0	0	0	0	0
05.500,00.000	14	5.5	-200	0	4.5	40.5247	36.4477	4.07707	0	0	0	0	0	0	0	0	0	0	0	0	0	0	0	0	0	0
05.500,00.000	14.1	5.5	-200	0	4.5	41.5983	37.3455	4.25282	0	0	0	0	0	0	0	0	0	0	0	0	0	0	0	0	0	0
05.500,00.000	14.2	5.5	-200	0	4.5	42.7106	38.2756	4.43505	0	0	0	0	0	0	0	0	0	0	0	0	0	0	0	0	0	0
05.500,00.000	14.3	5.5	-200	0	4.5	43.7956	39.1796	4.61599	0	0	0	0	0	0	0	0	0	0	0	0	0	0	0	0	0	0
05.500,00.000	14.4	5.5	-200	0	4.5	44.867	40.0697	4.7973	0	0	0	0	0	0	0	0	0	0	0	0	0	0	0	0	0	0
05.500,00.000	14.5	5.5	-200	0	4.5	46.9254	41.7891	5.13633	0	0	0	0	0	0	0	0	0	0	0	0	0	0	0	0	0	0
05.500,00.000	14.6	5.5	-200	0	4.5	48.3799	43.0037	5.37619	0	0	0	0	0	0	0	0	0	0	0	0	0	0	0	0	0	0
05.500,00.000	14.7	5.5	-200	0	4.5	49.6374	44.0499	5.58744	0	0	0	0	0	0	0	0	0	0	0	0	0	0	0	0	0	0
05.500,00.000	14.8	5.5	-200	0	4.5	49.9952	44.3441	5.65112	0	0	0	0	0	0	0	0	0	0	0	0	0	0	0	0	0	0
05.500,00.000	14.9	5.5	-200	0	4.5	50.5211	44.7767	5.74437	0	0	0	0	0	0	0	0	0	0	0	0	0	0	0	0	0	0
05.500,00.000	15	5.5	-200	0	4.5	51.949	45.9476	6.00141	0	0	0	0	0	0	0	0	0	0	0	0	0	0	0	0	0	0
05.500,00.000	15.1	5.5	-200	0	4.5	53.0548	46.8489	6.20588	0	0	0	0	0	0	0	0	0	0	0	0	0	0	0	0	0	0
05.500,00.000	15.2	5.5	-200	0	4.5	53.9816	47.6004	6.38115	0	0	0	0	0	0	0	0	0	0	0	0	0	0	0	0	0	0
05.500,00.000	15.3	5.5	-200	0	4.5	54.8851	48.3287	6.55643	0	0	0	0	0	0	0	0	0	0	0	0	0	0	0	0	0	0
05.500,00.000	15.4	5.5	-200	0	4.5	55.7605	49.0301	6.73044	0	0	0	0	0	0	0	0	0	0	0	0	0	0	0	0	0	0
05.500,00.000	15.5	5.5	-200	0	4.5	57.9503	50.7764	7.17391	0	0	0	0	0	0	0	0	0	0	0	0	0	0	0	0	0	0
05.500,00.000	15.6	5.5	-200	0	4.5	58.9475	51.5667	7.38084	0	0	0	0	0	0	0	0	0	0	0	0	0	0	0	0	0	0
05.500,00.000	15.7	5.5	-200	0	4.5	59.9131	52.3273	7.58575	0	0	0	0	0	0	0	0	0	0	0	0	0	0	0	0	0	0
05.500,00.000	15.8	5.5	-200	0	4.5	60.1353	52.4998	7.63548	0	0	0	0	0	0	0	0	0	0	0	0	0	0	0	0	0	0
05.500,00.000	15.9	5.5	-200	0	4.5	60.375	52.6847	7.69031	0	0	0	0	0	0	0	0	0	0	0	0	0	0	0	0	0	0
05.500,00.000	16	5.5	-200	0	4.5	61.5522	53.5892	7.96296	0	0	0	0	0	0	0	0	0	0	0	0	0	0	0	0	0	0
05.500,00.000	16.1	5.5	-200	0	4.5	62.3717	54.189	8.18268	0	0	0	0	0	0	0	0	0	0	0	0	0	0	0	0	0	0
05.500,00.000	16.2	5.5	-200	0	4.5	62.9989	54.6481	8.35079	0	0	0	0	0	0	0	0	0	0	0	0	0	0	0	0	0	0
05.500,00.000	16.3	5.5	-200	0	4.5	63.5912	55.0783	8.51284	0	0	0	0	0	0	0	0	0	0	0	0	0	0	0	0	0	0
05.500,00.000	16.4	5.5	-200	0	4.5	64.3483	55.4829	8.77945	0.0859874	0	0	0	0	0	0	0	0	0	0	0	0	0	0	0	0	0
05.500,00.000	16.5	5.5	-200	0	4.5	68.3493	57.3736	9.80779	1.16792	0	0	0	0	0	0	0	0	0	0	0	0	0	0	0	0	0
05.500,00.000	16.6	5.5	-200	0	4.5	69.1702	57.7337	10.0399	1.39665	0	0	0	0	0	0	0	0	0	0	0	0	0	0	0	0	0
05.500,00.000	16.7	5.5	-200	0	4.5	72.8202	59.2932	11.0706	2.45641	0	0	0	0	0	0	0	0	0	0	0	0	0	0	0	0	0
05.500,00.000	16.8	5.5	-200	0	4.5	73.7006	59.6434	11.3546	2.70261	0	0	0	0	0	0	0	0	0	0	0	0	0	0	0	0	0
05.500,00.000	16.9	5.5	-200	0	4.5	75.5582	60.3498	11.97	3.23842	0	0	0	0	0	0	0	0	0	0	0	0	0	0	0	0	0
05.500,00.000	17	5.5	-200	0	4.5	77.1838	60.9301	12.5399	3.71371	0	0	0	0	0	0	0	0	0	0	0	0	0	0	0	0	0
05.500,00.000	17.1	5.5	-200	0	4.5	77.9874	61.21	12.8228	3.95463	0	0	0	0	0	0	0	0	0	0	0	0	0	0	0	0	0
05.500,00.000	17.2	5.5	-200	0	4.5	78.6326	61.4291	13.0258	4.17783	0	0	0	0	0	0	0	0	0	0	0	0	0	0	0	0	0
05.500,00.000	17.3	5.5	-200	0	4.5	79.2581	61.6337	13.2199	4.4045	0	0	0	0	0	0	0	0	0	0	0	0	0	0	0	0	0
05.500,00.000	17.4	5.5	-200	0	4.5	79.8571	61.8255	13.4009	4.6306	0	0	0	0	0	0	0	0	0	0	0	0	0	0	0	0	0
05.500,00.000	17.5	5.5	-200	0	4.5	83.8458	62.9766	14.6771	6.19206	0	0	0	0	0	0	0	0	0	0	0	0	0	0	0	0	0
05.500,00.000	17.6	5.5	-200	0	4.5	84.6292	63.1792	14.8987	6.5513	0	0	0	0	0	0	0	0	0	0	0	0	0	0	0	0	0
05.500,00.000	17.7	5.5	-200	0	4.5	90.692	64.6368	16.9513	9.10382	0	0	0	0	0	0	0	0	0	0	0	0	0	0	0	0	0
05.500,00.000	17.8	5.5	-200	0	4.5	92.2693	64.9537	17.4691	9.8465	0	0	0	0	0	0	0	0	0	0	0	0	0	0	0	0	0
05.500,00.000	17.9	5.5	-200	0	4.5	95.3547	65.6208	18.3497	11.3842	0	0	0	0	0	0	0	0	0	0	0	0	0	0	0	0	0
05.500,00.000	18	5.5	-200	0	4.5	96.9859	65.9451	18.8397	11.8941	0.307025	0	0	0	0	0	0	0	0	0	0	0	0	0	0	0	0
05.500,00.000	18.1	5.5	-200	0	4.5	97.6001	66.0631	19.0279	12.0452	0.46397	0	0	0	0	0	0	0	0	0	0	0	0	0	0	0	0
05.500,00.000	18.2	5.5	-200	0	4.5	98.1637	66.1684	19.1953	12.1858	0.614171	0	0	0	0	0	0	0	0	0	0	0	0	0	0	0	0
05.500,00.000	18.3	5.5	-200	0	4.5	98.7232	66.2705	19.358	12.3214	0.773323	0	0	0	0	0	0	0	0	0	0	0	0	0	0	0	0
05.500,00.000	18.4	5.5	-200	0	4.5	99.2676	66.3678	19.5128	12.4514	0.935616	0	0	0	0	0	0	0	0	0	0	0	0	0	0	0	0
05.500,00.000	18.5	5.5	-200	0	4.5	103.761	67.1227	20.9004	13.5068	2.23101	0	0	0	0	0	0	0	0	0	0	0	0	0	0	0	0
05.500,00.000	18.6	5.5	-200	0	4.5	104.69	67.2683	21.1992	13.7336	2.48893	0	0	0	0	0	0	0	0	0	0	0	0	0	0	0	0
05.500,00.000	18.7	5.5	-200	0	4.5	111.57	68.4587	23.4853	15.3443	4.28215	0	0	0	0	0	0	0	0	0	0	0	0	0	0	0	0
05.500,00.000	18.8	5.5	-200	0	4.5	113.377	68.7809	24.1688	15.7318	4.69534	0	0	0	0	0	0	0	0	0	0	0	0	0	0	0	0
05.500,00.000	18.9	5.5	-200	0	4.5	117.224	69.4568	25.5546	16.6448	5.5677	0	0	0	0	0	0	0	0	0	0	0	0	0	0	0	0
05.500,00.000	19	5.5	-200	0	4.5	119.217	69.7955	26.3177	17.1077	5.99644	0	0	0	0	0	0	0	0	0	0	0	0	0	0	0	0
05.500,00.000	19.1	5.5	-200	0	4.5	119.893	69.912	26.5647	17.2756	6.14109	0	0	0	0	0	0	0	0	0	0	0	0	0	0	0	0
05.500,00.000	19.2	5.5	-200	0	4.5	120.515	70.0177	26.7865	17.4363	6.27434	0	0	0	0	0	0	0	0	0	0	0	0	0	0	0	0
05.500,00.000	19.3	5.5	-200	0	4.5	121.132	70.1222	27.002	17.6019	6.40582	0	0	0	0	0	0	0	0	0	0	0	0	0	0	0	0
05.500,00.000	19.4	5.5	-200	0	4.5	121.747	70.2266	27.2084	17.7748	6.5376	0	0	0	0	0	0	0	0	0	0	0	0	0	0	0	0
05.500,00.000	19.5	5.5	-200	0	4.5	123.373	70.5	27.7372	18.2524	6.88329	0	0	0	0	0	0	0	0	0	0	0	0	0	0	0	0
05.500,00.000	19.6	5.5	-200	0	4.5	126.172	70.9574	28.6799	19.0794	7.45504	0	0	0	0	0	0	0	0	0	0	0	0	0	0	0	0
05.500,00.000	19.7	5.5	-200	0	4.5	126.708	71.0367	28.8623	19.2559	7.55339	0	0	0	0	0	0	0	0	0	0	0	0	0	0	0	0
05.500,00.000	19.8	5.5	-200	0	4.5	128.944	71.4113	29.59	19.9849	7.95777	0	0	0	0	0	0	0	0	0	0	0	0	0	0	0	0
05.500,00.000	19.9	5.5	-200	0	4.5	129.472	71.5174	29.7823	20.1124	8.05972	0	0	0	0	0	0	0	0	0	0	0	0	0	0	0	0
05.500,00.000	20	5.5	-200	0	4.5	129.638	71.5493	29.8379	20.1612	8.08963	0	0	0	0	0	0	0	0	0	0	0	0	0	0	0	0
05.500,00.000	20.1	5.5	-200	0	4.5	131.814	71.9629	30.5599	20.8161	8.47531	0	0	0	0	0	0	0	0	0	0	0	0	0	0	0	0
05.500,00.000	20.2	5.5	-200	0	4.5	132.996	72.1886	30.9634	21.1615	8.68278	0	0	0	0	0	0	0	0	0	0	0	0	0	0	0	0
05.500,00.000	20.3	5.5	-200	0	4.5	133.691	72.3192	31.1955	21.3745	8.80165	0	0	0	0	0	0	0	0	0	0	0	0	0	0	0	0
05.500,00.000	20.4	5.5	-200	0	4.5	134.399	72.4513	31.4337	21.5923	8.92174	0	0	0	0	0	0	0	0	0	0	0	0	0	0	0	0
05.500,00.000	20.5	5.5	-200	0	4.5	138.44	73.1528	32.9383	22.7886	9.38911	0.171308	0	0	0	0	0	0	0	0	0	0	0	0	0	0	0
05.500,00.000	20.6	5.5	-200	0	4.5	141.543	73.6709	34.1698	23.6771	9.38157	0.643568	0	0	0	0	0	0	0	0	0	0	0	0	0	0	0
05.500,00.000	20.7	5.5	-200	0	4.5	141.983	73.7555	34.3426	23.7957	9.38157	0.707322	0	0	0	0	0	0	0	0	0	0	0	0	0	0	0
05.500,00.000	20.8	5.5	-200	0	4.5	142.436	73.8429	34.5154	23.9234	9.38157	0.773038	0	0	0	0	0	0	0	0	0	0	0	0	0	0	0
05.500,00.000	20.9	5.5	-200	0	4.5	142.519	73.8588	34.5473	23.9465	9.38157	0.784929	0	0	0	0	0	0	0	0	0	0	0	0	0	0	0
05.500,00.000	21	5.5	-200	0	4.5	142.635	73.8811	34.592	23.9791	9.38157	0.801476	0	0	0	0	0	0	0	0	0	0	0	0	0	0	0
05.500,00.000	21.1	5.5	-200	0	4.5	147.988	74.9201	36.6952	25.5049	9.38157	1.48617	0	0	0	0	0	0	0	0	0	0	0	0	0	0	0
05.500,00.000	21.2	5.5	-200	0	4.5	150.594	75.3761	37.8308	26.2233	9.38198	1.78172	0	0	0	0	0	0	0	0	0	0	0	0	0	0	0
05.500,00.000	21.3	5.5	-200	0	4.5	151.555	75.5374	38.2366	26.5076	9.38424	1.88964	0	0	0	0	0	0	0	0	0	0	0	0	0	0	0
05.500,00.000	21.4	5.5	-200	0	4.5	152.527	75.696	38.6439	26.8015	9.38655	1.9995	0	0	0	0	0	0	0	0	0	0	0	0	0	0	0
05.500,00.000	21.5	5.5	-200	0	4.5	161.403	77.077	42.3126	29.6514	9.41681	2.94511	0	0	0	0	0	0	0	0	0	0	0	0	0	0	0
05.500,00.000	21.6	5.5	-200	0	4.5	163.608	77.3766	43.3032	30.3338	9.42788	3.16621	0	0	0	0	0	0	0	0	0	0	0	0	0	0	0
05.500,00.000	21.7	5.5	-200	0	4.5	166.938	77.8474	44.723	31.4229	9.46066	3.48412	0	0	0	0	0	0	0	0	0	0	0	0	0	0	0
05.500,00.000	21.8	5.5	-200	0	4.5	167.379	77.8998	44.9451	31.5461	9.46487	3.52314	0	0	0	0	0	0	0	0	0	0	0	0	0	0	0
05.500,00.000	21.9	5.5	-200	0	4.5	167.438	77.9076	44.9717	31.5645	9.46569	3.52853	0	0	0	0	0	0	0	0	0	0	0	0	0	0	0
05.500,00.000	22	5.5	-200	0	4.5	167.57	77.9243	45.0322	31.6055	9.46783	3.54035	0	0	0	0	0	0	0	0	0	0	0	0	0	0	0
05.500,00.000	22.1	5.5	-200	0	4.5	176.277	79.0609	48.9049	34.3778	9.63294	4.30003	0	0	0	0	0	0	0	0	0	0	0	0	0	0	0
05.500,00.000	22.2	5.5	-200	0	4.5	180.205	79.5667	50.836	35.4801	9.70851	4.61336	0	0	0	0	0	0	0	0	0	0	0	0	0	0	0
05.500,00.000	22.3	5.5	-200	0	4.5	181.471	79.724	51.4338	35.8657	9.73803	4.70978	0	0	0	0	0	0	0	0	0	0	0	0	0	0	0
05.500,00.000	22.4	5.5	-200	0	4.5	182.788	79.885	52.0564	36.2663	9.77129	4.80896	0	0	0	0	0	0	0	0	0	0	0	0	0	0	0
05.500,00.000	22.5	5.5	-200	0	4.5	192.654	81.0765	56.6686	39.3161	10.0466	5.54635	0	0	0	0	0	0	0	0	0	0	0	0	0	0	0
05.500,00.000	22.6	5.5	-200	0	4.5	194.8	81.3422	57.7156	39.9309	10.1088	5.70289	0	0	0	0	0	0	0	0	0	0	0	0	0	0	0
05.500,00.000	22.7	5.5	-200	0	4.5	204.815	82.5884	62.3371	43.0153	10.4417	6.43231	0	0	0	0	0	0	0	0	0	0	0	0	0	0	0
05.500,00.000	22.8	5.5	-200	0	4.5	207.833	82.9711	63.8138	43.8575	10.5435	6.64713	0	0	0	0	0	0	0	0	0	0	0	0	0	0	0
05.500,00.000	22.9	5.5	-200	0	4.5	220.118	84.5458	69.6454	47.4221	11.0058	7.49895	0	0	0	0	0	0	0	0	0	0	0	0	0	0	0
05.500,00.000	23	5.5	-200	0	4.5	223.215	84.9955	71.0838	48.3134	11.1197	7.7025	0	0	0	0	0	0	0	0	0	0	0	0	0	0	0
05.500,00.000	23.1	5.5	-200	0	4.5	230.113	86.0349	74.2895	50.2479	11.4016	8.13896	0	0	0	0	0	0	0	0	0	0	0	0	0	0	0
05.500,00.000	23.2	5.5	-200	0	4.5	233.497	86.5504	75.8565	51.1934	11.5446	8.35227	0	0	0	0	0	0	0	0	0	0	0	0	0	0	0
05.500,00.000	23.3	5.5	-200	0	4.5	235.111	86.7936	76.6068	51.6428	11.6174	8.45092	0	0	0	0	0	0	0	0	0	0	0	0	0	0	0
05.500,00.000	23.4	5.5	-200	0	4.5	236.788	87.0448	77.3923	52.1033	11.6962	8.5512	0	0	0	0	0	0	0	0	0	0	0	0	0	0	0
05.500,00.000	23.5	5.5	-200	0	4.5	247.999	88.7866	82.6134	55.1568	12.2397	9.20253	0	0	0	0	0	0	0	0	0	0	0	0	0	0	0
05.500,00.000	23.6	5.5	-200	0	4.5	250.557	89.2372	83.809	55.8068	12.3611	9.32572	0.0170564	0	0	0	0	0	0	0	0	0	0	0	0	0	0
05.500,00.000	23.7	5.5	-200	0	4.5	258.089	90.4924	87.3231	57.7866	12.7427	9.38684	0.357461	0	0	0	0	0	0	0	0	0	0	0	0	0	0
05.500,00.000	23.8	5.5	-200	0	4.5	262.007	91.1398	89.139	58.8404	12.9406	9.38684	0.559913	0	0	0	0	0	0	0	0	0	0	0	0	0	0
05.500,00.000	23.9	5.5	-200	0	4.5	275.409	93.334	95.2304	62.5607	13.6575	9.38684	1.23985	0	0	0	0	0	0	0	0	0	0	0	0	0	0
05.500,00.000	24	5.5	-200	0	4.5	278.429	93.8728	96.5887	63.3799	13.8148	9.38684	1.38581	0	0	0	0	0	0	0	0	0	0	0	0	0	0
05.500,00.000	24.1	5.5	-200	0	4.5	287.391	95.2988	100.833	65.7617	14.3065	9.38684	1.80443	0	0	0	0	0	0	0	0	0	0	0	0	0	0
05.500,00.000	24.2	5.5	-200	0	4.5	291.99	96.0328	103.05	66.9507	14.5569	9.38703	2.01272	0	0	0	0	0	0	0	0	0	0	0	0	0	0
05.500,00.000	24.3	5.5	-200	0	4.5	294.246	96.3792	104.142	67.5389	14.6844	9.38787	2.11292	0	0	0	0	0	0	0	0	0	0	0	0	0	0
05.500,00.000	24.4	5.5	-200	0	4.5	296.573	96.7287	105.279	68.1432	14.819	9.38871	2.21427	0	0	0	0	0	0	0	0	0	0	0	0	0	0
05.500,00.000	24.5	5.5	-200	0	4.5	308.824	98.5027	111.195	71.3199	15.6716	9.39484	2.74077	0	0	0	0	0	0	0	0	0	0	0	0	0	0
05.500,00.000	24.6	5.5	-200	0	4.5	311.663	98.9177	112.554	72.0471	15.891	9.39672	2.85688	0	0	0	0	0	0	0	0	0	0	0	0	0	0
05.500,00.000	24.7	5.5	-200	0	4.5	320.636	100.27	116.794	74.3508	16.5968	9.40826	3.21565	0	0	0	0	0	0	0	0	0	0	0	0	0	0
05.500,00.000	24.8	5.5	-200	0	4.5	322.889	100.729	117.78	74.9102	16.7606	9.41117	3.29746	0	0	0	0	0	0	0	0	0	0	0	0	0	0
05.500,00.000	24.9	5.5	-200	0	4.5	362.197	108.162	135.435	84.7444	19.596	9.48931	4.77036	0	0	0	0	0	0	0	0	0	0	0	0	0	0
05.500,00.000	25	5.5	-200	0	4.5	371.292	110.136	139.388	86.9683	20.1931	9.51025	5.09715	0	0	0	0	0	0	0	0	0	0	0	0	0	0
05.500,00.000	25.1	5.5	-200	0	4.5	399.577	116.068	151.748	93.8182	22.2968	9.60774	6.03789	0	0	0	0	0	0	0	0	0	0	0	0	0	0
05.500,00.000	25.2	5.5	-200	0	4.5	411.104	118.603	156.757	96.5133	23.163	9.65076	6.4178	0	0	0	0	0	0	0	0	0	0	0	0	0	0
05.500,00.000	25.3	5.5	-200	0	4.5	414.323	119.279	158.212	97.2537	23.3943	9.66641	6.51702	0	0	0	0	0	0	0	0	0	0	0	0	0	0
05.500,00.000	25.4	5.5	-200	0	4.5	417.775	119.99	159.781	98.0609	23.6375	9.68487	6.6195	0	0	0	0	0	0	0	0	0	0	0	0	0	0
05.500,00.000	25.5	5.5	-200	0	4.5	426.149	121.511	163.738	100.079	24.228	9.73467	6.85853	0	0	0	0	0	0	0	0	0	0	0	0	0	0
05.500,00.000	25.6	5.5	-200	0	4.5	443.917	124.064	172.862	104.289	25.4983	9.85038	7.35273	0	0	0	0	0	0	0	0	0	0	0	0	0	0
05.500,00.000	25.7	5.5	-200	0	4.5	447.246	124.605	174.555	105.039	25.7296	9.87303	7.44316	0	0	0	0	0	0	0	0	0	0	0	0	0	0
05.500,00.000	25.8	5.5	-200	0	4.5	456.277	125.968	179.058	107.242	26.3792	9.94414	7.6863	0	0	0	0	0	0	0	0	0	0	0	0	0	0
05.500,00.000	25.9	5.5	-200	0	4.5	458.975	126.421	180.379	107.883	26.5682	9.96591	7.7573	0	0	0	0	0	0	0	0	0	0	0	0	0	0
05.500,00.000	26	5.5	-200	0	4.5	460.989	126.747	181.367	108.372	26.7099	9.98458	7.80869	0	0	0	0	0	0	0	0	0	0	0	0	0	0
05.500,00.000	26.1	5.5	-200	0	4.5	470.521	128.204	186.061	110.725	27.4013	10.0769	8.05396	0	0	0	0	0	0	0	0	0	0	0	0	0	0
05.500,00.000	26.2	5.5	-200	0	4.5	476.125	129.061	188.798	112.122	27.8119	10.1341	8.19793	0	0	0	0	0	0	0	0	0	0	0	0	0	0
05.500,00.000	26.3	5.5	-200	0	4.5	480.094	129.668	190.721	113.116	28.1115	10.1778	8.30038	0	0	0	0	0	0	0	0	0	0	0	0	0	0
05.500,00.000	26.4	5.5	-200	0	4.5	484.129	130.309	192.643	114.133	28.4175	10.224	8.40317	0	0	0	0	0	0	0	0	0	0	0	0	0	0
05.500,00.000	26.5	5.5	-200	0	4.5	496.678	132.303	198.512	117.361	29.3968	10.3772	8.72737	0	0	0	0	0	0	0	0	0	0	0	0	0	0
05.500,00.000	26.6	5.5	-200	0	4.5	499.877	132.848	199.95	118.217	29.6376	10.4164	8.80738	0	0	0	0	0	0	0	0	0	0	0	0	0	0
05.500,00.000	26.7	5.5	-200	0	4.5	500.726	132.984	200.342	118.438	29.7054	10.4278	8.82903	0	0	0	0	0	0	0	0	0	0	0	0	0	0
05.500,00.000	26.8	5.5	-200	0	4.5	531.629	137.752	214.521	126.561	32.2785	10.8735	9.28302	0.35974	0	0	0	0	0	0	0	0	0	0	0	0	0
05.500,00.000	26.9	5.5	-200	0	4.5	539.352	139.126	218.075	128.41	32.9127	10.987	9.2663	0.575058	0	0	0	0	0	0	0	0	0	0	0	0	0
05.500,00.000	27	5.5	-200	0	4.5	540.008	139.235	218.381	128.569	32.9679	10.9975	9.26669	0.591511	0	0	0	0	0	0	0	0	0	0	0	0	0
05.500,00.000	27.1	5.5	-200	0	4.5	558.435	142.252	226.866	133.078	34.5824	11.3162	9.27375	1.0666	0	0	0	0	0	0	0	0	0	0	0	0	0
05.500,00.000	27.2	5.5	-200	0	4.5	566.942	143.59	230.782	135.166	35.3603	11.4738	9.27375	1.29638	0	0	0	0	0	0	0	0	0	0	0	0	0
05.500,00.000	27.3	5.5	-200	0	4.5	570.747	144.158	232.557	136.092	35.7201	11.5491	9.27375	1.39771	0	0	0	0	0	0	0	0	0	0	0	0	0
05.500,00.000	27.4	5.5	-200	0	4.5	574.717	144.864	234.338	137.018	36.0936	11.6293	9.27375	1.50023	0	0	0	0	0	0	0	0	0	0	0	0	0
05.500,00.000	27.5	5.5	-200	0	4.5	589.291	147.419	240.813	140.443	37.5112	11.9456	9.27385	1.88562	0	0	0	0	0	0	0	0	0	0	0	0	0
05.500,00.000	27.6	5.5	-200	0	4.5	592.775	148.064	242.337	141.239	37.8605	12.0229	9.27401	1.97677	0	0	0	0	0	0	0	0	0	0	0	0	0
05.500,00.000	27.7	5.5	-200	0	4.5	593.562	148.207	242.683	141.42	37.9391	12.0416	9.27425	1.99733	0	0	0	0	0	0	0	0	0	0	0	0	0
05.500,00.000	27.8	5.5	-200	0	4.5	603.667	150.052	247.081	143.712	38.9805	12.2976	9.27802	2.26575	0	0	0	0	0	0	0	0	0	0	0	0	0
05.500,00.000	27.9	5.5	-200	0	4.5	619.6	152.992	253.96	147.27	40.6733	12.7223	9.28592	2.69602	0	0	0	0	0	0	0	0	0	0	0	0	0
05.500,00.000	28	5.5	-200	0	4.5	622.834	153.62	255.36	147.941	41.0301	12.8111	9.28797	2.78355	0	0	0	0	0	0	0	0	0	0	0	0	0
05.500,00.000	28.1	5.5	-200	0	4.5	631.751	155.285	259.242	149.774	42.0614	13.0688	9.29709	3.02268	0	0	0	0	0	0	0	0	0	0	0	0	0
05.500,00.000	28.2	5.5	-200	0	4.5	637.395	156.343	261.694	150.906	42.7381	13.2361	9.30354	3.17381	0	0	0	0	0	0	0	0	0	0	0	0	0
05.500,00.000	28.3	5.5	-200	0	4.5	641.123	157.041	263.294	151.663	43.1882	13.3532	9.3089	3.27542	0	0	0	0	0	0	0	0	0	0	0	0	0
05.500,00.000	28.4	5.5	-200	0	4.5	644.798	157.733	264.85	152.399	43.6484	13.4745	9.31515	3.37722	0	0	0	0	0	0	0	0	0	0	0	0	0
05.500,00.000	28.5	5.5	-200	0	4.5	649.458	158.612	266.786	153.335	44.2537	13.6374	9.32447	3.51031	0	0	0	0	0	0	0	0	0	0	0	0	0
05.500,00.000	28.6	5.5	-200	0	4.5	668.788	162.273	274.722	157.268	46.7169	14.3562	9.37175	4.07953	0	0	0	0	0	0	0	0	0	0	0	0	0
05.500,00.000	28.7	5.5	-200	0	4.5	672.818	163.053	276.379	158.05	47.2487	14.5075	9.38257	4.19712	0	0	0	0	0	0	0	0	0	0	0	0	0
05.500,00.000	28.8	5.5	-200	0	4.5	676.386	163.74	277.828	158.748	47.7153	14.6526	9.39605	4.30507	0	0	0	0	0	0	0	0	0	0	0	0	0
05.500,00.000	28.9	5.5	-200	0	4.5	677.488	163.957	278.276	158.952	47.8647	14.6985	9.40046	4.33844	0	0	0	0	0	0	0	0	0	0	0	0	0
05.500,00.000	29	5.5	-200	0	4.5	684.783	165.384	281.203	160.3	48.8747	15.0214	9.43599	4.56343	0	0	0	0	0	0	0	0	0	0	0	0	0
05.500,00.000	29.1	5.5	-200	0	4.5	691.736	166.747	284.005	161.546	49.8472	15.3384	9.47296	4.7796	0	0	0	0	0	0	0	0	0	0	0	0	0
05.500,00.000	29.2	5.5	-200	0	4.5	695.492	167.495	285.501	162.206	50.376	15.5189	9.49597	4.89922	0	0	0	0	0	0	0	0	0	0	0	0	0
05.500,00.000	29.3	5.5	-200	0	4.5	698.752	168.243	286.749	162.743	50.824	15.6758	9.51729	5.00022	0	0	0	0	0	0	0	0	0	0	0	0	0
05.500,00.000	29.4	5.5	-200	0	4.5	702.073	169.102	287.954	163.261	51.2766	15.8373	9.54056	5.10146	0	0	0	0	0	0	0	0	0	0	0	0	0
05.500,00.000	29.5	5.5	-200	0	4.5	705.442	169.994	289.151	163.779	51.7321	16.0109	9.56693	5.20816	0	0	0	0	0	0	0	0	0	0	0	0	0
05.500,00.000	29.6	5.5	-200	0	4.5	722.75	174.644	295.147	166.372	54.1549	16.9467	9.71619	5.76964	0	0	0	0	0	0	0	0	0	0	0	0	0
05.500,00.000	29.7	5.5	-200	0	4.5	726.463	175.654	296.445	166.928	54.651	17.1476	9.74897	5.88826	0	0	0	0	0	0	0	0	0	0	0	0	0
05.500,00.000	29.8	5.5	-200	0	4.5	730.255	176.708	297.707	167.484	55.188	17.3669	9.78732	6.01326	0	0	0	0	0	0	0	0	0	0	0	0	0
05.500,00.000	29.9	5.5	-200	0	4.5	731.307	177.007	298.056	167.635	55.3335	17.4293	9.79835	6.04819	0	0	0	0	0	0	0	0	0	0	0	0	0
05.500,00.000	30	5.5	-200	0	4.5	736.185	178.448	299.604	168.308	56.0224	17.7351	9.85485	6.21291	0	0	0	0	0	0	0	0	0	0	0	0	0
05.500,00.000	30.1	5.5	-200	0	4.5	742.907	180.456	301.766	169.198	56.9484	18.1629	9.9355	6.439	0	0	0	0	0	0	0	0	0	0	0	0	0
05.500,00.000	30.2	5.5	-200	0	4.5	746.607	181.601	302.933	169.679	57.4364	18.4085	9.983	6.56593	0	0	0	0	0	0	0	0	0	0	0	0	0
05.500,00.000	30.3	5.5	-200	0	4.5	749.481	182.508	303.814	170.04	57.8221	18.6079	10.0226	6.6662	0	0	0	0	0	0	0	0	0	0	0	0	0
05.500,00.000	30.4	5.5	-200	0	4.5	752.306	183.414	304.662	170.383	58.2019	18.8125	10.0647	6.76669	0	0	0	0	0	0	0	0	0	0	0	0	0
05.500,00.000	30.5	5.5	-200	0	4.5	755.217	184.379	305.504	170.723	58.5935	19.0328	10.1113	6.87301	0	0	0	0	0	0	0	0	0	0	0	0	0
05.500,00.000	30.6	5.5	-200	0	4.5	767.817	188.653	309.105	172.126	60.1842	20.0807	10.3274	7.34045	0	0	0	0	0	0	0	0	0	0	0	0	0
05.500,00.000	30.7	5.5	-200	0	4.5	772.872	190.383	310.55	172.717	60.7108	20.5623	10.4187	7.53043	0	0	0	0	0	0	0	0	0	0	0	0	0
05.500,00.000	30.8	5.5	-200	0	4.5	773.178	190.49	310.633	172.751	60.7445	20.5916	10.4246	7.54217	0	0	0	0	0	0	0	0	0	0	0	0	0
05.500,00.000	30.9	5.5	-200	0	4.5	773.519	190.613	310.724	172.788	60.7816	20.6254	10.4317	7.55546	0	0	0	0	0	0	0	0	0	0	0	0	0
05.500,00.000	31	5.5	-200	0	4.5	776.378	191.569	311.566	173.08	61.0697	20.9278	10.4961	7.6696	0	0	0	0	0	0	0	0	0	0	0	0	0
05.500,00.000	31.1	5.5	-200	0	4.5	782.356	193.246	313.678	173.673	61.6352	21.5741	10.638	7.91213	0	0	0	0	0	0	0	0	0	0	0	0	0
05.500,00.000	31.2	5.5	-200	0	4.5	785.374	194.252	314.487	173.984	61.9279	21.9578	10.7198	8.04603	0	0	0	0	0	0	0	0	0	0	0	0	0
05.500,00.000	31.3	5.5	-200	0	4.5	787.701	195.02	315.077	174.205	62.1526	22.3159	10.784	8.14656	0	0	0	0	0	0	0	0	0	0	0	0	0
05.500,00.000	31.4	5.5	-200	0	4.5	789.986	195.778	315.646	174.412	62.3667	22.6852	10.8508	8.24685	0	0	0	0	0	0	0	0	0	0	0	0	0
05.500,00.000	31.5	5.5	-200	0	4.5	796.967	198.047	317.498	174.995	63.0365	23.7839	11.0587	8.54773	0	0	0	0	0	0	0	0	0	0	0	0	0
05.500,00.000	31.6	5.5	-200	0	4.5	808.477	201.881	320.558	175.913	64.1135	25.579	11.403	9.02866	0	0	0	0	0	0	0	0	0	0	0	0	0
05.500,00.000	31.7	5.5	-200	0	4.5	810.297	202.448	321.069	176.065	64.285	25.8668	11.459	9.10466	0	0	0	0	0	0	0	0	0	0	0	0	0
05.500,00.000	31.8	5.5	-200	0	4.5	819.651	205.682	323.512	176.711	65.1754	27.3215	11.7622	9.35408	0.133912	0	0	0	0	0	0	0	0	0	0	0	0
05.500,00.000	31.9	5.5	-200	0	4.5	822.238	206.662	324.088	176.884	65.4058	27.7495	11.8506	9.30284	0.294737	0	0	0	0	0	0	0	0	0	0	0	0
05.500,00.000	32	5.5	-200	0	4.5	824.828	207.617	324.71	177.046	65.6325	28.1721	11.9446	9.3051	0.40013	0	0	0	0	0	0	0	0	0	0	0	0
05.500,00.000	32.1	5.5	-200	0	4.5	830.132	209.574	325.988	177.362	66.0865	29.0475	12.1459	9.31043	0.618067	0	0	0	0	0	0	0	0	0	0	0	0
05.500,00.000	32.2	5.5	-200	0	4.5	833.233	210.694	326.769	177.553	66.3329	29.5571	12.2677	9.31043	0.748377	0	0	0	0	0	0	0	0	0	0	0	0
05.500,00.000	32.3	5.5	-200	0	4.5	835.554	211.544	327.35	177.692	66.5058	29.941	12.3639	9.31043	0.847111	0	0	0	0	0	0	0	0	0	0	0	0
05.500,00.000	32.4	5.5	-200	0	4.5	837.849	212.403	327.911	177.823	66.6687	30.3232	12.4638	9.31043	0.945826	0	0	0	0	0	0	0	0	0	0	0	0
05.500,00.000	32.5	5.5	-200	0	4.5	841.032	213.608	328.673	178.003	66.8859	30.8549	12.6109	9.31043	1.0866	0	0	0	0	0	0	0	0	0	0	0	0
05.500,00.000	32.6	5.5	-200	0	4.5	853.044	218.226	331.502	178.669	67.6797	32.8223	13.2017	9.31043	1.63255	0	0	0	0	0	0	0	0	0	0	0	0
05.500,00.000	32.7	5.5	-200	0	4.5	861.802	221.622	333.582	179.145	68.2451	34.2398	13.611	9.31061	2.04545	0	0	0	0	0	0	0	0	0	0	0	0
05.500,00.000	32.8	5.5	-200	0	4.5	862.372	221.865	333.715	179.175	68.2787	34.3242	13.6308	9.3107	2.07312	0	0	0	0	0	0	0	0	0	0	0	0
05.500,00.000	32.9	5.5	-200	0	4.5	862.484	221.911	333.74	179.18	68.2852	34.3418	13.6364	9.31073	2.07848	0	0	0	0	0	0	0	0	0	0	0	0
05.500,00.000	33	5.5	-200	0	4.5	862.744	222.02	333.798	179.192	68.2995	34.3822	13.6498	9.31086	2.09115	0	0	0	0	0	0	0	0	0	0	0	0
05.500,00.000	33.1	5.5	-200	0	4.5	871.324	225.699	335.668	179.557	68.7401	35.6361	14.1895	9.31654	2.51765	0	0	0	0	0	0	0	0	0	0	0	0
05.500,00.000	33.2	5.5	-200	0	4.5	875.375	227.503	336.547	179.726	68.9383	36.2202	14.3916	9.32103	2.72751	0	0	0	0	0	0	0	0	0	0	0	0
05.500,00.000	33.3	5.5	-200	0	4.5	877.28	228.352	336.951	179.797	69.0225	36.498	14.5103	9.32397	2.82424	0	0	0	0	0	0	0	0	0	0	0	0
05.500,00.000	33.4	5.5	-200	0	4.5	879.199	229.236	337.343	179.864	69.1008	36.7728	14.6337	9.32774	2.92137	0	0	0	0	0	0	0	0	0	0	0	0
05.500,00.000	33.5	5.5	-200	0	4.5	881.461	230.292	337.792	179.935	69.1872	37.0965	14.7864	9.3333	3.03834	0	0	0	0	0	0	0	0	0	0	0	0
05.500,00.000	33.6	5.5	-200	0	4.5	892	235.332	339.815	180.238	69.5587	38.5874	15.5185	9.36735	3.5841	0	0	0	0	0	0	0	0	0	0	0	0
05.500,00.000	33.7	5.5	-200	0	4.5	900.251	239.332	341.387	180.455	69.8497	39.7322	16.0818	9.39883	4.01388	0	0	0	0	0	0	0	0	0	0	0	0
05.500,00.000	33.8	5.5	-200	0	4.5	900.842	239.62	341.502	180.47	69.8693	39.8117	16.1232	9.40144	4.04452	0	0	0	0	0	0	0	0	0	0	0	0
05.500,00.000	33.9	5.5	-200	0	4.5	904.594	241.479	342.202	180.549	69.9884	40.3095	16.3998	9.42382	4.24173	0	0	0	0	0	0	0	0	0	0	0	0
05.500,00.000	34	5.5	-200	0	4.5	909.963	244.133	343.204	180.657	70.1511	41.0181	16.8126	9.46044	4.52705	0	0	0	0	0	0	0	0	0	0	0	0
05.500,00.000	34.1	5.5	-200	0	4.5	913.071	245.68	343.774	180.715	70.2403	41.4232	17.0586	9.48604	4.69347	0	0	0	0	0	0	0	0	0	0	0	0
05.500,00.000	34.2	5.5	-200	0	4.5	915.027	246.684	344.122	180.747	70.2923	41.6686	17.2122	9.50391	4.79679	0	0	0	0	0	0	0	0	0	0	0	0
05.500,00.000	34.3	5.5	-200	0	4.5	916.85	247.639	344.441	180.773	70.3377	41.8885	17.3561	9.52256	4.89279	0	0	0	0	0	0	0	0	0	0	0	0
05.500,00.000	34.4	5.5	-200	0	4.5	918.663	248.599	344.752	180.796	70.3795	42.1032	17.501	9.54342	4.98846	0	0	0	0	0	0	0	0	0	0	0	0
05.500,00.000	34.5	5.5	-200	0	4.5	920.49	249.572	345.062	180.817	70.4185	42.3152	17.6512	9.5667	5.08627	0	0	0	0	0	0	0	0	0	0	0	0
05.500,00.000	34.6	5.5	-200	0	4.5	928.084	253.683	346.334	180.892	70.5688	43.168	18.2696	9.67349	5.49539	0	0	0	0	0	0	0	0	0	0	0	0
05.500,00.000	34.7	5.5	-200	0	4.5	932.308	255.961	347.026	180.929	70.6443	43.6196	18.6729	9.73712	5.71807	0	0	0	0	0	0	0	0	0	0	0	0
05.500,00.000	34.8	5.5	-200	0	4.5	932.503	256.067	347.058	180.93	70.6475	43.64	18.6918	9.74045	5.72842	0	0	0	0	0	0	0	0	0	0	0	0
05.500,00.000	34.9	5.5	-200	0	4.5	932.735	256.192	347.096	180.932	70.651	43.6636	18.7149	9.74482	5.74078	0	0	0	0	0	0	0	0	0	0	0	0
05.500,00.000	35	5.5	-200	0	4.5	937.697	258.856	347.912	180.961	70.72	44.1631	19.2277	9.84869	6.00945	0	0	0	0	0	0	0	0	0	0	0	0
05.500,00.000	35.1	5.5	-200	0	4.5	940.611	260.417	348.373	180.976	70.7569	44.4921	19.5193	9.91181	6.16407	0	0	0	0	0	0	0	0	0	0	0	0
05.500,00.000	35.2	5.5	-200	0	4.5	942.394	261.357	348.676	180.985	70.7769	44.6857	19.7015	9.95366	6.25836	0	0	0	0	0	0	0	0	0	0	0	0
05.500,00.000	35.3	5.5	-200	0	4.5	944.167	262.292	348.981	180.992	70.7945	44.874	19.8818	9.99838	6.35289	0	0	0	0	0	0	0	0	0	0	0	0
05.500,00.000	35.4	5.5	-200	0	4.5	945.917	263.212	349.287	180.999	70.8095	45.057	20.0595	10.0458	6.44725	0	0	0	0	0	0	0	0	0	0	0	0
05.500,00.000	35.5	5.5	-200	0	4.5	947.677	264.128	349.606	181.006	70.8222	45.2374	20.2376	10.097	6.54334	0	0	0	0	0	0	0	0	0	0	0	0
05.500,00.000	35.6	5.5	-200	0	4.5	951.612	266.166	350.321	181.018	70.8446	45.4651	20.8167	10.2195	6.76055	0	0	0	0	0	0	0	0	0	0	0	0
05.500,00.000	35.7	5.5	-200	0	4.5	954.772	267.816	350.902	181.028	70.8587	45.5891	21.3294	10.3136	6.93534	0	0	0	0	0	0	0	0	0	0	0	0
05.500,00.000	35.8	5.5	-200	0	4.5	955.212	268.045	350.986	181.029	70.8603	45.594	21.4115	10.3263	6.96012	0	0	0	0	0	0	0	0	0	0	0	0
05.500,00.000	35.9	5.5	-200	0	4.5	956.152	268.54	351.158	181.031	70.8616	45.6213	21.5695	10.357	7.01256	0	0	0	0	0	0	0	0	0	0	0	0
05.500,00.000	36	5.5	-200	0	4.5	958.991	270.054	351.663	181.038	70.8636	45.7133	22.0345	10.4544	7.17067	0	0	0	0	0	0	0	0	0	0	0	0
05.500,00.000	36.1	5.5	-200	0	4.5	961.073	271.161	352.039	181.042	70.8642	45.7758	22.3823	10.5257	7.28396	0	0	0	0	0	0	0	0	0	0	0	0
05.500,00.000	36.2	5.5	-200	0	4.5	962.787	272.072	352.343	181.045	70.8643	45.8241	22.6722	10.5886	7.37768	0	0	0	0	0	0	0	0	0	0	0	0
05.500,00.000	36.3	5.5	-200	0	4.5	964.486	272.962	352.656	181.048	70.8643	45.8705	22.9605	10.6538	7.47138	0	0	0	0	0	0	0	0	0	0	0	0
05.500,00.000	36.4	5.5	-200	0	4.5	966.153	273.825	352.968	181.05	70.8643	45.9143	23.2449	10.7216	7.56502	0	0	0	0	0	0	0	0	0	0	0	0
05.500,00.000	36.5	5.5	-200	0	4.5	967.83	274.691	353.284	181.053	70.8643	45.9557	23.5296	10.7928	7.65996	0	0	0	0	0	0	0	0	0	0	0	0
05.500,00.000	36.6	5.5	-200	0	4.5	970.472	276.053	353.784	181.056	70.8643	46.0153	23.9799	10.91	7.80979	0	0	0	0	0	0	0	0	0	0	0	0
05.500,00.000	36.7	5.5	-200	0	4.5	973.34	277.514	354.345	181.06	70.8643	46.0768	24.4601	11.0439	7.97531	0	0	0	0	0	0	0	0	0	0	0	0
05.500,00.000	36.8	5.5	-200	0	4.5	973.843	277.768	354.452	181.061	70.8643	46.0879	24.5382	11.0672	8.00517	0	0	0	0	0	0	0	0	0	0	0	0
05.500,00.000	36.9	5.5	-200	0	4.5	976.141	278.964	354.897	181.063	70.8643	46.1299	24.9078	11.1807	8.13425	0	0	0	0	0	0	0	0	0	0	0	0
05.500,00.000	37	5.5	-200	0	4.5	978.556	280.335	355.318	181.065	70.8643	46.1686	25.2544	11.2921	8.25872	0	0	0	0	0	0	0	0	0	0	0	0
05.500,00.000	37.1	5.5	-200	0	4.5	980.425	281.402	355.645	181.066	70.8643	46.196	25.5262	11.3692	8.35532	0	0	0	0	0	0	0	0	0	0	0	0
05.500,00.000	37.2	5.5	-200	0	4.5	982.211	282.41	355.972	181.067	70.8643	46.2195	25.7854	11.4469	8.44655	0	0	0	0	0	0	0	0	0	0	0	0
05.500,00.000	37.3	5.5	-200	0	4.5	984.005	283.412	356.316	181.068	70.8643	46.2409	26.0444	11.5221	8.53729	0	0	0	0	0	0	0	0	0	0	0	0
05.500,00.000	37.4	5.5	-200	0	4.5	985.812	284.434	356.66	181.069	70.8643	46.2605	26.301	11.5957	8.62718	0	0	0	0	0	0	0	0	0	0	0	0
05.500,00.000	37.5	5.5	-200	0	4.5	987.639	285.482	357.002	181.07	70.8643	46.278	26.5522	11.6728	8.71705	0	0	0	0	0	0	0	0	0	0	0	0
05.500,00.000	37.6	5.5	-200	0	4.5	989.464	286.551	357.334	181.07	70.8643	46.2932	26.7939	11.7516	8.80515	0	0	0	0	0	0	0	0	0	0	0	0
05.500,00.000	37.7	5.5	-200	0	4.5	993.5	288.945	358.042	181.071	70.8643	46.3221	27.3228	11.9368	8.99575	0	0	0	0	0	0	0	0	0	0	0	0
05.500,00.000	37.8	5.5	-200	0	4.5	994.338	289.466	358.193	181.071	70.8643	46.3282	27.4196	11.9604	9.03562	0	0	0	0	0	0	0	0	0	0	0	0
05.500,00.000	37.9	5.5	-200	0	4.5	997.167	291.163	358.688	181.071	70.8643	46.3439	27.7783	12.0925	9.16557	0	0	0	0	0	0	0	0	0	0	0	0
05.500,00.000	38	5.5	-200	0	4.5	999.471	292.53	359.142	181.071	70.8643	46.3556	28.0513	12.189	9.26795	0	0	0	0	0	0	0	0	0	0	0	0
05.500,00.000	38.1	5.5	-200	0	4.5	1001.36	293.658	359.502	181.071	70.8643	46.3642	28.2779	12.2772	9.35117	0	0	0	0	0	0	0	0	0	0	0	0
05.500,00.000	38.2	5.5	-200	0	4.5	1003.25	294.786	359.856	181.071	70.8643	46.3719	28.502	12.369	9.43344	0	0	0	0	0	0	0	0	0	0	0	0
05.500,00.000	38.3	5.5	-200	0	4.5	1005.17	295.949	360.205	181.071	70.8643	46.3786	28.7229	12.4628	9.51455	0	0	0	0	0	0	0	0	0	0	0	0
05.500,00.000	38.4	5.5	-200	0	4.5	1007.25	297.299	360.545	181.071	70.8643	46.3844	28.9407	12.5535	9.59462	0	0	0	0	0	0	0	0	0	0	0	0
05.500,00.000	38.5	5.5	-200	0	4.5	1009.3	298.62	360.88	181.071	70.8643	46.3894	29.1555	12.6455	9.66216	0.0115713	0	0	0	0	0	0	0	0	0	0	0
05.500,00.000	38.6	5.5	-200	0	4.5	1011.73	300.2	361.265	181.071	70.8643	46.3942	29.4056	12.759	9.66493	0.101242	0	0	0	0	0	0	0	0	0	0	0
05.500,00.000	38.7	5.5	-200	0	4.5	1016.98	303.322	362.401	181.071	70.8643	46.4048	29.9405	13.0185	9.68064	0.282127	0	0	0	0	0	0	0	0	0	0	0
05.500,00.000	38.8	5.5	-200	0	4.5	1017.95	303.873	362.647	181.071	70.8643	46.4066	30.0362	13.0538	9.65613	0.345155	0	0	0	0	0	0	0	0	0	0	0
05.500,00.000	38.9	5.5	-200	0	4.5	1019.48	304.719	363.029	181.071	70.8643	46.4091	30.1917	13.1358	9.65737	0.401598	0	0	0	0	0	0	0	0	0	0	0
05.500,00.000	39	5.5	-200	0	4.5	1022.43	306.251	363.877	181.071	70.8643	46.4138	30.489	13.2966	9.65527	0.514807	0	0	0	0	0	0	0	0	0	0	0
05.500,00.000	39.1	5.5	-200	0	4.5	1024.67	307.247	364.686	181.071	70.8643	46.4181	30.7116	13.4205	9.65527	0.598589	0	0	0	0	0	0	0	0	0	0	0
05.500,00.000	39.2	5.5	-200	0	4.5	1026.64	308.117	365.4	181.071	70.8643	46.4223	30.9062	13.5308	9.65527	0.671017	0	0	0	0	0	0	0	0	0	0	0
05.500,00.000	39.3	5.5	-200	0	4.5	1028.59	308.979	366.116	181.071	70.8643	46.4274	31.0985	13.6325	9.65527	0.742548	0	0	0	0	0	0	0	0	0	0	0
05.500,00.000	39.4	5.5	-200	0	4.5	1030.57	309.874	366.834	181.071	70.8643	46.4336	31.2883	13.7381	9.65527	0.813139	0	0	0	0	0	0	0	0	0	0	0
05.500,00.000	39.5	5.5	-200	0	4.5	1032.57	310.77	367.561	181.071	70.8643	46.4412	31.4768	13.8486	9.65527	0.883559	0	0	0	0	0	0	0	0	0	0	0
05.500,00.000	39.6	5.5	-200	0	4.5	1034.9	311.795	368.422	181.071	70.8643	46.4512	31.6933	13.9851	9.65527	0.964713	0	0	0	0	0	0	0	0	0	0	0
05.500,00.000	39.7	5.5	-200	0	4.5	1038.99	313.553	369.962	181.071	70.8643	46.4711	32.0667	14.2392	9.65527	1.10575	0	0	0	0	0	0	0	0	0	0	0
05.500,00.000	39.8	5.5	-200	0	4.5	1039.81	313.928	370.273	181.071	70.8643	46.4755	32.1393	14.272	9.65527	1.13398	0	0	0	0	0	0	0	0	0	0	0
05.500,00.000	39.9	5.5	-200	0	4.5	1043.12	315.344	371.542	181.071	70.8643	46.4956	32.4266	14.4803	9.65527	1.24296	0	0	0	0	0	0	0	0	0	0	0
05.500,00.000	40	5.5	-200	0	4.5	1045.56	316.323	372.546	181.071	70.8643	46.5121	32.6411	14.6245	9.65527	1.32518	0	0	0	0	0	0	0	0	0	0	0
05.500,00.000	40.1	5.5	-200	0	4.5	1047.5	317.09	373.343	181.071	70.8643	46.5265	32.8096	14.7534	9.65527	1.38967	0	0	0	0	0	0	0	0	0	0	0
05.500,00.000	40.2	5.5	-200	0	4.5	1049.43	317.84	374.144	181.071	70.8643	46.5422	32.9748	14.8838	9.65527	1.45311	0	0	0	0	0	0	0	0	0	0	0
05.500,00.000	40.3	5.5	-200	0	4.5	1051.33	318.574	374.941	181.071	70.8643	46.5589	33.1366	15.0183	9.65527	1.51546	0	0	0	0	0	0	0	0	0	0	0
05.500,00.000	40.4	5.5	-200	0	4.5	1053.2	319.277	375.728	181.071	70.8643	46.5768	33.2953	15.1556	9.65527	1.57684	0	0	0	0	0	0	0	0	0	0	0
05.500,00.000	40.5	5.5	-200	0	4.5	1055.1	320.003	376.522	181.071	70.8643	46.5957	33.4524	15.2967	9.65527	1.63804	0	0	0	0	0	0	0	0	0	0	0
05.500,00.000	40.6	5.5	-200	0	4.5	1058.1	321.117	377.813	181.071	70.8643	46.6176	33.6967	15.5279	9.65539	1.73375	0	0	0	0	0	0	0	0	0	0	0
05.500,00.000	40.7	5.5	-200	0	4.5	1060.98	322.167	379.066	181.071	70.8643	46.639	33.9319	15.754	9.65647	1.82625	0	0	0	0	0	0	0	0	0	0	0
05.500,00.000	40.8	5.5	-200	0	4.5	1061.47	322.335	379.296	181.071	70.8643	46.6413	33.9736	15.7902	9.65669	1.84269	0	0	0	0	0	0	0	0	0	0	0
05.500,00.000	40.9	5.5	-200	0	4.5	1064.41	323.336	380.619	181.071	70.8643	46.6689	34.2173	16.0353	9.65893	1.93876	0	0	0	0	0	0	0	0	0	0	0
05.500,00.000	41	5.5	-200	0	4.5	1066.63	324.096	381.636	181.071	70.8643	46.6883	34.4027	16.1955	9.66118	2.01186	0	0	0	0	0	0	0	0	0	0	0
05.500,00.000	41.1	5.5	-200	0	4.5	1068.3	324.657	382.406	181.071	70.8643	46.7066	34.5426	16.3242	9.66379	2.06711	0	0	0	0	0	0	0	0	0	0	0
05.500,00.000	41.2	5.5	-200	0	4.5	1069.93	325.195	383.16	181.071	70.8643	46.7258	34.6792	16.4463	9.66688	2.12117	0	0	0	0	0	0	0	0	0	0	0
05.500,00.000	41.3	5.5	-200	0	4.5	1071.53	325.717	383.9	181.071	70.8643	46.7463	34.8134	16.5702	9.67058	2.17432	0	0	0	0	0	0	0	0	0	0	0
05.500,00.000	41.4	5.5	-200	0	4.5	1073.1	326.224	384.628	181.071	70.8643	46.7687	34.9454	16.6939	9.67488	2.22656	0	0	0	0	0	0	0	0	0	0	0
05.500,00.000	41.5	5.5	-200	0	4.5	1074.63	326.709	385.344	181.071	70.8643	46.7925	35.0754	16.8166	9.67982	2.27787	0	0	0	0	0	0	0	0	0	0	0
05.500,00.000	41.6	5.5	-200	0	4.5	1081.14	328.678	388.466	181.071	70.8643	46.9031	35.6252	17.3319	9.70515	2.49491	0	0	0	0	0	0	0	0	0	0	0
05.500,00.000	41.7	5.5	-200	0	4.5	1082.53	329.1	389.191	181.071	70.8643	46.9291	35.7405	17.387	9.71092	2.54029	0	0	0	0	0	0	0	0	0	0	0
05.500,00.000	41.8	5.5	-200	0	4.5	1082.69	329.145	389.267	181.071	70.8643	46.9337	35.7531	17.3977	9.7117	2.54521	0	0	0	0	0	0	0	0	0	0	0
05.500,00.000	41.9	5.5	-200	0	4.5	1082.88	329.2	389.361	181.071	70.8643	46.94	35.7686	17.4108	9.7128	2.55122	0	0	0	0	0	0	0	0	0	0	0
05.500,00.000	42	5.5	-200	0	4.5	1086.32	330.172	391.043	181.071	70.8747	47.0731	36.0469	17.6463	9.73494	2.65847	0	0	0	0	0	0	0	0	0	0	0